402.2600 11.1519 7.8946e+04
930.6801 11.1076 4.5174e+05
1028.0101 14.0466 8.5070e+04
1040.9501 11.2177 1.0527e+05
1558.6101 10.6707 1.0846e+05
1842.1701 10.6859 7.7988e+04
2560.0102 10.4758 4.5056e+05
2590.7402 10.3133 1.0398e+05
2637.0302 10.6008 1.1936e+05
2639.0602 11.1885 1.1231e+05
2708.4802 10.2964 1.3163e+05
2778.6802 10.1874 8.5981e+04
2873.0502 11.4216 7.8359e+04
2878.0202 14.5049 9.6539e+04
2893.3702 10.6384 1.8615e+05
3159.4102 13.2132 1.6856e+05
3306.8902 11.3164 6.4510e+05
3337.0602 15.7910 3.1283e+05
3346.7402 10.6673 1.1472e+05
3518.8802 18.2401 2.6032e+05
3900.2602 12.2938 2.8828e+05
3921.7602 12.2355 1.6795e+05
3945.8502 10.9647 2.1485e+05
4189.7203 11.5241 1.6743e+05
4199.8603 17.2057 1.7286e+05
4200.3303 10.1144 1.1394e+05
4217.2903 12.3025 1.0931e+05
4244.3603 11.5007 1.0337e+05
4251.6803 12.3896 1.2405e+05
4566.1603 10.9819 1.4061e+05
4925.4403 11.0673 2.4506e+05
4927.1303 12.3473 2.4506e+05
5154.7003 13.4796 1.5019e+05
5673.3503 11.0696 6.1851e+05
5753.8804 10.6564 1.9618e+05
5795.5204 12.1748 1.2856e+05
5813.7304 10.3111 3.5694e+05
5901.3504 16.8779 1.6018e+05
6091.1004 10.7148 1.1263e+05
6150.6604 13.4370 1.2156e+05
6245.9804 11.6955 1.5936e+05
6303.9804 10.5033 1.0451e+05
6498.1404 10.4614 1.2052e+05
6499.5504 10.1602 1.0963e+05
6517.5004 15.8176 1.1715e+05
6580.1804 11.0758 1.0630e+05
6582.5604 11.6154 1.0899e+05
6718.4504 14.4060 1.3665e+05
6866.5004 19.5194 1.9380e+05
7210.4104 10.6735 8.1194e+04
7278.0904 12.3130 1.2138e+05
7323.9904 10.5854 9.6153e+04
7473.9305 14.1284 1.3403e+05
7505.4505 10.1307 1.1700e+05
7679.1105 12.2530 1.4203e+05
7784.5605 12.3929 1.6287e+05
7808.8805 17.8137 1.8721e+05
8172.2205 14.4101 3.7770e+05
8184.3305 10.5571 1.1756e+05
8237.6005 10.5989 1.9377e+05
8259.6005 10.3740 5.7004e+05
8321.0005 11.6626 9.2701e+04
8420.2305 13.0286 1.0469e+05
8538.6205 10.6207 1.4276e+05
8612.0905 10.1693 2.1998e+05
8658.9405 10.3910 1.1545e+06
9060.5806 11.0694 1.7417e+05
9092.7306 13.7676 1.2526e+05
9990.2506 11.2086 2.5014e+05
10124.6606 13.8374 2.0515e+05
10356.1206 11.6251 1.6132e+05
10380.5106 11.8858 8.0378e+04
10420.1706 10.4641 1.0290e+05
10649.8907 10.3463 1.2718e+05
10791.2707 11.8320 5.9347e+04
10971.1807 13.2983 1.9624e+05
10974.5107 15.8719 1.6134e+05
11017.2707 11.2982 1.1062e+05
11021.5607 10.9173 1.1144e+05
11038.2207 10.5347 1.9376e+05
11113.3807 12.6930 1.9175e+05
11301.0507 11.4118 1.5743e+05
11302.0607 15.6834 1.6859e+05
11609.4407 11.8594 1.0064e+05
11754.4307 12.0084 1.1761e+05
11774.9007 12.8434 9.9015e+04
11817.9207 17.3100 1.3073e+05
11997.7407 10.6723 6.2812e+04
12020.4707 13.4530 1.3328e+05
12025.6507 15.3744 1.6276e+05
12041.3407 10.6333 7.5858e+04
12192.0307 10.2683 4.8849e+05
12384.7808 11.4400 1.5296e+05
12431.0808 10.7255 1.9891e+05
12818.2908 12.0010 4.2867e+05
14527.0209 13.0162 2.4350e+05
14641.6209 12.3211 3.9037e+05
14656.7409 10.1180 4.0004e+05
14674.9609 11.8483 3.0426e+05
14835.2209 12.1775 2.6133e+05
15160.2309 15.2171 1.1865e+06
15318.3809 10.6847 3.0523e+05
15426.4109 12.1801 2.6468e+05
15434.0409 11.4883 3.4337e+05
15462.7109 10.2006 3.2840e+05
15470.8809 10.5564 4.0385e+05
15577.5110 10.5301 3.9296e+05
15892.0510 10.1377 3.6826e+05
15898.2610 14.2590 4.3954e+05
15942.3610 11.5181 3.1544e+05
15963.1610 10.3003 3.6770e+05
15977.2210 11.7167 2.7527e+05
16026.4910 12.2218 2.6229e+05
16053.1210 12.5692 8.5897e+04
16061.0410 19.4904 2.9602e+05
16069.8810 12.6834 2.9870e+05
16074.0210 10.6672 5.5618e+05
16084.6410 11.0508 3.9443e+05
16086.4010 10.2600 3.0026e+05
16105.5610 13.8280 3.4354e+05
16124.2210 15.0170 2.1471e+05
16138.7210 10.2324 3.9459e+05
16309.1610 14.8183 7.4947e+05
16397.5910 10.1350 4.7622e+05
16452.4810 10.1217 4.7937e+05
16776.0710 20.0224 1.1877e+06
16891.7410 20.4475 4.0209e+05
16909.7410 13.5396 4.9563e+05
16962.8810 10.7810 1.9746e+05
16981.6410 10.8608 1.8041e+05
17048.0410 11.3926 4.9704e+05
17100.1710 11.2160 7.3988e+05
17158.1110 20.6943 8.8571e+05
17204.7711 11.6469 2.9963e+05
17210.3311 10.6189 2.7424e+05
17219.4811 10.9337 3.9672e+05
17283.0711 11.4069 5.8731e+05
17363.4411 13.3139 4.0670e+05
17458.2411 17.6182 1.9453e+06
17629.5911 11.6500 4.3290e+05
17687.5211 10.5035 1.2145e+05
17721.1511 11.1114 1.9275e+05
17758.3311 13.6075 2.0947e+05
17762.4811 10.1897 1.9377e+05
17789.9511 11.6801 1.2231e+05
17801.9811 11.6814 2.3942e+05
17810.1411 11.4789 1.8862e+05
18172.9811 13.4263 1.2570e+05
18187.9211 11.4109 1.4216e+05
18241.6011 10.8636 1.8262e+05
18389.2111 13.0433 1.6127e+05
18739.9911 13.9737 2.7761e+05
18918.2412 10.6793 5.0545e+06
19050.0012 10.8735 1.1947e+05
19112.6912 10.4297 4.2465e+05
19247.4112 11.5746 1.8587e+05
19359.4912 10.0953 8.5181e+05
19430.8412 10.4951 1.2854e+05
19504.2612 12.7932 1.0034e+05
19516.4512 11.8484 1.0104e+05
19550.2212 11.4447 1.1469e+05
19555.3012 13.4592 1.4106e+05
19654.6012 11.5212 3.1477e+05
19707.9812 15.4505 2.4782e+05
19912.3812 11.6535 1.0054e+05
19938.5512 13.6360 7.7330e+04
20099.1412 14.1829 1.4629e+05
20172.4912 10.1192 4.0456e+05
20206.8912 10.3148 8.7135e+04
20213.5012 14.3014 2.5043e+05
20273.8512 16.3669 1.1168e+05
20377.6212 12.6033 2.6489e+05
20420.0612 10.8443 1.0456e+05
20723.3313 19.0605 4.0841e+05
20904.7713 10.5057 1.2758e+05
21000.3413 12.2963 1.2384e+05
21356.4713 14.0644 1.4016e+05
21358.6313 13.5695 1.1691e+05
21414.9413 12.8013 1.9847e+05
21439.1513 11.2091 7.9888e+05
21687.2913 10.2164 5.2214e+05
21721.2313 10.3273 1.4132e+05
21769.6813 17.5707 2.0296e+05
21775.6213 11.4522 1.5251e+05
21889.3213 17.4347 2.3778e+05
21939.5913 11.1001 1.4523e+05
22035.6713 10.3870 1.0740e+05
22404.1814 12.4874 2.5542e+05
22493.6614 10.2288 1.4513e+05
22507.0614 10.5881 1.6086e+05
22521.7114 10.1270 7.0283e+04
22550.9914 17.2588 2.5721e+05
22586.5014 13.4953 3.4348e+05
22788.8814 11.0774 3.8595e+05
22976.5214 10.5022 5.9381e+05
23006.3714 14.2561 1.8635e+05
23039.0314 12.1407 1.4670e+05
23619.5314 10.7013 1.2388e+05
23621.6014 13.8348 1.4669e+05
23668.9314 16.2446 1.6364e+05
23671.6814 10.6421 2.1041e+05
23684.2514 11.5136 1.2119e+05
23687.4814 10.8174 1.5829e+05
23690.8114 14.3937 1.4136e+05
23696.3514 12.8160 1.5472e+05
23699.3714 12.7140 1.4777e+05
23703.1914 13.2033 1.7086e+05
23706.6914 14.0866 1.5763e+05
23711.2614 11.6088 1.3993e+05
23714.7314 12.1382 1.3496e+05
23718.1714 11.8080 1.3227e+05
23721.3914 11.4661 1.6037e+05
23724.5114 15.4155 1.6028e+05
23737.6114 10.9990 8.8732e+04
23748.2914 10.2450 1.4628e+05
23750.9114 10.2848 1.4887e+05
23937.7015 10.8019 1.4866e+05
23947.1415 11.1644 1.4194e+05
23956.1815 10.3793 1.3123e+05
23970.1015 11.6440 1.7930e+05
24074.3815 11.8649 1.9830e+05
24095.5615 10.7410 1.2508e+05
24637.8415 11.1401 1.0598e+05
24639.7415 10.5278 9.6696e+04
24670.5215 11.3838 1.4872e+05
24673.5915 10.6994 1.2158e+05
24676.5815 10.7805 1.4369e+05
24692.4315 11.5432 1.2595e+05
24698.4415 12.3896 1.1862e+05
24702.0615 12.2261 1.1417e+05
24705.2515 12.9452 1.1767e+05
24708.3815 10.4669 1.1898e+05
24711.3615 11.1559 1.2253e+05
24715.2315 11.3789 1.3842e+05
24722.2415 10.9138 1.3611e+05
24725.5515 12.3601 1.2633e+05
24730.3615 11.2205 1.6116e+05
24742.7315 13.6792 1.4821e+05
24746.0815 10.1493 1.4771e+05
24753.2315 12.1498 1.2959e+05
24757.8615 12.2243 1.3996e+05
24761.5815 13.9687 1.3056e+05
24764.8315 10.2721 1.3538e+05
24767.8615 10.1156 1.2849e+05
24783.6615 11.0703 1.3495e+05
24786.5215 10.9844 1.4674e+05
24789.3615 10.7698 1.3209e+05
24795.5415 11.4864 1.4559e+05
24811.1415 12.3188 1.3827e+05
24818.1815 10.0939 1.2636e+05
24887.6215 11.8684 3.4894e+05
25805.2416 10.7266 3.0173e+05
25977.2916 12.2696 3.1626e+05
26010.5416 12.4175 1.0259e+06
26124.1216 11.9802 8.6843e+05
26197.3716 10.9468 3.6228e+05
26201.4716 10.4073 2.9125e+05
27556.6117 13.0848 4.4380e+05
27699.6817 11.9359 1.5939e+05
27721.4117 18.7894 6.1142e+05
28384.3617 10.0581 4.0183e+05
28385.4717 11.8043 3.5125e+05
28948.3618 10.2875 2.2044e+05
29874.9818 11.0165 3.3620e+05
30961.3719 12.0639 2.3718e+05
31032.2119 10.9234 1.4732e+05
31669.0619 12.5019 3.2453e+05
32178.8420 15.5240 2.6994e+05
32406.5820 10.3819 2.4279e+05
33604.3521 14.7626 1.1552e+05
33613.8221 11.7066 1.2450e+05
33946.5921 11.5657 5.1367e+05
33969.9821 14.3036 4.0719e+05
34174.4721 21.1814 1.1795e+06
34646.1321 11.6330 9.5982e+05
35110.8421 12.3919 9.7625e+05
35293.9622 11.1599 1.2033e+05
35330.5222 10.4589 2.4322e+05
35471.1922 10.0628 1.2609e+05
35503.6522 10.8821 1.2667e+05
35531.4422 10.7618 1.3479e+05
35658.9522 11.2514 2.0790e+05
35698.0922 13.2048 1.7584e+05
35828.6122 12.4851 2.3773e+05
35905.0422 13.0002 1.9982e+05
35926.6722 13.0666 2.8513e+05
35999.6422 11.5981 1.6001e+05
36002.8522 10.3975 1.2500e+05
36030.6922 10.9791 1.5382e+05
36039.8122 13.6662 1.9581e+05
36196.1322 10.2449 2.2038e+05
36249.9522 16.9437 1.1399e+06
36388.1022 12.0524 1.2202e+05
36595.9322 11.9571 2.8258e+05
36597.9522 16.6978 2.2256e+05
36653.1322 12.0388 1.4388e+05
36739.1422 10.4207 4.7200e+05
37052.4823 12.9031 5.3543e+05
37092.1323 13.1499 2.4554e+05
37444.2623 11.3958 1.1927e+05
37470.0123 10.2232 8.3193e+04
37684.6523 15.0464 2.2132e+05
37804.9023 12.6958 1.1997e+05
37922.3723 10.1539 1.1936e+05
38117.8923 11.3606 1.1391e+05
38157.2223 11.8559 1.3513e+05
38170.2123 11.4417 1.0711e+05
38503.4424 11.2705 2.2455e+05
38556.4524 10.4159 1.0958e+05
38596.5924 15.5358 3.3108e+05
38598.0224 13.9238 1.7803e+05
38661.8024 12.5761 2.3902e+05
38666.4224 10.5932 2.2854e+05
38700.8924 17.6714 3.4615e+05
38746.0824 12.2886 1.3663e+05
38926.4724 12.6333 1.5226e+05
38942.5424 15.2373 1.2497e+05
38989.6324 10.5846 1.5804e+05
39011.6724 10.2017 1.1438e+05
39112.8924 13.6886 6.8966e+05
39116.2724 16.8859 2.3291e+05
39127.4624 10.3068 9.3495e+04
39251.9824 10.5095 2.3486e+05
39293.3524 13.7232 1.1738e+05
39377.6624 13.5012 1.8676e+05
39435.6024 11.0414 1.6373e+05
39537.4624 10.1007 1.1300e+05
39701.5424 16.8132 3.3028e+05
39734.2524 12.9364 1.7748e+05
39819.8224 11.6218 1.8217e+05
39860.2524 10.8042 1.6873e+05
39865.8324 13.0941 3.0171e+05
39908.1424 11.1471 1.5423e+05
39946.5924 11.9108 2.0658e+05
40085.2024 13.4142 1.0712e+05
40112.1724 12.1859 6.9140e+05
40145.4725 21.6276 1.9720e+05
40200.9625 10.0731 1.8950e+05
40206.6325 10.6809 1.4379e+05
40229.8425 11.0449 3.6905e+05
40285.3825 12.1677 9.7058e+04
40291.9925 13.0971 1.1135e+05
40316.8825 12.9194 1.1871e+05
40325.1825 11.4461 3.3163e+05
40326.3725 18.8774 2.8464e+05
40348.7225 14.3510 1.5525e+05
40369.7925 12.4307 1.0275e+05
40384.8825 20.5682 3.0813e+05
40672.2025 13.6035 2.6693e+05
40711.2825 11.3550 2.1070e+05
40900.8525 14.4812 1.5774e+05
40924.7525 22.9050 2.5948e+05
40942.1025 11.1698 1.2104e+05
41164.8225 11.2746 1.2513e+05
41202.4025 11.5951 2.1531e+05
41211.6125 19.5143 2.8685e+05
41264.0325 15.4971 1.8064e+05
41355.2725 16.0545 2.7912e+05
41380.5525 13.8323 5.3915e+05
41381.8125 11.0227 4.9412e+05
41700.8425 13.2518 1.6627e+05
41931.6126 14.5284 3.4038e+05
42051.6126 14.8471 1.2730e+05
42112.9426 12.2943 2.9997e+05
42114.5926 10.8605 2.9519e+05
42175.6926 11.7234 3.9218e+05
42263.9926 17.4476 6.5114e+05
42266.4426 13.4516 6.0350e+05
42290.0526 20.9056 5.7877e+05
42307.3326 10.9702 5.2344e+05
42308.3126 20.0515 6.1841e+05
42311.8226 14.3794 5.9196e+05
42327.3126 18.9226 7.0103e+05
42328.4326 13.0121 5.5893e+05
42338.6126 18.4945 6.6946e+05
42356.6326 17.0476 4.6889e+05
42366.4826 18.2426 5.5225e+05
42368.4926 10.0397 4.8642e+05
42396.0726 12.0059 5.0909e+05
42400.3326 15.2407 5.1597e+05
42402.5326 12.7700 4.0921e+05
42409.9426 16.2141 5.8446e+05
42439.0426 12.5011 5.8944e+05
42439.6526 10.1450 2.6208e+05
42444.9526 13.5831 7.6732e+05
42463.8426 12.9721 4.7252e+05
42474.1226 11.9579 1.2770e+05
42520.2426 10.9956 9.8099e+04
42649.5826 10.1823 7.7238e+04
42675.1726 10.1421 1.3344e+05
42685.3326 10.4372 1.1514e+05
42692.0226 13.2046 1.1572e+05
42787.5626 10.5534 1.2294e+05
42793.2626 25.3622 1.4913e+06
42807.0526 11.4567 1.5641e+05
42823.1926 17.4184 9.5790e+04
42945.6626 10.3403 2.3801e+05
43121.8626 11.1811 1.1591e+05
43127.9726 14.1893 8.8629e+04
43135.5326 14.3636 1.3666e+05
43261.8126 10.8636 2.2739e+05
43847.3627 13.1805 1.1923e+05
44145.6327 11.8905 5.0839e+05
44254.1327 10.0145 2.3719e+05
44271.3027 10.0756 1.7215e+05
44285.9527 14.7419 7.1598e+05
44286.9427 11.5324 7.2394e+05
44295.6427 11.5432 6.3698e+05
44322.0727 20.3357 4.5938e+05
44327.6727 16.1251 8.3814e+05
44328.8227 10.5205 8.3814e+05
44344.9427 18.7305 8.1572e+05
44346.4727 11.6460 8.0476e+05
44381.6227 12.8145 5.9029e+05
44387.9927 13.1913 8.7420e+05
44441.5027 12.8336 6.8865e+05
44443.5027 10.2152 4.2938e+05
44468.3427 17.9010 3.6732e+05
44479.6527 17.6919 6.6990e+05
44481.7627 12.4316 6.3915e+05
44493.0127 13.0163 4.2555e+05
44815.3927 13.1691 2.7653e+05
44980.9427 11.3635 2.5734e+05
45342.2228 11.4065 1.1957e+05
45408.3628 16.4223 2.9427e+05
45513.4628 18.0127 2.3524e+05
45663.7928 11.6705 2.5966e+05
45686.9428 12.5814 1.6567e+05
45705.8728 12.2018 1.4563e+05
45738.3328 11.2433 9.2083e+04
45746.2528 12.5483 1.4459e+05
45766.5428 11.2919 1.5133e+05
45933.5928 10.0136 1.3324e+05
46278.1328 10.2007 1.4169e+05
46292.6128 19.7220 4.8893e+05
46305.4128 12.0168 1.9455e+05
46397.5128 10.5278 1.3289e+05
46475.3528 13.7447 9.6928e+04
46556.7928 10.7178 1.2022e+05
46580.2328 13.9797 1.1788e+05
46588.8928 11.6067 1.1611e+05
46593.2028 11.6051 1.8353e+05
46607.3128 11.2978 1.7932e+05
46624.1728 11.7998 1.2995e+05
46631.8528 11.9334 1.0883e+05
46979.5929 10.7143 5.7117e+05
47497.6829 10.7640 1.8865e+05
47509.9529 12.6240 2.3457e+05
47525.6629 16.0159 1.9537e+05
47566.0129 10.2185 8.3432e+04
47717.7229 14.7011 1.7546e+05
47718.3029 11.3497 1.2200e+05
47794.5329 16.7169 1.0643e+05
47926.4529 11.5412 9.2741e+05
47929.0829 17.2265 9.2741e+05
47956.3129 10.8009 3.5849e+05
48016.2529 13.2511 9.3651e+04
48038.2829 10.6066 1.0538e+05
48079.4829 11.7785 1.2622e+05
48124.1429 13.7534 1.7032e+05
48125.1829 10.6124 1.5208e+05
48165.3729 15.6738 1.6655e+05
48176.4429 13.2769 2.0832e+05
48211.4329 13.8423 1.7785e+05
48233.2029 11.3696 1.2944e+05
48241.6529 10.4508 1.3346e+05
48250.8729 11.1133 9.0233e+04
48255.7229 12.4553 1.2067e+05
48268.1529 12.6385 9.7360e+04
48469.3930 10.8466 1.8038e+05
48509.2730 11.3845 1.0556e+05
48529.1430 14.3536 1.6710e+05
48631.9230 12.4861 1.6234e+05
48656.8830 10.7063 8.8844e+04
48679.2330 13.7099 1.1959e+05
48728.8430 13.9846 2.0277e+05
48738.4730 10.7985 1.8645e+05
48756.5330 15.3172 1.6243e+05
48843.9430 14.1610 7.6210e+04
48865.6430 11.2074 1.0022e+05
48876.8030 14.0353 8.1573e+04
48924.3930 11.7928 1.4757e+05
49029.8930 11.7598 1.3754e+05
49049.0530 13.7900 1.6782e+05
49050.4330 11.2863 1.6681e+05
49134.7530 14.8014 9.6132e+04
49179.7730 12.9057 1.2745e+05
49388.6530 10.2639 7.1262e+04
49435.4930 14.0927 1.3289e+05
49461.8430 10.4370 6.5477e+04
49557.4630 10.9611 1.2203e+05
49652.8430 18.7686 1.1928e+05
49665.4530 11.2675 8.4900e+04
49801.8830 15.8971 2.4112e+05
49874.5730 11.0177 1.1178e+05
49900.9630 15.5422 1.4568e+05
49912.7330 13.8678 1.6800e+05
50122.1731 13.0642 6.1147e+04
50135.7031 11.1428 6.1568e+04
50141.9031 10.5072 6.9943e+04
50156.8531 10.4797 7.0799e+04
50199.6631 15.8071 6.8013e+04
50223.2531 10.8783 9.6172e+04
50224.8931 10.2027 8.0024e+04
50295.4631 16.0694 1.0882e+05
50353.1431 11.8882 4.2987e+04
50383.3031 15.1261 6.4319e+04
50416.5731 10.6208 8.4841e+04
50459.9131 18.8565 1.3501e+05
50555.7531 12.3071 4.5721e+04
50632.4931 11.7502 1.1434e+05
50644.5431 11.3587 1.0008e+05
50646.0331 10.1051 1.0914e+05
50658.1931 11.0971 1.0447e+05
50671.7131 11.8956 1.6752e+05
50715.1631 10.2828 6.3972e+04
50720.3431 11.3566 9.9450e+04
50878.5631 10.1619 8.4174e+04
50904.3931 11.1012 9.3236e+04
50935.5031 15.8357 1.1745e+05
50971.1531 12.7128 3.5064e+05
51011.9131 12.1513 5.7059e+04
51017.2431 11.3062 9.8467e+04
51018.6231 11.5265 7.9499e+04
51178.8731 13.8732 9.7758e+04
51357.4931 16.8034 4.9137e+04
51570.0831 10.9509 1.3045e+05
51645.9932 10.0447 8.1339e+04
51732.7132 11.0665 8.1776e+04
51792.1132 13.2937 4.0272e+04
51914.5232 14.4999 8.4579e+04
51920.0332 10.2863 6.5855e+04
51932.6532 10.2785 1.2355e+05
52001.6432 10.1464 5.6916e+05
52233.9032 11.0075 5.3733e+04
52337.5832 11.7963 5.3969e+04
52409.2732 22.6013 1.1972e+05
52410.1532 14.2995 1.2244e+05
52411.7732 12.6480 1.1827e+05
52416.9732 16.7545 1.9752e+05
52437.4332 11.6930 7.9267e+04
52449.7732 10.8282 8.3959e+04
52452.1132 10.2699 6.9689e+04
52496.5432 11.1723 5.0230e+04
52521.6432 15.3335 1.1576e+05
52644.1232 11.6665 1.6338e+05
52675.7332 11.2003 9.4609e+04
52676.6932 10.5619 9.4609e+04
52738.5832 10.4026 2.0681e+05
52758.8532 12.5454 2.0220e+05
52879.8732 10.6747 6.8599e+04
53011.6832 14.6085 4.3070e+04
53061.3932 11.1362 4.4877e+04
53071.1132 12.0675 4.7703e+04
53079.4132 21.2093 2.1274e+05
53093.8432 16.7130 1.3883e+05
53096.5532 11.6835 1.1264e+05
53104.5032 12.5438 2.0208e+05
53159.5232 15.5153 2.4050e+05
53208.1132 13.4325 9.5341e+04
53210.0032 13.8218 1.0739e+05
53217.9232 15.9363 1.8521e+05
53232.3532 10.0193 1.1899e+05
53237.4932 11.6313 1.3430e+05
53260.7233 10.1669 1.3548e+05
53264.0433 17.3649 1.3548e+05
53369.0133 11.8177 2.3063e+05
53369.7133 13.5149 2.2010e+05
53409.5033 10.6235 1.2276e+05
53471.0333 10.2580 8.7093e+04
53471.4033 12.2018 5.1180e+04
53518.6233 11.0445 1.3406e+05
53599.3733 13.5777 1.0361e+05
53615.5533 12.6960 7.9251e+04
53628.2633 12.4252 1.0705e+05
53641.2533 11.4676 8.1541e+04
53642.9033 10.5043 8.2748e+04
53652.4433 14.5737 1.6629e+05
53692.8933 12.9350 3.8600e+04
53789.0033 10.9110 4.6420e+04
53798.1533 14.0979 5.9575e+04
53808.7133 10.7254 7.1471e+04
53971.1433 11.9578 6.0205e+04
54040.7033 11.7795 5.0613e+04
54295.5733 10.5369 5.9761e+04
54531.4833 20.7292 6.4644e+04
54571.0333 11.1964 6.1680e+04
54601.0333 10.7674 3.6745e+04
54696.4833 12.3871 4.4474e+04
54707.6833 10.4033 4.6778e+04
54767.3733 11.8552 3.8523e+04
54846.2933 11.1149 3.3108e+04
54851.5533 10.1204 7.0753e+04
54939.8034 15.6697 6.4313e+04
54965.3734 14.1214 9.0041e+04
55010.0834 18.7935 5.2957e+04
55025.8834 17.0797 1.1134e+05
55033.1434 15.3322 1.6405e+05
55040.9934 11.8825 9.5939e+04
55081.1134 18.3312 4.2797e+04
55082.2234 10.1296 2.9457e+04
55128.6334 11.5925 7.5463e+04
55158.3934 10.3791 2.6385e+04
55193.2034 11.9070 2.7972e+04
55199.7534 14.4248 3.9845e+04
55370.0434 23.4256 1.3876e+05
55386.8234 15.8143 4.1129e+04
55449.4034 18.4811 3.0991e+04
55475.3934 13.3555 2.8302e+04
55567.0734 10.2319 3.8354e+04
55636.7534 20.9770 1.9929e+05
55698.7934 12.0089 2.8236e+04
55754.8934 12.4685 2.1549e+04
55894.2934 14.9668 1.0234e+05
55895.3934 12.2669 1.0234e+05
55952.6834 10.8693 7.8439e+04
55962.2334 11.9020 1.1098e+05
55993.2834 11.0735 7.5618e+04
55993.9334 12.7971 7.5618e+04
56014.5234 24.0603 2.2420e+05
56020.7034 10.0938 6.7034e+04
56052.4134 13.5277 8.4010e+04
56058.6134 14.9138 1.6717e+05
56079.9334 14.0120 7.5081e+04
56093.9834 15.4047 1.6767e+05
56125.8334 19.9698 1.1746e+05
56185.2734 13.3124 8.2779e+04
56239.2034 17.3682 1.6044e+05
56393.1934 10.6174 3.6022e+04
56401.3534 10.2089 2.7316e+04
56595.0435 13.3224 4.9963e+04
56632.1635 10.4479 4.9744e+04
56702.6435 13.2682 2.9474e+04
56711.8735 11.0825 2.8482e+04
56739.5735 15.1359 4.8626e+04
56893.1535 12.1092 4.6418e+04
56902.0635 10.7476 1.0047e+05
57031.9635 12.1764 5.5077e+04
57143.8635 18.4671 2.2900e+05
57164.8535 15.8864 4.4024e+04
57466.7335 11.0562 3.8847e+04
57479.9235 11.9561 3.9975e+04
57497.0035 10.1126 3.7935e+04
57525.6035 10.0560 3.0842e+04
57592.1635 12.2646 2.9640e+04
57600.9235 13.2920 4.9457e+04
57601.7535 15.4439 4.9373e+04
57652.3335 15.6198 9.1714e+04
57653.2035 11.7830 6.0911e+04
57769.8935 13.5031 3.3744e+04
57806.5935 11.6265 4.6629e+04
57824.0935 15.5241 6.5449e+04
57846.1835 17.6213 9.9859e+04
58485.4336 13.9305 3.7792e+04
58662.6036 11.1906 3.3277e+04
58779.7636 10.0342 4.6965e+04
58831.0836 11.1499 5.9104e+04
58918.6236 14.3686 4.0884e+04
58988.0636 12.6251 2.4467e+04
59038.8036 11.2250 6.2934e+04
59287.4636 10.3493 2.6799e+04
59328.0736 11.1388 4.7050e+04
59374.1136 10.9627 2.9617e+04
59570.6336 12.0082 2.2976e+04
59627.6336 13.1198 2.7391e+04
59948.1037 10.4142 3.4801e+04
59959.2837 10.0748 2.7334e+04
60207.6637 12.0907 2.8274e+04
60318.0137 17.5260 5.0017e+04
60346.1337 13.0168 4.5049e+04
60349.7037 13.7590 4.0379e+04
60453.8137 15.0387 5.0653e+04
60627.4237 10.3040 1.1071e+04
60674.4137 10.2759 1.5925e+04
60735.8337 23.1657 5.8881e+04
60755.8637 13.2169 2.6746e+04
60804.2137 23.7646 9.2081e+04
60820.2137 11.8807 1.5639e+04
60833.1937 14.3127 4.2210e+04
60929.0237 11.7009 5.7685e+04
60932.1637 10.0126 5.4868e+04
60960.8837 18.4221 1.3177e+05
60979.5237 19.1917 8.6230e+04
61033.8237 13.4551 1.8258e+04
61044.2037 14.2906 1.1347e+05
61045.2737 24.8594 1.1070e+05
61049.7137 10.3361 7.8314e+04
61062.1337 11.7684 1.1907e+05
61090.7537 13.2361 4.4671e+04
61180.2737 10.9275 4.3856e+04
61184.5737 11.3330 7.1643e+04
61388.8537 11.8359 2.8793e+04
61505.6538 12.2942 4.3846e+04
61954.3038 12.5512 2.1456e+04
62074.3538 11.0933 1.9264e+04
62151.1738 15.2184 2.6679e+04
62190.2138 15.3608 1.3916e+04
62301.3038 15.9405 5.0018e+04
62518.5038 10.1725 2.5182e+04
62542.0338 10.1830 1.6632e+04
62571.5638 11.7557 1.8600e+04
62576.9038 11.6505 1.5155e+05
62578.8638 18.7052 1.5155e+05
62717.3638 11.2670 3.5262e+04
62812.3838 10.2168 3.2275e+04
62836.0638 13.8299 5.6647e+04
62852.6838 10.0863 1.2594e+04
62867.8838 10.0588 1.3247e+04
62875.1438 14.7648 3.2674e+04
62893.0538 12.6152 2.1064e+04
62910.0138 15.0456 1.0348e+05
62910.7438 14.0559 9.4332e+04
63092.0839 10.4769 2.0073e+04
63171.7439 12.0537 1.2601e+04
63294.9939 11.5142 3.6569e+04
63374.0239 11.4710 3.1769e+04
63518.8639 11.1593 2.5077e+04
63564.3039 10.4707 2.0000e+04
63710.8639 13.3311 2.6965e+04
63861.3739 10.1228 1.8433e+04
63887.1939 11.5247 1.4111e+04
64035.0539 12.1488 3.1045e+04
64160.9239 11.2285 8.2903e+04
64219.5839 16.0498 8.4326e+04
64221.9339 13.1930 8.1574e+04
64251.1039 11.9242 6.9593e+04
64253.2539 14.2998 6.9272e+04
64270.5339 10.5609 4.7523e+04
64330.2439 13.2605 2.1790e+04
64849.1040 13.4432 2.9227e+04
64902.0340 10.4556 1.8483e+04
65126.3340 10.1380 4.7409e+05
65127.6440 21.0735 4.8498e+05
65217.5540 13.8377 3.2614e+04
65273.2340 12.5635 6.5382e+04
65292.7940 17.1211 5.8736e+04
65404.1440 13.0647 6.1970e+04
65437.1240 11.4762 2.9935e+04
65560.0840 10.2019 1.8618e+04
65588.1240 17.3998 3.3535e+04
65710.0940 12.9042 3.0547e+04
65771.6240 14.3097 5.6487e+04
66082.2740 15.6966 4.8464e+04
66100.1540 10.9936 4.2063e+04
66201.7840 12.1193 2.4725e+04
66292.6040 10.0479 1.7490e+04
66613.2741 16.2419 5.6750e+04
66626.1241 13.0966 2.6926e+04
66718.9641 10.5980 3.0238e+04
66752.5941 11.9618 2.3497e+04
66833.2141 13.1859 1.9627e+04
66886.5241 11.0252 2.5075e+04
67059.7841 12.6916 2.5883e+04
67065.3241 11.4869 2.1138e+04
67102.7141 11.5333 5.3618e+04
67240.0241 17.2037 2.0125e+04
67329.8841 12.0384 1.5236e+04
67337.2441 11.1911 2.0552e+04
67362.9941 20.6737 3.1664e+04
67540.3741 12.9225 1.9663e+04
67777.6941 18.0378 5.8375e+04
67877.1241 10.7708 8.6808e+04
67877.8241 11.2104 8.2334e+04
67905.9241 13.2720 4.1918e+04
67931.9241 13.5976 3.8350e+04
68035.3542 12.9816 1.9125e+04
68046.1842 11.0045 3.4922e+04
68111.3342 11.3863 1.1623e+04
68323.3342 11.9188 1.1432e+04
68360.3142 16.5222 4.3446e+04
68474.8342 10.8777 1.3467e+04
68996.1342 10.1790 1.4197e+04
69549.3642 10.3142 1.2165e+04
69758.9343 13.6421 4.6020e+04
70006.7443 12.5280 1.8578e+04
70183.8543 10.6775 2.0246e+04
70861.6243 10.5034 6.4507e+04
70865.0043 13.9569 6.2389e+04
70887.6643 14.6465 5.8775e+04
70947.7343 11.3420 1.8062e+04
71404.6444 11.3443 7.1715e+04
71453.8244 12.7561 5.8354e+04
71458.2444 10.4233 5.7764e+04
71493.8044 11.0253 1.7580e+04
71541.1944 11.1216 1.9000e+04
71633.8344 12.2867 2.3425e+04
71862.2744 16.3183 3.8037e+04
71926.2744 10.0031 2.1662e+04
71991.2544 11.7080 3.0132e+04
72030.9544 10.7968 2.5586e+04
72127.3344 16.1476 5.2232e+04
72216.7244 14.2568 1.9374e+04
72314.3744 13.9677 2.4303e+04
72324.9444 10.1525 4.9445e+04
72507.4244 15.0096 1.1940e+05
72508.5544 17.5156 1.1940e+05
72643.1144 14.7158 2.1073e+04
72648.7844 13.6793 2.2245e+04
72661.3144 12.4937 1.9790e+04
72669.1544 10.7680 3.8494e+04
72717.1544 11.3867 2.7292e+04
72791.7744 17.1452 1.1143e+04
73062.4845 13.0488 1.3963e+04
73255.2445 11.5826 2.4102e+04
73391.9045 12.4884 2.7475e+04
73411.9545 10.2014 2.4891e+04
73499.2545 11.9397 1.9445e+04
73551.2845 10.4502 2.7014e+04
73560.9745 12.2734 3.2057e+04
73813.4845 11.7187 2.1464e+04
73931.8145 11.4018 1.3894e+04
74037.5045 10.3211 2.1131e+04
74173.0445 11.3606 1.5183e+04
74207.0845 10.2321 1.1072e+04
74361.4345 10.8221 1.6694e+04
74368.5845 12.4057 1.7956e+04
74374.3345 14.4402 2.4667e+04
74425.7545 19.4099 2.2190e+04
74467.1945 10.6830 2.8032e+04
74614.4346 11.5494 1.0073e+05
74615.6646 15.1826 1.0073e+05
74634.0946 10.5004 1.5637e+04
74692.0646 14.4808 1.8072e+04
74734.5446 10.5082 2.0267e+04
74748.3046 11.2880 1.7226e+04
74755.6346 10.4803 4.0284e+04
74892.3346 12.2669 2.4222e+04
74902.2746 14.0355 2.5320e+04
74947.4646 10.5794 2.2305e+04
74960.2246 10.1440 3.3856e+04
75051.2646 11.0252 3.0228e+04
75074.1846 10.0151 1.3060e+04
75300.7446 16.2808 5.3489e+04
75314.1646 14.4463 3.0157e+05
75315.7046 18.8440 2.4578e+05
75380.3246 10.4965 1.7367e+04
75406.6946 12.6953 1.1034e+05
75410.1346 11.4560 1.6174e+05
75410.5846 15.2399 1.6174e+05
75411.6246 10.1768 1.7398e+05
75412.2546 10.0256 1.7398e+05
75412.9146 10.2487 1.6684e+05
75440.1946 10.3783 2.1935e+04
75446.0546 12.0758 8.8463e+04
75485.8146 10.9450 2.3598e+04
75500.6546 11.7806 7.5481e+04
75542.1946 11.0922 6.3470e+04
75543.7346 11.4608 3.7049e+04
75559.7046 10.1532 2.5367e+04
75686.9546 10.4927 1.5453e+04
75742.8546 14.1034 2.4057e+04
75771.5246 11.9783 1.6775e+04
75989.8646 11.2396 1.2224e+05
75992.0046 16.6642 1.0822e+05
76171.8746 15.9876 2.2086e+04
76181.4846 10.0551 2.3357e+04
76285.8047 13.3310 3.2639e+04
76383.0147 11.5768 2.4435e+04
76399.2847 14.3521 2.8056e+04
76469.3747 13.2962 2.2282e+04
76655.3547 11.0963 3.1667e+04
76726.8847 13.2216 3.2585e+04
76730.0747 10.0389 3.0829e+04
76957.8947 11.1619 2.3500e+04
77169.4247 13.3003 2.8391e+04
77567.6147 13.3415 2.6234e+04
77770.6447 10.0236 5.5812e+04
77773.4347 18.6145 5.5812e+04
77807.2647 13.4277 1.5552e+04
77852.8048 19.2478 1.0254e+05
78144.2748 10.0583 9.6688e+04
78150.0748 10.6519 1.1249e+05
78154.5848 12.4910 8.7622e+04
78173.0148 14.6080 6.6409e+04
78179.7548 13.2382 6.3320e+04
78192.3548 10.9423 5.8830e+04
78192.9948 10.7300 4.0652e+04
78252.6948 11.4046 1.0815e+05
78253.6348 14.0401 1.0815e+05
78255.2048 11.4162 1.1315e+05
78255.9448 16.9737 1.0642e+05
78256.7048 11.0694 9.2573e+04
78258.7948 11.1629 9.7321e+04
78337.6848 15.4346 2.7931e+04
78350.8348 10.3380 7.1028e+04
78379.0248 11.8409 4.5167e+04
78431.1148 10.6833 5.2901e+04
78447.1648 11.6484 3.2758e+04
78462.9448 14.6963 6.8851e+04
78523.7848 10.5669 1.7209e+04
78534.3748 10.3033 2.7576e+04
78541.1848 10.4775 6.2882e+04
78658.5848 19.4640 5.1051e+04
78979.0948 13.8187 3.5722e+04
78985.0348 12.9727 3.6856e+04
79114.6548 16.0975 1.2746e+05
79151.2448 15.3849 5.0557e+04
79350.1648 10.6916 1.7009e+04
79376.3248 12.2860 1.1649e+04
79666.1749 10.9788 3.8055e+04
79671.9949 12.1666 5.9158e+04
80052.2149 15.7985 7.2190e+04
80054.1749 10.0592 7.2190e+04
80227.6449 11.5349 6.1015e+04
80336.5149 12.8398 1.9998e+04
80345.9649 13.5576 5.5971e+04
80346.5749 11.3252 5.4298e+04
80347.1749 10.3335 4.7151e+04
80411.1249 11.8824 9.4668e+04
80427.7149 13.0088 7.0006e+04
80449.9449 14.6996 9.1669e+04
80451.2149 13.6669 9.1669e+04
80531.0749 14.6287 8.3401e+04
80559.5049 11.2045 5.4580e+04
80682.2949 10.4823 2.0151e+04
80730.9649 20.1153 5.6266e+04
80746.7849 10.1950 3.4644e+04
80764.7849 13.4170 5.7102e+04
80766.8449 10.4545 4.9298e+04
80822.1449 10.4585 2.3229e+04
80852.1649 10.1949 4.1104e+04
80859.8949 10.6319 8.2857e+04
80925.8449 11.4023 2.8504e+04
81036.7649 11.0484 1.3538e+04
81041.5649 14.4154 4.0204e+04
81114.6850 10.7315 2.4095e+04
81281.1950 11.5826 2.2936e+04
81317.1950 12.8898 1.8435e+04
81334.7150 11.8531 2.4465e+04
81379.4450 11.7573 3.3694e+04
81458.4450 11.0779 2.4581e+04
81467.9350 17.1469 5.3309e+04
81555.1650 13.7103 6.6710e+04
81652.7450 12.3557 1.8964e+04
81703.0350 13.0160 4.2696e+04
81972.3950 11.1414 3.5568e+04
81993.4650 11.8871 4.1036e+04
82016.2450 12.1322 3.9462e+04
82043.6550 10.4217 6.4443e+04
82092.4950 15.8405 4.7592e+04
82214.8550 11.0094 3.6702e+04
82219.8050 11.0589 4.0293e+04
82220.5850 10.8835 4.4372e+04
82264.1050 14.6241 4.7871e+04
82404.4250 16.2779 9.5890e+04
82405.9350 16.7338 9.5890e+04
82460.3950 10.0622 3.6671e+04
82470.3850 13.2944 4.0442e+04
82483.8850 13.9768 4.7738e+04
82609.3450 11.0973 4.3322e+04
82639.8550 11.0727 4.4990e+04
82695.3550 13.9780 4.2496e+04
82717.2450 14.6295 6.5878e+04
82850.7451 15.3587 7.7167e+04
82973.9351 10.0764 4.4898e+04
83072.0851 13.6875 3.3481e+04
83101.8951 10.3410 6.6766e+04
83207.9851 12.1974 3.6555e+04
83639.5851 11.7161 5.0722e+04
83717.0951 13.5912 7.2245e+04
83762.0551 12.3826 6.3789e+04
84181.8951 11.3888 3.3873e+04
84227.3751 10.1855 7.2652e+04
84874.3652 11.1072 8.8349e+04
85007.4752 11.8480 2.0947e+06
85073.6052 11.0227 5.3153e+04
85311.7852 12.2803 7.6470e+04
85367.0252 15.0301 6.8817e+04
85423.0852 12.8215 8.8130e+04
85507.0452 11.7011 7.6753e+04
85610.7552 10.6834 8.1908e+04
86191.5053 11.8634 1.6430e+05
86196.1253 10.1124 7.1703e+04
86347.2153 13.4081 7.0793e+04
