5672.580346226828 11.763864928140912 107147.48851301346
5845.350356771873 7.240873784144544 34753.73133236522
5940.200362561057 6.0271406097190825 100638.61763170548
5965.170364085106 8.03437201807044 1013545.6353084717
8375.040511171906 7.4205199259236805 13166.118701508864
9244.61056424625 9.267802466694521 16543.070630955313
12768.52077932866 7.616289281924503 32028.579731154507
13107.360800009814 6.135807839737386 99955.26765973803
13133.320801594287 7.579614634467889 1171688.2303882996
13422.220819227345 6.324702379229668 18863.87901415473
14094.72086027349 6.927794803081987 834505.9070952204
14104.250860855154 6.203156008049903 1113892.9010917197
14171.830864979911 6.5995897828016945 129198.61844535307
14200.670866740165 6.858771985023036 58464.80695273497
14538.480887358453 6.980768069788182 250428.04174727396
14541.700887554985 7.2589706587029745 1017343.7376960173
14786.13090247381 6.954964115715153 507603.53442625614
14841.250905838067 6.079853204418256 88120.01266836058
16027.32097823004 9.05627143036171 18824.525008235163
16043.800979235899 6.6567407234000315 23118.574707470918
16053.050979800475 8.601541645877841 21921.68816396951
16061.500980316221 6.92201223510353 15017.215646571438
16584.17101221747 7.689781497548708 42530.22618276516
16627.771014878603 7.1452446091522805 165525.54245160735
16652.6910163996 6.511276902186641 377570.76779210207
16654.221016492982 6.7553791565309105 656635.2042479404
16654.96101653815 6.274028636898963 479120.16117626894
16677.071017887636 7.52627230588989 177739.70215018612
16685.69101841376 7.122760943001458 266000.1472624365
16709.91101989203 9.449899009258669 180766.62498566878
16710.671019938418 7.314942461842269 180766.62498566878
17552.751071334904 7.502316072770554 22728.463218050372
17574.121072639227 6.170825085755254 17859.55290681507
18013.07109943061 6.9455825031103355 284693.1009543276
18671.53113961982 6.127330139426803 33527.7932561895
18724.44114284919 7.306566590700664 321258.90664430434
18724.99114288276 8.628470908558011 321000.6283414025
18747.961144284738 9.253436005926188 487520.5850755358
18777.231146071237 7.183597239101124 40770.27330059182
18836.841149709544 6.593834185288696 17703.260475811156
19928.39121633247 6.50220871291754 160156.32844595832
20046.811223560257 8.864496651730299 276488.08587136853
20142.691229412307 6.592165302632815 131653.11219665312
20193.71123252632 8.182370689949908 1645113.3165328652
20227.111234564894 6.206118873015621 110598.52832204859
20274.441237453688 7.946930488362407 57038.13363136932
20275.011237488477 7.670221027465623 63104.787820577774
20613.921258173905 6.9618450003541 45714.5280102859
20671.701261700517 10.60164389334004 166767.43021204835
20727.3312650959 9.222989659632379 69166.93330987764
20840.65127201241 9.87553553009084 138261.11700588927
20861.371273277055 6.272198300231853 49420.95287189993
21620.31131959908 6.933550029568058 886768.5195357798
22881.751396591273 7.3542760552154745 318672.4636502314
22894.311397357873 9.904824380258491 319014.3152815983
22961.03140143014 7.578076750428533 84439.20457353239
22972.05140210275 6.808175939904827 52944.96738268536
23474.11143274606 6.445094454854673 457099.79225055897
23487.72143357675 8.469869683197423 124438.5957952876
23504.381434593593 7.649516883173073 60578.82361412878
23553.811437610562 7.291348309341853 160886.03271411383
23580.891439263392 7.2668521526896015 164880.01809966666
23596.73144023019 8.120863150492166 71895.17094094558
23627.271442094203 8.153681589057053 83103.61760568952
24585.721500593354 6.349902297524572 27189.998979071057
24633.03150348093 6.035278098339394 57729.222676809615
24672.38150588266 9.606642599739487 693339.1642625591
24717.56150864023 7.547439116673704 543556.2172117347
25024.70152738657 6.213035332494077 60196.31258135751
25044.261528580417 8.32901003028041 124426.1815836146
25057.74152940317 7.62406860904656 191481.58876479205
25082.881530937593 6.031819433690799 628714.2582557722
25084.051531009005 6.975085369936625 618195.6721302939
25103.171532176 8.50057636227107 133724.0893166756
25177.97153674143 6.11397031303161 25465.331913253172
25318.52154531992 7.2188476749205535 173112.54110563776
25321.311545490207 6.022712487036191 216783.46856025417
25459.59155393015 7.92562289300442 44573.008599442204
25465.121554267673 6.39095611471018 128534.2321188667
25468.46155447153 6.8123417525012355 164902.39016325882
25584.371561546115 10.885245300119717 72552.82057016197
25589.691561870823 10.491707720247597 215081.2333831458
25725.211570142306 8.443811531832425 26670.017705321297
25870.491579009496 6.213946730788672 42471.02942026409
25993.52158651865 9.921695809127481 72370.78981486983
26160.581596715187 11.31560096650089 254945.7133111476
26165.021596986182 6.545768509180824 148273.9309530286
26171.391597374975 7.4972303758732135 335755.80447871395
27305.691666607156 6.704421545979061 344119.0544384862
27306.821666676125 7.53330152762908 318524.288651105
29983.591830053214 6.345579702921917 189066.28999221075
30006.751831466787 6.474298455424678 357868.17915994965
30010.051831668203 7.623556572096913 400239.26515743975
30068.421835230823 9.59587797915556 232453.3782803191
30069.331835286368 7.658043645387553 214304.65388140475
30079.36183589855 9.944425763008306 446742.89729861735
32821.85200328686 6.951018961804889 68327.33874221191
34738.53212027174 8.911513118692302 69556.05456214138
38302.96233782729 6.294667162552243 13179.508620990482
38792.502367706446 7.263498413630395 480354.37224918255
38803.70236839004 6.631346801398961 1547265.702663217
39002.40238051772 6.919775547995572 12867.565361212652
39472.1624091896 6.0529763108940084 13806.307238150275
42689.45260555741 7.13028352833909 54809.40537967169
42775.722610822915 7.132809216321717 203950.86381861396
42783.14261127579 6.290316786993499 584550.8788499262
42842.212614881144 7.333824185835371 42871.08274751902
45215.412759729785 6.849112465814517 12354.291417816787
45226.812760425586 8.527081778929386 17801.287409452292
45309.18276545305 10.318446121411185 73276.33156022409
45317.70276597307 11.430051087050865 282658.35123295
45361.57276865068 9.021416595256357 72109.98058542091
45390.85277043779 11.379499637847857 172617.0956282495
47449.85289610919 6.504952664902431 46834.8322378837
47515.5629001198 6.304966514332771 35043.14123864449
47516.32290016619 6.029617720482572 36391.36929057806
47522.02290051409 6.634632924346427 116989.49613514014
47560.152902841364 7.905120635164985 16481.258937700524
47567.45290328692 6.129937602771123 23531.57248971935
47588.092904546684 6.479666548636947 16795.432333809687
47594.962904966 8.803466286843921 37672.99425737975
47601.89290538897 7.691016380964232 52633.81163685307
47628.27290699908 6.96557710127649 18739.981117489424
47633.592907323786 6.033493272382945 9568.353197116934
47645.62290805804 6.026283843511088 11060.9227157554
47670.8929096004 8.139364875798519 20231.777880278692
47736.84291362567 8.173940309162251 27945.796070567107
47751.65291452959 7.584731452599129 15014.025619572336
47802.43291762896 9.80151399710497 41961.423380809996
47828.90291924456 10.740501145588397 29452.89942542363
48033.01293170245 8.264527872706157 12891.925223011829
48044.4629324013 6.340096609814433 31073.579676151014
48052.60293289813 6.502169355701793 44084.89126482891
48054.06293298724 6.936528425117146 43538.03056655104
48091.132935249814 6.114497581994567 15821.080580128804
48104.442936062194 7.18632642303421 34796.985028205214
48126.24293739276 6.541834302009349 98173.5670491816
51635.47315157917 7.7959384204475395 138084.55974962242
51640.64315189472 6.088185750976238 165252.53156744502
52247.83318895466 7.226811799750073 61395.60902071369
65127.78397508447 11.873579589867497 840170.4479842426
65129.82397520898 8.209665791849014 840170.4479842426
82861.89505748871 7.066735322818523 33996.49329749994
82895.31505952851 7.0331127402888916 60515.04260494767
