894.6801 10.2227 2.3265e+04
982.5301 10.0244 1.5925e+05
2438.8401 10.5061 3.2621e+04
2926.4702 11.4168 2.1704e+04
4586.5403 15.1238 5.3392e+04
5672.4603 26.1888 2.1279e+05
6068.6704 18.0747 1.3805e+05
6086.9304 17.4258 2.1329e+05
6145.7304 15.2476 1.7417e+05
6285.9004 12.0395 1.6441e+05
6994.8704 10.8956 2.0045e+05
7026.3304 13.8231 1.4277e+05
7039.1004 11.7771 8.3813e+04
7175.5804 10.6236 2.5111e+05
7292.9604 11.2200 5.5050e+04
7426.3405 11.9349 1.1523e+05
7452.7205 11.9317 1.6109e+05
7502.8905 11.0384 8.1886e+04
7558.1905 11.4664 1.7562e+05
7586.1605 10.0460 9.6363e+04
7599.2705 15.7499 4.0281e+05
7603.6105 16.7499 4.0281e+05
7795.6705 11.3993 5.2526e+04
7921.8505 13.4428 1.9282e+05
7922.6705 16.3339 1.9282e+05
7942.9405 10.7169 8.9707e+04
7952.5605 15.3669 8.3216e+04
7998.5605 10.1233 2.0282e+05
8001.4805 11.2637 2.0282e+05
8123.8105 11.6550 6.2657e+04
8950.8205 12.9132 6.6866e+04
8961.4105 11.6654 5.8029e+04
9103.5006 10.7541 9.2998e+04
9117.4006 16.1913 8.4747e+04
9240.3906 10.7716 6.3929e+04
9310.8306 13.4833 4.6547e+04
9358.5506 14.0387 4.0008e+04
9608.1606 10.4160 3.0967e+05
9784.8106 13.0692 8.7270e+04
10544.2606 14.4428 8.7435e+04
10591.7906 11.3458 8.7550e+04
10625.8306 10.2320 4.0830e+04
10638.4306 13.5208 1.1590e+05
10999.4107 11.7836 3.0765e+04
11343.1507 12.4300 5.9511e+04
11393.1907 13.3446 2.7046e+04
11635.4407 11.2379 3.0487e+04
12701.9108 10.3733 4.0677e+04
12728.2708 10.8918 3.2301e+04
13213.0208 10.8875 2.8844e+04
13334.9108 10.0846 3.6611e+04
13414.3508 11.6030 3.2725e+04
13490.4408 13.7339 2.8680e+04
13524.8508 10.4475 2.7221e+04
13595.2108 12.6969 3.2704e+04
13619.6908 11.4478 4.1289e+04
16663.1110 10.3807 4.6040e+04
16671.6510 12.7100 6.2650e+04
17363.1911 11.8976 7.8137e+04
17592.2711 12.1293 5.4899e+04
17727.7611 11.5044 5.6195e+04
17763.7611 11.0121 5.8417e+04
18476.9711 10.6538 1.2316e+05
18536.9911 14.9171 1.2956e+05
18543.4111 10.3188 8.9715e+04
18712.6211 10.0766 1.1046e+05
18765.9711 13.1858 1.1015e+05
18839.8811 13.4567 2.0616e+05
19111.9412 13.4795 8.8119e+04
19126.2012 20.5960 2.9728e+05
19266.6712 10.7822 4.0027e+04
19341.5912 10.7660 1.3544e+05
19472.7812 12.7921 1.0503e+05
19607.1812 12.3514 1.0069e+05
19626.1412 11.2289 2.7389e+04
19707.0512 11.5155 6.4055e+04
19825.9412 10.5047 1.1904e+05
19920.1612 13.4533 9.0739e+04
20068.0212 15.9760 1.0192e+05
20098.6912 12.3237 9.2349e+04
20118.9812 10.1370 6.4102e+04
20126.8112 15.0934 9.3993e+04
20153.1312 10.7802 4.7776e+04
20161.2412 11.9134 1.2121e+05
20184.6412 17.7509 1.2015e+05
20361.3512 12.5469 1.1926e+05
20536.2713 12.7234 5.6962e+04
20704.4413 10.8378 5.7082e+04
20746.1913 17.6174 7.0397e+04
20756.3313 11.7665 1.2318e+05
20756.9813 12.3496 1.2060e+05
20873.1213 10.1434 8.9107e+04
20876.9213 12.7451 8.9107e+04
20888.3713 16.2823 3.6989e+05
20889.4213 17.2649 3.6989e+05
20914.6213 12.1469 5.3154e+04
20922.4613 13.0347 4.8773e+04
21075.6213 10.3661 7.3669e+04
21084.5113 10.2574 8.1322e+04
21099.5713 18.6835 1.6722e+05
21389.6313 11.2795 1.4703e+05
22761.5814 16.8413 4.2613e+05
22762.5714 19.5086 4.2613e+05
22780.5414 15.5635 1.2565e+05
22788.9814 10.1819 8.5858e+04
23031.6914 14.8308 1.2034e+05
23067.6514 10.3501 8.3424e+04
23085.2414 11.8326 8.0996e+04
23098.5114 10.2527 7.5636e+04
23103.2114 12.1457 2.4191e+05
23112.7714 18.7621 2.5457e+05
23133.0414 11.5127 5.4450e+04
23149.7614 15.6060 1.8191e+05
23151.5914 12.7061 1.7169e+05
23178.6114 15.5855 1.3029e+05
23199.9014 15.5414 8.5652e+04
23223.3114 10.9724 1.3828e+05
23252.0314 10.8810 6.8795e+04
23275.7814 11.9365 1.0898e+05
23294.9814 13.1772 1.9081e+05
23323.2214 11.0844 7.1060e+04
23345.3114 10.6277 1.0610e+05
23387.5614 11.2805 4.8700e+04
23423.5714 14.7413 1.2061e+05
23445.9614 12.1867 1.0669e+05
23477.1714 10.8093 7.5739e+04
23812.9515 10.4274 4.5350e+04
24278.7115 10.4647 1.1930e+05
24314.2415 15.7293 3.5496e+05
24337.2915 10.2141 8.8099e+04
24347.8015 11.4984 6.2681e+04
24355.2815 13.1757 1.5059e+05
24368.5715 12.2520 9.1576e+04
24383.5215 17.5745 1.4628e+05
24442.7815 11.0198 3.6059e+04
24488.8215 12.9193 6.0151e+04
24503.6115 11.9092 6.0764e+04
24509.1715 14.3228 1.1112e+05
24636.4115 12.9508 2.3787e+05
24700.6215 10.3843 1.1412e+05
24961.4615 14.5378 1.1939e+05
25070.2015 13.4106 5.7621e+05
25157.6215 16.5034 1.5911e+05
25257.7315 17.0580 1.9884e+05
25274.1115 14.0676 1.7438e+05
25289.3215 14.3848 1.6052e+05
25724.3416 13.5880 1.1071e+05
27199.8717 11.1643 3.5858e+04
32879.1620 10.9399 5.2226e+04
32901.9520 12.6560 1.1101e+05
32902.7320 12.5965 1.1101e+05
32926.7920 11.8877 6.1754e+04
32927.4520 10.2190 6.1754e+04
32949.8120 13.3631 1.0166e+05
33549.1420 12.8429 1.1198e+05
33561.0520 16.2227 2.2306e+05
33672.2621 12.8498 9.3999e+04
33672.9921 13.2690 9.3999e+04
34005.3821 20.2372 6.3646e+05
34022.0721 11.5171 1.5505e+05
34078.9821 11.4091 2.1895e+05
34102.5321 16.3739 1.5966e+05
34153.1921 11.0275 3.8995e+05
34813.1621 11.1530 6.7997e+04
34824.9521 10.0078 1.5802e+05
34839.7721 10.6491 7.1079e+04
35935.6022 13.1108 4.6032e+04
35960.3222 12.0370 5.1473e+04
36243.6022 13.8314 5.3821e+04
36520.0922 10.2579 4.1120e+04
36849.6922 11.7586 9.5189e+04
37044.4123 12.7122 3.6019e+04
37398.1723 13.0975 3.3822e+04
37954.1923 10.5359 4.4712e+04
38303.9023 11.8204 7.5176e+04
38317.7423 10.2409 1.0036e+05
38813.5424 10.0163 9.8145e+04
38821.7324 10.1836 1.1127e+05
39225.6424 15.2549 6.9340e+04
39279.7624 11.2105 3.9807e+04
39593.4424 13.8465 2.2553e+05
39596.8324 22.1539 2.9651e+05
39600.0824 15.5715 3.5333e+05
39601.8624 15.8821 2.7251e+05
39862.0724 14.0169 3.9702e+04
40861.0225 11.6677 2.7844e+04
41370.4525 16.2442 6.0258e+05
41452.3925 11.2717 4.7985e+04
41531.4025 15.3844 4.7268e+04
41557.4925 14.5009 9.8551e+04
41602.8225 17.7360 1.1089e+05
41636.9925 15.0373 2.7748e+05
41651.2725 20.2072 3.3177e+05
41702.9525 13.0121 8.8920e+04
41722.8825 11.0994 7.5553e+04
41749.1725 12.2089 1.0818e+05
41904.9326 11.6463 6.6232e+04
42048.1926 14.1801 8.5376e+04
43120.5526 12.8940 4.0966e+04
43378.7526 10.2525 2.9102e+04
43461.1927 14.8253 7.1878e+04
43757.7427 18.2957 5.1209e+04
43813.8727 13.2444 6.8308e+04
43894.3827 10.0175 1.2722e+05
43920.5427 18.1415 1.7806e+05
43936.1727 14.7451 1.4784e+05
44002.0827 12.5383 1.3642e+05
44117.4127 11.6262 4.2056e+04
44201.0727 14.0181 6.6389e+04
44204.2727 13.9584 6.6389e+04
44212.3627 12.5124 9.6943e+04
44346.6927 10.1134 6.3854e+04
44349.0727 10.7352 6.5417e+04
44631.8427 12.0481 5.5248e+04
44647.6127 16.5634 2.8446e+05
44709.5627 12.4787 3.9511e+04
44715.1127 14.5373 8.6525e+04
44725.9627 11.6224 8.8166e+04
44831.2627 14.6272 6.7181e+04
44942.5527 10.1574 3.5123e+04
44965.1627 10.1276 3.1012e+04
45143.4628 16.3664 5.6080e+04
45253.0928 10.1139 1.6006e+05
45425.1028 10.4951 2.8351e+05
45722.9428 14.5773 3.8622e+04
46045.8228 11.2557 4.8104e+04
46077.0728 10.8198 3.2622e+04
46102.2628 16.1881 4.2324e+04
46209.6028 10.2346 7.1117e+04
46225.0328 18.5313 3.4088e+04
46259.8928 13.2068 7.2071e+04
46328.7828 12.0975 5.3406e+04
46343.4628 13.7572 5.4041e+04
46355.6028 12.1534 1.2077e+05
48107.6029 14.0777 2.0739e+04
48128.9029 11.4975 2.0677e+04
48201.7129 12.3565 1.8466e+04
48715.6330 13.8056 2.7189e+04
49567.7930 10.2302 3.1524e+04
51203.6631 10.6564 1.2859e+05
51224.0431 10.7270 7.6193e+04
51288.6831 10.7331 2.2154e+04
51635.5132 11.2214 2.2013e+05
51640.5832 10.6398 2.3953e+05
51657.8232 19.2498 1.9887e+05
51671.1232 10.3887 1.1635e+05
51671.7332 10.6433 1.1635e+05
51686.2932 10.8316 8.6182e+04
51690.1332 15.0944 8.6182e+04
51698.7932 10.1696 6.9490e+04
51714.6932 11.6475 6.1962e+04
51743.1132 15.7664 6.2854e+04
51760.9332 11.9145 3.4379e+04
51787.6532 15.2248 4.3464e+04
51809.5532 10.1369 8.3562e+04
51810.3432 10.1669 8.3562e+04
51906.0132 16.7155 2.2113e+05
51939.1832 19.9981 4.0370e+05
51939.7832 13.9155 4.0370e+05
51953.8132 12.3046 4.0740e+04
51963.0032 11.7828 3.0830e+05
51967.2632 20.8784 3.1987e+05
52006.2732 18.5073 4.2100e+04
52030.3032 11.8599 2.8586e+04
52042.3632 10.1682 5.6788e+04
52225.4732 13.6566 5.1645e+04
52237.6332 11.8721 3.0726e+04
52251.5532 15.1927 4.5967e+04
52260.1432 13.1599 4.2736e+04
52381.2732 11.9416 4.0688e+04
52396.9732 14.3567 2.7507e+05
52464.4032 15.6368 6.8212e+04
52483.0932 13.4216 2.3288e+05
52488.0232 12.1377 3.2744e+05
52490.7732 17.3637 3.2744e+05
52503.4232 11.5060 1.0638e+05
52525.0132 12.9206 5.3855e+04
52563.4432 14.0524 5.6281e+04
52595.3832 16.8701 2.5474e+05
52614.5232 12.0554 6.9599e+04
52717.2332 10.2401 6.6408e+04
52720.8832 12.6345 6.6408e+04
52751.3132 18.6183 6.4371e+04
52767.6732 10.2444 7.8398e+04
52789.1532 12.8099 4.5554e+04
52803.0632 11.7397 7.2914e+04
53076.8532 16.6431 4.0490e+04
53161.2332 11.5595 3.2905e+04
53185.5732 10.1152 1.7731e+05
53188.4232 14.3276 1.7731e+05
53202.4732 18.8123 1.2400e+05
53240.7032 10.0144 5.1107e+04
53246.8832 12.0125 8.1100e+04
53409.2133 16.2381 4.4719e+04
53440.3333 12.1736 8.3363e+04
53454.5933 10.6066 1.2909e+05
53488.0333 10.8394 4.2927e+04
53515.2833 18.1166 9.7031e+04
53516.2733 10.6989 9.7031e+04
53753.1133 10.2183 6.1028e+04
53760.5233 14.0940 1.7347e+05
54023.0033 11.1450 1.1572e+05
54041.6033 17.2233 3.7687e+05
54042.3633 12.5666 3.7687e+05
54043.0333 13.7854 3.7687e+05
54045.7933 11.8677 3.7687e+05
54078.4533 16.0684 4.8624e+04
54109.4733 10.1865 9.4803e+04
54110.8833 16.5297 9.4803e+04
54485.3633 21.3317 9.5754e+04
54506.8533 10.3329 9.0283e+04
54508.9133 18.2228 9.0283e+04
54520.5733 10.1385 1.1127e+05
54532.3733 12.4614 4.6867e+05
54534.7033 15.3742 4.6867e+05
54535.6533 12.1663 4.6675e+05
54586.6733 12.5581 2.5837e+04
54646.3533 12.1519 1.0274e+05
54647.4333 13.3996 1.0142e+05
54686.0333 10.0385 7.6107e+04
54753.5933 10.1630 6.6382e+04
54755.5733 11.7098 9.1754e+04
54783.5533 14.4705 8.0728e+04
54819.3733 18.1130 9.5150e+04
54895.5634 11.3446 9.0425e+04
54899.3234 10.8432 8.9897e+04
54936.6334 12.8532 3.8630e+04
54975.9434 12.5989 8.8165e+04
54983.9734 14.4666 2.8887e+05
54997.0334 10.9852 5.0457e+04
55032.5034 12.6237 5.8138e+04
55478.7034 12.5968 5.9584e+04
55508.5834 10.4684 2.3757e+04
55529.5134 10.8160 8.3795e+04
55539.7634 10.5642 8.1097e+04
55552.9634 13.8073 2.4171e+05
55555.6634 13.5624 2.4171e+05
55586.7434 14.6773 1.5836e+05
55590.8334 13.2024 1.5836e+05
55679.4634 10.6361 1.9813e+05
55732.8534 13.3444 3.4871e+05
55779.3234 10.5926 1.7770e+05
55812.9734 19.3427 1.8855e+05
55833.7034 17.9882 7.5756e+04
55853.1434 12.4280 1.0710e+05
55855.5434 10.1466 2.0379e+05
55862.0534 10.6277 2.8925e+05
55862.8234 11.7943 2.8925e+05
55897.0334 20.1252 2.5035e+05
55916.2934 17.1059 1.7199e+05
55918.1734 14.3086 1.6779e+05
55950.0534 10.0412 7.0840e+04
55953.0834 10.2613 6.6905e+04
55967.2634 11.0201 3.4312e+04
57714.6635 13.0161 1.9049e+04
58489.8236 21.7346 7.3367e+04
58808.5136 13.7759 6.3536e+04
58830.9836 12.5970 1.1419e+05
58831.4336 12.6610 1.1419e+05
58841.1136 15.7854 1.9573e+05
59112.6736 16.7026 5.4637e+04
59829.5137 13.6309 7.3181e+04
59830.4637 12.0547 7.3181e+04
59854.7237 10.7383 8.5954e+04
59861.8437 11.6236 3.9669e+04
59932.4337 14.7001 2.3010e+05
59935.8337 16.8974 2.2993e+05
59980.6137 10.4882 6.5035e+04
63662.3339 10.0612 2.0601e+04
63753.5439 17.2354 5.5885e+04
64927.1240 12.9095 3.1405e+04
65127.4940 26.8329 6.7710e+05
66403.7241 11.5940 3.3312e+04
66841.8941 10.9902 2.7750e+04
67606.4641 21.0045 8.2264e+04
67608.6841 10.3047 7.1155e+04
71043.8943 10.9360 1.9211e+04
71772.2344 10.1826 2.1133e+04
81184.7550 11.2845 2.5653e+04
81442.2350 11.3929 1.8073e+04
81911.6350 11.5592 2.2123e+04
84553.2152 10.3510 2.1008e+04
84680.7652 17.1447 9.6712e+04
84684.7852 11.2870 9.6712e+04
84702.6452 17.1302 1.1415e+05
84746.9752 14.0996 6.4611e+04
84749.3452 10.1681 7.6562e+04
84759.0952 13.7720 1.5949e+05
84778.0652 12.4510 6.6677e+04
84836.4652 12.6836 1.4385e+05
84963.8452 13.3186 3.8894e+04
85467.5652 10.5592 6.1842e+04
85507.0452 13.3237 3.6715e+04
85529.0952 10.8439 2.0273e+05
85532.5752 11.2242 2.0273e+05
85970.1052 16.7725 1.2690e+05
86028.0653 12.1939 3.5741e+05
86056.5753 14.5496 1.6862e+05
86061.0253 16.6663 2.2665e+05
