412.1700 13.9149 1.4063e+04
1710.3701 21.5792 2.6078e+04
3213.2602 10.4983 1.2275e+04
3718.5202 10.4175 1.1805e+04
3903.1802 10.0629 2.6416e+05
3928.8202 10.8416 1.7727e+05
3948.9402 12.9565 7.3959e+04
4374.8703 11.5669 1.6962e+04
4415.5703 10.3108 1.7430e+04
4497.3903 13.0267 1.1446e+04
4556.6303 10.2168 1.4734e+04
4587.6003 10.0991 1.2580e+04
4651.2303 10.6578 9.2095e+03
4714.0803 16.6350 2.7030e+04
4767.1803 12.8154 8.8229e+03
4784.8803 16.5994 2.3302e+04
4946.3403 11.0966 1.0141e+04
8163.0205 13.1467 3.5220e+04
8214.9505 13.6964 2.9587e+04
8953.3405 10.1906 1.9058e+04
9216.7706 10.0136 6.7902e+04
10750.6507 10.0706 3.0257e+04
11013.1607 13.9460 2.1909e+04
11081.4607 13.6468 2.8094e+04
11107.4907 12.5392 2.0909e+04
11126.6907 11.7954 2.3677e+04
11517.5507 10.4574 4.5455e+04
11660.1307 10.7299 3.2408e+04
12310.4908 10.0951 6.5136e+04
19221.8812 10.1044 6.0565e+04
22956.2814 11.9006 2.8544e+04
29426.2618 23.9665 2.6119e+05
29621.8518 19.4868 1.6108e+05
30803.4219 12.6421 1.4629e+05
35974.2622 10.1198 4.7335e+05
46751.6729 10.2081 5.1147e+04
68167.9942 10.4522 1.1567e+04
71530.6644 12.2944 1.3532e+04
71581.6344 11.6122 2.0015e+04
71603.4744 12.5871 1.2649e+04
71660.6344 11.4810 1.3897e+04
71670.9444 14.2747 2.0716e+04
71676.0844 12.4602 2.0637e+04
71685.1444 11.4680 4.4625e+04
72063.3144 12.9532 4.0038e+04
72190.8644 15.4534 1.6631e+04
78303.1048 10.7044 1.3529e+04
79023.3848 11.9090 3.7342e+04
79354.0148 11.9557 1.5249e+04
81691.5050 10.5899 1.2885e+04
81747.9050 10.4587 1.2952e+04
82122.2650 10.7970 6.6693e+03
83622.1351 11.4211 2.0932e+04
85480.2052 10.8821 1.4340e+04
85562.6452 14.3485 3.0971e+04
85758.3352 10.7101 2.4288e+04
