1782.0701087689276 6.145298332150896 22871.662452305012
2024.2201235485916 6.032035893725196 22443.69757927629
2242.4201368664635 6.066391623225031 34339.99970755781
2268.8401384790122 6.546394948680301 26725.35061546288
2523.930154048471 7.075067301865067 43605.64265402809
2537.9501549041843 6.011890142494049 18183.686665652283
2555.2201559582613 6.832478302154094 15354.78448608771
2571.6801569629 8.8996168313025 37584.58208139456
2624.00016015626 8.542963600850204 20028.832222482706
2723.860166251231 6.3665490601394135 21513.269275903996
2746.8901676568707 6.747854531912141 25287.59868310673
3060.750186813366 6.342809524480527 13129.714086219414
5382.3103285101515 6.79125077660583 16993.456195480892
5671.050346133444 8.71284098267431 54085.24398663482
15046.230918349054 6.268019218610907 117917.98296834824
16097.530982515318 6.975552142110876 80510.9632584583
16104.020982911437 6.941427251944182 185583.43567256894
16105.010982971862 7.567939157196352 165848.2561652069
16109.710983258727 7.407584684914656 201436.3412803757
16191.360988242248 6.296030771060851 55420.03604135391
16195.42098849005 7.446620399220559 257347.35709652596
16218.600989904846 7.028988799101862 108860.14121924191
16233.030990785583 7.52002713457421 79184.16069250883
16334.600996984924 7.169997134068035 90752.08987885843
16358.560998447327 6.111296744596837 56245.27089281734
16374.58099942511 8.704551584341287 152569.21531654065
16447.9910039057 7.533129911548225 78269.79042461813
16488.07100635199 9.3414883757385 120865.12675132272
16585.411012293152 8.897074712023363 40922.86774266995
16669.81101744452 6.5140186474080455 74149.13973719189
16681.431018153748 6.964490847917997 167088.14549630033
16726.871020927185 6.722021671196794 64466.74554087124
16738.531021638857 6.771105349916067 59647.71886137953
16774.631023842227 8.262204190752346 199520.65170135148
16826.681027019105 7.234090011431562 115373.1271959148
16843.56102804938 6.635202793778434 101279.95066829218
16855.091028753115 7.0427974157939515 68858.5947342062
16971.55103586127 6.237153729402491 154267.85898249623
16972.851035940614 8.345512429252446 151750.54028692454
17090.501043121403 6.364256480366791 211591.64103778562
17160.891047417666 7.073541336895919 71314.69023173233
17220.881051079166 8.255468529410788 483625.4361447791
17223.88105126227 9.338774519202877 473267.5522319646
17252.27105299506 7.131257787998481 171144.4522942184
17259.781053453433 10.137156496629265 450085.8510789032
17282.68105485114 6.415883798064913 105383.50242271464
17302.821056080385 9.28293864747385 286802.7704918068
17325.271057450627 7.44171662142276 239275.65378488947
17335.561058078678 7.678054914425708 116105.42933738863
17349.091058904483 7.199881402321861 71910.53823119296
17360.39105959418 6.120671549258831 74858.36618072711
17383.371060996767 7.978821751198768 105799.01493300311
17389.751061386174 7.958393103177147 123505.31330376642
17400.541062044744 7.756517836483148 448694.28162092605
17405.09106232245 6.386503364639001 150248.70871661865
17436.711064252384 6.2619010398724075 165151.33673272177
17463.84106590827 6.725720338467891 884958.4571796918
17471.661066385564 6.274464883614981 110960.26901680155
17488.94106744025 7.148518194400228 112612.15518133866
17491.681067607486 8.261503572845793 90323.45118415277
17501.001068176334 7.813705716780023 132993.44917222855
17511.66106882697 7.191934620461274 163289.98594341436
17524.721069624087 6.08527562181491 90147.72863565816
17542.3110706977 8.956301061441229 154283.40380406997
17566.25107215888 7.484356916764952 98180.2603422706
17606.551074618597 6.669377173905046 90418.8953506415
17621.98107556037 6.05153009328475 111325.061830936
17638.51107656928 7.025658003138914 121658.85542229372
17674.531078767766 7.8202289812204615 122542.68307175327
17680.62107913947 6.824729800101643 127080.67783014383
17711.541081026677 7.077613959155235 214778.69661542415
17714.131081184758 6.398000559296291 497589.72611852665
17715.28108125495 7.92342685381669 1031110.318359988
17715.89108129218 9.650677628898796 686728.6104107394
17748.461083280097 6.063983899350013 170486.39115397295
17749.74108335822 6.04524702979443 78736.48532138989
17753.72108360114 6.585947003974625 172076.49220370394
17763.571084202336 6.812405246355805 144054.39561875688
17795.921086176822 7.135012677289276 102064.08670961804
17797.21108625556 8.995217016496603 68353.48224597653
17799.41108638984 8.730526411545666 182031.98642003082
17802.471086576603 7.088523499887237 171712.5784270629
17833.491088469917 6.048549094428686 86894.92840008698
17843.791089098577 6.7388989804994495 36435.98486519547
17851.51108956977 7.465576482745129 53252.43736130926
17865.111090399845 6.419812323618895 30812.984375142933
17872.23109083442 8.232181144488946 58913.49949534391
17914.42109340949 6.994775866695699 156853.22242328452
17943.43109518012 6.6501193130356855 128653.18142899696
18005.041098940495 6.060950304578986 266463.1984054139
18028.78110038947 6.3289276508347285 95293.42796364773
18036.42110085578 6.6658148838103175 144326.79853043854
18047.951101559516 7.9406362984940655 204534.51639828229
18072.741103072578 11.282551071340952 116342.18787034998
18075.6611032508 6.956901091124962 352254.0786443333
18076.29110328925 7.728134933224037 283387.7400593292
18097.54110458625 6.121657162262453 307049.99071197055
18098.22110462775 8.043573099288238 298453.2140097135
18101.921104853584 6.3302812709883165 319508.4485888947
18122.2211060926 9.436313812831926 110210.48025924775
18127.19110639594 7.631378078127662 2167981.917599894
18127.77110643134 11.451543528955623 2167981.917599894
18132.111106696233 7.090343886987663 2554300.180583481
18136.041106936103 12.259047666633112 12645929.979013538
18162.74110856574 7.467659767709736 163150.47494879932
18167.49110885566 6.359785491528118 297726.3272386092
18172.68110917243 6.071494561884362 127378.86110188178
18184.88110991706 6.305925636999558 58486.84841878453
18191.011110291205 8.509340863530786 106647.71842870777
18215.26111177131 9.652611917221819 122649.5538702504
18226.771112473823 9.272331571133277 111198.46951367093
18247.14111371711 8.308124073524077 108714.32018052954
18251.001113952705 8.503371080179265 76937.10540583999
18267.59111496528 9.300709700465386 168603.76504390358
18278.55111563422 9.872807697273068 2071941.174867699
18279.381115684882 10.905361301677091 1723012.9036282897
18316.06111792365 6.544609187055583 65159.4506382858
18339.56111935798 6.773995615047145 197843.3553675914
18364.811120899118 6.514603150186307 789268.964283324
18409.651123635933 7.3133295934724 660027.1458465433
18423.84112450202 7.754485802274779 273749.39898263465
18424.5911245478 7.232118398995767 260419.21122313646
18440.611125525582 9.317824487330736 377173.8856018924
18454.52112637458 7.0705921681743 475698.00423646596
18465.191127025824 10.554880556679175 361203.33257282217
18473.06112750617 7.009502733371563 91747.58632759844
18481.02112799201 7.950786613162217 132341.75100932797
18498.951129086374 11.278535810317269 517145.8100661956
18504.82112944465 11.120733225655249 759094.5037516657
18531.02113104377 6.727591418359662 51533.11513910183
18554.491132476265 7.623482251283548 39365.369591632494
18560.701132855294 9.243392234405833 86085.84545021765
18568.84113335212 7.704436878097516 111865.51869568897
18580.24113404792 8.310360247249854 72896.14983820508
18582.511134186472 10.558000577575289 717132.2351589451
18584.651134317086 6.460853025012011 1320032.0172266602
18587.511134491648 8.375580047964172 818678.248169795
18612.751136032173 7.28250716192233 54318.90686752094
18615.401136193916 6.152684559467412 110062.77503184922
18630.481137114326 6.344364663698067 108572.87997110652
18638.80113762214 8.426706019479955 331944.6763774303
18649.551138278268 6.825179548094555 262633.3570006024
18672.281139665596 8.128211830748095 258940.37780052598
18685.12114044929 6.471487783853087 135042.99579821283
18721.131142647166 6.31185007095363 91415.60941495484
18722.161142710032 6.0753699246986255 94726.35308435503
18728.531143098826 7.200051872755759 308357.6652248427
18735.281143510812 11.740201563437905 1295353.4129753362
18795.981147215647 6.795771444548335 96249.22930685188
18804.11114771186 8.460256320121479 185431.43187913223
18847.59115036567 10.017416814699722 137862.00735864232
18919.80115477302 6.902596759267967 31364.815126971513
18927.48115524177 6.162818271475984 29557.47155817534
18941.95115612495 8.60693405316629 49736.38140912713
18962.951157406686 10.014009664822819 57368.1198466467
18977.751158310006 7.44221631847725 36702.25002185515
19010.341160299144 8.416576720831054 30340.272771613592
19094.251165420603 6.333428487232178 35961.91415381604
19136.351167990182 6.107441384841204 30235.707685985206
19146.051168582224 8.240321174761753 60666.89859174979
29426.9517960786 7.231655668961692 150603.7431081614
29429.011796204333 6.507571629734651 132214.87322692433
29624.57180814037 6.326997301971701 98976.37308170141
36709.79224058791 6.3278835636312305 31706.021546729793
37255.22227387831 6.21525205163978 135770.22390942485
45739.31279170611 7.322484214207081 19424.014040540314
45997.74280747942 7.018626298395934 19163.63230701495
51975.233172316475 6.057719227348479 32776.650727127206
52620.81321171956 6.470368678499156 10168.430790531225
55372.18337964986 6.1315733850889105 8002.4354075479205
56906.143473275355 7.436053453946218 9126.291266327058
60098.433668117286 7.902516295523333 9293.923733004602
62871.723837385485 6.3359498034144295 6290.955470344046
62990.513844635854 6.51709842676152 6297.928790659896
64549.893939812864 6.663898297450951 55338.017706867075
71119.75434080532 6.001310733030027 3150.662926005631
73794.94450408597 7.707682261456164 4977.157612326852
73850.21450745939 6.532418990129917 4814.3437463723585
74964.14457544827 7.360595556266257 8978.885318341177
75090.25458314542 8.001731003354555 7992.136033786552
75912.0346333029 6.718444987330685 6407.025884296162
76237.32465315702 7.615435779411182 17065.388374631355
76315.0746579025 6.367764662141342 8230.018343523821
76521.50467050199 7.19423658055216 6222.8167739881455
76670.92467962186 8.697572813872508 17098.073114518953
76841.54469003569 6.378596453134777 18955.986241027378
77070.37470400236 8.468479107387983 20833.32963966195
77232.91471392302 6.682533252480853 18645.69907092355
77447.38472701322 6.3347374637406535 4739.489660459674
77597.79473619352 7.349265750008919 8165.986785296319
77663.03474017546 7.139986669439119 17823.55829444966
77703.66474265532 6.759517407274706 11173.438309316338
77719.57474362639 6.557055544777035 15620.82957335971
77811.8447492581 6.3855837616153375 16165.816144834022
78027.97476244964 6.134910642101804 6914.7440696188205
78114.29476771818 9.514623617568667 37559.598836111545
78160.30477052642 8.740518221762905 14251.335566637365
78184.56477200713 6.07329049631041 6969.089600621026
78364.35478298063 7.534467889593443 7347.97735123812
78391.92478466338 9.243752009005078 16968.27259654705
78479.50479000884 8.184170408407917 21889.14886455639
78668.89480156828 7.551455866779261 13205.10876396899
78765.88480748808 6.036976870536644 6289.379903510824
78809.68481016143 7.235144023315335 13653.969710104491
78816.27481056364 7.635682968200879 27507.333943892758
78851.46481271148 6.124589739521846 4804.142611102272
78855.58481296294 6.636686044119614 8218.543488045094
78876.3248142288 9.022326585556192 14581.293161771338
78902.5848158316 7.2313804241162485 11576.522424638426
79127.76482957549 6.526531588357867 9857.750819715402
79283.6848390921 7.097185059964631 14856.940586324348
79763.46486837554 8.902024765115145 17698.654952242894
79938.25487904387 9.546397181862016 15016.380979465745
79980.2048816043 6.175610482738998 5571.917679111475
80012.6548835849 7.105655315090242 8664.166664179176
80118.0448900174 6.06211808764363 9216.471538076821
80841.72493418731 6.878272410983257 6381.750365439883
81438.09497058686 6.06541409259086 6212.392860175777
83867.85511888764 6.571669066339605 10546.426601060863
