1601.6901 10.9225 1.7531e+05
2340.8101 10.2003 3.4382e+04
2669.4102 13.3528 2.0537e+05
2838.4602 13.2548 9.7812e+04
2863.3902 10.6580 1.0878e+05
2950.4502 19.6480 3.1575e+05
2958.0402 20.6564 4.6886e+05
2960.8602 13.6727 4.6678e+05
2969.3702 20.8564 5.6916e+05
2972.0302 14.6832 5.6916e+05
3005.9702 21.4842 4.9498e+05
3009.1302 13.6401 4.6222e+05
3013.0502 12.4620 3.7366e+05
3024.7702 21.6355 5.0982e+05
3027.6302 12.6507 5.0982e+05
3029.7502 12.5326 5.0469e+05
3037.1102 17.3027 4.1963e+05
3042.4102 16.2165 3.7636e+05
3057.2802 19.5300 3.6511e+05
3071.8602 17.7345 2.5892e+05
3085.5802 14.7509 1.5197e+05
3099.2502 13.1330 1.8970e+05
3104.5902 11.2473 2.9515e+05
3172.6202 18.9910 3.2034e+05
3175.0402 10.7244 2.7962e+05
3186.8802 19.5751 3.5031e+05
3192.7002 16.0453 3.7262e+05
3195.0102 10.5229 3.7262e+05
3203.7502 18.1188 3.8146e+05
3212.7102 16.1637 3.7446e+05
3265.1002 11.6032 1.4591e+05
3271.4102 19.7647 4.6645e+05
3273.9602 11.6307 4.5000e+05
5167.7903 10.3521 1.1944e+05
5282.6503 12.4751 1.5005e+05
5430.0303 15.4186 4.5016e+04
5681.5403 10.6328 1.6226e+05
5810.2404 14.0583 1.4258e+05
5945.2604 11.0849 5.4786e+04
5979.4504 11.9910 1.4904e+05
6045.3204 10.7051 5.9782e+04
6427.9404 14.5066 2.5913e+05
6638.6804 17.7344 4.3974e+05
6665.9704 10.8507 1.4939e+05
7371.7604 12.0371 1.2487e+05
8419.5105 11.0783 1.8226e+05
8804.2405 10.0313 1.4213e+05
10356.2906 10.5344 2.0517e+05
10455.8806 10.7699 3.0323e+05
10939.1407 10.1423 3.2770e+05
11325.9307 10.2128 1.3589e+06
11962.3307 11.0390 2.6920e+05
12450.4208 10.1397 7.1358e+05
12736.7708 12.1612 5.3646e+04
13056.6408 10.6849 1.3630e+05
17136.0910 12.5594 1.4408e+05
17654.1311 10.5611 2.1399e+06
17754.0311 10.6849 2.4727e+05
18605.3911 13.5440 7.9034e+04
18973.8312 12.8587 3.3419e+05
18979.2812 11.4252 1.7143e+05
19008.9312 13.5600 2.4976e+05
19031.0112 23.5605 3.8105e+05
19149.0712 10.4355 4.9893e+04
19203.9012 10.2471 4.8344e+04
19571.7812 16.2014 1.0079e+05
20175.8712 15.2019 8.8024e+04
20726.6613 13.1474 2.6081e+05
21962.7413 10.6709 8.3728e+04
24317.4415 11.6956 1.3822e+05
24347.7415 10.0337 8.1203e+04
24462.5315 12.8589 1.6625e+05
26985.3516 10.9183 9.0964e+05
27980.1717 10.9948 2.2513e+05
28745.4418 13.2529 1.1724e+06
28836.8318 10.0319 1.5527e+05
29678.6618 13.5245 2.7208e+05
31105.1919 11.4561 8.4283e+05
31875.9419 10.2816 8.4903e+04
31921.6119 12.4016 6.1321e+04
32580.1720 14.1128 2.0335e+05
33433.2520 10.0196 2.1831e+05
34011.2421 13.1827 1.8676e+05
34040.4921 10.0159 2.3724e+05
35143.7421 10.7227 8.2008e+04
35336.6822 12.8358 2.7360e+05
35474.6622 10.3944 7.5138e+04
36443.1822 12.0448 1.5385e+05
36704.9322 16.8251 3.4922e+05
36851.9722 10.9669 4.0475e+05
38296.2123 12.0745 2.2790e+05
38867.6424 14.6366 1.7865e+05
39084.3124 10.9342 3.1080e+05
39084.8124 10.6287 2.6080e+05
39091.2624 12.4820 7.1463e+05
39093.7924 15.2825 5.0964e+05
39100.5924 16.5506 9.3130e+05
39916.4724 11.2026 2.5643e+05
40014.7924 15.0604 1.5403e+05
40098.1324 13.8273 3.1083e+05
40434.0225 10.2633 1.9776e+05
40529.7125 10.4128 2.1337e+05
40910.5225 14.3508 2.1336e+05
41054.4925 11.2376 1.7957e+05
41121.3525 11.4758 1.7410e+05
41619.4325 11.5168 1.4341e+05
41670.8725 10.0153 1.3603e+05
41692.9625 10.3413 2.0189e+05
43430.3327 11.8713 3.4825e+05
43702.6327 12.0807 2.0763e+05
44003.3627 10.6416 5.3637e+05
44031.8227 20.0594 1.3341e+06
44037.0527 18.6338 1.0084e+06
44110.6127 15.7251 1.8098e+05
44120.8727 19.0429 3.3074e+05
44135.3027 12.1136 1.1001e+05
44199.1227 19.8386 1.4672e+05
44214.9427 13.2882 9.5042e+04
44242.9227 10.1562 1.7431e+05
44377.8027 14.8794 1.5295e+05
45639.0428 10.1568 9.2942e+04
46199.4628 12.2812 9.3535e+05
46982.2529 14.7985 5.4496e+05
49156.3430 10.9525 8.1223e+05
50497.1731 10.5769 4.1263e+04
50497.7731 13.7985 4.1263e+04
50663.4331 10.6145 1.6830e+05
52228.3732 11.1251 2.9718e+06
53811.6133 10.9696 2.3283e+04
56782.7235 10.1210 1.1130e+06
57313.1435 11.2767 1.8470e+04
61251.3837 10.3174 1.0575e+06
61978.3038 11.2626 2.3462e+05
62371.4338 10.7413 1.4697e+04
62965.0538 10.1585 3.6062e+05
63579.6039 10.1995 2.1588e+05
64238.9239 10.5763 4.7536e+05
64690.2839 14.8339 1.6207e+05
66280.3340 10.0818 3.1818e+04
67344.7641 11.3018 2.0505e+04
68537.6342 10.8222 3.8010e+05
69418.9142 14.8744 1.5257e+04
69431.3642 12.3049 1.8625e+04
69489.2442 13.5301 2.4121e+04
69553.3342 12.4309 3.2563e+04
69584.3142 15.9646 4.7862e+04
69623.2042 10.9313 2.9088e+05
71276.3544 14.6655 2.8788e+04
72404.7144 10.8661 9.3915e+03
73708.8545 11.2231 1.4893e+04
73922.7245 10.2679 9.3427e+03
73927.5645 10.5551 9.6667e+03
75583.4046 11.4914 1.4347e+04
77036.1047 12.3879 7.2456e+03
77060.4147 12.1176 6.6487e+03
78468.5848 12.8425 2.7026e+04
78699.6948 12.1511 8.3829e+03
78783.4548 10.1797 5.8223e+03
78832.4148 12.2682 8.6072e+03
79300.9648 10.1301 9.2023e+03
79455.0748 11.5239 9.9783e+03
79508.6249 11.1349 7.7100e+03
80554.8549 10.3899 6.3057e+03
81067.8649 10.1774 7.5032e+03
81574.9450 10.3515 1.1644e+04
81721.8750 11.5959 9.6628e+03
82304.2050 12.1285 8.4866e+03
82885.6751 10.9499 8.8414e+03
83299.8651 12.0972 2.0308e+04
83877.5851 14.3311 2.1238e+04
84068.6351 13.2973 8.3895e+04
84080.9051 22.2895 3.3060e+05
