859.700052471927 7.999613443511518 116678.22019251274
956.3200583691441 6.354283108398774 51938.066924448394
1269.0700774578904 7.568726392570168 74508.85925740126
1299.1600792944384 7.759332366740731 112632.33647734237
1497.5100914007623 6.345950295999108 84330.53116264855
3513.050214419569 7.943475616030191 230821.91879180327
3523.550215060438 6.364684979888735 322816.5015195272
3524.130215095838 6.218317843196669 272253.70431876223
4988.480304472675 7.048383118188937 223256.2962556027
5008.9503057220645 7.715311759021599 1653736.068876233
6009.280366777366 7.3563980500106965 1185245.0318044263
6753.360412192408 6.642277850300903 70035.82392358959
6962.73042497134 6.279421189371492 84089.73984973154
7712.2704707196335 7.788309526455049 65489.09866111454
8068.170492442046 7.572791491879428 87147.26632528612
8581.130523750642 6.3185883830330045 252178.5333898127
8866.080541142612 7.924951477583125 150821.25845274545
12318.210751843919 7.626864083620359 623104.943666683
12399.810756824387 7.156059150546188 196691.1710095102
12418.97075799382 6.193146047359461 225463.78989157995
15052.520918732966 8.916557322898623 229123.61528098898
15792.220963880674 6.303985267753918 110556.88844096108
22551.941376461265 6.375411642281104 56492.755489915246
23985.691463970426 7.597265668394109 149293.77339405136
29428.87179619579 6.662774869261809 241599.37830718688
29662.13181043285 6.2450892612888245 57292.58843169909
31273.59190878857 6.264214364283521 147064.27298068212
34422.13210096021 6.648443773164829 61708.01142389409
34483.28210469251 6.38416656157605 36627.14109208547
34527.45210738843 6.069968937864229 45746.81363745208
34629.64211362562 6.124304209523681 60132.9037077503
34645.51211459425 6.3752715984741295 52015.78085413449
34684.33211696363 9.671061282299673 122773.69876691682
36694.07223962843 9.146629315781079 108914.49007154074
36770.99224432326 8.072621223746193 100794.60742331261
36947.00225506606 10.879820771714979 516819.7918905702
39103.6223866957 8.35382285360339 167510.27721567254
40411.11246649856 8.276174901054532 4013946.5925881425
40423.20246723648 6.518686306934388 118634.19951045339
41920.21255860673 6.818934935531836 47411.280438568145
42155.07257294144 7.305834160870594 99845.2918225296
43466.92265301041 7.693449150707132 111465.99347155677
45178.402757470874 7.729718666751252 364064.65613430913
45186.092757940234 6.160177670934501 143244.39967945282
