1741.6201 10.3199 1.3760e+04
1782.3001 12.8196 1.7100e+04
1792.0501 12.0511 3.3057e+04
1881.2501 10.0474 1.8855e+04
1893.4301 11.2595 3.0154e+04
1913.5601 10.4547 3.5818e+04
1932.9601 10.5654 2.7340e+04
1939.1901 12.6703 3.8800e+04
2759.9402 11.9235 1.6247e+04
3509.4602 12.4495 1.2883e+04
3741.0602 10.1453 1.0602e+04
4099.2603 13.4684 1.6033e+04
4377.7903 11.8600 8.9230e+03
4391.0803 12.3853 8.3776e+03
4680.3003 11.6148 7.0577e+04
4899.7803 10.1321 2.2034e+04
5298.5803 10.4842 2.7981e+04
5337.0503 14.6636 6.9441e+04
5390.5003 10.6899 3.4996e+04
5405.1003 14.1550 5.3212e+04
5424.1503 18.6101 1.5393e+05
5468.3903 12.8823 2.8694e+04
5549.9103 10.0182 3.1752e+04
5674.0203 11.9314 1.5925e+04
5706.8003 11.2922 3.7409e+04
5771.6404 10.3709 3.6984e+04
5776.5804 12.6424 6.7337e+04
5863.5404 10.2811 2.2773e+04
5904.6604 13.8936 2.9974e+04
5913.9904 20.7288 2.4104e+05
6019.3304 15.6655 5.3062e+04
6226.8704 18.9926 5.3303e+05
6262.1204 10.8441 9.2217e+04
6266.8104 16.6532 1.5357e+05
6301.6004 12.4259 8.8288e+04
6303.5904 17.1379 8.0653e+04
6311.7704 14.2252 8.7586e+04
6329.4204 13.5216 6.7071e+04
6368.4204 12.1238 3.5711e+04
6391.2304 17.4514 4.5403e+04
6433.5104 13.0742 3.2597e+04
6613.5004 17.7288 6.5694e+04
6623.4304 11.5205 4.3949e+04
6732.7604 10.9261 9.0466e+04
7220.1104 10.7073 5.9051e+04
7795.1605 10.6182 3.2385e+04
7806.8705 11.4934 3.8169e+04
7872.3205 11.9500 6.5483e+04
7905.7105 15.4339 7.2568e+04
8076.5205 13.7850 8.4425e+04
8118.8705 16.8921 3.4986e+05
8151.5905 12.9454 4.8742e+05
8169.3905 10.0224 1.3797e+05
8195.8105 14.8758 9.6538e+04
8206.8705 10.1521 4.2691e+04
8211.8805 15.8659 1.0872e+05
8225.5805 11.6907 9.3214e+04
8228.6905 13.2095 9.8705e+04
8243.5305 10.0979 1.3614e+05
8250.4705 13.0910 1.2937e+05
8287.8405 20.8958 1.1206e+05
8297.5605 18.9260 2.0308e+05
8299.0105 13.9364 2.0308e+05
8300.2405 13.7488 2.0308e+05
8301.6305 11.4992 1.7571e+05
8321.9905 14.3722 4.1698e+04
8328.4205 12.9306 3.2524e+04
8343.9605 21.8253 1.3973e+05
8400.4105 11.8539 3.6228e+04
8417.1505 10.1749 2.8126e+04
8487.2605 12.8357 5.1128e+04
8545.5505 10.7634 4.0056e+04
8581.9705 10.5004 4.0510e+04
8845.0505 10.8514 8.4878e+04
8849.8405 10.0189 7.8158e+04
8891.2305 11.9320 3.8307e+04
8952.3405 12.4286 4.7223e+04
9002.2805 11.5540 9.7700e+04
9038.1206 13.8070 1.1551e+05
9067.7006 14.2249 4.1114e+04
9195.7006 10.6685 9.5312e+04
9202.0206 14.6459 1.2014e+05
9254.4606 15.7280 6.3831e+04
9272.5706 19.2471 4.5661e+05
9320.6806 10.6166 3.3827e+04
9325.4806 10.1400 3.3040e+04
9340.8106 10.8806 1.2757e+05
9371.9506 11.6245 8.1379e+04
9383.9406 11.1061 1.5019e+05
9385.7106 13.9604 1.2531e+05
9390.2206 16.7061 1.6042e+05
9395.4306 10.2919 1.9365e+05
9426.3106 12.2332 4.2593e+04
9431.1706 19.1451 1.8300e+05
9433.4906 15.2734 1.9759e+05
9437.5106 11.4154 1.8382e+05
9452.0906 15.7608 1.8007e+05
9461.1906 18.0775 2.3894e+05
9462.9106 12.9872 2.4771e+05
9466.1706 12.8543 2.6324e+05
9467.7606 10.4323 2.4635e+05
9494.6206 12.4627 1.4139e+05
9502.6906 18.1985 2.0690e+05
9558.2606 10.3527 6.1871e+04
9594.2606 18.4747 1.1192e+05
9990.8406 11.6146 6.7179e+04
10130.1406 13.0795 9.3935e+04
10281.6206 10.9181 3.3173e+04
10748.3107 11.1729 4.3021e+04
10749.3807 13.4314 4.3021e+04
10908.2207 10.6996 3.6799e+04
11049.7607 14.3752 2.9988e+04
11139.9407 11.4976 1.0778e+05
11425.0007 10.6740 1.2426e+05
11479.2807 10.8184 1.6267e+05
11664.5707 11.6742 4.5718e+04
11736.4807 11.3263 2.8468e+04
11837.1207 10.1282 1.4044e+04
11923.7007 22.5518 1.9497e+05
11961.1807 15.7449 9.2389e+04
11984.3707 11.2534 1.3770e+04
12032.2107 14.0577 1.1719e+05
12220.1207 10.7604 4.0384e+04
12396.2208 15.9190 1.1707e+05
12602.0408 10.0286 3.1631e+04
12648.2408 13.0508 2.2634e+04
12664.5508 10.1576 3.1338e+04
12684.9308 15.6490 2.7673e+04
12917.4808 11.0078 2.2377e+04
12955.2008 10.3494 2.1799e+04
13461.3108 18.7187 3.3347e+04
13474.2708 18.7104 2.2913e+05
13637.1808 14.2973 2.0349e+04
13643.6208 10.4384 1.3907e+04
13676.3408 12.8765 3.9998e+04
13812.4208 10.2575 2.2692e+04
13867.5108 10.5469 1.3526e+04
13938.6409 10.5839 2.2624e+04
14036.8809 10.3296 3.3226e+04
14156.9109 11.5143 2.2689e+04
15017.3509 12.5880 1.9067e+05
15085.0009 15.4767 5.0383e+04
15317.0809 13.1226 2.8692e+04
15339.8709 10.4918 3.9365e+04
15514.5609 12.2749 3.9630e+04
15560.4209 13.4066 3.3056e+04
15630.3710 13.5345 3.3252e+04
15676.3110 13.2859 2.9483e+04
15683.9410 12.3089 5.4050e+04
15706.4710 12.9538 2.7642e+04
15783.9710 12.9144 3.2227e+04
15804.6610 10.6567 2.0004e+04
15952.5510 14.1088 4.1135e+04
15970.2210 11.3237 3.7668e+04
16097.5210 11.2555 4.0816e+04
16115.5310 16.3510 1.1563e+05
16183.8810 17.1454 1.0043e+05
16268.7310 15.6296 3.7668e+04
16336.0510 10.4685 4.4151e+04
16382.5610 11.0382 4.4758e+04
16444.2810 14.8256 2.5067e+04
16524.8610 11.6343 2.5659e+04
16634.2810 16.3269 1.5491e+05
16680.1310 10.9070 2.3775e+04
16744.9710 13.3205 2.7302e+04
16958.1810 13.7028 2.6423e+04
17007.8410 12.7726 1.5914e+04
17073.1010 14.8119 1.1304e+05
17074.7010 13.0039 8.7152e+04
17131.9910 11.0776 3.5936e+04
17385.2911 14.2902 6.6133e+04
17481.5311 11.8949 2.3412e+04
17633.8111 10.9575 4.2269e+04
17645.4111 10.1462 6.3446e+04
17685.7211 10.0274 4.7816e+04
17689.7111 11.4228 3.7798e+04
17696.9611 10.1341 4.0423e+04
17709.1511 16.1424 6.6810e+04
17747.2011 18.7600 1.7497e+05
17777.6211 11.3556 5.9051e+04
17847.1411 10.0416 1.4021e+05
17860.6211 11.6417 3.9659e+04
17975.8911 10.3281 2.0685e+04
17996.8411 11.8695 3.4435e+04
18094.3411 11.7497 4.0001e+04
18104.2711 17.3732 1.2572e+05
18296.7711 11.2426 2.7881e+04
18583.8211 10.8066 4.0636e+04
18673.9611 11.9552 4.2551e+04
18743.2611 12.6210 2.6171e+04
18752.0511 14.5934 5.1637e+04
18811.7911 17.3968 9.5646e+04
18858.8412 11.7556 2.0942e+04
20782.7913 10.6628 1.7449e+04
20848.1013 11.9411 6.9538e+04
21929.4713 11.3521 1.3639e+04
22095.4313 20.9036 1.1643e+05
22109.9513 10.4873 3.3488e+04
22176.5014 10.9090 4.5585e+04
22341.2314 13.0340 5.7968e+04
22367.6214 11.2173 1.8520e+04
22372.0114 10.3298 2.0154e+04
22404.6614 13.2955 3.4090e+04
22406.0214 13.5871 2.8497e+04
22488.7514 13.7036 2.9816e+04
22528.7814 12.3431 5.0075e+04
22536.0414 13.3043 3.9969e+04
22594.7014 10.7584 5.1119e+04
22757.7914 12.5006 5.5932e+04
22833.6014 11.4033 6.0704e+04
23243.6114 13.7137 3.3757e+04
23265.2314 10.9939 4.9823e+04
23282.1714 16.0507 1.3690e+05
23664.3414 11.8178 8.7087e+04
23709.8914 15.5606 5.4630e+04
23748.4714 12.8184 4.5954e+04
24066.1515 11.2629 5.0862e+04
24131.4215 17.6705 4.6576e+04
24139.8215 10.9247 5.0067e+04
24490.1315 16.5435 9.0941e+04
24853.9815 12.9506 5.5346e+04
25367.1315 12.7903 3.8762e+04
25423.8816 11.3417 3.5290e+04
25483.4016 16.0029 1.1451e+05
25500.4616 10.0627 2.8751e+04
25542.3516 10.8049 6.8435e+04
25656.6416 12.7455 2.7403e+04
25669.7416 13.2730 2.2655e+04
25740.2316 15.1756 4.1119e+04
25784.8716 18.1781 1.1397e+05
25841.8316 12.9660 5.7604e+04
25882.6816 13.5297 7.0793e+04
25902.0716 13.5751 3.1386e+04
25912.4516 10.5615 4.1497e+04
25915.9516 12.0923 4.8859e+04
25927.8916 13.6444 5.2570e+04
25929.0816 11.6831 5.6935e+04
25933.6416 13.6320 5.3155e+04
25957.1616 11.7026 2.3960e+04
25963.9716 15.4564 5.6268e+04
25974.0116 15.2431 5.7213e+04
26102.3716 14.0401 1.6485e+05
26163.5716 16.1758 9.4647e+04
26417.3016 15.5698 6.9165e+04
26652.0616 11.3115 1.2393e+05
26748.5416 15.1095 1.5570e+05
27045.3617 11.0322 5.3275e+04
27444.5317 12.9653 5.8068e+04
27477.9517 16.3269 5.5336e+04
27513.2817 12.4812 6.9310e+04
27534.5017 11.6625 6.4802e+04
27610.6617 10.6743 5.4833e+04
27626.4917 13.1986 4.0386e+04
27957.2717 13.7149 4.8729e+04
28175.9817 13.3907 3.2397e+04
28185.8017 10.1066 6.4017e+04
28473.0417 14.5318 6.3983e+04
29186.4318 11.6220 5.5382e+04
29229.5018 10.0568 2.4668e+04
29331.8818 12.1230 6.0711e+04
29348.5318 10.6033 8.1576e+04
29357.9818 14.5946 5.2074e+04
29426.8718 20.2188 3.3602e+05
29541.4118 12.1769 3.4778e+04
29578.7118 12.9470 4.0161e+04
29622.4618 11.8540 2.0423e+05
29685.9018 15.3614 5.1547e+04
29794.8318 15.7554 5.2133e+04
30170.6818 13.5918 4.7675e+04
30215.3218 10.4715 3.1903e+04
30587.4119 23.8237 2.0744e+05
30688.7619 10.1034 3.7369e+04
31571.5719 16.1125 6.5193e+04
31676.6019 14.6950 3.3926e+04
31726.5919 16.0421 1.3680e+05
31754.5319 10.7692 3.9254e+04
31779.8919 11.1771 3.9434e+04
31791.4419 13.8740 3.6621e+04
31804.6519 10.2913 2.1614e+04
31810.3019 13.0065 4.3920e+04
31825.7619 16.3898 4.1555e+04
31840.5019 14.7443 2.7551e+04
31851.9719 10.7857 2.1231e+04
31969.1520 16.7816 1.1314e+05
31981.9020 13.1363 7.2817e+04
31994.5720 16.2430 1.7813e+05
31997.4020 15.9475 1.7813e+05
32007.2220 10.5635 1.6360e+05
32013.7420 15.3280 1.8737e+05
32031.3720 10.2722 3.0277e+04
32334.1520 11.3106 2.2273e+04
32360.4620 12.2025 4.0823e+04
32427.5120 13.5613 5.3121e+04
32530.4620 15.3730 7.6948e+04
32669.0020 11.5862 2.8596e+04
32833.2820 14.2354 4.0515e+04
32853.7920 16.9386 7.7124e+04
32865.7620 16.7458 8.1778e+04
32945.2520 12.7532 4.6263e+04
33241.2520 11.8025 1.5421e+05
33260.3020 16.7519 2.3972e+05
33801.3921 13.4341 1.0388e+05
33847.0921 10.5722 3.6303e+04
34209.0921 14.0804 7.5955e+04
34233.5721 12.5499 6.8611e+04
34619.2921 10.0769 4.0155e+04
34742.4221 12.3093 3.1427e+04
35870.0822 12.8883 1.1248e+05
35977.6022 11.5571 5.2721e+04
36195.5222 11.4186 4.5907e+05
36492.6822 12.7019 5.2017e+04
36551.4422 12.4893 3.1470e+04
36780.9822 11.2587 4.1603e+04
36893.9323 12.0959 3.9156e+04
37735.1323 13.3437 9.0743e+04
41733.3225 18.7785 1.0123e+05
43223.0926 13.4141 2.8611e+04
44723.7027 10.2224 3.2405e+04
45929.5228 11.4478 9.9727e+03
46320.3328 11.2510 1.0532e+04
49721.2830 10.9498 8.3084e+03
50288.9131 13.3129 1.0078e+04
50297.1731 10.3376 8.4928e+03
50385.1831 13.5030 8.9375e+03
50667.1231 11.4522 7.9716e+03
54545.6733 11.3731 6.9593e+03
56163.4434 13.2550 1.0931e+04
56555.0835 10.2095 5.6531e+03
56587.5735 12.0220 4.3151e+03
56982.4235 16.4433 9.1177e+03
57798.9035 12.8926 4.9977e+03
59093.2236 15.5298 6.5356e+03
59152.1436 18.1186 4.9932e+04
59187.1736 17.3480 2.4429e+04
59229.3836 11.9382 9.3791e+03
59434.2736 10.3995 9.1391e+03
60055.1337 12.0040 3.9707e+03
60713.9637 13.7520 6.3478e+03
62226.1038 19.1606 2.9890e+04
62337.0938 17.2899 1.1204e+04
62367.0438 11.1777 5.2749e+03
62445.5038 19.3205 1.1031e+04
62515.9638 16.6776 5.8888e+03
62554.1238 10.6142 3.5785e+04
62604.4038 15.9749 9.7333e+03
62872.4438 10.5820 1.1556e+04
62900.5838 19.7114 1.6220e+04
62954.2638 12.7482 6.2986e+03
64127.0239 15.5945 1.2469e+04
64163.3939 10.3166 4.2657e+03
64202.3439 10.8270 7.5555e+03
64495.2339 22.4836 2.5274e+04
64547.6239 10.5882 1.5839e+05
64549.2639 13.3980 1.6467e+05
66711.4641 14.2175 8.1608e+03
69896.5343 10.6582 8.2944e+03
71889.2244 19.4964 1.9538e+04
73082.4445 10.0879 3.9770e+03
75089.8546 10.1121 1.2056e+04
75584.2246 12.1767 9.7464e+03
78303.8148 13.1328 1.7413e+04
81952.7850 13.0574 6.3216e+03
84079.8851 10.4160 4.1476e+03
84109.0951 11.9218 5.6138e+03
84630.4052 17.1468 6.5213e+03
85083.1452 14.6699 6.8620e+03
