203.6800124316414 6.436116760818444 11726.946638622037
228.37001393859947 8.161000237144505 8902.311936687924
243.23001484558196 6.749006033697054 5996.910600937038
316.33001930725214 6.652486840013129 16565.20598618245
350.7200214062513 6.411235485108029 7105.577662664829
356.570021763307 6.898342519998519 13363.333453079316
363.81002220520156 6.001619923347856 15305.886390612091
407.9800249011246 6.347660893147289 9029.01491765856
425.2600259558121 6.007917936477155 4455.645383632634
471.2800287646502 7.721117438034274 12042.707027972918
488.85002983703794 6.10580558562854 6155.471008889314
927.2500565948521 6.8370870027782695 6160.113923516588
1044.3900637445108 9.962723096173228 11011.231294088053
1158.340070699467 7.6195769931946495 6847.7593137055555
1504.330091817022 7.264183560462472 4971.62033718292
1555.8400949609434 6.63685020590673 4460.270884617088
1564.6600954992734 7.36512942309035 5057.115720310425
1597.0600974768126 7.246942508744783 21859.56297836009
1710.8701044232241 7.219253875637598 15062.207273326538
1712.7601045385807 7.24504252458049 15062.207273326538
1885.3601150732493 6.227907149643804 4192.5393145413045
1899.0301159075998 6.660949729972242 4532.406607045183
3902.9202382153467 7.1165633687406 4798.12523188466
3977.3202427563624 6.255499285242668 3971.6011795224786
4033.680246196304 6.3782677455614065 5027.881767774899
5303.7103237127885 6.489636358033957 4349.879525968245
5313.8303243304645 6.326201344642291 4866.306003090019
5386.930328792134 6.943325635762189 15114.87818035724
5467.920333735372 6.160603923193777 4510.215480712909
5717.020348939231 6.998174140577828 5249.243868023342
5843.790356676657 6.812055965574166 11552.607982416042
5851.680357158225 6.118253856308732 13440.724710448805
6872.010419434229 6.922164705925292 8833.02090412407
6941.69042368716 6.045787978629235 8425.532463789257
7028.72042899905 7.2295358360096555 9538.835895394244
7043.780429918239 6.450159695714071 8524.608963410423
8276.580505162385 6.645743111059551 9019.680642572774
8297.370506431305 11.519795074499543 471845.947032256
9484.250578872716 6.9637371170176765 8172.81334181196
9495.560579563024 6.243429708881052 6511.653771276261
9523.930581294591 6.396766757991596 9614.943971727274
9949.450607266272 10.525945308903966 162521.5400903488
10470.060639041787 7.083279202391286 17091.238779659965
10578.740645675089 7.17240270400839 13555.927597047074
10643.720649641153 7.336002639043812 18195.1024409452
10658.96065057133 6.905611190433327 13551.009291507587
10662.320650776406 6.632954110166933 45893.873688383384
10672.730651411783 9.464253658465823 63428.80068850997
10684.140652108194 6.112372929929292 61184.34392168084
11299.840689687542 7.055080645235736 36073.30025134272
11305.550690036052 8.471952723830604 37839.34162459146
11309.550690280194 6.08352112083803 52676.784710650456
11311.73069041325 6.2333093125411905 38853.564540076324
11821.640721535688 6.77527998877185 24659.564608087832
12042.270735001875 6.338242379463661 4140.829121707086
12564.380766868944 6.228335205130453 6516.559968808649
15178.030926393489 7.018799688776782 11557.960042333321
16014.970977476256 6.2815505716452 5461.962803251533
16712.291020037293 6.30053842145031 13079.610952004128
17445.791064806584 8.899394940367682 12667.685199464917
17592.071073734805 7.772686621045573 7608.54393485949
18197.571110691595 7.14285433822572 16464.48976694473
19172.92117022224 6.381625616844325 11217.073003862422
19680.451201199416 6.2966716239931335 6435.309955621489
24990.751525314423 7.237084654072136 11706.38484028623
28146.601717932233 8.175543937210712 33056.2315233762
28843.07176044139 7.2493862458295935 26330.031205361378
28852.17176099681 6.8040337598527865 59531.58688716849
29346.70179118053 6.191094705586313 16297.019636746967
29429.071796207994 8.795119687668704 109666.31864735894
29451.771797593494 7.8878991929140305 28831.660439256437
29624.651808145252 8.100498976026037 71520.7467857012
29912.69182572582 7.037987604240109 17162.533733457563
30046.06183386608 6.1488654084416865 18005.422536062913
30076.83183574413 6.354635935477598 16776.51608446339
30171.24184150646 6.184854613765882 57724.021060476785
30190.881842705192 6.618942603682174 14163.208052372273
30218.511844391593 7.142613426271439 43156.81582116655
30378.971854185293 6.752527397557748 27583.403598686484
30488.481860869255 6.151972932889489 14033.082922763851
32083.871958244137 6.218474950894675 17194.248255279672
32131.211961133544 6.149539059824784 28623.95896328017
32224.73196684155 8.122730542815342 38618.89166541451
32783.72200095959 8.78287655139409 36333.18668949338
32807.45200240796 6.668707885834939 32394.658159423187
33361.302036212284 6.427185342566551 17962.742300374353
33382.482037505004 7.898694512241759 30422.510528830495
34022.58207657361 7.4025352359877035 29977.431946672696
34343.1920961421 7.003029070802852 32586.46847214964
34809.952124630865 7.012088892891289 29484.205861609193
34885.29212922926 6.482401347821293 22444.254491852465
36114.292204241465 6.020231602306858 17677.6154408705
38279.62233640273 6.99800025578498 24405.562254951994
39744.35242580276 8.034484818216859 36160.0012567433
39786.222428358305 6.3985325134667885 37909.91649713684
40534.65247403885 8.195162703108677 35746.1831169914
42705.712606549845 6.442612676721033 82998.3588072762
42712.51260696488 7.280852995550355 83003.27307428869
43899.22267939591 9.380639083172147 40631.16323668914
44115.57269260087 6.049051959338973 14388.181253401948
44239.65270017411 6.930868041119821 31800.907528982563
45899.75280149859 7.357642445648449 12902.461074752959
46224.6428213283 8.870833784846095 81804.8222269637
46504.82283842913 6.58500387710957 13122.906389086522
46727.12285199724 6.152075484897236 5967.72048210559
55365.343379232385 7.0260519705638345 7406.619552636173
55492.60338699972 7.010762777333017 6437.883696541675
57842.8535304476 6.902605702993318 6847.698776983131
58571.7235749343 6.695077938504732 4727.735801954772
59436.00362768577 8.476088486440753 9326.528562447653
62871.85383739342 6.395874929954905 4711.710555209334
62957.6138426278 7.107136603813324 8091.24348709359
64837.253957351924 8.170391469254477 3774.744670628782
66783.27407612756 6.623880600740349 4442.92992988153
66978.58408804834 9.316604686077902 11416.346115062848
67244.07410425258 7.206188008647299 6945.422280796036
67277.54410629542 6.268491509261546 20175.274033531892
68360.80417241236 6.033767984006809 5380.042000846494
69464.21423975917 6.242528053740072 2969.3571930667417
69470.38424013575 6.633975048691365 4889.73194904828
71889.12438776394 6.382330719178726 20949.414805091023
71890.67438785854 8.655969165469504 16929.665577323438
73105.5244620071 8.221836282857394 11798.748609318773
74523.5645485574 6.2511067027701905 4620.532614913193
74705.21455964445 7.549994436986867 38500.48523370045
74712.59456009488 6.443426810715313 21411.662732147248
75584.71461332486 6.739495858633819 5799.260334027855
76249.46465389799 7.936371236098045 9618.188930800858
76547.64467209745 7.081891359048204 4675.864805326401
78303.93477929289 7.321217878113971 7874.81613798771
78897.86481554351 6.437581329476901 2758.019298720032
79033.1948238034 6.743165480882201 3333.027487677829
79101.42482796783 8.178414764166446 4428.5146589952155
79464.16485010771 6.061702497114458 3548.8718197222406
82274.25502162201 6.068728227449356 4104.243334382523
83279.2150829599 6.403446480011968 4301.20619330048
83471.2650946817 6.89714782100241 5718.095183978093
83648.66510550934 9.084286780778076 8433.78755877905
83674.77510710298 9.315201297575685 7558.30709132964
83803.04511493196 6.974683688342451 4291.683695248901
83896.26512062165 6.022518482923639 1967.3059479551894
84004.44512722443 6.72131421089278 2467.447641866631
84765.05517364839 6.544499454189921 8839.143750755116
85067.86519213044 6.235329142083638 3376.720573784425
85187.08519940705 6.034425235924981 2832.0083706492733
85281.59520517549 6.262547780212155 3830.6878211645817
85305.99520666475 8.524576598775742 9020.900293702969
85313.36520711458 6.229590145517276 8920.676562792327
85382.6552113437 8.625272135640659 6492.382884711826
85464.60521634553 6.91911819731871 6504.690070320039
85501.74521861238 9.55813283506731 26796.462171473664
85509.21521906831 6.450058909912636 17119.091623116587
85525.58522006746 7.937028233613524 18308.26057920359
85535.03522064423 7.545759684212351 11579.878808872778
85551.87522167207 6.973305469763387 5674.199015987394
85588.72522392121 7.484172728606355 9333.94482095127
85604.22522486726 6.07459231538518 4501.110478617925
85617.55522568086 7.439478494800236 8324.122159125345
85629.66522642 6.33921161148417 9261.882001111002
85643.79522728242 9.086481735964744 6544.305120675363
85730.2352325583 6.9645400591610995 6049.904797049997
85762.90523455232 7.380630671757447 4444.595450157762
85805.7852371695 8.324571286899214 11302.20165471324
85815.98523779206 8.939663264796286 10325.905163456313
85908.83524345918 8.340451555901133 4656.957826857619
86331.42526925202 7.239738658400796 4677.151460887611
