657.1600401098657 6.822419637901783 3918.7513204171
929.9800567614781 6.632669615117538 32272.193131145592
964.0900588433874 6.238287145390237 9997.012381160137
1069.6000652832072 9.953896675887751 10127.846199419486
1086.4200663098186 8.343573216273914 14744.662165958178
1087.5600663793987 6.168728535278225 14744.662165958178
1088.4000664306682 6.600905005172525 14585.749078332754
1107.540067598881 6.160377977347354 9863.763946328816
1127.3200688061565 6.017576611531299 13527.55641524111
1241.9900758050583 7.938951321652783 6341.593574857836
1259.6300768817187 6.265193460172292 11114.516825135925
1500.0700915570123 7.393973050962129 13560.697499199236
1713.3001045715396 6.085543919858208 16305.398441179499
1913.0601167639231 6.856742762443462 7556.121436362288
2373.330144856576 6.634127291684806 31781.000967176496
2783.010169861461 8.150485409601458 13203.276941491898
2919.6201781994737 7.596992599528927 13649.9601025486
2947.810179920055 8.074142788383941 14577.980310185862
2966.1701810406603 7.617633170333462 12953.103904240543
2983.4001820922963 8.475639169797125 13461.076518203867
3610.270220353407 7.008815513265766 15946.001502283474
3714.540226717543 6.511055580655823 15144.580270915278
5999.2103661627425 7.925543054092383 13451.653690811416
7582.610462805815 7.1955534388265825 20012.96016728832
7677.600468603544 6.65244678091299 25016.571243074162
7688.58046927371 6.322580664106904 16717.062052120506
7763.290473833647 9.326189671459458 17769.04440866545
7908.570482700835 6.530798269576369 10552.566155997214
7998.950488217193 8.575915651673073 34753.598292924835
8097.060494205352 8.368047229655378 32640.088153730594
8318.420507716095 6.588920468259344 9770.688878749612
8380.050511477692 7.504515523748241 14352.92837741562
9665.410589929845 7.973952835085933 30032.713317526344
9678.800590747107 7.236162862662641 14483.928500793787
9826.180599742469 7.900476643794922 13010.997183769516
10468.240638930703 7.6671151229546295 26008.463843359234
10867.76066331547 6.205432756957318 5422.231801849966
10988.870670707438 6.419888441531882 27220.330401212734
11024.250672866863 6.134862325431615 13036.554764900515
11025.270672929119 8.129192691005075 12964.660509092859
11036.770673631023 7.122335629111951 8498.802904659147
11580.650706826826 8.94044748262138 13593.51510122431
11947.150729196212 7.117666398683172 12934.136709220365
13303.310811969654 7.398284304530952 11914.804884549945
13476.460822537892 6.898669200745752 13409.574348583421
14070.320858784233 6.934111321636289 7800.107515879772
14155.420863978325 8.104589045795883 16778.495047569268
14200.19086671087 8.25541304337337 12524.31115448642
14207.270867142997 6.081269231994696 9886.10570200115
14221.600868017631 6.250940072916144 9291.800188486728
14351.930875972343 6.290818392931496 7759.156003001434
14408.820879444635 9.055879642806945 15692.945428012334
14413.580879735162 7.555876824978715 35065.712938270786
14415.050879824883 7.500714091080282 30409.513980825002
14421.610880225273 7.0282333679122 62368.63057734561
14520.920886286674 6.5044341259911524 11697.180849766717
14549.980888060358 6.55372875137742 18262.342411595433
14550.750888107354 6.56569776272643 11961.790419186682
14572.750889450128 6.6203974347366215 8177.974296636516
14589.660890482231 6.735449900991015 10461.017614199744
14879.780908189752 6.51209675246566 5974.080774751712
15007.390915978449 6.118134483130636 6026.382021282809
15042.770918137874 9.614937725693247 19308.58154136768
15579.63095090521 8.807046692755739 12372.985449394433
15652.100955328428 6.126418396962435 13626.706717205427
15814.810965259458 7.946799153708189 18698.710510440244
15908.810970996763 6.65313668564952 12352.907728250371
16001.930976680358 6.298639695937623 14270.6989859849
16788.511024689393 6.172935108100199 6534.77873783502
17090.54104312384 7.142205068126341 80794.50909348096
17237.551052096624 6.5509877368135765 14009.551033657537
17262.871053642033 6.0110786207033 17032.35221952258
17281.01105474921 10.545210799675313 22432.3889430393
17354.65105924384 9.003858600946689 12394.469804788816
17359.931059566105 9.575069839671489 23837.212200477607
18301.321117023996 7.101239267314887 5784.633728254541
18330.25111878974 7.170893086260283 6577.657998293658
18353.091120183784 6.8718743944199066 15572.7700166949
18530.761131027903 10.536558450786572 18696.797755622927
18538.221131483224 8.1265180218101 14504.708198136785
18731.74114329475 6.443764144963908 9559.31550774824
19087.33116499824 7.387431544807508 14667.402385548436
19134.851167898632 7.549234368486914 8532.579898061402
19142.911168390576 7.702610522725274 16441.142899300892
19151.481168913644 8.032686691312708 13294.868006037284
19174.731170332714 6.642330804909644 5648.241443508768
19191.67117136665 6.698396761914145 8258.886910189198
19201.02117193733 6.407209336648613 24617.540745501203
22606.741379805993 8.789047705942691 6842.309383244519
23012.301404559414 6.784421544400885 9563.113201303291
23265.59142001901 7.497882955621814 6641.439590182613
23344.881424858486 6.12698188762582 2810.556706053363
23355.25142549142 6.022007685306006 3794.681262395935
23378.04142688241 9.397546984256941 8615.003143063193
24662.891505303436 6.572100014974603 6401.306196196019
25457.00155377207 6.168458228445784 11282.466052411566
25489.911555780734 6.673755948421203 20210.202659647217
26081.051591861058 6.615590978403716 6450.550833720124
28663.28174946788 10.765957360331816 66941.69320938727
29097.821775990098 6.359839123724772 9164.211214490018
29161.181779857285 6.3470905072505985 10061.776729418712
29281.111787177233 6.245417348912148 10132.48792769592
29297.84178819835 9.122823825027442 23909.015603384894
29427.351796103016 9.763540498515537 128573.85428326194
29512.911801325183 6.502845820221071 15434.427632936544
29548.031803468737 7.600662363875402 14363.735399390891
29571.841804921984 7.73495171149577 21845.582854759534
29622.951808041493 6.675498274793143 81453.23153867527
29625.331808186755 6.061141971001042 78915.37246280775
30690.721873213006 6.064155097371681 5901.488187371833
30803.4518800935 6.308628308841406 70171.86962165337
35246.0521512483 6.951613541782556 6860.162991263043
36274.53221402174 6.748981537223597 5667.243206800173
36282.892214531996 7.554297730255252 4640.0595443897855
36366.2622196205 9.953932539009834 18553.367109948293
36394.19222132521 7.0084815448329545 68496.48580504367
36438.852224051036 7.413392818994409 48645.12603069707
36454.04222497816 6.763435960799106 52392.675138059414
36487.142226998425 6.199542170123068 37985.14254235309
36500.992227843766 6.594006471578987 59063.95065995181
36540.022230225964 7.391974380692942 5868.0631103633605
36586.58223306776 7.698824378731536 10251.108883607287
36591.33223335768 6.62161164264943 11529.276065370985
36611.30223457655 7.071196645003226 14581.923184428053
36631.81223582838 9.582715184785679 23165.69124600791
36660.632237587415 7.462154964084811 8714.835952883097
36673.592238378435 9.667874055117654 37008.50009992591
36682.92223894789 7.007727288246859 57896.84260751563
36776.022244630265 6.531810948142103 6207.236864991989
37559.34229244033 6.517535274221999 7186.521488302046
37744.23230372512 8.722915954093898 20295.94994101814
37760.40230471206 6.063523466377988 11299.257119709868
37830.752309005875 7.354673074749329 12945.72328794297
37842.37230971511 8.25900997691514 29876.443826945633
38019.20232050795 6.60604844750872 9743.767076376207
38023.93232079665 7.397736189015985 11181.811186092506
38278.252336319114 6.773756683869758 10982.873791986967
40113.59244833938 6.260325516483792 11496.620746453382
40224.75245512405 6.470183281077873 10879.823059503196
40336.8624619667 7.087076040900464 14664.429734127778
40344.512462433624 6.479793580611691 13245.442336165199
42697.35260603959 7.971500007070178 12492.855525410385
42717.83260728959 7.873540197782201 45941.526797744555
43711.6026679445 6.071476990598589 3289296.651381649
45413.21277180254 6.040661903251761 7951.981836344314
46728.02285205218 12.693412445327326 407881.29163389065
46907.282862993336 9.223783403015965 21345.130066009715
46920.32286378924 7.316616702550727 22132.797910400677
46922.16286390154 7.252373540747292 21030.75028527645
47297.102886786066 6.092695918530448 6924.338647433651
50416.8530772005 7.338533458638401 17898.398622395223
50419.143077340275 6.226488362720898 17898.398622395223
52620.17321168049 6.284959971687603 9226.45438646579
54690.4833380422 7.666834879218356 7355.930662905912
55370.213379529625 6.5430136451860665 10550.892816263198
56023.133419380705 6.35361380961296 6105.959166756313
57855.25353120444 6.0832346834630595 6152.328605827177
58560.92357427512 8.281195593668555 3452.8440918894507
58572.58357498679 6.646292889844978 5199.5982805394615
58901.40359505637 6.141056559606654 5059.912303287717
58940.77359745932 7.210537046015811 4120.354471743966
59436.35362770713 6.219167518770098 7000.836201934776
59512.34363234519 9.006140125292287 46288.005271176175
60001.39366219444 6.378320689455279 4899.480412151908
60039.423664515605 6.996802085824267 2991.3380237352694
60140.65367069419 8.365436251746416 6843.927406066469
60536.53369485679 6.622729585140472 5288.014368761979
60919.243718215555 6.774879498908973 9629.367764986657
61050.93372625328 9.662637955487298 47644.08897690157
62055.37378755944 6.14027850762734 10398.40440843563
64548.11393970422 7.575269896603159 123586.1683377094
66076.88403301295 6.378428038879917 9603.069467528185
67169.75409971643 7.299274285982885 2526.190542190328
68138.23415882776 6.259834428644907 3439.112341399282
68999.32421138453 6.114981228976552 11950.858578495376
69068.42421560206 8.036993379845011 8948.514290035355
69194.16422327663 6.528996873747469 9721.33389047223
69895.59426608852 6.362107742999651 6821.745576465291
70699.54431515773 6.807977503321296 5616.730659668105
71160.414343287 6.654524210172427 14325.881419173249
71890.93438787441 6.276279962871567 6967.362021803947
72376.0644174844 9.35970280167909 10465.003573244703
73411.53448068448 11.490609735428867 40273.21946262227
73639.25449458341 6.305076701798964 5192.6787705777
73787.49450363126 6.106637018693613 7826.925340460658
75545.05461090422 6.762938564145024 6084.0526472171205
75558.9546117526 10.032810093735495 6700.133366129262
75585.1446133511 7.166445545404019 8404.056413221157
75676.55461893034 6.832123284918513 4884.035294962812
76247.66465378813 8.507282769590798 13833.873461564175
78758.9348070639 6.297382051960511 9902.076133069626
78826.17481116789 6.333334077696324 10982.001699133352
82093.07501056365 7.2198015009812355 3658.6096595965037
82119.32501216583 6.086954254434834 7529.100402222993
82157.14501447418 6.519762249603106 4356.830035079574
82274.46502163482 6.825256682395256 10282.756213782075
82475.56503390899 6.132170263355278 8530.851338277556
82487.3550346286 11.599269486042818 29181.16001260509
82793.79505333221 8.475719694071197 4809.553449373956
82858.74505729644 8.448127889062857 12774.38733586425
82907.30506026032 7.248212968657647 23511.968326670016
82908.72506034699 10.859688783342254 32928.21167083966
82909.80506041291 7.963660884332843 25721.32856194121
83008.88506646027 8.387624948701172 4439.145478041803
83021.2750672165 7.5250989898131095 4573.36850760297
83083.9650710428 7.11401672816521 13358.676558180576
83113.91507287079 11.869412561281717 26053.9468713643
83189.1750774643 6.32530796573248 4016.869057995244
83195.69507786224 10.941663411522466 12800.356026944488
83208.05507861664 9.905811365727747 6627.826884623018
83479.32509517366 7.8123608003301195 18483.281853416393
83492.7050959903 6.980079722336808 8563.776449765477
83507.18509687409 7.067853302447478 5306.75990830655
83523.19509785126 7.110665797274 5655.731480532346
83532.81509843843 7.289447420583794 23908.606509999376
83549.05509942964 8.411811522095554 26904.73674904906
83700.76510868927 6.7564116711582445 6446.092333036148
83728.6051103885 9.221950976289842 7721.336444784624
83737.42511092682 7.842285749350609 11100.692237592008
83784.16511377961 7.879284236780492 14533.625541050502
83791.0151141977 6.946061099471466 9483.447831380086
83862.65511857026 6.082984174060876 7364.482284014068
83883.86511986481 6.96563986581038 20530.06445501931
84089.43513241182 6.308814764804884 5294.981561004043
84552.0551606479 7.43265927267071 14938.640082035769
84836.24517799348 10.744146821016296 20506.417353589422
84988.23518727021 6.198927182118517 3313.141079487295
84991.11518744599 6.428374799444976 8606.655924674258
85054.66519132478 9.282547375565972 6492.645817342799
85077.1851926993 9.348655686275043 13925.68798421977
85381.27521125948 6.482547886762087 8968.98901545048
85540.61522098482 9.35616595472185 9414.598883308901
85570.26522279451 6.5830926141144355 5434.133001265692
85589.3852239615 8.77759488679072 8991.36457960538
85600.13522461762 6.718936570128448 9006.183972880743
85604.98522491365 6.224244569675378 9585.539552989092
85612.92522539827 8.49245112423446 10509.43595949369
85622.31522597138 6.5062691695337485 20708.207178402943
85629.14522638825 7.985053914747559 12334.630745840685
85636.8152268564 8.64109891307726 14804.56884245087
85650.18522767244 6.653290025119313 12728.085167961604
85700.81523076264 7.0091575938164405 13946.447544819495
85714.9652316263 6.884321986401176 4905.658328245401
85739.35523311494 6.265884576825046 8602.754994486924
85754.88523406282 6.864237520725443 7382.9476664563845
86048.76525199984 11.666959976352704 38698.13885290292
86053.8452523099 6.703946915293858 43443.255641438365
86058.90525261873 6.0392165403625535 48434.28714409132
86080.77525395357 7.818578153471981 42044.098363594225
86093.5652547342 7.489372199485437 29375.533708989737
86102.76525529573 6.660911507222799 43532.24992675845
86155.02525848543 6.686960438231278 25497.100667461735
86282.6152662729 7.916955242695383 5972.112979416564
86288.76526664828 6.796524365261002 7456.7085753752035
