1710.6701 13.5641 1.5225e+04
2981.7202 12.3606 1.0044e+04
3065.6402 10.5740 4.4218e+04
3949.2602 10.5933 5.4374e+04
3995.3702 10.4243 2.6127e+04
4004.4702 17.8375 6.0102e+04
4058.5802 10.3027 2.7292e+04
4155.6503 11.5200 1.4556e+05
4167.6203 12.9140 1.5269e+05
4168.6403 17.9208 1.5592e+05
4185.2803 16.6454 7.5119e+04
4215.4303 18.7427 1.8942e+05
4390.9603 10.7143 1.5345e+04
4551.1503 12.4771 2.0808e+04
4618.4303 11.0558 2.4738e+04
4703.6703 10.6946 1.4155e+04
4714.6503 11.3643 1.5770e+04
4719.2303 11.1895 2.6835e+04
4727.9303 12.0741 1.4127e+04
4751.7103 12.4418 1.1849e+04
4827.1003 10.9913 3.2583e+04
4849.2103 14.4613 3.2860e+04
4853.1003 11.4255 3.2289e+04
4875.3803 11.7254 4.1753e+04
4881.6503 11.3576 5.2805e+04
4897.9203 13.6937 6.2140e+04
5044.5803 13.2977 6.0683e+04
5106.6003 10.1425 6.8971e+04
5179.6103 10.6286 2.7581e+04
5224.4903 10.0336 5.1189e+04
5352.5303 14.0047 5.4644e+04
5363.5803 11.1209 5.8865e+04
5369.1003 17.1935 4.8021e+04
5379.5803 18.6185 7.7127e+04
5400.8903 12.9254 6.8124e+04
5430.2503 13.7488 4.6470e+04
5432.3003 13.4506 2.5910e+04
5442.3303 12.0695 2.8321e+04
5456.7603 11.9161 3.0381e+04
5467.7903 10.9156 3.3517e+04
5488.5903 13.2328 6.1896e+04
5507.2003 12.2661 5.6791e+04
5508.0103 18.2215 4.1578e+04
5523.7403 13.9505 1.8416e+04
5530.2303 16.5865 2.2712e+04
5536.9103 12.7114 3.4678e+04
5557.8303 19.7540 5.3482e+04
5577.6703 15.9053 3.6339e+04
5583.8103 14.9698 2.7603e+04
5608.8803 12.8507 2.9081e+04
5622.4603 17.7757 2.6936e+04
5640.5103 16.8754 2.8090e+04
5723.8103 11.4498 3.5904e+04
5759.6804 14.7141 1.9142e+04
5785.9604 12.7846 2.6087e+04
5796.3404 15.7425 4.0198e+04
5819.6304 11.1400 3.6098e+04
5825.9504 11.4096 3.3298e+04
5829.8204 16.2235 1.6342e+05
5830.2204 19.0593 1.6342e+05
5840.0404 22.3481 1.7433e+05
5845.2704 11.9795 1.4698e+05
5868.4004 12.9165 3.9475e+04
5879.2304 15.4413 4.9838e+04
5881.5304 11.2947 4.7221e+04
5974.7004 18.0838 6.2840e+04
5994.1604 13.3817 3.9124e+04
6003.2204 10.5198 1.8695e+04
6015.1204 12.1861 2.9815e+04
6076.3504 19.0803 7.8624e+04
6080.1304 14.8872 5.2849e+04
6175.7104 14.1792 1.2584e+05
6212.1204 11.3754 4.5824e+04
6232.5904 11.6612 5.1593e+04
6359.6704 14.4890 9.6013e+04
6395.3804 13.1959 3.3556e+04
6415.8204 10.6474 3.7691e+04
6454.8804 10.5244 1.6413e+04
6499.3004 11.4510 3.5982e+04
6594.8404 11.9750 2.2775e+04
6601.6604 14.3580 6.6709e+04
6627.4404 11.5318 5.5984e+04
6630.9504 10.7098 5.1745e+04
6747.8804 14.9103 2.6398e+04
6828.5704 14.3063 4.3876e+04
6831.4704 10.8823 3.1784e+04
6858.9204 13.7502 2.5309e+04
6872.5704 10.7665 3.4814e+04
6885.6904 10.5983 2.5898e+04
6943.3704 11.6168 1.7632e+04
7005.5104 17.0226 2.4882e+04
7032.7204 12.8703 1.0962e+04
7049.7904 18.1872 1.0877e+05
7052.4604 12.3915 1.0877e+05
7053.8404 13.2171 1.0536e+05
7063.2304 10.9920 3.7006e+04
7122.6504 10.1546 2.7686e+04
7130.3004 13.8328 4.2607e+04
7148.9904 13.0966 6.5637e+04
7151.5604 12.7334 6.9017e+04
7158.1904 13.7126 5.3317e+04
7163.8704 15.5798 6.2904e+04
7178.2604 13.0966 3.8760e+04
7184.0704 17.8533 7.3235e+04
7200.7504 13.1007 4.5523e+04
7229.1104 15.2154 3.8042e+04
7246.7104 18.6161 6.5806e+04
7250.3904 10.2174 4.5343e+04
7301.1404 11.6147 1.7365e+04
7349.4204 12.3561 6.0760e+04
7415.0005 17.7091 2.8354e+05
7417.3405 21.6232 2.2696e+05
7704.1105 23.1125 3.3374e+05
8000.6505 14.7253 8.6216e+04
8001.3605 13.8137 6.9620e+04
8031.2905 12.5727 5.1818e+04
8035.5105 11.3490 5.5905e+04
8048.7205 11.3334 3.7697e+04
8170.9405 11.7677 4.7491e+04
8283.2605 12.9290 2.8236e+04
8873.3205 10.9605 2.3289e+04
8878.7605 10.7148 4.0117e+04
8884.6505 13.7534 3.1479e+04
8931.0605 10.2965 3.0382e+04
10071.1306 11.5582 4.8496e+05
13648.8808 10.6359 3.7235e+04
13650.1108 11.5455 3.6295e+04
13852.1908 10.6088 2.5238e+04
18270.4711 14.8243 3.1843e+04
18928.5912 12.7995 1.4188e+04
19199.1512 25.6236 1.3464e+06
19490.1412 12.9961 3.3971e+04
20173.7912 10.5469 3.0566e+04
20315.9812 11.6199 1.6572e+05
20322.1912 10.7922 1.6908e+06
20325.0312 23.7547 1.3652e+06
20350.0912 11.0778 7.8044e+04
20365.5612 12.9253 7.0202e+05
20365.9912 18.8667 6.1356e+05
20384.8812 12.4603 1.9093e+05
20386.4412 13.6223 1.9941e+05
20387.9612 15.5502 1.9941e+05
20415.3912 10.8104 6.8639e+04
20421.2212 10.9114 5.4602e+04
21241.5613 11.0538 1.9392e+04
21356.6213 10.8804 3.6029e+04
22839.2714 11.5294 5.6486e+04
23634.4114 10.5137 6.4027e+04
24268.9015 12.0353 3.7022e+04
24279.9515 11.2249 2.8663e+04
24294.0615 10.1039 2.4353e+04
24356.4215 10.7462 1.4024e+04
24409.3915 11.9609 1.9751e+04
24417.3715 11.5962 2.2685e+04
24516.9715 11.8518 2.3605e+04
24762.4615 10.0278 1.6266e+04
24800.7915 14.5090 2.1905e+04
25209.0815 11.9604 2.4206e+04
25355.8815 17.3115 6.2667e+04
25528.4316 12.6731 4.4847e+04
26223.3016 16.1535 2.5187e+04
26311.7116 10.0577 2.3750e+04
