839.5700512432893 7.29291390167146 36958.49659583551
971.7200593090856 7.947671981842015 124061.98198281342
1405.2400857690482 6.174081841956791 47469.837789717756
3530.5402154870735 6.248905066622228 43978.269188933606
9013.420550135532 7.89275460012072 151037.18304019098
10168.3806206287 7.460181749185465 244923.2130866675
10470.280639055214 7.094203106155671 46934.16263660703
15061.860919303035 6.38174876368001 37391.116318468456
16011.250977249205 6.314101043033111 28452.6570915343
18737.991143676216 6.517723233978893 44785.565754996685
22212.961355771567 7.417503713540312 392425.54104048415
22245.42135775277 7.50351721464917 40117.337065289066
23124.86141142953 6.797602632927268 31774.90006055949
23143.69141257882 7.482056950230423 57396.970885133334
23434.741430343103 6.009864541199149 35766.78273670983
23671.471444791958 8.956969405108062 53724.2153337784
23681.76144542001 6.377707385220429 46265.270463241606
26301.18160529673 10.677458807060376 1354852.3208277393
26365.371609214577 7.8532198149518955 424516.8847453443
26385.581610448095 6.043675675161187 180004.2430622632
26387.191610546364 6.112969269139214 464105.7007107361
26391.541610811866 8.255414396928487 1055048.2522610722
26409.771611924538 7.046695635803843 552345.2876878614
26637.921625849707 8.880726405121353 141876.10394996012
26654.871626884255 6.127128512692474 103103.1956639408
29429.121796211046 8.812381069224209 450096.7257784183
29624.491808135488 8.469833667489295 272702.9223670619
30805.121880195427 6.751440157091564 226652.8010150045
30806.31188026806 6.197884065924438 226652.8010150045
32407.981978026244 7.085893085414643 53606.34202255815
33579.562049533815 6.07135689956946 524240.90883823147
38279.73233640944 6.25146569126277 67635.21633355858
38537.532352144306 6.994451909834168 100673.4146938484
39848.5224321608 7.156673119687722 107585.2976892065
40553.892475213164 8.493780489066747 71271.65427222174
40664.23248194778 6.016230098630641 27846.513627056855
40801.92249035172 6.237135154116974 76883.52763933272
41888.25255665604 7.711267670609543 51048.93177516559
42224.96257720719 7.570133607259704 59990.43028984971
42717.7526072847 6.146170250664847 158387.727833096
43150.572633701944 6.640505265430603 35040.69219080918
44061.14268927873 6.349728924192083 55754.02735759774
44701.12272834001 6.312517458442903 45745.749832683374
49928.56304739765 6.509592671343617 21628.956743189592
50418.55307730426 7.106684365239502 56786.98598274737
50884.48310574238 6.3157604216866305 7577173.257609811
52434.61320035481 6.309178241291364 32563.7287775903
54051.99329907186 6.320426595675189 1704180.063463084
54919.56335202413 6.210919648236282 31534.85998555096
55371.74337962301 6.170703000635534 37747.497668790485
55492.70338700582 6.5743828618952485 26414.25777032337
55578.77339225912 7.927789035815732 16846.11336356133
55611.23339424032 7.6053919147344935 15729.049339221
56246.473433012296 7.0849637168265405 16540.088913881493
56349.953439328216 6.681635978001293 20378.728553608067
56729.19346247519 7.258834331893866 24508.45233025084
57569.69351377524 6.335107960712711 20792.452068059094
57660.98351934714 7.0387503744269635 36015.01275083489
57682.18352064108 6.290460984127443 22966.602859635925
57822.20352918723 7.589915816406782 33102.25360060676
57889.843533315645 8.228030733815192 69463.44883592761
58042.053542605805 6.695022349409108 24420.82744959627
58304.04355859641 7.108101299375659 39051.67031894579
58976.26359962546 6.818070533454715 22003.071545122883
59436.29362770347 6.529348955255842 17119.662625804533
60103.03366839805 7.978674906556755 14562.561014355633
60123.653669656596 6.498143799055576 20918.734913521577
60360.623684120095 6.328081823894093 20568.46894923899
60663.14370258446 6.92573387005003 22613.651062709927
60888.8537163607 6.223662378442433 10631.981625584867
60983.46372213524 6.255837897485042 12748.267339554377
61150.34373232078 8.287288762194379 28326.9733808799
61393.733747176135 7.507877400169176 15428.579038041335
61402.60374771751 6.569577272843147 15395.228778360255
61817.12377301781 6.5870924931446915 22350.57632817753
61859.3337755941 6.374064409377942 35637.747695081845
62016.77378520348 6.263708031449448 17169.893280086613
62832.103834967274 8.708499311964719 35388.96838982445
62871.843837392815 7.011632416859398 20036.653373432502
63080.11385010461 6.6785598186462085 12306.161464021081
63162.94385516015 6.785342866172404 16801.32824267471
63901.65390024743 7.292661444324955 16085.514868915701
63905.973900511104 6.113926225684145 13954.807717938387
63922.51390152062 8.577220385138473 17597.694810402594
64084.79391142541 6.6786691485351675 11950.496162585327
64503.66393699121 9.149589394064936 14895.928837409261
64510.463937406246 6.228085927645836 10144.326357547176
64515.99393774377 7.6910670631767015 13159.634916917401
64543.973939451535 6.0728094832806665 8182.3756060809
64683.043947939695 9.76942737814515 31134.371201966012
64931.21396308679 6.550010247858475 25526.4451773348
65089.78397276514 7.118234646730517 14464.92602350608
65092.54397293359 6.054037124768007 39032.0839081078
65136.84397563745 7.165634152288364 17776.145671817638
65267.323983601316 9.182169450866718 15820.590887244984
65586.43400307825 8.902752649605395 37477.72310772467
65643.66400657129 7.448392545993708 15860.7183829897
65822.82401750635 7.305973658948512 22455.612355194364
65844.26401881494 8.688440084844194 27973.7697411876
65998.70402824122 9.50541253333477 35367.18088118899
66037.00403057886 6.670399176128331 10999.93809604508
66130.31403627405 8.715151320759892 26527.16316544605
66140.14403687403 9.057952842441033 32892.55142755114
66266.60404459253 6.682522742170671 21195.704248098773
66345.73404942224 6.902102316237047 17017.06755902888
66486.60405802027 8.767616266031323 50568.92257025513
66539.88406127223 7.605868559939988 13436.578279191928
66647.26406782618 7.167645130747772 33040.009813131284
67204.38410183009 7.384575464186599 16777.441452610583
67237.93410387781 8.066682120538792 25690.903130994506
67426.65411539636 7.169138509210461 17726.239549184775
69100.5442175625 7.161230468234646 31810.33975315922
69306.38423012599 6.004699401979624 24943.83093911985
69903.95426659877 7.200172722060832 14488.964157613245
70972.93433184414 6.228978067083641 14974.321572671226
71018.69433463711 6.758173801383222 11094.749340218392
71133.37434163662 6.623773049504727 16120.642134804055
71690.02437561184 8.228890050310948 41528.369580966835
71890.8143878671 7.413486840855141 35462.008416044075
73143.57446432949 8.33482206575106 24242.281251308563
74023.06451800931 7.081760261656411 21204.257199789106
74146.99452557339 7.698900431966404 27119.143966113526
74614.53455410978 6.564265230224996 14840.535375858177
75400.44460207791 7.194466443763769 17602.136984410896
76249.70465391263 7.563240199457979 26439.638703912617
76378.87466179655 6.953258567642713 12569.359299047206
76600.90467534818 6.567486772389824 9257.11020319993
77050.46470278715 6.159569897708481 6723.219720807634
77646.13473914396 6.263506067315674 11688.435534291639
77669.60474057645 6.141781957802784 16383.3610975373
77758.4247459976 6.168011402945966 18449.826956945468
77965.21475861907 7.235083511431489 18943.27107324258
78304.10477930326 6.17337672712992 31646.03583830625
79113.44482870147 7.07982573463292 14951.130927170763
79546.41485512786 7.103752394172292 15139.369645089613
80296.15490088836 7.202871271370095 13835.474677053033
80708.75492607147 7.481507743164271 50163.38918524549
80812.18493238433 8.57810863653017 18410.305112093214
81106.01495031829 6.675290008570734 14496.271265034879
81319.40496334259 7.303847337456526 15331.209543098616
83279.29508296479 6.222697339296649 12324.555768626236
83536.53509866547 6.426919078682476 11191.993890849308
84491.78515696932 6.356688464962564 51501.29510056908
84519.6951586728 7.810868717673373 101051.82270283828
84721.16517096956 7.645589223397445 40764.06703546147
