116.8500 12.2165 2.3804e+04
272.5100 11.9574 2.3594e+04
290.4000 14.2329 2.4255e+04
306.3900 12.1428 2.6800e+04
344.3400 12.9684 6.8687e+04
360.5700 10.6623 6.8726e+04
395.3500 10.5784 4.7491e+04
398.3900 11.9608 3.6773e+04
407.0900 11.4345 3.4611e+04
422.5800 19.8436 7.8422e+04
455.8300 11.6686 6.9198e+04
497.2700 11.4321 7.2792e+04
511.6600 13.0165 5.3937e+04
539.2000 10.7007 3.4321e+04
867.1701 17.0506 3.7688e+04
1219.9601 20.2398 1.7688e+04
1307.4701 10.8221 1.1979e+04
1493.9201 11.9541 4.0977e+04
1568.8101 13.1885 2.1894e+04
1711.1201 10.2950 4.5722e+04
1730.4801 12.2247 5.4228e+03
1742.7201 11.1070 5.2587e+03
1755.2701 12.3152 7.6952e+03
1848.9001 12.8731 7.2040e+03
1977.2601 10.7095 6.8216e+03
2069.3701 14.7455 1.2220e+04
2610.5002 19.1744 4.1967e+04
2636.9702 17.1182 3.1490e+04
2670.6802 11.3844 1.3478e+04
2680.1202 17.4009 2.7048e+04
2688.4402 11.5992 1.2287e+04
2980.4002 12.2418 6.8835e+04
2982.1102 10.2586 6.8835e+04
3138.9802 11.4913 1.6190e+04
3140.1202 14.1147 1.4757e+04
3482.6902 21.1889 1.8947e+05
3491.7302 10.9079 1.0605e+05
3496.2402 16.9981 1.8683e+05
3511.5902 15.0730 1.2730e+05
3544.8502 10.9368 1.0119e+05
3578.3502 12.1942 4.2099e+04
3584.4402 12.1948 1.1511e+05
3596.7302 10.8943 7.6095e+04
3607.3402 15.8566 2.9213e+05
3613.4002 10.2451 1.0263e+06
3613.6502 19.3552 1.0263e+06
3622.3702 14.1055 1.9655e+06
3643.9702 14.1619 1.4614e+06
3688.6902 13.6140 7.1795e+04
3702.1002 15.3854 7.7157e+04
3733.2402 10.8088 4.2169e+04
3750.2702 14.6679 5.3899e+04
3777.7102 11.4457 1.7451e+04
3885.9502 10.8370 1.9116e+04
3990.5802 10.8585 1.1749e+04
4053.4202 11.3451 1.2139e+04
4113.5103 14.1754 3.0006e+04
4116.7903 10.7642 3.7546e+04
4119.8403 10.7862 3.5831e+04
4467.2103 23.6733 5.9309e+04
4476.9003 12.3070 4.9899e+04
4523.7403 12.4529 1.5806e+04
4548.3703 11.4250 2.5785e+04
4608.1203 11.1260 1.3624e+04
4648.0503 12.1263 3.7803e+04
4683.4703 10.7196 4.0634e+04
4724.8903 15.0374 4.3237e+04
4759.3103 13.4989 2.1167e+04
4846.9903 15.7126 5.2203e+04
4848.4703 11.0148 4.9302e+04
4858.3603 10.1145 3.9046e+04
4869.2703 13.5939 3.8506e+04
4890.8603 17.7400 4.3970e+04
4931.4203 16.4555 5.0835e+04
4955.3603 10.2239 2.2889e+04
4976.9303 16.7434 6.1725e+04
5135.6803 23.9599 8.3640e+04
5140.0303 13.6904 8.2027e+04
5143.5503 13.8532 6.1309e+04
5153.2903 17.8292 8.4851e+04
5169.8503 19.3506 1.4132e+05
5188.1903 10.7352 1.1374e+05
5191.8803 11.1982 9.4696e+04
5206.3303 12.1278 8.1339e+04
5222.4303 20.3467 5.5932e+04
5229.9603 13.4607 3.5767e+04
5239.2903 11.4498 4.5913e+04
5244.5003 11.6276 3.0405e+04
5252.9303 18.4961 6.9416e+04
5259.2503 12.4721 1.0399e+05
5267.7803 14.7671 5.2088e+04
5270.7703 14.3686 4.9135e+04
5288.9803 10.8579 6.1184e+04
5297.4703 11.1781 7.1017e+04
5302.5203 16.3902 7.8262e+04
5314.3403 21.2994 7.6887e+04
5320.0203 11.2355 9.3498e+04
5330.0203 11.4653 6.1146e+04
5335.6603 16.6321 9.9907e+04
5337.7403 13.2879 5.4997e+04
5348.2103 11.8299 2.8785e+04
5361.9503 10.5910 8.4227e+04
5363.1303 17.0066 8.7311e+04
5405.9003 12.7005 2.8435e+04
5412.7303 18.5401 6.0247e+04
5418.3603 15.3804 7.7667e+04
5448.5603 12.3014 6.0739e+04
5468.6803 12.0160 1.0329e+05
5476.2403 11.5322 5.6710e+04
5507.9203 13.7076 3.2050e+04
5559.4303 14.4808 3.9321e+04
5584.9703 10.8427 2.3301e+04
5605.6603 13.8768 2.3265e+04
5625.4903 16.8309 2.2047e+04
5642.7903 10.8289 1.3667e+04
5752.5504 10.2645 1.7725e+04
5893.2604 10.8455 7.6122e+04
5988.9704 11.3840 2.2153e+04
6096.1704 11.4859 3.5277e+04
6227.8504 24.5369 9.5069e+04
6249.0204 22.2589 1.3668e+05
6263.8804 11.2317 6.5051e+04
6364.9904 12.7361 3.2330e+04
6636.7804 11.7821 2.1009e+04
6747.0404 16.8593 3.9509e+04
6752.1004 10.1572 5.8887e+04
6760.1704 17.8646 1.3301e+05
6761.7404 14.6121 1.3063e+05
6801.3004 18.3032 3.2937e+04
6806.9304 13.7188 4.0720e+04
6890.0904 10.1017 4.7926e+04
7343.8704 14.0806 1.8239e+04
7438.4105 10.5127 5.0975e+04
7442.8205 10.9971 4.8584e+04
7462.2405 10.2220 3.3527e+04
7551.1905 13.5811 3.1476e+04
7615.0405 17.4605 1.7289e+04
7622.6305 11.1841 3.7448e+04
7623.4605 18.0733 3.7448e+04
7633.9105 12.2219 4.1185e+04
7638.9405 14.5113 3.8547e+04
7919.0405 11.6917 1.0952e+04
8279.5405 12.3404 3.8806e+04
8287.9605 15.2778 3.8872e+04
8290.7005 10.2993 3.4317e+04
8297.1005 10.8232 9.0133e+04
8299.5705 15.1576 9.0133e+04
8542.7505 17.2069 3.3473e+04
8583.3805 11.3406 2.2344e+04
8603.1305 13.7740 2.1962e+04
8633.7205 10.8995 3.9754e+04
8644.9305 10.4850 3.5722e+04
8800.0705 16.0515 3.7008e+04
9092.8806 16.2502 4.5409e+04
9095.5606 13.6012 4.5409e+04
9120.9006 16.8036 3.0101e+04
9126.8506 14.4462 6.3053e+04
9149.6106 17.0789 1.0944e+05
9159.0306 15.0983 6.8018e+04
9167.9306 15.7059 6.0365e+04
9173.2606 13.7155 6.9076e+04
9177.1406 14.4150 7.5096e+04
9179.8906 10.4238 5.9868e+04
9225.1406 13.9323 3.8945e+04
9228.8506 12.3847 2.5438e+04
9243.8506 13.5887 2.0362e+04
9249.3806 11.2718 2.4165e+04
9296.6006 15.3305 5.3434e+04
9332.6006 11.4537 3.7505e+04
9623.9006 12.9074 4.1909e+04
10083.6206 13.0524 1.0472e+04
10234.6706 12.2071 2.2296e+04
10468.0506 14.6418 5.1582e+04
10501.2506 10.0427 2.3872e+04
10599.6706 15.2027 6.9123e+04
10707.3007 13.0701 3.1456e+04
10923.2507 13.8173 3.0660e+04
11019.1707 10.4348 1.7228e+04
11057.9407 12.2627 3.3727e+04
11865.5907 11.6518 1.2403e+04
12495.7008 15.5012 5.9410e+04
12508.2008 12.4582 6.0398e+04
12526.5808 16.2951 4.0374e+04
13120.9008 12.4726 5.7300e+04
13520.7708 11.9972 9.5938e+04
13956.8109 16.4703 2.5303e+04
14247.7309 17.3939 1.6732e+04
14755.6509 11.0314 2.8538e+04
14771.2509 16.0605 3.2396e+04
14794.9909 11.5175 2.2335e+04
14803.4509 11.0600 3.1369e+04
15752.8810 14.7467 3.7568e+04
15841.8310 16.1819 1.7329e+04
16138.8410 11.8626 1.5796e+04
16280.4410 14.7827 5.9635e+04
16476.1510 10.1542 2.5880e+04
16507.5610 11.5876 2.2339e+04
17133.8310 11.0106 1.6285e+04
17269.5411 13.1373 4.0073e+04
18195.1311 13.8397 4.9501e+04
18603.6411 10.4731 1.5138e+04
19038.2612 14.5095 2.3027e+04
21091.1213 13.5970 2.3093e+04
21207.0313 13.1180 2.6574e+04
21679.8013 10.7670 1.6594e+04
22324.8014 11.7720 5.5403e+04
23832.0415 13.3244 2.8830e+04
23930.6015 10.1235 8.6810e+04
25635.6816 15.8300 6.4534e+04
25736.5316 15.6361 9.2966e+03
26208.7816 15.1877 5.8703e+04
26384.5316 14.7690 3.7211e+04
26644.5216 13.8047 4.5322e+04
26850.5316 11.7006 2.7084e+04
26862.4616 15.0333 4.1098e+04
26931.8516 10.8616 1.4637e+04
26979.5616 11.6486 2.5939e+04
27995.5517 18.9041 9.6202e+04
28789.5818 15.8756 6.0215e+04
28793.9418 13.9923 4.6081e+04
28799.8018 12.2299 6.3495e+04
29406.8518 11.3671 1.0976e+04
29427.2618 17.8586 2.7081e+05
29502.0418 14.2715 7.4210e+03
29590.7118 14.6217 2.5232e+04
29602.1418 11.1514 4.2627e+04
29607.1818 15.1529 4.8715e+04
29613.0818 17.5206 6.9720e+04
29619.8718 10.0869 1.0409e+05
29622.2818 13.0786 1.7539e+05
29625.1318 10.5617 1.7349e+05
29706.0618 10.1014 3.5049e+04
29830.5418 12.2599 5.4004e+04
29859.4118 10.1513 3.9378e+04
30115.9918 14.6001 2.5367e+04
30385.3119 11.3391 2.9079e+04
30803.2619 11.6670 1.4176e+05
30876.3319 10.6702 2.8730e+04
30914.3919 14.1113 4.1182e+04
30929.2419 20.4601 8.7150e+04
31044.7519 12.9907 2.8788e+04
31256.5819 10.9152 4.9234e+04
31522.6419 10.2496 8.2297e+04
32344.7220 12.6673 2.7872e+04
33976.9721 10.2030 2.0695e+04
34533.4621 10.7277 2.9628e+04
34547.1921 13.7846 3.4660e+04
35685.9322 10.2703 2.4692e+04
36162.5722 13.5235 1.4755e+04
36846.4722 12.1632 1.0229e+04
37492.0623 11.0895 2.1173e+04
38562.8524 11.9325 8.8688e+03
38919.6224 10.7823 2.0346e+04
39201.4024 11.7684 1.3994e+04
39564.5024 17.4885 1.5290e+05
39566.7424 13.6815 1.2823e+05
39567.0824 11.1495 8.6924e+04
39571.6324 10.8041 4.7655e+04
39825.7024 12.4529 1.7455e+04
40216.0425 11.7332 2.6810e+04
40217.9825 10.0256 2.5057e+04
40224.7825 10.9779 3.1200e+04
40236.8525 12.3221 4.9954e+04
40238.8925 11.7228 4.6143e+04
40254.9625 11.6837 2.2124e+04
40260.5725 13.8945 5.1707e+04
40277.0425 10.1440 5.1979e+04
40280.3625 12.0524 4.6418e+04
40291.1325 18.3397 7.4244e+04
40701.8125 10.3716 2.5397e+04
41284.5325 10.4415 1.8749e+04
42331.2126 23.3776 1.2728e+05
42334.0326 16.2286 7.8769e+04
42717.5226 14.0464 3.6482e+04
42822.9326 13.5594 5.1225e+04
43356.2026 10.8778 2.8527e+04
43686.9127 10.4529 6.5837e+03
44012.3827 13.6152 1.5776e+04
44659.1727 11.0053 9.7550e+04
44755.6227 10.0863 2.2690e+06
44757.4327 10.5537 2.2836e+06
44781.0027 10.7559 2.5093e+06
44810.1627 11.7095 4.7664e+06
44813.8727 16.2407 4.0145e+06
45417.0328 12.2332 7.7431e+04
45571.6528 15.9689 1.1563e+06
45583.8228 10.3896 3.3555e+06
45652.8628 15.3419 3.3157e+06
46242.9828 13.1920 2.1578e+04
46308.5528 10.0086 5.6985e+04
46636.8028 11.9246 2.1218e+04
46641.6328 15.4169 3.1223e+04
46651.5828 14.0641 3.4604e+04
46653.9028 10.2115 3.5634e+04
46657.1628 10.3434 3.5084e+04
46668.3828 10.9092 2.5247e+04
46708.5329 12.5835 9.4290e+03
46777.9529 11.2678 8.2343e+03
48099.5729 11.0610 2.0296e+04
48278.9629 15.5604 1.4416e+04
48290.7629 11.4916 5.5192e+03
48296.8729 10.5301 1.3604e+04
48708.3330 13.7498 2.1050e+04
49093.2530 14.0227 1.1576e+04
49870.7630 15.5892 1.8969e+04
49894.3530 13.4928 1.0268e+04
49940.2730 13.1958 1.7358e+04
49968.9730 10.9058 5.0794e+04
49993.5631 14.0218 2.9365e+04
50055.1531 10.5276 2.5477e+04
50084.1631 12.3896 3.8000e+04
50141.1631 11.3048 1.0692e+04
50185.9131 11.4659 2.0653e+04
50283.1231 14.7182 3.7251e+04
50336.8931 11.1721 9.3118e+03
50416.7231 13.2004 3.5476e+04
50624.9731 11.0130 1.4289e+04
50671.6931 12.7876 1.1075e+05
50673.7631 17.0323 9.1446e+04
51806.8632 13.3881 1.0106e+04
51845.2932 23.3399 3.7307e+04
52348.8732 10.0241 7.9852e+03
52400.4932 12.0489 6.9116e+03
52456.4732 16.4440 2.2557e+04
52475.3932 11.1848 2.0784e+04
52529.7532 12.1628 4.0166e+04
52617.9532 15.2963 2.0753e+04
52734.9032 11.6658 8.0591e+03
52774.5132 10.0675 2.0410e+04
52907.4832 10.3641 1.5919e+04
53084.5432 10.7678 1.3360e+04
53616.0433 17.1791 3.4194e+04
54152.8633 14.9511 1.0464e+04
54227.1833 10.3993 1.0760e+05
54251.3733 13.8158 1.1050e+04
54366.0933 13.8499 7.1437e+04
54446.7933 10.9098 2.4043e+04
54552.8233 15.6887 1.9131e+04
54560.0433 14.5593 2.6277e+04
54586.7533 11.9734 1.2896e+04
54593.0133 12.3591 2.8503e+04
54742.5833 10.2168 1.2610e+04
54750.0533 10.5516 9.8151e+03
54796.2633 10.0499 2.5111e+04
54881.5133 11.9306 2.0587e+04
54885.4833 11.9423 2.1011e+04
54899.7534 18.4024 7.7584e+04
54996.0134 10.5377 1.7419e+04
55068.3034 11.1285 2.3199e+04
55071.7934 10.7106 1.5883e+04
55084.0234 11.7854 1.1141e+04
55105.5534 14.3017 9.7469e+03
55122.6434 18.2921 6.3748e+04
55217.3734 19.3753 1.4238e+05
55370.0434 18.9320 1.8765e+04
55387.4034 19.1891 8.9768e+04
55491.0334 12.6954 1.1788e+04
55694.6834 14.6464 1.3889e+04
55814.5334 10.0888 1.0614e+04
56025.9534 10.0502 3.7465e+04
56086.5134 12.8408 1.9312e+04
56099.9134 11.0715 4.6951e+04
56126.2334 10.1349 1.9011e+04
56145.0834 12.5312 6.3027e+04
56162.8434 11.2313 5.1722e+04
56257.9934 10.3762 1.3394e+04
56465.7134 10.2187 9.9347e+03
56535.4635 10.5191 1.1229e+04
56555.9735 10.9703 1.9895e+04
56904.0335 12.0683 1.3862e+04
56906.1135 11.0872 1.3862e+04
56989.4235 23.8740 6.7362e+04
57301.5135 10.5169 2.9106e+04
57396.1035 10.2318 3.4287e+04
57464.1535 12.1365 1.1663e+04
58391.5236 15.4724 1.2154e+04
58437.0536 12.4160 1.9346e+04
58569.9936 13.6162 1.1085e+04
58793.6036 10.5035 1.6236e+04
59424.4236 20.6096 1.0338e+04
60587.8237 10.2928 5.9368e+03
60634.2937 15.1023 1.2410e+04
60675.9037 10.0522 5.6818e+03
62849.0438 16.4618 1.0734e+04
62870.0038 10.3260 1.3782e+04
63618.6739 12.5902 2.2711e+03
63748.8039 17.8751 1.6113e+04
63810.0139 18.6059 9.6252e+03
64073.6839 12.2230 3.4448e+03
64178.6439 17.2798 1.2219e+04
64410.7539 10.9043 9.7678e+03
64545.5039 10.9148 2.5066e+04
64548.8539 13.5574 6.1789e+04
64835.2240 10.6299 4.1453e+04
64835.5340 10.4529 4.1453e+04
64837.2040 18.0464 3.8717e+04
64956.5340 12.6514 1.4395e+04
65690.5340 13.1644 5.1716e+03
66128.5540 11.1961 1.0205e+04
66536.7541 12.8444 1.2338e+04
68453.6442 12.1226 6.9068e+03
69194.0442 11.0597 1.8594e+04
70077.8743 16.2338 1.3052e+04
70269.1843 21.2025 5.1595e+04
71890.7244 10.1936 1.1830e+04
72188.1644 11.3668 9.2018e+03
72886.0044 11.3442 4.9526e+03
73178.8545 10.1813 1.0965e+04
73885.4045 10.6670 1.7668e+04
74305.0245 21.6714 1.0310e+04
74495.4545 12.3795 9.8793e+03
74599.5246 10.7147 1.1106e+04
74803.3046 10.0787 5.6914e+04
74932.8046 10.4121 1.1046e+04
75485.3546 13.4062 2.0223e+04
75500.2846 10.1915 7.8938e+04
75508.0946 11.0186 3.7425e+04
75584.9746 14.7085 1.4239e+04
76170.5846 10.4600 9.5262e+03
76239.5847 10.0403 1.7441e+04
76247.4847 10.3972 2.8201e+04
76343.9347 14.1024 2.1426e+04
76351.4047 11.9890 5.2709e+04
76562.2547 21.7602 4.4929e+04
76843.7647 13.0593 2.9366e+04
76879.6147 12.0291 1.1394e+04
76943.8747 17.9275 1.5273e+04
77548.9947 12.8421 7.5195e+03
78325.5648 12.2306 4.2848e+04
78735.4348 26.4023 4.8378e+05
78819.6448 21.8999 7.7142e+04
78858.6148 17.9392 1.9884e+04
78874.7348 21.5665 2.1304e+04
78961.0248 11.5888 1.3468e+04
79116.7748 15.0273 1.0392e+04
79180.6748 10.0695 1.2173e+04
79226.3648 11.7931 3.7707e+04
79408.7048 10.3818 1.5325e+04
79413.3048 12.2173 2.1043e+04
79676.0949 12.0434 1.0822e+04
79915.3549 11.0505 2.6240e+04
80034.9749 11.3858 3.2258e+04
80036.4349 16.0861 3.1395e+04
80127.2349 10.8272 2.2447e+04
80387.0449 14.5568 2.2366e+04
80767.9949 14.4714 3.5070e+04
80954.7549 11.1479 1.4558e+04
81415.4750 11.5770 1.3384e+04
82272.4050 14.5854 1.3715e+04
82355.6450 11.2876 1.3136e+04
82477.0950 11.5931 6.0344e+03
82596.8350 11.4859 2.4162e+04
82614.4750 19.4673 1.2882e+04
82705.4750 12.4586 2.9167e+03
83111.1351 10.4519 7.8533e+03
83182.0251 11.3567 2.8944e+03
83277.6251 13.4926 5.4313e+03
84111.5851 11.1352 7.8718e+03
84143.4451 12.7840 6.8855e+03
84173.8951 20.3924 3.9460e+04
84186.4551 14.0947 5.3193e+04
84188.8151 12.1099 3.8006e+04
84195.4451 10.0301 2.6914e+04
84200.7651 13.8070 2.1653e+04
84288.3751 13.8528 4.9268e+03
84292.9551 12.2223 1.0240e+04
84309.7851 13.6298 1.9683e+04
84310.6651 11.9109 1.9683e+04
84315.9451 14.6564 3.0875e+04
84325.3051 16.9484 5.3738e+04
84346.7951 12.3850 2.0653e+04
84351.5451 10.1941 1.4250e+04
84372.1651 13.3600 1.9355e+04
84532.7052 15.7253 2.7645e+04
84542.4052 18.1896 1.9731e+04
84560.2152 10.2924 1.3620e+04
84566.4152 11.3716 1.5159e+04
84581.2852 12.4826 2.2770e+04
84598.5052 15.2916 2.6837e+04
84619.2652 10.7627 3.6832e+04
84630.2652 16.1837 1.9142e+04
84634.3852 12.9529 2.4237e+04
85389.9352 15.4171 1.8168e+04
85392.3952 11.5577 1.5185e+04
85471.0652 13.2481 9.4660e+03
85484.6752 10.3103 2.2766e+04
85509.3252 13.1452 5.1838e+04
85516.4552 12.9841 6.2440e+04
85571.3852 11.8920 3.2065e+04
85591.9852 10.4808 4.9340e+04
85741.6352 10.7578 2.0424e+04
85778.4752 16.3534 3.1886e+04
85894.4952 18.2618 3.0673e+04
85908.2552 11.8833 2.9463e+04
85932.0452 13.5334 2.3568e+04
85940.3152 11.8281 2.3826e+04
85973.2852 14.9863 1.7523e+04
86062.8253 13.1565 7.1807e+04
86081.3453 10.6013 6.6295e+04
86095.0953 12.8043 5.2176e+04
86107.6253 10.9694 9.2030e+04
86185.6253 13.4764 9.5353e+04
86196.0353 13.9051 1.3631e+05
86196.9453 10.3665 1.3631e+05
86236.5253 20.1329 1.2496e+05
86277.9453 10.5332 5.0950e+04
86287.4253 10.4405 5.5674e+04
86301.0153 10.8898 2.6399e+04
