765.4400467187528 6.0531970871228955 16917.20595468557
1712.970104551398 9.630497460260376 68535.33443097392
2707.4901652520853 8.466699810797609 21100.196916115892
2726.9801664416605 10.200869352630548 56143.75008285416
2731.710166730357 7.785662129843511 60060.777120081846
2752.330167988902 8.708236646015793 61083.851034205254
2778.2001695678814 7.034678703542808 38296.8630333397
2891.8301765033066 8.464089647041924 20400.846554897198
3411.330208211072 9.232368220815863 45019.25207239563
3476.1002121643196 7.497194588972513 37032.456842945496
3922.3902394037013 8.689436611430299 121589.85302035429
3971.4102423956447 7.816248517048772 33083.191271400625
4011.0602448156887 8.301147691318162 41239.55103108569
4084.280249284683 6.357906341013256 46595.17501012203
4291.0602619055335 6.777841114084861 24567.862278113065
4373.060266910416 8.00020917811551 65444.778240650594
4412.240269301774 6.677437094786533 55785.66742747215
4523.090276067522 6.450055028127821 88974.71481421983
4525.110276190812 7.459232485788196 87681.80497951692
4557.610278174456 7.188611052431055 62308.710796561616
4596.540280550555 6.07741921657596 45329.783211839545
4611.6102814703545 6.0430372222489925 36579.2780140691
4616.61028177553 9.126050855168772 128752.2555537509
4632.960282773454 9.833797757412333 297748.7692218341
5028.780306932392 6.936654111760578 269731.542447412
5387.450328823873 6.464434505881126 31371.526126677993
6078.590371007713 6.281327628285582 31445.053536927968
6512.110397467675 8.19137373345284 145815.1505494058
6518.750397872949 8.074025298633309 495120.18635904824
7299.960445554227 8.704046917781957 143451.45118734974
7462.440455471219 6.420660403218373 140450.83950141017
8333.810508655426 7.100377364900012 786055.8924301983
8462.47051650821 7.998658484250271 385688.7610706625
8733.140533028596 7.438726455629413 71051.10840341197
8852.980540343051 6.977691882907566 620965.0685359678
10705.770653428384 6.9479202552827735 66015.55338110054
11131.800679431193 6.3087254062003755 32280.614277183184
11439.200698193403 6.807250924296396 21973.875996133982
11502.710702069746 6.09172414930813 42470.391999852036
11533.220703931927 6.588926558297948 37946.52518454051
11758.010717652021 6.290714864024474 21206.25082747175
11940.780728807418 8.31328349061639 82214.3881320784
11946.190729137617 7.545479195525052 409050.8388419408
12037.910734735762 10.56600104814815 107634.42687064387
12789.980780638476 6.336711560097781 98632.12818889994
12960.060791019336 6.403342742691268 139871.84252888363
14808.740903853815 6.598758526350807 69535.70065137542
14825.780904893854 6.595293961110552 259204.3028729919
15636.930954402524 6.337281054382523 377988.4753356454
15960.380974144347 7.555893471078531 558466.2518267115
15963.420974329894 7.000649807165939 1203960.3458313702
15973.84097496588 8.657213563870654 5494520.436561449
17468.64106620124 6.873207795439822 217920.39548397364
18266.321114887764 6.340231878277624 112994.81915273651
18313.97111779609 6.052962490441882 139604.33425230085
18332.84111894782 7.921919863536568 170764.76891854807
20657.081260808183 6.899323384202439 156782.00760130447
20995.831281483843 6.098220339641153 138709.45902385615
21013.741282576982 6.784953278217457 176672.38296287946
22262.171358775107 6.299868426423809 240618.120591499
22879.091396428918 7.488755037847272 74562.31987496364
23646.83144328805 6.060220405815416 95213.71343386399
23661.981444212735 6.638545965853204 47601.383526003985
24788.90151299448 6.030446011409011 45903.205549935774
24805.131513985078 8.601624627966046 89363.38211007841
24824.061515140475 7.515377137870303 71803.88850228151
26333.64160727793 6.364036940294735 99592.9583877369
27252.90166338511 6.216397433206617 186063.81173202084
29172.811780567125 8.51798018855232 147712.81959138354
29887.781824205435 6.271181116811197 154892.35321709595
30479.631860329093 6.407400026755259 473401.33796303533
31263.361908164177 6.4421927531739005 75929.38390236188
31779.491939666255 7.367965651235624 110769.68531945642
31780.941939754757 8.838188360772765 84813.13601199238
31860.06194458386 6.33643005972611 146820.84198297892
35206.86214885633 6.474470470928359 252495.51969827418
35296.06215430067 6.387959065231725 498573.7381180167
37527.452290493915 6.200540900120859 188947.73299919523
37537.59229111281 7.04779489207314 165572.72455616962
37581.57229379714 12.08155056733176 4408981.109800521
37703.572301243425 6.764235502617283 52735.12545589518
40994.562502109526 6.661915983570091 94742.87145589147
41047.6725053511 7.786168207834774 155421.2722204884
41095.63250827835 7.027494258900214 25998.219049518226
41189.73251402176 6.615307877684067 27159.266950405054
41197.512514496615 6.199859157283036 42965.334240902936
42598.88260002946 6.223436378674988 86505.00774447303
42676.47260476517 6.161955407027565 93739.96399859537
43147.07263348832 8.551606964119049 220835.58041710395
44068.362689719404 7.537511071453159 32909.3104977595
44990.57274600664 6.574530363907091 103646.7408827826
45325.61276645586 6.458120142485315 27054.320601883283
46990.98286810198 7.890547100899169 54058.49464522548
47127.552876437556 6.4791524813543955 67496.09506815037
48944.91298736041 6.879718788228772 33817.750347900044
50418.82307732075 6.836511201082694 24086.96300212831
51656.30315285053 6.062931708064491 21125.830524717854
52619.73321165364 8.321116567256755 27945.090550276214
58835.203591015845 6.1855430556540885 58443.240271227536
59436.123627693094 7.605513781030624 24900.605559291456
60953.593720312114 8.601661378814804 14280.757121760847
61619.16376093529 6.856288289570603 16174.991974754355
62130.72379215843 6.576963729267056 6900.2561389771745
62137.4537925692 7.724015279773916 74703.05227507309
62153.03379352013 6.529016676410657 54810.20589378815
62872.11383740929 6.565676247621439 7786.053884762746
62990.93384466149 6.248019451119016 8346.579395179368
65625.8040054812 6.860732724099628 7406.38875301278
67942.8241469009 6.314880718138912 31314.762857809335
67989.54414975244 7.702220198947152 23012.539196297275
71702.8443763943 7.326812181949927 10975.053760129302
71890.59438785366 7.8676038641438435 20357.943101036664
75584.95461333952 7.251421547335658 12537.103941922063
78304.25477931242 6.37305526751883 11231.072516100996
82274.13502161468 9.796363586866107 20433.77756633248
83681.11510748994 10.294189199051122 68943.99172149423
83865.96511877229 6.022408516717643 9738.344622360033
83925.71512241913 9.790818846119715 19231.76185598056
83992.30512648346 8.45898966462839 11521.811239523022
84914.35518276093 6.016572467525786 6396.247013126547
84920.00518310578 6.019669211451005 5471.3608149171305
84930.02518371736 7.51043884490925 13663.31506417687
85360.8152100107 6.910686312690724 32878.64050699347
