203.13001239807204 9.742500339551219 78895.68419343283
619.2100377935814 6.329893212642351 16759.134095842182
729.040044497073 6.536725987126913 22429.947293055597
774.3300472613554 6.684982645839481 26294.521039933934
1142.950069760136 6.406504537893732 17575.608776181056
1732.2801057299869 6.347481129747441 21906.384168833483
1841.3101123846504 6.707253840202107 25738.27088172628
1871.1201142041086 7.72278436422136 37563.69752283478
1877.9801146228097 7.52623886422704 61260.76511229774
4346.100265264909 9.098390010516702 17422.16469931102
4358.760266037614 6.3838561961417275 14971.9322857996
4364.930266414201 6.689830006497255 11362.219927777496
4390.630267982804 7.053038287059894 9780.931882499726
4529.160276438005 7.878364123223449 37391.27553069012
5477.640334328634 10.256708394059952 23256.768746878904
5496.30033546755 8.357867024123307 78213.82599329883
5498.480335600607 6.73267644017626 64367.97541089841
5507.550336154195 8.044881204715075 90511.25049276892
5528.300337420675 6.0442314071929975 54006.38571110544
5543.720338361837 6.690139632642289 60588.1916858162
5551.670338847067 7.227667489252533 90532.84833597107
5567.070339787008 8.791467519755527 100245.69206502388
5624.470343290426 7.769511819406029 13841.33124166716
5734.240349990256 6.419387668293645 9455.394794484786
7086.990432555568 6.418096451383415 4537.399441284009
7094.970433042629 6.496379957018258 6404.602438170339
7476.650456338529 6.937172984400131 11565.676595895467
7863.280479936553 6.277795980391404 19692.98828139569
7866.970480161773 7.061661279868991 35208.459928024364
7892.700481732207 7.55815007300685 482400.7102682318
7894.010481812164 6.5077195757289985 473934.67402578745
8655.020528260531 7.494138027711531 20986.966592793997
8655.820528309358 7.383618201726686 20986.966592793997
9436.410575952794 6.41697136804165 255220.14426993002
9468.080577885778 9.800718975883274 243026.82127012694
9481.490578704259 6.924158276648107 205257.8872497768
9514.090580694005 6.039216854583509 34230.86181581657
10468.660638956339 8.236770754463736 25652.31285533171
10558.410644434243 7.037314551377106 18785.363209786054
10564.470644804116 6.434334521179067 14784.770561332502
10637.360649252969 8.554443377077218 13133.291650403062
10757.720656599162 8.32453429863424 24700.670303140938
10777.810657825357 6.802567681630469 17071.795972844862
10880.940664119913 6.007668951021217 10930.867350791797
10923.80066673588 8.989399435963424 27238.211469502286
10947.790668200114 6.754474950292726 20052.4200072499
10959.36066890629 6.221800459682107 8944.40427869741
11514.760702805219 11.470980575837954 32879.86775848201
11560.60070560307 6.327664785139756 6143.152594406926
11568.340706075482 7.193897525588416 24943.42736004381
11585.160707102094 7.694667120577323 33027.18428842367
11612.490708770185 7.2585592794565095 21360.957413231718
11658.640711586957 6.079198505729384 31807.267827191452
11662.13071179997 6.3086386168797315 32591.651890819066
11700.640714150435 8.384643370605712 34801.15777724758
12109.78073912236 6.403364191552945 21500.115328263968
12117.870739616134 9.227513923548402 41994.70459018495
12129.820740345504 9.772940134725335 56609.87328470432
12191.750744125411 6.64469230310257 20557.022178474654
12252.56074783696 6.267072888548963 18090.92181731193
12269.830748891038 8.210331326122313 33476.4725778598
12358.08075427739 6.078409860586825 21864.324582264813
12399.470756803636 7.047635234329755 18318.149510313935
12417.690757915696 7.828642127651971 20946.080267441
12428.200758557176 7.701253759993668 26509.79645889732
13441.210820386403 6.216780432819316 42312.43921011047
13510.870824638112 6.872386126770743 12594.259992404039
13519.63082517278 6.453601317512923 35349.375938556106
13699.720836164603 10.85760834444194 67143.63557780259
13751.270839310964 8.935867329003699 43549.495125561494
13764.300840106253 6.027016534099154 43055.03036061856
13876.960846982474 6.258563828587275 24532.602386203318
14056.89085796453 8.861968778877367 48011.41813465616
14069.530858736014 6.5192408116202865 33187.10810598246
14076.330859151054 6.311092091941818 34679.71550523649
14319.160873972221 10.43659974799392 411506.22616800637
14922.600910803278 8.514472570783223 33970.526084351506
15199.12092768072 7.432024581045824 55496.126851521505
15610.280952775936 12.147612653827826 1383297.9991935182
15735.550960421811 6.274558604718242 33443.36860966792
15738.95096062933 6.219239499417715 51641.07822069356
16798.07102527289 6.695101946825918 32950.696512217684
16802.98102557257 6.375592912338747 65488.772564671875
16803.851025625674 6.569016013273239 62107.93222448586
16857.85102892157 7.239590044269559 39324.358186859325
16860.67102909369 6.03030512530528 38836.910483019084
16877.081030095276 9.475954734770623 46981.029987057096
16895.781031236635 10.71342873241717 157009.04683346316
16907.101031927552 10.022453104786026 159104.7829643339
16932.841033498597 6.192904885321073 38737.93998545752
16989.40103695075 6.048131096175546 76358.09921190485
16993.951037228457 6.584777777520842 55262.74755186577
17000.661037638 7.984222334145616 63741.31583651776
17071.65104197089 6.092698453946954 39218.21767478061
17162.581047520816 7.53216562596718 45459.826062116175
17180.91104863959 6.413181633977482 15088.298478194376
17183.871048820256 6.580036529002495 50591.86399885554
17184.791048876406 6.2112610248030355 47265.56098481389
17218.16105091315 6.469817862005813 33436.03254860602
17242.90105242316 6.790966588268263 31106.404591196035
17304.211056165226 6.282107737970145 40423.11950332145
17382.461060941227 6.381251665843586 85563.58148957197
17444.421064722967 11.312749023336291 93622.50301190681
17462.921065852115 7.223752642903396 99762.85579047108
17464.46106594611 7.676486915506675 96673.10508418987
17492.92106768317 6.957034296512305 26518.761781928577
17514.47106899848 8.878700187818419 57945.43271071111
17658.821077808905 6.981255594550019 34986.60125265173
17972.041096926336 7.376634592505748 53969.8553013703
17983.641097634343 8.836901516129146 50466.3091809995
18013.041099428778 6.142339718450132 47412.778293418036
18092.871104301215 6.927958385929337 35933.73644702389
19266.131175911327 6.321855242299808 6730.9516385242905
20551.091254339066 6.385267135222498 29807.045549171973
20615.601258276445 7.713836756991064 157567.1267001192
20861.961273313067 6.372884781026433 125725.57087468987
21076.29128639473 7.814240891674127 88622.01506304306
21104.511288117144 6.175372084663584 38821.30247823993
21123.321289265215 7.1573673634378325 47238.9494405445
21157.01129132149 6.281560982279313 64978.694151198055
21170.791292162554 8.423702326920177 119555.93477865454
21171.581292210773 8.676110167527273 79347.11319759772
21183.781292955402 9.775275189162336 45157.07291237979
21221.231295241167 9.215241439664126 60077.79552205608
21222.561295322346 9.086422427639834 38968.43880722361
21259.921297602617 7.889509147172086 15473.911076112618
21262.731297774128 7.919887057944913 59367.469954183834
21265.861297965166 6.07355959008689 27934.87163979832
22398.78136711312 6.5216550970854135 8826.02463853956
22695.811385242396 8.492474449597047 21701.822373362582
23186.32141518075 7.790567663926094 16132.239561189352
24137.97147326486 6.683596684164092 10729.202178359785
24479.791494127898 11.376415042421607 44437.497935527674
24498.59149527536 9.483849901058445 24132.783678678115
28505.891739861556 9.056448650941572 25925.50991954365
29622.88180803722 8.770887753619924 145349.33041201552
29625.091808172107 7.811040124646554 145349.33041201552
31278.82190910778 8.263782003485042 16532.294130558304
32355.151974801756 6.5634073261001245 28266.180831885955
32367.49197555493 9.003384069962209 54258.03055279485
32879.40200679944 6.005524145178422 67709.44796259743
33656.052054202395 6.713208003119431 46353.914578891876
34131.42208321668 6.101713453958461 21101.554342762625
34187.4720866377 6.560984268830618 53629.97026520216
34221.11208869093 6.538859730481795 40973.332660911336
35765.23218293653 6.559130605801933 47020.79106682731
38239.6023339601 7.845670908745271 37842.84221616087
39402.36240492934 6.476293460719494 10580.566215172397
41589.6125384285 6.058055657310305 451120.563753557
41697.64254502213 7.9832511804466675 38676.97335238065
43308.35264333207 12.354186784273162 386498.8124143332
43323.4526442537 9.412860699712247 328744.14085195085
43326.99264446976 10.679553160213441 700255.3743088079
43414.772649827435 9.031743658647873 19472.749873437908
43459.472652555705 6.208942751325956 20357.375098760116
43509.9926556392 7.652250030351414 14958.973267425446
44434.35271205766 6.043287688213597 49057.93443406942
46394.63283170366 8.19131964909625 671714.2448422073
46675.74284886126 6.558901686807026 481505.8639515161
46823.86285790178 7.970501476516935 589545.905351443
50416.743077193794 7.841600705939205 35733.64237713122
50418.92307732685 8.33468902800765 35733.64237713122
52768.3732207259 9.39309676583444 7655.113097398562
54307.113314643146 8.224245963891612 43485.236322631754
55370.403379541225 6.0321517131569395 8455.733658775282
57497.463509366666 6.627944713473288 8373.068995281028
59152.26361036765 8.844215569779623 17705.046177686578
59436.88362773948 7.809624923948879 12693.052464943275
59977.193660717385 6.027219451927404 3588.9313204056784
60149.57367123863 8.027595120542816 4950.455542987872
60409.773687119974 6.573821414882874 9004.878845909872
60417.30368757957 9.184800263013448 18378.586350816036
60652.623701942364 6.035086550330579 9264.786223137837
60664.253702652204 7.389324049764659 8606.371618548663
60743.83370750938 7.329640125882445 6924.834911310405
60815.63371189171 6.584446600602472 7632.01064701359
60920.4437182888 6.1827814638305 9427.038414682962
61140.38373171287 8.50646310418041 16782.37635835308
62075.6237887954 6.112841062607016 11073.777164296076
62872.30383742089 6.6567000426159275 11051.486038414625
62991.02384466698 7.219657122865927 10871.732034151193
66288.96404595728 6.054223082701794 34485.29953696912
67809.94413879054 7.988250056909391 33536.492732653845
68202.87416277308 6.410228715452932 7788.170942403591
70052.96427569362 7.67254055971014 61955.77495583781
70510.20430360133 7.677281502820792 25253.352685773025
71500.05436401699 6.240310011172073 6689.537052106724
71575.30436860988 8.36279466501653 15563.47566899009
71721.5743775375 8.23756943688918 23627.130162493948
72344.31441554653 6.289369447729062 13053.002405388585
72556.39442849086 8.972836644482145 21333.188556023706
72935.74445164455 6.616752781960249 19739.100096613143
72950.57445254971 7.032593452714751 47247.92248990538
72959.50445309475 7.45752965513672 42114.50437305052
72971.1344538046 7.492363548599132 50770.447008662966
72995.62445529934 8.632833905880918 35799.62514371543
73047.56445846951 8.036712332878652 36882.54740624747
77439.5347265341 9.146716763596269 91916.75882150567
77453.164727366 7.589143783947354 200344.5963126963
79468.28485035918 6.429797350828184 17481.000560248845
81014.77494474944 6.655559593541192 33545.918820287894
81086.4049491214 7.970006255009046 28358.757074815654
81191.67495554656 6.1493037401223365 22317.13959153102
83773.20511311066 8.946510124445497 25723.300618024805
83778.4551134311 7.15065593447069 27193.798359749333
83900.73512089447 6.491825582706455 13820.766104542674
83939.23512324433 9.692540642081491 53673.89752745248
84121.05513434175 10.400817399979978 45108.20024500628
84142.54513565339 8.550628055227223 49081.184542976225
84143.25513569673 7.8925823235135715 46217.31917879585
84151.9251362259 6.542790243483376 33972.307199230585
84157.25513655122 8.86418237851958 44282.640896406614
84165.49513705415 10.015138456335285 73194.41283347903
84166.87513713837 6.672946415092852 42765.37313238486
84185.70513828767 8.607443403558968 30586.542637394174
84242.39514174775 6.633899285752495 19643.71376852624
84387.30515059235 7.508977467466724 27988.23540465994
84494.8751571579 7.783464464798337 44014.88393457423
84503.11515766084 8.02358381665339 39930.437903490696
84562.51516128633 7.0378797916338955 20187.37442293686
84806.5151761789 6.556389928356379 10555.32877752474
85101.73519419771 7.079097969269486 52275.712892301395
85126.87519573212 6.704102154851303 35942.43923489766
85138.96519647005 7.067859774822744 72825.71917284263
85155.6351974875 8.296570583925364 40276.41983080468
85179.43519894013 6.551147406794166 26363.714185638026
85184.96519927766 6.133050015264449 25239.272262621562
85605.43522494112 6.500251776032157 20443.524967662088
86369.13527155366 8.386319459507822 15686.206358255571
