1713.1201045605533 8.099218547232645 17781.28478648707
2977.0101817022814 6.427642753277641 5334.61324523997
3707.740226302504 6.357139910150595 7677.597319194793
9767.93059618717 6.37482517321727 6468.6762587556095
10471.420639124795 8.67398604438344 32414.211951501413
10921.950666622966 6.392694816149322 5208.631311231659
11026.910673029215 6.28887667879417 10805.415584646855
11223.30068501591 6.68629482248201 8212.228020546667
11258.800687182658 6.608135177595804 6980.0935850464275
11276.540688265422 8.58872679014012 10501.157191806691
12893.520786958055 7.053862162236332 182500.5899688665
12899.350787313891 7.995806428831418 318071.8565645658
12928.06078906621 8.651338660472264 111850.4793864981
12930.680789226122 6.834339007206595 218012.1496348641
14415.650879861503 7.718057470807245 11047.539639374181
18695.68114109382 8.202638093839505 29819.879294121536
19897.291214434277 6.677780911491743 44247.283726059126
20420.63124637642 6.462440316117637 13310.637348031243
20686.461262601395 6.3028061436532745 13306.623284745696
21070.52128604256 6.020864105641821 16344.947257619555
21792.441330105063 7.8579516491732795 18212.39516415928
22084.061347904135 6.273537919350331 13417.0057881566
22684.541384554526 6.482159563923525 18921.143297333998
25493.261555985202 7.401704907568494 13225.144523161429
25749.831571644994 6.493210051399941 142443.43981536746
29429.341796224475 9.213510982603815 180806.0638244938
29624.95180816356 7.797435496864825 112843.82542882334
30805.381880211295 6.958859261283948 97962.2219204608
30806.521880280878 6.4739561233969445 97935.2560732084
31954.341950338254 7.5506087405725415 36878.884236946775
31994.62195279675 6.2374777493336175 20711.704078233583
32173.661963724484 7.307337699126199 20520.485386731765
32378.421976222045 7.656145852065882 65819.01532389768
32415.351978476072 7.137089495080486 86822.8477858244
32416.031978517578 6.466206058077912 56885.58605859249
32494.431983302733 6.612386767689969 100897.94522972875
33468.64204276379 6.727914742363061 11878.979962840716
39550.642413979636 7.121973290738143 20458.129198907878
41199.002514587555 6.371937590256677 7787.293194657544
41626.37254067215 6.3374153935362445 8263.13530600355
41833.152553293 9.61002743102479 24259.760546861344
42124.61257108231 7.838801896636478 22932.232092055063
43692.66266678849 6.671823043673119 9166.102114164427
45158.332756245894 7.08349433923596 18454.569404200734
46338.72282829119 6.6201723976330555 46815.08799411965
46372.75283036821 6.444951867308036 319518.7462512044
46804.88285674334 7.493185373415075 195567.00446946605
50418.76307731708 8.040207924075787 26823.46233986081
52744.753219284255 6.379692335758432 14018.066458272766
52849.40322567158 10.34861110753598 150270.76844831085
52883.043227724804 10.519625293224989 153158.3027244653
53210.35324770222 7.507933007848407 25287.52583150036
53819.703284894 6.330488332006489 8101.900960132493
53943.143292428176 8.124079300668345 25464.849451169917
53946.103292608845 7.305900597055818 41092.05817356264
54042.683298503616 7.548619099907908 42397.19244656676
56568.57345267172 7.9838214587569825 31766.046819613228
56634.47345669394 6.520281513319909 42074.460890951945
56692.153460214446 7.631690253629398 38627.409908500864
56694.523460359094 6.392680986640322 37018.834347691416
56809.84346739767 6.442121580037201 37727.83129360265
56927.02347454977 9.921572253265182 50024.72434075185
56989.22347834616 6.321206570683415 8295.611764844172
59436.91362774131 8.293860701381455 8333.868387303819
61089.72372862083 6.43835421194903 14776.476954803387
61111.82372996971 7.182020097109456 14416.26709463372
61167.91373339317 6.455043020393796 10212.556043996681
61277.54374008446 8.309069513709346 39362.01024323593
61356.603744909895 6.086998928829398 12415.328623504247
61386.063746707994 6.555675910187271 40509.083627071544
61402.06374768455 9.733077573446055 41054.68094247494
61416.04374853783 6.798505581159367 28565.131755446073
61418.853748709334 8.71201515495616 75550.84685927074
61582.70375870995 6.103614240992265 4823.736655640771
61734.75376799034 7.697170293555204 8414.917082451604
61793.18377155663 7.905344906643799 13897.930155054999
62990.88384465844 6.15144664541208 7088.7462706941515
63430.9738715194 6.590422446274445 10305.015387781421
65679.84400877955 6.760682349056252 60690.880166442425
66600.57406497645 6.850771379582656 24218.352164174168
66657.99406848109 6.374315504381761 13727.798757729961
66671.35406929652 9.096096033380373 27134.992001402432
66698.61407096034 7.292733475547745 11738.882131345783
67605.27412629846 7.665134770689182 6572.990612333058
67926.58414590967 6.928316666312787 9504.13854596515
69244.45422634609 7.0195816677062775 4548.74297841542
69304.72423002467 7.438032971538963 9847.302135543709
70860.96432501003 7.555829062859405 7275.013906565638
71670.29437440762 6.573766516315486 12039.17276848355
71761.58437997951 7.671051500241432 24096.185202038974
71771.73438059902 7.2224073569544585 27392.406085075174
71849.52438534694 6.557255473639816 12221.566637387372
71890.84438786891 6.944180497121388 10400.01179976745
71900.75438847378 7.381107015035202 18294.401968217146
74883.28457051297 6.511847985828987 22213.73450133877
75016.16457862333 6.042107039123455 12528.884373623041
75594.14461390043 7.9015369880463915 70937.12167666652
76250.86465398344 7.270789617757722 17238.754537234836
79952.81487993254 6.62161169871773 559536.2934928065
79990.37488222503 8.306784296973664 546644.863187935
80234.14489710357 8.28336264384757 97924.23807205781
82881.96505871369 8.15188160584924 459898.1170528565
82912.22506056061 6.714601460972601 59730.23364705634
82929.56506161897 7.834201856061168 61291.06716343225
82962.70506364167 6.213398839591546 35676.467608372644
83039.16506830842 6.643768232278645 13990.949056940235
83060.94506963776 6.084625650407352 13819.394263616105
85155.27519746553 6.162105772339099 9286.143246079506
