207.67001267517168 6.006014580551746 5864.825129291924
3724.1302273028705 6.436458948430214 707747.209774627
6127.840374013695 6.197855359671345 10165.893651286231
9420.290574968907 8.459445455188867 106537.23406596661
11453.34069905644 6.022234070526405 30688.560084390178
18635.951137448188 6.459019289695525 25657.104171051054
18912.361154318918 6.2516776486749315 38991.12624390513
22819.441392788172 6.9650855506686185 32713.53690008748
26554.07162073191 6.245473544604539 30804.84651376485
32595.751989486816 6.42290407270369 225922.9674617236
32628.081991460083 6.812921679377412 374380.77695640264
35928.76219291762 7.175008493432811 80292.24642398868
41541.72253550553 6.060287442398732 1972588.2397795888
48179.092940618466 6.831137576554912 81290.51543329134
49572.603025671575 7.072468008101399 69800.99646871854
64728.65395072351 12.384753464535178 599891.1563538129
67088.24409474146 6.7925582549868615 11406.447076756047
67219.7541027682 6.503026791330868 7489.832722058333
67817.33413924159 10.006900230713383 28469.833294828477
67879.49414303552 8.87342932737984 19651.583524296195
68002.70415055567 7.59990589850405 15220.894839684926
68009.50415097071 8.143185043452785 20585.426686302428
68014.40415126979 7.792342182742207 32492.99710545192
68028.45415212733 7.380382382773458 19790.55911101366
68061.39415413783 8.724435413584937 13090.018658342482
68085.94415563624 8.423688066506333 15543.290780767249
68105.57415683437 8.470411488273546 18091.35559946937
68123.59415793422 6.08419023142958 9281.468033557741
70652.10431226222 7.012199291892514 39210.39957739868
72493.12442462918 6.855481030099006 3851.7808872316127
74901.38457161772 6.441419707242093 8979.811957691709
85194.24519984407 6.491782659551736 28294.507538582686
85906.20524329865 6.0480459055565134 7456.532977546286
