267.0400 12.6819 2.3913e+04
1237.4601 11.7486 2.0376e+04
1641.7201 11.3916 2.1652e+04
3335.7002 12.7785 2.3743e+04
3722.7202 13.8935 3.8969e+05
4752.6003 10.6393 5.0589e+04
6120.4804 10.3653 3.2351e+04
7000.1004 10.0913 4.0788e+05
8250.4205 13.6741 2.6307e+05
8934.6205 11.2395 2.6051e+05
9134.6206 10.6228 6.1257e+05
10855.5007 15.0801 6.4225e+04
11427.2207 10.9025 2.2059e+05
12639.0608 14.2779 1.1897e+05
12772.7108 10.0996 2.0120e+06
13043.3508 11.7372 7.0142e+04
13219.5708 12.9648 4.6306e+04
13227.1508 10.2973 4.6185e+04
13626.1308 16.7185 7.4670e+04
14108.5909 10.0671 2.4091e+05
14692.7209 10.4603 4.0464e+04
14936.1909 15.2053 8.1307e+04
15062.4209 11.9703 2.0764e+04
15665.5110 10.5747 3.4018e+04
15937.0410 11.1007 4.6309e+04
16274.8910 11.5467 2.3258e+04
16417.1010 11.2899 8.8427e+04
16768.1310 13.8185 3.5575e+05
18163.9111 17.2249 1.0514e+05
18298.2611 12.2751 1.1779e+05
18308.3911 13.5516 2.2574e+05
18329.7911 10.3562 8.4051e+04
18528.9111 11.3756 1.5563e+05
18570.2211 11.7507 8.1532e+04
18676.2311 12.4800 1.1650e+05
18708.7311 18.9123 6.8241e+04
19033.6512 20.2861 1.7946e+05
19178.2612 10.6061 1.4729e+04
20174.2512 11.9643 4.5378e+04
23843.7315 11.4488 1.8722e+04
23864.8115 13.6329 1.9414e+04
24717.5715 10.4135 1.3422e+04
25124.6415 14.6613 3.4478e+04
25904.3216 12.3834 9.5403e+04
25942.9316 10.8037 3.2758e+04
28525.6017 11.7649 4.7594e+04
28664.6117 15.1513 9.7362e+04
28680.5318 10.7855 5.9228e+04
29254.7318 11.2326 2.6957e+04
29758.3818 10.7649 9.5454e+04
30096.6618 10.8972 3.2523e+06
31717.6419 10.7194 7.7481e+04
32837.5720 10.7413 1.6726e+04
33316.6920 12.1303 2.2061e+04
34260.1121 11.6905 3.6428e+04
38685.9624 12.7988 4.6717e+04
38697.5124 11.3933 3.9010e+04
41540.9125 27.4232 3.0115e+06
42741.4426 10.6708 6.1252e+04
42745.6826 12.0862 6.1252e+04
44719.5227 12.2264 3.9272e+04
45255.0528 10.4798 4.0270e+04
45840.8628 10.1688 1.8197e+04
46715.7629 13.0561 3.9637e+04
47322.5229 10.0041 3.7786e+05
47336.4529 10.9407 6.0416e+05
49571.4230 22.4292 5.7664e+04
49677.7030 11.0517 3.1293e+04
49692.6030 15.8972 5.0426e+04
50801.6331 10.6693 1.7759e+04
55981.5934 10.8288 3.5872e+04
56336.0234 11.5390 7.3221e+03
60816.3437 16.4654 1.4843e+04
62876.6238 17.3360 7.9330e+03
62926.9038 10.5076 1.4987e+04
63101.6239 17.1538 6.4442e+03
63576.0139 10.1654 1.0648e+04
64729.1440 26.4984 7.2578e+05
67800.7841 10.2083 1.4222e+04
68215.6642 10.1526 1.1615e+04
68304.9842 11.0365 8.7035e+03
69498.2642 10.3135 1.3425e+04
69974.0943 14.9809 2.1500e+04
70028.7243 10.3164 2.0004e+04
70086.4743 15.9412 2.6742e+04
70228.7543 17.5296 1.3345e+04
70398.2843 12.9783 5.3548e+03
70613.1243 10.7896 1.0486e+04
70621.7443 19.6370 1.5554e+04
70630.2643 18.6285 1.8780e+04
70636.4043 12.9714 1.9660e+04
70650.4443 11.7005 2.4372e+04
70652.7243 12.0966 2.5645e+04
70675.8643 14.0311 2.9742e+04
70727.3843 12.7301 4.2280e+04
70764.0643 19.1773 1.5164e+04
70788.9643 18.4072 6.0851e+04
70826.8443 17.7472 8.5904e+04
70830.8043 19.1604 8.2878e+04
70848.9043 11.8359 2.2355e+04
70855.4643 16.2430 2.3545e+04
70863.2343 15.1308 1.2192e+04
70897.5243 15.5216 1.8610e+04
70912.4843 23.9607 1.8244e+05
70936.8443 11.5759 4.6012e+04
70953.1743 11.0959 4.1985e+03
74250.1145 18.6566 1.5990e+04
77710.9747 11.4779 8.3624e+03
78308.7048 12.9514 1.1020e+04
80117.6449 10.5080 8.3879e+03
80192.9549 12.8285 1.5162e+04
80451.1849 12.7072 6.8190e+03
80885.8149 12.1043 4.0254e+04
83049.6251 10.0052 1.8180e+04
84109.2251 20.2623 3.1774e+04
