16170.500002593993 8.403006519686294 775918.2795507543
16174.510002838746 7.635514414081601 11637774.774881566
16193.080003972169 10.760823773073021 110415993.98487069
16197.160004221192 9.172091593272379 114637230.87594879
16201.040004458007 7.002086904675975 205586459.43070033
16250.950007504272 7.7262806428882405 8079100.630862315
16265.68000840332 7.930661545390301 1787660.6109874821
16276.300009051514 10.83466055877953 11338110.21836944
16277.32000911377 8.796740689180039 6689440.524344144
16282.360009421387 7.799774392293627 16188322.382997606
16295.570010227662 8.103507947664315 15802386.474245235
16296.41001027893 10.749704262418266 12807817.713178381
16498.88002263672 6.471822923930074 86034.16082686975
16820.05004223938 8.776352765091746 36337.16587953559
16867.550045138552 6.618092684357535 12203.4617265784
16964.47005105408 8.67277210669477 113078.03019271219
17490.710083173224 6.071550043764011 11747.501656575105
18566.990148864144 6.658108477530487 31865.03422907595
18579.10014960328 7.209399186391487 63362.59611069333
18669.740155135507 6.020130329558935 16513.732321191354
23347.59044064883 7.432783490065455 71207.57626299086
24512.950511776762 6.572870744910139 239985.58312078196
24543.750513656647 6.036135563979798 46427.91634019531
25527.030573671298 6.641973416583761 194774.05606790885
29262.47080166448 9.1020019055266 147623.3861736566
30408.950871640067 6.076315650810856 99401.35639060555
34525.28112288093 8.718159465943641 50418.60116476905
36210.82122575813 7.124833391679933 952563.3287800272
37803.411322962114 6.029983724972495 465543.29248850205
37804.5513230317 6.714408176649998 1408639.57050015
37810.48132339364 7.0588033032486255 1265614.29105182
37838.18132508431 11.155018411841715 554003.2005055989
38276.05135180977 6.86124396056069 52245.3678001081
41129.34152596079 6.199690994149093 19093.52702480437
41538.41155092844 9.78484203079303 3846730.3186084703
41541.6615511268 12.919536526427587 3846730.3186084703
41850.62156998423 8.788833061693973 91793.54891665037
43013.43164095652 6.363531998876375 12472.40523830736
45730.02180676402 10.090431907311642 36576.48937873285
45993.831822865715 6.3223391515338205 14545.618560083141
46710.70186661999 7.140897858246928 10911.243423012194
46784.15187110302 10.519305052386994 56805.87227351197
46928.001879882926 6.418555156706874 19732.331666782215
48018.75194645703 7.915739971202361 10141.811161911894
49571.53204123121 9.846912624247025 81679.7709333431
53763.68229709975 6.464671304179927 13054.516490217675
54910.35236708694 6.857540020075432 6960.348405411789
54933.992368529805 7.931539909473718 8473.892968451652
55050.21237562331 8.686106276269884 11287.37846969072
55373.682395366355 7.108465724077304 13629.634333752352
55417.56239804458 6.979075367674718 6711.747999606331
55450.592400060574 6.266702319896682 9323.893523399378
55481.402401941064 6.088409260501555 6309.07231146327
55565.75240708938 6.106430102622348 3998.1498735526106
55938.17242982009 6.848360758972966 9629.757345726961
55956.702430951074 6.535206243881591 17563.287523246585
56716.852477346954 11.643189558019541 84146.3045602001
56856.41248586502 6.5109243372405805 29285.967630799027
58602.792592455604 6.140878796506168 21136.951550795005
59410.22264173722 9.217069751713888 12349.901718035711
60361.78269981584 7.393422132551464 5421.373358167609
60366.39270009721 10.884960177565699 42067.24647865828
60817.48272762956 9.927878394443658 26877.500298873572
61051.95274194048 6.6932325975135 16210.11312001989
61081.36274373552 7.032748699674174 12515.735216266918
61204.45275124834 10.073968020072623 1496062.6490973989
61348.25276002519 6.811371695952909 18988.52985782688
62879.59285349077 7.533574128219525 10137.250683269183
63812.01291040118 8.13361397017172 79017.31296584001
64730.76296647723 11.442077317518129 658306.2903058645
65630.4930213924 6.928314436004183 25316.53130713527
67533.93313756917 7.03546081643975 9066.265761079794
68115.5231730666 6.300071938156591 21919.297048254903
68136.31317433552 6.814974691675579 56689.32526661069
68141.41317464679 6.5999204722084635 46730.080047026546
68185.82317735738 7.044517348058321 19975.092641164534
68222.15317957479 7.81654285789653 62642.349100198255
68226.54317984273 7.865007199476734 49987.80094267732
68238.15318055134 6.166720465882457 17195.268822676993
68242.44318081319 6.61292392360725 55118.483784798715
68244.25318092365 7.58569530893152 92789.64935897691
68296.20318409443 7.878145176009423 22154.23375028759
68301.35318440877 7.12969525427864 26575.660771937593
68308.15318482381 8.107305768153577 76123.19690998465
68312.51318508992 7.221442221854182 44262.16674325508
68323.13318573812 7.0178522584673635 27539.779725392484
68340.13318677571 7.940423833619957 31279.13359179232
68348.90318731099 6.609411327729734 42011.80391440148
68369.75318858356 7.890288596388133 40281.659022279964
68387.373189659 6.133438792755469 25211.48569561147
68412.93319121907 8.007522027716975 76131.8640704975
68426.62319205464 6.184384956965689 76196.23394212514
68438.34319276997 6.050672838358248 141278.6230942744
68440.09319287678 8.064593217772758 141278.6230942744
68452.56319363789 9.186153743726207 63580.13525047888
68458.98319402974 6.547501260711785 50076.362659371895
68461.52319418476 6.291128942772638 73123.99110550087
70545.02332135153 7.453280520999786 8267.023622376642
71441.3733760604 7.7623966786497185 5148.751205113244
72331.26343037497 7.636783805984229 10513.93702678252
73191.13348285726 6.634681138946579 6380.341363429795
75987.23365351767 7.229805330054327 18882.56249075049
77709.27375862267 7.945453402828873 11109.513059130584
77781.38376302391 6.681899547838987 11793.5423783225
77804.44376443137 7.621701081825192 31943.365420187693
77805.47376449425 7.4167693626353595 31943.365420187693
77882.89376921959 7.752116769749073 10347.596657238157
78037.3737786483 6.153133921653397 20701.49036212848
78087.62378171532 8.715123698929961 14806.813656692093
78112.46378323143 7.787927193781523 26791.080358384206
78122.44378384057 6.435456080184765 30125.25466932988
78186.06378772363 6.080009548684876 24730.040306794224
78202.863788749 8.64441581662591 108527.39863509705
78241.83379112754 7.758768986103829 157228.81636332715
78242.78379118553 7.650858151918319 157228.81636332715
78266.8037926516 8.421822587605329 32616.77602400303
78281.24379353295 10.722297998093897 84414.29357383512
78286.9037938784 7.279651590245938 152017.33095367302
78295.20379438499 6.952020701375951 412629.6102369904
78315.80379564232 6.937669852542994 194708.82967219682
78316.55379568809 7.837617896223061 217951.7918769916
78356.1637981057 6.1210965123699035 24229.49247816987
78421.97380212243 7.766441397931381 37506.03893019489
78675.3338175863 8.85194397361125 22049.11293723664
78835.96382739037 8.159525656758824 16807.393954238294
79006.10383777489 9.032305208674378 23167.874941491562
79058.8538409945 9.226661383446539 24292.187026812182
79066.73384147545 6.147214369422448 10597.603863443363
79076.62384207909 8.37991885036523 15970.941636187867
79085.12384259788 7.740165570691241 24746.43058105964
79145.30384627098 7.439091175942862 11433.3329055979
79608.93387456873 8.697676837697365 13235.403102037777
79704.5538804049 7.359211443252145 11827.448289816824
79738.57388248132 8.166422589827471 24781.6764562367
79757.89388366052 7.704871497970362 6192.673356167129
80173.35390901819 6.130786712989664 5497.544073120257
80264.0739145553 8.796069988895017 33766.68051374195
81295.16397748803 7.140548448068501 6278.928278438908
82046.5140233468 6.847034353659444 5839.7344270847425
84110.27414930872 8.251559037906823 23974.736266913787
84956.19420093959 10.401378931693808 77463.05189318312
