23105.95000024109 8.512201736979517 778650.0429424581
23106.85000029602 8.858179209147599 766846.1235827452
23119.550001071166 8.977808506248223 360004.196354661
23121.93000121643 10.971128749038924 60928090.894220375
23131.60000180664 9.636170279181288 212668856.21573502
23144.570002598266 6.626292401546151 45184645.82978656
23157.070003361205 7.14817723288748 283163643.47836876
23175.65000449524 8.785130512648895 311851747.64576155
23247.540008883057 6.1942435553707815 2490702.275674591
23251.930009151 9.059494106553357 13168696.195432734
23258.73000956604 8.578102459200343 17853076.597660773
23259.78000963013 9.779597717335664 13074081.014807954
23277.21001069397 9.345116630953875 10596925.19670569
23287.41001131653 8.555243951694944 30593026.297817238
23288.180011363525 8.06360513946398 25444529.307539314
23297.1400119104 6.7060830019463165 22253832.736829825
23309.94001269165 8.83948221079397 10994468.282813406
23343.430014735717 11.903040784312836 176130864.37870398
23370.53001638977 7.180440755927811 2610684.528519132
23378.540016878662 9.079147069544202 59364105.66844912
23379.470016935426 6.059374935256448 24120528.755388148
23380.270016984254 8.880874703949884 59364105.66844912
23381.59001706482 7.075416288619269 53579493.332206845
23393.29001777893 10.366510952850344 14307902.775257738
23412.03001892273 11.373823793491447 6319028.221976317
23424.31001967224 8.895235477735206 3876086.38999308
23430.930020076295 12.17834004715276 11201389.902441118
25007.24011628663 6.304547165505668 61078.01321779273
26216.86019011598 7.180217257805944 135722.1962200142
29835.660410990014 6.447794137024121 133165.26200054373
30195.860432974878 6.140788776043032 76690.26567230407
30298.350439230373 7.461465590558382 128687.29718451442
31706.68052518802 7.149725425197448 44039.778664020334
32752.830589039953 6.867630208148528 47426.02024169767
33695.780646593055 7.830656581953422 35930.19277145802
34209.21067793034 7.523412728931426 41056.547717908856
34314.74068437138 6.2778379006965315 30960.019961868762
34771.57071225407 6.098410149774529 43290.271616112404
37881.530902070976 6.480711608096404 44362.74039509641
38050.220912366996 6.227194177729809 38831.474329128374
38452.05093689276 6.407192739874748 27199.87590839536
38617.99094702093 7.363360364054844 33066.01811335704
38787.67095737738 6.952223220431164 37587.927927357385
38907.18096467169 7.203269709931399 41955.58886211443
39799.92101916022 8.272311071242644 46619.42909852513
40011.561032077705 6.380255625592612 32192.420279523412
40038.431033717716 7.657613504436963 27774.142658802575
40542.17106446357 7.692915530327969 34669.874389937155
41538.37112526679 6.1871917409957575 4205457.234583447
41541.44112545417 12.588358098688138 4309294.929831012
42068.77115763984 9.348576924903425 123036.10478628834
42209.81116624824 7.202735230781175 49263.75277590604
44872.8413287867 7.629954569960813 82060.97788150926
44875.38132894173 8.324778535420345 79658.42815311212
45114.981343565756 7.901561721896066 20543.83875196624
45135.73134483224 6.566470619342801 15266.104731881007
45555.35137044381 6.057288645991339 21667.898494389145
45681.08137811776 7.188334339441817 13877.828669231125
45767.64138340096 6.917699383922101 15249.252160978293
45802.05138550118 6.8203893605903 18845.352211082813
45815.57138632638 6.8120331932500635 15628.032857657681
45857.551388888634 6.873926014022812 23807.560392789477
45870.951389706504 6.74619286123131 14911.748053529214
45895.80139122323 8.000460476244378 18360.88755092242
46265.50141378793 7.405683811447424 33317.20265161478
46451.691425152065 7.334954897911728 29459.983192073112
46583.77143321359 7.961018162158332 15012.06192360261
46832.69144840646 8.360186265270823 38837.20711841151
46852.78144963266 6.358249281078631 15582.0018157414
46937.691454815154 6.119696613933502 19911.508865320688
46967.51145663522 6.486773848483065 35305.386402212265
47157.15146820993 6.104102708178961 24386.264829224798
47236.35147304391 6.0493355997446505 47885.406039049354
47238.32147316415 7.742286431252994 47885.406039049354
47299.0414768702 6.214347062341034 14784.152011594299
49009.32158125742 7.468297420288616 16582.78341670015
49571.69161558176 9.584759511866073 94222.4929333916
49799.761629502056 11.6069939046532 46455.545911033216
49905.011635926 7.671309511354032 16214.79790112583
49942.831638234355 8.092102302295967 8218.08013464193
50050.48164480479 7.213784782818644 19310.410904429795
50175.331652425026 7.725598391683626 18444.05171932108
50251.44165707041 8.704571017959905 53873.63169249481
50339.521662446394 6.352717345491834 9746.165116854363
50881.16169550548 6.008528223440994 12966.497805142157
51242.62171756724 6.358605160475095 14538.790771953618
51385.20172626963 6.343349319482032 13862.432009764785
52611.011801087145 6.919401112691459 27072.190581700586
52797.601812475696 6.348629608484554 19898.61110232909
53475.8618538734 6.1404105928691415 31373.30019570898
54517.841917470825 7.429556844847125 24598.89809394621
54805.63193503613 6.720096200429886 12863.02535823545
55142.4619555946 6.1779890365511525 11972.666293567234
55342.23196778759 7.054564558688803 12840.737096566842
56274.782024705935 6.4472449478845 8350.183741326626
56316.44202724866 10.836383625685698 40623.522179867854
57114.95207598584 8.986781814347884 38026.955205541635
57758.43211526075 7.007608118942712 14478.343472856477
58711.80217344984 7.925380214320569 15249.887373251635
59377.31221406935 6.011040834351995 10707.99066837494
59656.152231088396 7.147940881118045 13473.84597689076
60379.22227522109 6.08103146684401 4976.461082485663
60817.462301969135 7.1167149678766615 14738.08944845669
61008.13231360671 6.124957587593558 7224.8182327149625
61073.16231757583 7.255180650782788 13762.579105147941
61936.90237029434 8.041956418853667 27216.943046613666
62190.1623857521 7.931972233486473 32585.7414119721
63641.11247431106 7.744835740789125 55649.988148932265
63656.08247522476 10.49316546336834 140057.09967843586
63698.072477787624 10.918927622962737 95806.02063257863
63834.532486116485 7.29974024005552 23858.751660947466
64000.632496254424 6.2338363058755375 31224.644825826566
64013.432497035676 6.346066427466146 13136.350799847247
64692.83253850296 7.01014776211813 20065.026590711703
64717.552540011755 8.250872648736946 74752.78873745343
64719.552540133824 6.36694891273956 69456.97714013513
64730.6425408107 10.798903632350271 727205.0656203815
64908.91255169144 8.007216355930325 18843.39102874326
64954.25255445878 7.404905892942288 13620.74415857244
64958.832554738314 6.263693360847558 12481.76899741587
64992.45255679032 6.638045389092353 19676.707196988933
65010.33255788163 6.123985945854448 11820.135417516083
65019.102558416904 7.703944583777471 23423.44968729782
65033.132559273225 6.297005035230706 14801.6422419583
65065.59256125443 7.948365652501644 10415.076813386613
65087.52256259293 8.6523172937206 13246.635633200221
65121.38256465958 7.674910768366127 13533.659790462705
65151.80256651627 6.953757745551941 10687.035286483817
65156.38256679581 6.6897233584730476 16098.02357024795
65248.80257243668 6.366975442771787 24763.71589077123
65270.042573733066 7.418401357656416 18308.33394477225
65312.152576303255 6.269078465328015 12641.793570413085
65351.682578715976 6.473643616900308 14983.631235641365
65401.51258175736 7.120157989611134 19441.798117078983
65429.762583481606 6.952934351098035 17341.72007881195
65445.82258446183 8.865342897929672 12753.735262110607
65480.632586586464 6.838996592519333 13872.392248572041
65517.51258883744 6.224938145610593 7369.222522575721
65555.51259115677 7.230378782910438 32094.384225657883
65589.81259325027 8.020413144142205 40489.40628613228
65595.9125936226 7.177913864456707 31919.931376139764
65608.17259437089 7.11155287406514 33470.21302375221
65617.0625949135 6.6611333322813895 24183.301228816923
65632.91259588089 7.70743265933416 42121.49262212933
65640.37259633621 6.946150727398614 44637.39830138045
65668.45259805009 7.1307929659442 41255.73147877092
65672.98259832658 6.511838380581476 50993.9541717933
65705.3726003035 8.536333747860882 81359.99064335409
65719.92260119156 6.810518704335271 89038.70850289182
65727.74260166887 6.057122712167951 134703.0483407941
65730.17260181718 7.10385109864137 86351.09075208804
65736.00260217302 6.181095373475398 212266.25533696217
65736.84260222428 7.378650808200898 202986.42029823383
65762.91260381546 8.39856714006636 87397.32050780581
65765.97260400224 8.099483038340713 128837.17265649179
65781.28260493668 6.838782392409829 135273.76278911345
65810.15260669877 7.5643807241803875 161199.49800808445
65855.41260946123 9.68715053172185 147260.91123355954
65856.30260951555 7.410310359932158 147260.91123355954
65875.35261067827 8.756607882190918 102438.17350784071
65878.43261086625 6.496879434677107 78368.0389511327
65907.71261265335 10.331527802725999 120774.59704103218
65913.58261301163 6.531469576023732 78499.71058943938
65922.81261357499 8.908002950349248 193267.1052516688
65933.31261421586 6.0063755190376895 38847.45136481472
65941.87261473833 10.536924979766184 148529.61554730247
65945.86261498186 7.993127894174917 134689.16583034222
65952.71261539994 8.943037066691494 144526.8945120869
65982.38261721085 7.654031573245162 118758.28191103456
65985.49261740068 9.762059776675269 113893.02592129215
65998.71261820756 10.633184531060722 114736.21124037079
65999.41261825028 8.232249413953424 95973.93894027876
66004.48261855973 7.478475795325655 101627.99874362416
66019.49261947587 11.028693773713213 114042.19547443955
66027.20261994645 6.748819989684438 184390.4955645936
66090.50262380997 8.87772091332608 201132.86803119368
66095.66262412492 8.96351193168185 183074.28473908114
66096.8026241945 6.0452405190303695 157579.06243719519
66131.91262633743 6.36457863974986 72248.62184209633
66132.72262638688 9.681871028619689 72248.62184209633
66154.39262770952 10.198276501383699 41743.77262617769
66188.3726297835 8.343271468451869 92683.37472670601
66192.19263001664 8.949218881228445 56830.205902397705
66201.22263056779 6.840469163131174 63543.524311698704
66206.09263086502 6.40643428446969 77475.78173186304
66215.35263143021 6.321518757244451 64299.19724385968
66225.37263204178 7.087758922450797 72065.11242640522
66239.05263287674 9.238042396562403 64039.78065466914
66251.03263360795 8.222490811614286 37569.83812390625
66254.29263380692 6.350258726393713 54699.80786304914
66257.38263399553 6.480561466158806 54554.225328310735
66268.95263470171 9.781877178011888 110265.27695690727
66280.17263538652 9.430295463794208 133821.1760677357
66281.52263546891 7.273783952019537 104881.90553822542
66297.12263642106 7.961537113306548 27044.84925718493
66408.87264324175 8.596493245032132 34954.43813092064
66454.27264601275 8.95477567624574 13704.6318499293
66469.28264692887 6.612452678937061 14259.580168837236
66490.27264821 6.352924899499169 19025.73193043044
66541.58265134171 7.940176024428805 25830.398465078302
66578.72265360857 7.726646749642644 21980.482021245938
66583.04265387222 9.864824189838478 45477.84128424644
67020.83268059281 6.811041493799482 7376.172115754121
67122.21268678055 6.582023325813007 9994.138716112488
67845.00273089617 7.630044519647482 16732.15847522381
68230.17275440507 7.207711846449716 9901.664374112346
68381.53276364336 9.446410133139661 58095.22728510289
68470.41276906816 7.779895637381069 20770.02627401324
68721.05278436601 6.570605259883161 19119.463983949026
68903.74279551653 6.070297716579334 6313.860824088294
69146.56281033708 6.28340460200626 12659.75538825587
69202.63281375932 8.371226584780102 6202.638321442497
69208.8728141402 7.809727121066695 13374.441663116157
69215.97281457353 8.331254206836645 12752.89760732073
69345.79282249711 7.430686812013212 11098.361169344565
69825.87285179888 8.74855900453587 16120.519401505255
69828.52285196062 6.144583748411221 13596.53161896074
69839.08285260515 7.562338894718687 13814.557655872339
69866.70285429095 6.5897378045135095 6057.797719269389
70270.93287896318 6.52389128091707 8936.0456413217
70589.23289839068 6.4624473609816055 6744.404554489063
70648.9529020357 6.244058444310678 22675.848896647458
70770.55290945758 6.449668512547134 14702.21470855926
70940.63291983843 7.160377627015588 8443.497215766572
70965.67292136676 8.936956028703673 34283.86287502554
71047.04292633319 8.717102418997957 89900.30522092106
71389.12294721209 6.333280479784885 13051.130698504676
71493.62295359027 6.571684010588707 23055.900908852575
71505.12295429216 7.453926608273437 20525.70748411317
71620.72296134784 6.634968296295806 9037.481809062061
71651.92296325213 7.598313785122072 15421.980114323344
71657.58296359758 6.683411386777293 12749.633943284973
71697.16296601336 7.772249006628526 13049.574090762026
71706.40296657733 6.743373101698006 12872.078604137372
71734.11296826862 6.818288148343285 6326.418998012411
71774.50297073383 6.670503159704862 9361.510363036597
71814.7629731911 6.404505378290582 7414.782970365441
71819.09297345538 6.247310250580148 8703.86375389778
71837.5529745821 6.677117553716625 10156.92753155878
71847.15297516802 6.0220111256987225 11619.492750701791
71849.3529753023 8.068931408045806 26127.935216239686
71861.49297604327 7.731163867416077 12420.03226111228
71866.40297634296 7.034437222825706 20360.0955434088
71879.76297715839 8.607360322035658 13291.977062051059
71918.4329795186 8.445485077599557 12856.37525993719
71921.70297971819 8.072486077755793 24827.180571181445
71996.79298430133 6.238269396811103 6769.6286818821045
72028.14298621478 10.107359310681595 15519.011142884803
72070.78298881731 8.651454587817474 49360.66947430365
72095.37299031817 7.764515815150227 9615.938768330134
72099.88299059344 6.396754397014347 15863.89235730494
72109.29299116778 11.017504284920618 65215.45738691077
72206.86299712298 9.122335805144294 17275.63748050596
72425.03301043902 7.52551675192064 24226.284034098084
72454.68301224872 6.325190602520339 19791.956414030436
72498.68301493427 6.489156235456588 10508.082281106688
72512.8230157973 7.553110921793633 15788.676552941322
72539.06301739888 7.896032909361024 17517.699844174254
72572.9130194649 7.035240511800074 11449.324493966464
72595.07302081745 6.06973897483755 7687.351914852171
72601.79302122761 6.470133076248105 8864.863073648705
72606.83302153522 6.785928537144949 12576.797479914841
72636.46302334369 6.363588031509392 9403.925553019011
72640.13302356769 7.033161490632285 30929.800673746613
72681.95302612017 6.936734453340137 6785.772000080678
72765.2430312038 9.712969849694765 36904.024817081896
72831.5230352492 6.3602894338821825 6118.533441944516
72884.28303846942 6.4387834324279405 11214.65103450738
72930.98304131976 6.0490939400994455 6108.559604212326
72953.3330426839 6.32448874146137 13543.229600465782
72972.73304386798 6.6022141147746485 11344.972337723957
73008.54304605364 7.97803666374834 17063.08279483603
73014.8830464406 7.2299901693860935 18035.086288747174
73327.05306549396 8.453226775816812 18845.341636765173
73463.99307385212 6.760426588024811 13079.732784585487
73527.9430777553 6.306944009589023 8889.672462201359
73534.09307813068 6.884663668161378 20048.093718787342
73557.43307955525 6.588834027650221 13583.690906780555
73641.22308466939 7.5919643913171875 11406.329128924343
73727.2230899184 9.99832831019763 20608.65998394641
73786.07309351032 6.445219114330416 6887.983419246528
73816.16309534687 8.523202049206935 17246.88793432869
73902.27310060262 6.687609260755312 32511.803450191685
73924.85310198079 7.238220192692784 27576.452313403115
73966.1331045003 6.9687568137571905 8702.245748975212
73973.62310495746 6.458622821283837 18535.082084218822
73989.72310594012 6.4906715041499865 10420.441108573319
74017.99310766559 6.571981589399183 38340.82981576877
74050.42310964497 6.866466461232856 20389.250895940975
74063.31311043171 6.7924344800987235 17531.681384539428
74073.263111039 6.27205736186344 18760.523971991875
74087.07311188191 6.457774941225306 16648.525014143972
74095.05311236897 6.811753467517683 14945.508115405046
74120.12311389911 6.2894523842119385 21882.83684136493
74132.20311463642 9.605089114410708 42864.40418322842
74167.20311677265 7.774914069439348 14843.320403966432
74190.40311818867 9.126079094136166 21293.57353246341
74202.71311894001 6.57415435919365 14666.397101390732
74219.35311995563 6.896596054672883 24011.24930678867
74239.21312116779 7.599888998600804 20516.216026294103
74258.0531223177 8.844296252629444 58105.50102542547
74281.49312374837 9.288773275471247 284843.9797596296
74358.18312842914 6.639669631632133 12536.044579986292
74562.7531409151 6.411343343894611 6342.316356556797
74989.10316693745 8.566707055613122 17370.256074057663
75108.5431742275 8.551804848354216 10325.252191947755
75284.61318497395 6.450362044790009 6378.925389016152
75332.83318791707 6.354757146625046 7649.15250720846
75365.01318988117 7.825619990811766 10597.708744064174
75371.63319028523 7.891886344985254 9834.997129954183
75401.22319209126 6.2825462244545305 9390.82300794293
75417.35319307576 9.280731076953819 28432.169637765674
75469.6631962685 9.07385751305844 25921.48934785263
75475.81319664387 7.0760670069790095 51857.78513061657
75476.8131967049 8.721735317182473 40308.57754646965
75489.03319745076 7.456427714268419 120321.04756206919
75507.93319860433 8.741906599365935 25066.56132377297
75664.37320815265 6.99583174943347 8731.86328934298
76556.11326258015 6.738616747946401 6642.26428292861
77981.55334958211 7.16493229362416 14462.296644384629
78368.99337322958 7.540013704164699 12757.229034866854
78523.60338266622 7.015725303962145 6541.748076074823
78779.50339828512 9.384072410310905 69416.83180428308
78836.85340178548 9.53229303228108 61400.619443242096
78865.02340350485 10.770582522276547 79360.89576240095
78882.15340455038 8.931055777349304 51111.08641208146
79036.98341400045 7.107164331398855 11474.6072226129
79258.42342751607 7.123558989443951 12273.241120391163
79401.24343623311 8.383192852241544 30081.928493205985
79608.41344887778 6.548744802745862 9163.78062373564
79882.27346559287 9.79478470704631 65753.96553463879
79913.00346746847 6.402335477855577 7563.042680307612
79915.93346764731 7.327006720961492 14804.589065000227
79973.7034711733 10.007757855148688 52324.30692446967
80092.27347841024 6.970664909840482 47223.62307059876
80093.75347850058 10.12257279438008 46755.35881239615
80172.74348332174 6.051550977487181 8877.272005059358
81294.6535517977 6.504568635525501 10817.354055599963
81458.08356177268 6.144763660240762 14937.203555192325
84110.38372365624 6.482980412198708 25798.01309759811
85308.01379675377 6.496641434513315 13459.665071363383
85760.88382439475 6.280442931473568 59821.13560650082
85982.61383792809 7.566326510446784 21663.618217904816
86015.78383995264 6.576584016754275 19497.822102728005
86032.6638409829 7.45455944331213 22151.96813249876
86079.2238438247 8.561086797032724 24551.792256001077
