669.880040886233 7.605789414728233 27943.95357856059
681.3100415838649 6.656067795994498 22053.23281105294
1245.1300759967087 6.474250553176499 102714.36285191649
1467.6700895794731 7.021014763156505 33430.61899794021
1500.800091601568 8.157813547028637 26122.39025685656
1533.3300935870418 6.7454260095902345 24519.156398317282
1574.80009611817 6.58516253822385 32422.211258160514
1779.7301086261052 7.4005162530578845 50913.72332536103
2055.610125464485 7.318614554502187 117440.94808947136
2113.330128987435 6.32266917802901 64679.93747676799
2547.1401554650975 6.085550269755986 32422.335941447356
3235.9401975061155 6.640792365515493 105497.90155826989
3490.020213013929 6.230038298821494 396468.06754710246
3490.440213039564 7.361905792823788 228570.59500697206
3507.5702140850963 6.5394427603284235 186879.69146811543
3723.4802272631973 6.248305039886574 512268.55366920686
4093.950249874893 6.327186521773309 31005.566965028007
4329.500264251725 8.639906307535075 53243.13719665639
5208.560317905293 6.198907375173725 68200.72484945809
5925.49036166323 6.092070577864319 23007.131571666858
5936.320362324241 7.995079091226587 56058.377892938166
6057.230369704002 7.125582887605734 29130.9379788882
6197.600378271508 7.096364522280584 59347.327081025825
6453.07039386416 6.3096228439381 54004.06908747999
7757.790473497954 8.5363303732077 83903.69724380349
8312.640507363312 6.274927888808627 615330.2639024617
8445.010515442536 7.886948408749579 32593.083050892295
11134.410679590495 7.56558100182632 36588.63142932948
12116.000739501998 6.520844352964854 37413.328063187866
12131.680740459029 6.0544679895175415 173743.54257656148
12162.100742315719 6.839254579725703 68241.08155670136
12519.310764118089 9.115427262757477 140102.4054312235
12901.250787429857 6.6050594632635224 30479.564512950587
15075.37092012762 6.1435206281394 126286.99309158928
17118.201044812075 6.634853675227272 29750.07109722465
19300.591178014598 6.251060497211025 27498.677643256164
20594.44125698494 6.074946262629134 53730.68728402424
20732.771265427935 9.208176767995445 41538.75625803397
20811.001270202712 7.445179522837115 80743.84588546139
20812.381270286944 7.251970545762997 54233.858231766906
20827.481271208573 7.083472436725987 43222.14805695645
21231.431295863727 7.463839433813327 22710.174926050753
21254.611297278523 7.317403561099092 20981.30704278604
21302.26130018685 6.717718052246881 23424.988768544707
23005.291404131556 6.653031873999437 21371.455363403707
23037.141406075527 6.681063071528722 19904.432409738532
23176.861414603358 6.949478729352248 18800.44208210359
23687.021445741055 7.204632211070819 32325.12565005518
24668.301505633637 11.380482820586785 512295.8263196565
28023.251710403547 6.587331805013666 192273.8474649364
28048.3217119337 6.815044248402509 145480.83528853778
28051.361712119244 6.528492927458652 106518.7767216376
28702.551751864732 6.997565532699752 38903.43764721641
29760.691816448474 6.195182629629972 141962.07708585335
29794.051818484608 6.220194037254121 67505.92064384272
29844.461821561392 8.200240364887401 46608.39827427268
29951.13182807201 6.01329218872384 434700.6284996171
30230.711845136222 6.640011460551726 1137454.8106686212
31171.561902561152 6.395866331312875 239490.28474661033
31810.9319415852 6.726107290249024 44331.190001921874
32543.231986281247 6.34796966930228 4155938.3197687385
33244.45202908033 6.119035841313758 33372.24737916439
34285.102092596564 6.318671677221217 40975.07874371511
34351.27209663526 6.69151338721161 47908.63787831798
34383.642098610966 7.324883034301623 34202.13080347736
34721.832119252445 6.171311568386936 32621.812787688734
34734.882120048955 6.0393594393472085 47524.97409591651
34843.69212669019 10.524383221052771 159244.61098978607
34856.29212745924 6.688961275602859 88173.24520513686
35089.552141696295 6.995918899306196 52612.12097561556
35748.34218190565 7.510453153636485 55168.12472306642
35777.012183655526 6.549939292405347 52696.05865056874
35864.96218902357 7.4065385762093205 70173.43523001541
36002.262197403696 6.509782969871768 110128.91560357116
36084.91220244826 7.298683105052373 80468.74496071438
36228.10221118788 8.301739425685835 103271.52398197706
36326.8522172151 8.906668233485505 58277.39566119892
37051.192261425305 6.392799380431924 19606.56374678256
37157.212267896255 6.754143263613123 23503.994789660836
37256.18227393691 6.030279345710817 20991.547489196324
37882.62231217177 6.721215091871914 36054.60097029492
37889.35231258254 9.630487559131 115030.53966621074
38240.002333984514 6.261665247672795 63208.44263256287
38753.07236529983 7.603257171043375 76447.10031768729
38985.13237946365 6.644310989183443 22017.155902506012
39059.25238398757 7.077415646732945 36065.68549497985
39093.41238607253 9.649969239118057 187436.01385033637
39107.21238691482 6.879315446262901 65823.36894448122
39598.08241687515 10.517075465815607 317295.6647343875
40074.632445961455 6.6700814120356595 43644.34948377768
40195.01245330887 6.423651363870329 34949.19965573751
40213.12245441421 6.564919552646839 24524.995858827
40268.80245781265 7.3326074709311815 69551.76560887291
40292.3224592482 10.469128388961881 98865.87465424156
40308.12246021255 7.506065977178933 98652.12984296396
40309.552460299834 6.2376596795730705 70008.28773311274
40316.522460725246 7.4912162904575945 69356.81594575476
40346.072462528835 9.075671894385698 109580.543829037
40347.35246260696 6.708824349535607 85681.32678733936
40391.36246529312 6.07559800095844 71006.68956126303
40409.632466408235 6.975639088891497 84068.76620145713
40415.81246678543 8.496531502386254 84605.25401733341
40484.33247096756 8.422970390533287 82374.46686941558
40504.812472217556 6.0511919582234155 36951.942486105305
40748.732487105255 6.572293015409932 52515.66792539393
40833.23249226272 6.438409659189674 51916.22242536724
40896.15249610306 7.231159406831877 99531.66974535598
40913.392497155306 6.955942022477339 51666.765187491495
40936.552498568875 7.126742998029527 82377.11357775622
40950.88249944351 6.481028513580475 69894.20339148972
40959.442499965975 6.240810698511957 65194.04230482701
40962.43250014847 6.237391750944801 54954.88474136725
40996.13250220535 7.148042443090453 698163.8026541874
41048.36250539322 6.884295071353525 44485.96717149162
41054.35250575882 8.569187593450497 91520.8895187346
41056.93250591629 6.741941991242687 180898.34858405872
41058.532506013944 7.719803386015347 139110.4550263713
41113.82250938858 7.427550934624447 163434.44357517196
41115.60250949722 7.175921553809313 126376.45904311289
41124.35251003128 7.025197894669377 110806.05414092932
41132.84251054947 6.2758890967644 69388.77121322852
41154.03251184281 6.1567678465050335 78143.32228321322
41317.13252179764 6.409203923321582 42366.86068212245
41326.62252237686 12.084018174080384 477095.21599249245
41344.00252343765 8.65424842013474 66345.64338089687
41394.45252651688 7.190748083280831 35389.905353262475
41465.482530852205 8.438442009594656 52623.98646854065
41539.66253537979 6.320824374755389 4742199.748872572
41541.182535472566 10.94385705585168 10645335.829263682
41542.69253556473 9.694293777464067 10645335.829263682
42453.04259112809 8.526607335310473 90577.14778544375
42809.5226128859 9.673532613276837 137356.79649171035
42833.37261434159 6.558144170984256 27035.668610201858
43014.94262542375 6.691110675996449 36512.80887917356
43579.682659892744 6.326830353222786 33106.0605073701
43691.17266669755 6.5858185685675785 33532.27992944611
43706.952667660684 6.07922057157952 75972.67808606838
46027.68280930681 6.706755004029617 75624.08571522914
46155.572817112596 6.276583514540422 64249.548331378915
46564.802842090015 6.996640646943186 26345.095934391127
46631.272846147025 6.07905381540364 19387.886120898434
46788.44285573992 6.601133525122709 20327.421362392844
46896.87286235797 6.2235839711022605 22142.61942516653
47059.73287229815 6.30779385536242 16930.387525976956
47400.7928931148 7.3348252301734105 48916.33807015548
47751.06291449359 6.049308646199053 580916.9587760959
48462.9429579433 7.312682507505108 13023.39501353387
48760.152976083555 9.628485148128554 60981.0851999239
49439.53301754962 7.908185830577493 19691.417335901227
49680.463032254826 6.053187315209117 20898.562395676785
49691.643032937194 7.415823553871261 37846.25249763829
49801.73303965656 7.538906138051638 15699.479625492038
49850.293042620426 6.527217975419124 14755.190839549168
50165.1930618404 6.459657759533213 14105.192270011794
50246.703066815375 7.891694270980923 15289.884875867201
50302.72307023456 9.099040823105705 16270.629292341755
50600.40308840351 8.1179889991199 15194.008740813671
50895.72310642841 6.069420379418943 33702.23594232149
51079.43311764118 7.073006497893797 14866.724142802314
51177.11312360309 6.919433623628167 14499.073489122127
51245.573127781565 7.055242032049355 17578.494790093362
51358.0531346468 8.475856914434964 16251.031378446349
51378.56313589863 6.5446028615354805 17212.698783692726
51398.043137087596 7.93403669304722 10892.535334709039
51411.07313788288 7.01805324700816 7316.105792808033
51436.44313943134 7.749479994115922 11759.743211562385
51444.15313990192 6.849997213243519 13451.640451364945
51598.72314933613 8.369084202823379 42989.15276320952
51670.883153740426 6.407505163893118 26918.159409772798
51801.073161686596 7.542084001412152 28226.468748828494
51812.19316236531 6.669228596654912 28191.19941117098
51918.29316884113 6.422133273835211 17663.367166989854
52002.04317395283 8.987179094525198 20356.806663756568
52173.30318440571 7.210336726005777 11631.915833857065
52191.82318553609 8.126508240926324 22352.117341164343
52293.77319175862 10.652304395777849 23395.728247687886
52407.793198717845 9.792698293902891 14704.008460363397
52429.66320005269 8.163599301430185 16605.023959042628
52434.523200349315 6.410880984327524 15853.745356945668
52485.3232034499 7.489098955447461 18215.939257668262
52501.853204458814 8.495379062140419 15840.361833124882
52538.983206725046 6.563575796256492 10390.893905226554
52586.52320962666 7.107397059096433 16372.241133154486
52656.88321392109 6.457265287709257 9243.216820842877
52696.64321634785 6.4215324936307105 5711.6580819655255
52758.21322010579 6.335634996098701 9771.489958619837
52784.77322172688 8.63526267829775 29397.541271230642
53082.98323992817 6.193664897336715 8425.880822857094
53091.08324042256 8.202816583369055 15627.41240702736
53400.113259284255 10.097039359418043 170466.56573442463
53425.08326080831 7.739947711155014 21684.00307944054
53618.41327260823 7.501193877443035 18893.028821843727
53672.97327593831 6.758109247753391 14010.402432628047
53673.53327597249 6.665379118215914 12817.112593132239
53695.753277328695 8.475763183943252 12351.131821003426
53709.04327813985 8.972359238331052 26543.564648518826
53710.623278236286 6.008161630305666 59527.15574229874
53712.01327832112 7.8316448112296415 64469.50224338295
53863.043287539265 6.4626924977975175 21009.971445628948
54003.43329610799 6.152833008282126 11179.669130554466
54673.46333700338 7.019748258684536 26158.038171224372
54753.31334187704 6.639675919735347 39122.09010308083
54764.913342585045 8.763106239673363 69104.0600403086
54950.143353890584 6.386042054562037 11008.238913380397
55387.07338055868 6.947701347487487 37016.18150939242
55722.813401050626 6.453181486725672 16636.340104719086
55920.0534130892 7.26358948397137 14188.90434921571
55989.453417325036 6.536180655917306 11082.743085325716
56184.523429231165 6.676512805689983 12627.609828755594
56520.663449747524 6.956618548617895 8109.164551734869
57035.64348117941 6.092731796209119 7764.771159214476
57382.453502347016 7.262163467662884 8705.626611846192
57542.513512116304 9.392407125128841 18935.86598200205
57679.343520467744 7.044412195277485 8543.164027473693
57713.41352254721 10.376682529002558 53443.55064384432
57741.74352427634 9.994713986951131 23149.738518428414
57956.49353738364 7.088006081081378 10712.588527086376
58001.44354012717 8.53036421043259 38204.20695652917
58012.76354081809 9.909444338901434 31990.363125571257
58081.13354499106 9.131181437193051 29991.363257523804
58153.88354943137 10.270545075456676 67529.58895068437
58174.9735507186 7.0621390842984955 30906.487357483897
58317.343559408175 6.225353181943883 6809.178655640922
58322.123559699925 7.591237647606796 19548.52458000476
58444.56356717307 6.041838691624177 6316.210235514276
58515.43357149863 9.555889182364606 13954.10333862841
58729.763584580294 9.181242253851373 19457.729703101122
58826.673590495215 10.030992177360911 25896.953810710664
59108.68360770774 7.53633755777944 6939.647845313061
59117.303608233866 6.119423494789477 5796.762341849425
59126.063608768534 7.644921852989473 9820.806685812047
59228.92361504661 6.700925478347553 7229.503750813093
59705.11364411094 6.19898042142975 8875.785645585132
59755.22364716941 6.301913576746506 8925.267848569174
60263.69367820396 6.791651162792982 33495.50516724355
60750.723707929916 7.835906621796488 13306.32180674226
60756.083708257065 6.110422872685314 23849.232354438158
60772.76370927513 7.61964376536203 17168.356942232775
60796.85371074547 9.064784450734368 16449.563078376686
60818.54371206932 9.430023391256217 21546.21020860162
60934.33371913658 7.411002502077057 8571.2814836217
60955.00372039818 6.296677456966658 7382.374259748497
61134.00373132347 7.942620212877417 17861.178154061752
61149.12373224632 9.669043468708233 32239.9028474632
61461.04375128441 10.270473622301296 18546.05181265174
62010.453784817735 10.04585517586734 35978.32114888416
62034.21378626793 8.936556018362744 23178.08863570406
62136.01379248131 6.076140156140419 5400.581954574816
62328.3438042202 9.32484009258751 21690.658809077388
62551.16381782006 6.941911473760622 20033.440824375142
62616.1238217849 6.8368085716910985 13077.537755838053
62639.00382318139 6.846248752871212 13826.711658821068
62684.50382595848 6.684533944120961 15624.79933783542
62746.083829717034 7.010870485511835 7101.32082264681
62799.41383297204 7.510072035727733 9073.440440312661
63043.89384789391 6.4113441336082175 8137.416699187668
63095.99385107384 9.189968075409599 25318.303995837592
63402.88386980492 8.470083005125794 13998.849545765052
63451.14387275048 6.0966649708787735 6907.767953621522
63485.25387483239 7.092730273060663 6934.432383732572
63651.34388496972 6.659782116533469 13748.216009569076
63661.30388557763 8.073840681251676 14214.169905304949
63717.46388900536 6.487629551272594 10881.453371577902
63727.62388962548 7.143211262720144 15225.31559651878
63753.273891191035 7.1239220468132896 5184.008796283946
63761.53389169518 6.2482416846051185 4340.227695535962
63865.703898053216 6.224532328654876 12852.98362654266
63874.45389858727 6.711307813978247 6993.533173157257
63975.01390472497 9.746892624953931 28056.31585932762
63987.80390550561 6.195379249430598 12902.585490956717
64033.90390831933 7.438657530143412 9041.563358475487
64114.68391324975 7.082420561851192 9722.958540974581
64122.2639137124 7.994024513409188 24286.975271811276
64153.72391563257 6.055044933872975 26286.575760577187
64156.52391580346 6.560170492657362 22123.781746696677
64177.40391707788 6.1757790370497725 13722.386920299296
64188.01391772546 6.7036739465010475 14094.850751861484
64209.87391905969 8.354352423372765 48449.058123496085
64575.02394134668 9.844499434076997 54086.82893790539
64584.273941911255 8.50403422982605 54526.34729802409
64729.2239507583 12.437862594402953 739021.4982691809
64887.1739603988 6.377158412401937 15292.735089091877
64949.18396418359 8.87043912502917 18205.070384003022
64998.113967170044 8.080046984125827 19617.82019811751
65134.78397551172 9.42393949659229 22384.775098096634
65338.22398792871 10.205998673097552 20548.93007672162
65402.51399185266 7.691287673637073 14100.436252099142
65487.54399704248 8.990440399175688 13027.157409448308
66076.24403297387 6.649688777015001 9728.982715238844
66235.80404271265 8.578742339140097 12775.959296895398
66327.83404832972 6.07067404979246 10314.342005925544
66464.65405668055 6.322466889471557 6815.733326476474
66506.18405921533 6.211444516332714 21643.64559719438
66517.51405990687 6.8324458234032 6637.864810598897
66611.8240656631 6.142605617713153 6544.511332229232
66670.83406926478 8.380919534431692 10718.966114633751
66814.15407801233 9.006413431376245 28675.656136018453
66928.84408501246 6.095783208842377 5477.638587758374
67228.80410332057 6.20724812022309 7605.180856024901
67255.76410496607 6.574747521732551 8916.566716854973
67316.2741086593 6.898754982033773 11756.5344123334
67368.98411187647 7.963447179628317 14173.201528124077
67412.13411451013 7.863850664594227 23123.896741830395
67455.25411714197 7.85842891585063 17443.52254915989
67514.71412077112 6.104993430118588 7836.10008217536
67653.9841292715 9.65677208102529 64735.83744466336
67685.60413120143 9.216328561143511 13131.482497866893
67702.04413220484 8.521811574079237 10506.036352389428
67715.62413303369 8.66908437069167 18294.844694943615
67716.79413310511 6.59631123203151 16584.077674089487
67758.7041356631 7.326005929169687 8227.464349169803
67773.96413659448 8.045499387735177 8169.022057375091
67840.2341406393 6.248050118682141 8204.4517286985
67901.08414435328 7.9726761452663535 14626.807309640813
67955.84414769556 6.45416567784069 5615.1198786314235
67988.38414968165 6.639256688509371 13663.962391394969
68038.29415272792 6.302796204528129 8587.236744686365
68041.09415289882 7.404503992955511 17228.318258089545
68074.6041549441 7.625570950516845 13641.001903525626
68176.52416116481 6.092573390721416 15793.665529120932
68201.88416271265 8.029949496909634 22951.69559546831
68591.00418646265 6.551531141031253 19310.6013829776
68643.96418969508 6.591891175433683 19335.07768654493
68644.64418973659 7.3971988344449455 24595.867089052022
68683.46419210597 6.356496286089492 16547.95160150787
68684.77419218593 7.563977117801469 15895.787989526465
68795.25419892909 7.689785733408806 17655.563454677238
69058.95421502406 7.865786640154889 12266.41741883682
69103.15421772182 6.014139807423977 7851.7989014851255
69150.88422063502 8.007896930865114 15300.183775909509
69163.87422142788 6.742542673871778 15360.075262882863
69208.70422416407 6.34457687388214 18826.031117215523
69252.47422683559 7.115612498975397 24035.01668540546
69253.82422691798 6.980177836471365 18334.975692353586
69269.48422787379 6.3053318089719115 77873.27458581747
69272.4842280569 8.365798738768724 77873.27458581747
69655.82425145412 6.680032668811625 11626.970735073275
69754.25425746181 8.512834774214095 22142.353371505927
69809.7942608517 7.222289267871898 7845.5840766952215
69848.61426322108 6.608482781853998 6113.612710099393
69968.8042705569 6.887826054748435 5759.6595694225925
69984.40427150905 8.774389335232085 10656.054914653694
70044.61427518398 7.400750890738507 3844.4601513942753
70111.27427925258 8.367924877269541 7766.416117902778
70187.17428388515 7.799057272365 4586.257369094069
70224.11428613978 7.760969470580429 3701.9560067393895
70273.71428916712 6.054781906146186 3325.9754388732445
70288.54429007228 9.104843305104223 8709.157475886315
70393.92429650416 6.715983743626025 5400.740217253805
70441.74429942288 6.625217230983898 10851.868025535055
70480.62430179592 6.385565261757264 6870.251988388784
70512.95430376918 6.35556418172435 5907.493347147894
70526.25430458096 6.959501045654595 5828.435877672481
70537.95430529506 7.243678300499401 26290.261437717534
70539.8243054092 7.124658988849625 22100.954009977304
70648.8043120608 7.097085148210681 33860.44694366728
70654.27431239467 6.985359995012292 35570.27203997785
70689.83431456509 10.213449566946549 23090.786054949007
70739.10431757229 6.388203664634111 4664.123490310228
70952.6143306039 9.091148326108085 10382.574426349125
70959.45433102138 6.75606308073271 14054.654136697292
70960.68433109646 6.431361690582394 10934.320251027513
70964.86433135158 6.429271003173057 60020.29030556064
70965.64433139919 8.39947439314638 85843.4359544725
70968.18433155422 7.109516245716857 78316.89661537379
71364.25435572842 7.9977552831608305 6597.680916596069
71441.95436047085 8.407927417153523 13931.788636124145
71501.01436407559 6.303009061818401 4655.145900467967
72028.07439624477 7.903511430470132 31094.907948638836
72047.01439740078 7.20195045327366 10669.340911050384
72777.15444196499 7.982039992983253 6049.381540932401
72792.84444292264 9.158858994652077 10199.192164504733
72846.39444619107 9.310946249738754 22782.527123778425
72855.55444675015 6.953331903566332 11306.935820903156
73103.61446189054 9.614947754890606 15511.88549244717
73299.59447385221 9.895425891199123 19405.92135516551
73385.6544791049 6.145202045861968 7128.475520377801
73391.7544794772 7.20955416713692 8152.783795035811
73449.11448297818 6.945039077163745 10588.815311088705
73499.78448607083 8.172664650517406 14024.249858373696
73506.92448650663 6.601071938170772 27979.08885390454
73553.78448936674 7.407237664018075 15563.422063286993
73581.1944910397 6.029252338556427 12866.547403952298
73653.27449543912 7.8824482714799355 10710.645035510566
73683.57449728849 6.734818766372282 14221.1731712712
73697.10449811429 7.908570407115754 9456.742454136562
73837.14450666166 6.248452587276218 5121.0498657068765
73913.74451133695 6.392620554224532 26991.62331360255
73914.6645113931 7.756394912934172 22352.206758860455
74290.94453435941 8.81525888531967 13021.788088320733
74352.17453809659 6.2372379697242115 6147.867637309662
74372.70453934964 6.008320538157778 8211.881710598504
74436.8145432626 6.94772741096985 17476.97373547434
74750.82456242826 7.628888908111023 13632.115458001803
75105.29458406339 8.170926055269897 8075.01945733241
75240.65459232511 6.295560199237194 8475.092245119797
75361.1045996768 6.823475758464216 4538.399118650456
75391.19460151334 8.320862925848862 7393.669239898483
75397.47460189664 7.162048705770941 12622.890147992344
75401.42460213773 6.61864129137365 25260.859203057145
75679.18461909085 6.239348572558133 4132.904082521003
75980.05463745451 6.4493776046796905 6827.795658401461
76089.08464410917 8.522767905699867 44907.257222258
76091.36464424833 8.098520556125763 40265.693125895756
76182.39464980437 6.524448096711318 6823.581881271794
76328.7946587399 6.162115280737116 3785.8225996311157
76386.44466225858 6.168112843870864 14708.48442437125
76444.3246657913 6.7705318431688735 7999.020765912008
76454.75466642789 7.703257597790673 33238.23956619152
76512.98466998198 6.612462076120619 4139.005628538449
76568.60467337674 6.365336756025245 9468.45841620181
76591.86467479642 6.830034236201183 5808.2390999719
76607.51467575163 7.672577089288776 10875.776617681793
76617.36467635282 6.163702209192215 12021.795119634655
76655.81467869962 9.152903192171797 44509.780937074764
76956.55469705534 9.807353203769559 25421.550437170266
77530.60473209257 6.527041131809141 4746.798150590243
77912.37475539396 6.722195112448183 5224.530157542194
77950.2747577072 6.149061782492146 5845.917253835409
78213.73477378752 9.458736573179207 21246.774589957648
78489.38479061186 9.851547968364116 37224.12316565574
78526.18479285795 9.565195863891136 13779.957922885033
78615.24479829374 6.2148369146287195 13158.42784676939
78660.82480107574 8.304182535326783 9360.304655554715
78668.05480151702 8.440256123756168 14120.165598355612
78684.52480252227 7.8037662745206005 15362.67226687243
78687.21480268645 8.909014857150048 60175.78530051794
78777.19480817839 9.092838781484677 10233.124196322791
78895.84481542022 8.258034126751092 6566.102302572483
79243.39483663299 8.705039664403243 19523.984670301707
79316.22484107818 6.756943943313959 6007.354999983308
79500.8548523471 7.11410652696734 8446.05016488425
79554.61485562834 9.605937171323227 16959.862902378532
79595.044858096 6.4378675880383724 8202.766520491175
79605.8648587564 6.7128533755290904 11444.796014144555
79779.44486935089 6.460827937910551 19133.366203580983
80170.19489320037 8.329754406441614 11327.429674329132
80212.8148958017 6.806926217212766 50825.91212566434
80214.29489589202 8.90973066251282 100912.36524065786
80216.94489605377 8.765703237671051 97952.2368213862
80444.92490996855 6.726535935398106 11740.601870131157
80626.46492104889 7.448746183689991 6822.8232113754575
80665.28492341826 6.553311266065832 11283.194868003271
80675.25492402678 8.000241987008975 22899.744045818894
80812.244932388 9.526924014867499 22947.419679409435
81236.06495825591 6.064660984258119 14592.957205023971
81292.0749616745 9.205200032672114 18865.905564012883
81324.99496368377 7.824229178871275 14812.176876865225
81443.87497093964 7.006175495209026 6532.695703815048
81687.58498581451 8.073211927499614 33165.10183791314
81688.99498590057 7.698122347094626 56542.200430686295
81701.58498666901 7.661478523871683 30280.69669555664
81723.08498798126 7.940356509302037 19285.77155696115
81727.01498822113 6.396316260128312 22507.36522460484
81754.25498988373 6.5274913599052224 16005.3196446387
81755.34498995026 7.45455977577626 15121.303701083229
81803.52499289093 7.4048803710425855 15544.555379651056
81805.06499298492 6.75955652756152 11418.473664386618
81874.2049972049 7.436744010891773 7717.588161472765
81917.11499982391 9.392602206445646 18066.973934764403
81959.06500238433 9.033999306212502 16501.177535775623
81959.69500242278 6.02337344132447 14900.899729754841
81990.06500427643 8.718601397219672 12769.637472243065
82029.37500667572 6.465457623407762 15097.644419659797
82030.77500676116 7.534388169623787 14619.277499904058
82036.45500710786 7.228347536375756 28319.96065555793
82098.24501087921 7.375420429281684 11571.059254124148
82304.79502348602 7.239223673395119 14647.934108129743
82312.74502397125 7.367357979167505 22240.37377858979
82316.92502422638 6.8000995808183005 32321.592377924822
82437.28503157257 6.271344725590507 5736.464853115859
82509.4650359781 6.201359489950045 4472.018055038368
82534.40503750031 6.927761885419929 11807.844251424789
82547.90503832429 6.382294847263259 6673.7083733877225
82559.26503901764 6.245683152954419 23342.123193745945
82685.84504674347 7.828355763485779 7594.082156772351
82900.80505986359 6.593655146990709 7364.229494208115
82922.7350612021 6.179852779937385 4728.142720655584
82955.6950632138 6.021816600936589 7978.812235224242
83222.09507947358 7.909711922272951 6747.9333660644215
83231.91508007294 6.324332215311352 6972.388639566345
83284.6250832901 9.030340655365919 9833.567401628045
83290.5150836496 6.587119053434911 8234.41865521419
83313.51508505341 7.847158254001808 5118.093965256479
83321.30508552887 8.854365369355158 11729.597505136522
83516.67509745332 8.01700545453357 10774.441800110424
83532.35509841035 8.128694198169388 11167.30580128098
83567.44510055207 8.695881219488733 20308.633203374557
83622.79510393036 8.137206502715904 21641.481200519313
83640.18510499176 6.2423625080752965 58582.0421281351
83844.59511746796 6.876348984113319 10097.757776092803
83848.2951176938 8.140895000361628 16800.518890019215
83903.185121044 6.091481253868126 11997.330278513908
83959.44512447785 6.310624932923733 12951.48570810269
84083.31513203827 6.4962303819227545 25814.91047845286
84158.9751366562 6.475586848466301 24211.629838666133
84170.0851373343 7.133351833422181 43756.95911986452
84252.50514236481 6.355992149182654 58104.1649477277
84332.51514724824 9.006387612474407 295293.23888527777
84597.73516343598 7.915122846446308 63747.459445767985
84599.90516356843 8.46936577284265 43423.907937656375
84687.51516891572 7.331732701325486 40392.002740739044
84694.26516932771 8.799869555805904 62296.77179201423
84711.79517039766 7.943034906927012 25406.652638001535
84765.91517370088 6.037972978510893 15398.421347357815
85100.855194144 8.543243249752923 37166.09628278988
85144.22519679109 6.801580271912686 35123.07586234842
85267.48520431429 7.131223730799814 32486.464583792524
85296.35520607636 6.457213468284461 29021.96832345446
85300.55520633272 7.199951939178107 27148.61027202138
85306.54520669831 6.374864130677547 20614.37959061839
85345.70520908845 8.739447433674668 29536.81974048476
85353.72520957795 6.6966984245544765 18992.04212553062
85355.96520971468 6.351557416819928 29173.295085668076
85371.355210654 6.958462973959697 18596.81632476023
85416.27521339571 6.853183284101628 23651.68581607263
85417.02521344148 6.020475643264766 16123.25911332654
85439.66521482331 6.702264099128678 20353.23174683379
85456.20521583284 7.092976321198944 45259.152706479756
85492.26521803376 6.338045979308555 13225.995636904205
85510.66521915681 6.552657909652438 9809.301244949676
85513.70521934236 6.3304177221620375 13270.009382169785
85557.06522198884 6.88542404648125 22630.303470268267
85576.96522320344 9.360000853102688 54349.91442396762
85588.9052239322 6.775794512197791 32881.65236235081
85597.48522445589 6.357051423389051 28878.801879107905
85864.03524072481 6.5652053739666245 26855.075744459256
85873.8752413254 6.7563057431886095 64943.72764587948
85946.9052457828 6.205896589746421 23546.9361408238
85956.39524636201 8.800634880831367 64130.057080256876
85968.22524708406 7.225528051729738 24083.368968376435
86220.85526250338 6.917519444260072 36296.08742124758
86383.50527243075 9.287225804031854 114480.04842617744
