481.1000293640155 6.0790516912176695 18305.096861761474
1126.9200687817424 7.48250288214999 354047.5960008058
3955.840241445327 7.015325222621843 140023.30967565023
3973.5902425287013 6.071265885091595 225890.24086223502
5664.310345722067 6.754702146013124 31187.208690559393
9531.660581766393 7.907124080267884 18808.51932189391
10235.210624707679 6.381406519928647 16312.324423149612
11285.27068879826 6.563992395808158 765813.2590342476
11620.63070926701 7.500770607541981 396735.4209795805
14108.11086109075 6.323206373689627 27259.35649893939
14115.910861566825 8.989580735586053 60240.17226547383
14224.060868167777 8.165099242609598 73541.60433337578
14361.020876527153 6.055206728594798 883966.7289994345
15005.080915837458 7.2868257294280765 31227.302432050423
15050.08091858404 6.828448860146012 28522.153529805462
15055.150918893489 6.683237061641217 33960.66129528276
15139.900924066218 6.975976553150317 21860.247888681697
15237.79093004095 8.582550808084347 22827.21033842572
15248.920930720271 6.265096011903 22244.785806065785
17250.701052899236 6.6540061707736315 51570.84475423522
17407.111062445743 9.697507699675096 168219.11585990223
17709.08108087653 8.396055671774747 776027.9839769971
20230.001234741285 6.916237151518627 66970.84034429451
23664.351444357388 6.5613548334653276 225973.4940202567
23702.071446659633 7.192488232753448 160271.18355434114
23710.051447146696 6.301451795660334 97142.30560526927
24194.431476710906 6.5895199606536305 94666.26229982729
24608.68150199472 6.050631825997298 153132.50082244305
24680.751506393524 7.148311706805415 165183.32012017953
24870.741517989594 9.07114580309096 218056.9672510884
27058.32165150889 6.2176433968467135 38504.77029612813
32273.461969815795 6.010360710474191 370945.26875646616
33046.252016983155 8.716506022463724 156859.72858716932
33985.26207429578 6.661406538756961 936590.4403595108
35700.83217900587 6.143173401052826 22400.597451546266
35704.25217921461 7.2791195066527665 65180.51276903793
35750.652182046644 9.8099680076847 68932.6451880977
35847.722187971325 10.093780187458988 92736.3469076649
38544.62235257705 6.940982100946881 12259.163965451135
38589.272355302266 7.7136520210841955 20148.74093352413
38620.63235721633 6.486394827693393 16851.986943043845
38685.04236114761 7.517991848462447 38576.88367553055
38896.36237404556 6.82804983427497 21423.497640608657
39043.37238301834 6.332249425360231 21722.27556631316
39686.74242228652 6.285771946532319 109442.54151564752
41202.77251481766 6.467580850382653 167679.70724806137
41474.18253138321 6.470653916803939 134677.95090690334
41541.132535469515 9.110800755408897 4201736.787981351
41542.80253557144 8.540287054671328 4201736.787981351
44118.45269277666 6.294030632388648 95840.87612820236
48813.12297931659 6.150602187470051 13528.306240802454
49570.98302557269 6.089987810627718 66805.74599367203
50705.84309483906 6.023381875958244 15268.73415260772
50841.08310309345 6.385696781211073 10620.957005140097
52596.00321020527 6.936992125549466 11084.688642577326
52935.57323093098 7.013126763975152 78308.57130051832
54032.07329785603 6.087178948825598 4941.443519127158
56273.89343468588 7.141578383970836 8427.524266808063
57911.29353462485 6.353792322522784 6925.661032429463
58107.313546588965 6.171084157183751 14358.149033061509
60178.66367301414 6.16056052958217 6789.478736432168
60818.22371204979 10.21460622235096 23353.268907901147
64729.43395077111 12.599324262595841 422937.22911471024
65110.14397400781 6.484877286261975 5193.360103302495
66285.40404574 6.241156775670132 6517.874904017706
66621.04406622583 6.232309682945798 7170.1686101835185
69201.93422375087 7.0961440463063425 8025.882529084764
70654.14431238674 9.766003475486109 35205.66002202509
70799.27432124477 6.564800010886106 22968.268957293247
71722.65437760342 6.04531945003142 19892.43629669973
71888.78438774319 9.951123184790392 77031.95436224755
72181.32440559841 6.2368747367306465 5596.2033306540725
74485.45454623135 8.016974827848097 17145.463668511922
78243.09477557952 6.116732212357656 7709.290987312636
78311.2847797415 6.878151305359096 7810.060939114326
84111.78513377595 6.4066712954258795 18734.15657207785
85845.70523960603 8.160142968223209 75287.33466020823
