50.7400 13.4964 2.4254e+04
90.4400 11.2028 1.8041e+04
487.7600 10.4504 2.8223e+04
489.9700 11.5893 2.8223e+04
510.8400 10.5998 1.7279e+04
3174.3602 17.7627 2.3345e+04
3186.3902 16.2124 1.7626e+04
3696.3502 11.9050 1.1888e+04
3722.2002 18.2459 3.7007e+05
4603.2403 15.3250 2.8236e+04
4953.5903 17.5598 4.5387e+04
6063.8004 10.4974 1.1890e+04
6461.1704 11.1979 1.1374e+04
6511.2504 10.4724 3.5661e+04
6614.3904 15.1307 3.5062e+04
7003.1704 10.4425 8.1330e+03
7048.0304 16.8728 7.1793e+04
7073.7004 10.1662 2.0264e+04
7083.1804 11.2096 9.9725e+03
7111.2004 10.8659 1.4313e+04
8256.7305 10.1221 5.0104e+04
8261.2005 12.9756 1.0092e+05
8279.9005 10.0675 1.0167e+04
8322.9705 14.8405 2.8480e+04
9002.0405 11.0338 9.4607e+04
9357.3606 10.8373 9.2226e+03
9371.0406 16.0923 3.6596e+04
9456.4806 19.5302 3.6219e+04
10524.6106 12.2590 3.0981e+04
10586.6706 11.8218 3.1858e+04
10648.9906 13.5322 4.2129e+04
10670.0907 10.8425 8.6604e+04
10675.0307 13.5337 8.6342e+04
10751.0307 17.1920 9.5711e+04
11042.1307 12.3222 6.2922e+04
11096.6107 11.1877 4.1156e+04
11347.0907 10.7174 1.2420e+05
11655.4607 11.2136 2.4513e+04
11666.6107 10.8105 4.5238e+04
11928.9307 16.6593 7.6728e+04
12054.4407 11.8862 2.8045e+04
12122.2807 10.6080 2.0065e+04
12939.7308 12.6963 4.2316e+04
12975.7408 11.7311 6.3134e+04
13370.3208 12.3734 3.9789e+04
13774.0608 11.8965 1.9639e+05
13777.5408 11.4681 1.9639e+05
14082.9809 19.7216 1.2502e+05
14169.9909 10.5977 3.1692e+04
14196.0009 11.9487 5.7346e+04
14219.7009 15.8040 1.0769e+05
14276.9109 13.3991 3.3238e+04
14315.4609 16.1750 3.3425e+04
14378.7309 15.6872 3.9733e+04
14720.4309 12.0766 3.3834e+04
14783.6209 10.9729 6.4804e+04
15441.9309 10.8348 2.4755e+04
15481.4509 10.3230 1.0453e+04
16168.9110 11.4877 1.1957e+04
18006.5311 12.7279 2.8371e+04
18128.4411 10.3258 5.6216e+04
19130.6512 10.8662 2.0144e+04
19153.7512 10.6645 2.1907e+04
19163.6312 11.8938 2.1662e+04
19843.7812 17.5932 3.4871e+04
19908.1712 16.7256 2.8856e+04
21941.3013 16.0700 1.2583e+05
21968.1813 17.7376 6.8810e+04
21974.3913 11.3942 9.5645e+04
21978.6913 10.7159 9.5645e+04
22030.6513 11.3047 3.3135e+04
22309.6414 11.2449 4.2290e+04
22353.7014 11.7929 3.1350e+04
22452.0314 10.9474 1.5658e+05
22525.2814 11.1753 6.6509e+04
22574.2214 10.6717 5.1591e+04
22704.9514 13.7742 2.3192e+05
22724.6314 18.3657 3.2850e+05
22748.5414 10.4969 8.8519e+04
22775.7514 11.3705 8.3823e+05
22802.0914 12.7297 6.4340e+05
22804.2714 10.2171 7.0616e+05
23002.7814 10.0522 3.3549e+04
24388.5615 11.3294 4.1570e+04
24474.3915 16.8583 1.1295e+05
24497.1615 13.8261 5.1493e+04
25564.3716 10.0882 1.4016e+04
27782.7817 10.9494 1.0288e+04
27974.5717 12.3535 3.3154e+04
28101.8917 12.4776 2.1311e+04
29133.0818 10.8171 3.5905e+04
30973.0619 12.7475 2.2786e+04
31558.2419 11.7842 3.3793e+04
31627.3419 12.0938 4.1550e+04
31644.3119 12.2686 5.4975e+04
31911.9919 13.0371 4.5936e+04
32258.7920 11.0724 3.2326e+04
32370.1920 11.5386 4.5557e+04
32624.4520 13.6047 6.2946e+04
32641.3720 11.6794 1.0868e+05
32654.5120 12.8495 6.9845e+04
32681.7920 16.7139 5.0275e+04
33023.5920 10.7443 1.5037e+04
33141.2920 10.4549 5.7167e+04
34388.2221 14.3530 1.6885e+04
34997.9821 14.2913 9.8301e+04
35091.6921 11.6869 2.1785e+05
35156.0321 17.3467 5.2854e+04
35261.9122 12.7678 5.7622e+04
35481.0722 11.5251 1.7331e+04
35536.0022 17.6867 3.4240e+04
35575.1522 12.1854 2.4867e+04
35690.0422 10.1519 1.2236e+04
35702.9222 11.5593 1.7132e+04
35722.5322 10.5552 1.2536e+04
35759.2822 11.7315 1.6631e+04
36208.2522 13.6422 3.1510e+04
37217.1623 11.2493 3.4995e+04
37339.7023 11.0627 3.2268e+04
37677.4823 10.2965 1.3937e+04
37711.3723 10.6875 1.6244e+04
37756.1223 10.5452 5.4299e+04
37813.9223 10.9972 4.6358e+04
38072.7323 10.2997 3.9338e+04
38082.8023 17.8722 8.6637e+04
38100.4823 20.1040 9.5045e+04
38439.7223 12.2789 1.4072e+04
38599.2224 14.6544 5.0756e+04
38728.8824 10.1220 9.0069e+04
39047.4824 11.1540 1.7661e+05
39049.0024 14.0086 1.2936e+05
39907.6224 12.0575 5.0101e+04
39935.1024 16.4151 4.5313e+04
39944.5224 17.7759 8.1117e+04
40201.1625 13.6149 2.1316e+04
40205.1525 10.8853 1.9880e+04
40363.7025 11.7603 1.3044e+04
40381.9025 16.3056 2.0940e+04
40482.2625 14.4711 1.8867e+04
40704.9525 10.7528 1.5017e+04
41538.3225 25.0626 4.3683e+06
41541.6125 27.4913 4.3683e+06
41647.3625 13.2294 2.2288e+04
41692.4525 10.4280 1.1517e+04
41857.9026 11.7599 1.5325e+04
41995.6226 10.5131 8.3963e+03
42206.6726 10.4922 1.5042e+04
44295.7227 16.4751 1.2093e+04
45444.0528 15.7706 1.7027e+04
45459.4328 11.6539 6.6846e+04
45620.3328 10.0330 8.9333e+05
46328.2528 13.3586 1.6349e+04
46497.2928 12.2548 2.2971e+04
46503.4828 15.9231 2.3992e+04
46523.9328 10.2705 1.7683e+04
46540.5628 11.6493 7.8748e+03
46620.3328 20.5747 5.6293e+04
48757.0530 13.5926 1.8201e+04
48926.9030 10.5104 2.0904e+04
49034.4230 11.1209 2.0086e+04
49043.7430 10.5149 1.4210e+05
49047.2730 19.2253 1.4210e+05
49072.0630 13.5997 5.1109e+04
49152.2030 13.0483 3.7326e+04
49173.5730 17.8053 2.9773e+04
49202.1730 19.4871 4.3288e+04
49217.9930 11.5515 3.1637e+04
49226.1830 11.9266 4.3603e+04
49288.9930 10.9051 1.7430e+04
49354.7030 18.4270 5.2428e+04
49356.3330 10.6248 5.1966e+04
49361.8730 10.4522 7.6874e+04
49366.7830 13.4321 6.7013e+04
49441.7230 13.1128 4.0481e+04
49535.9330 15.9614 3.4690e+04
49540.9630 11.5447 3.0428e+04
49552.9730 11.6478 5.9794e+04
49557.7730 12.0133 2.5097e+05
49561.1830 16.7518 2.5097e+05
49643.5130 22.8638 1.1197e+05
49646.7330 12.6601 9.7505e+04
49688.9030 13.9450 1.8840e+04
49709.8030 13.0620 2.1982e+04
49728.8830 10.3853 1.2547e+04
49758.8630 13.5770 1.7802e+04
49919.1030 10.4674 1.8975e+05
49924.0830 11.4990 1.8975e+05
51153.1031 10.9258 1.4587e+04
51823.3132 11.1316 5.2588e+04
51827.2832 11.4010 6.8149e+04
51837.2032 14.0305 7.7334e+04
51839.6532 11.7297 1.7159e+05
51844.1232 16.9786 1.8303e+05
51885.6432 24.2603 3.2672e+05
51896.6832 12.7458 1.7708e+05
51901.4032 11.5641 3.8891e+05
51925.5232 14.4628 1.1869e+06
51925.7832 26.7238 1.1869e+06
51928.7932 22.5013 1.1869e+06
51937.8132 22.1666 5.2666e+05
51954.8332 13.8777 7.4378e+04
51988.9532 25.6724 5.8341e+05
52003.3632 12.4229 8.5145e+05
52004.2232 11.3329 8.5145e+05
52004.5932 10.1523 8.5145e+05
52015.5332 16.2698 5.8127e+05
52017.5432 10.2514 5.8127e+05
52025.4232 13.4623 3.3625e+05
52063.6432 14.6159 6.1758e+04
52071.7732 12.0187 5.5273e+04
52078.8932 13.3364 5.2060e+04
52110.3032 14.3639 3.7820e+04
52129.4632 10.3875 4.3239e+04
52132.2432 12.5971 2.9856e+04
52183.7832 10.5844 2.6076e+04
52192.7632 21.0128 1.6721e+05
52203.6632 17.6404 1.9991e+05
52218.9432 26.5118 4.2742e+05
52229.8032 11.8626 1.6278e+05
52233.6232 10.6236 8.9450e+04
52245.4632 21.0076 1.4504e+05
52264.8932 18.5450 1.2021e+05
52273.7832 15.5629 7.0898e+04
52280.3532 12.4648 6.3869e+04
52297.0232 20.6617 1.3526e+05
52353.6932 15.8458 9.5742e+04
52433.3132 16.9330 4.2267e+04
52442.0832 13.1141 5.4732e+04
52444.0232 14.2604 7.8537e+04
52447.4032 10.7391 7.3406e+04
52456.8032 20.3797 1.0888e+05
52478.2732 16.0527 5.2884e+04
52491.5332 21.5755 8.8219e+04
52498.2632 18.9745 6.7788e+04
52503.3832 13.2943 8.3244e+04
52506.6532 12.2171 7.4933e+04
52518.4432 14.8076 4.7245e+04
52536.6532 16.5572 1.1549e+05
52544.5532 11.8902 8.2964e+04
52547.6232 14.4785 8.6628e+04
52549.8132 12.9605 7.7397e+04
52555.1532 11.6828 8.1239e+04
52558.2132 13.6638 6.6696e+04
52562.8032 16.2672 7.2805e+04
52567.6432 15.3020 8.3456e+04
52576.2132 17.0976 1.4415e+05
52580.8332 15.0895 1.0448e+05
52584.1232 14.1714 1.0448e+05
52591.6632 17.4582 8.3241e+04
52601.0232 11.0943 1.0674e+05
52603.6232 16.2606 1.0095e+05
52619.7232 13.2560 1.0789e+05
52623.0632 19.2551 1.0728e+05
52631.8932 11.1096 3.6887e+04
52638.0432 15.0552 5.4972e+04
52641.9432 12.9117 4.7787e+04
52658.8832 17.3655 7.6221e+04
52663.3732 12.2515 1.0301e+05
52665.4132 16.8809 1.0301e+05
52675.4632 13.5301 7.2777e+04
52679.3032 16.7597 7.4174e+04
52682.4032 18.5786 2.0643e+05
52685.7832 22.2121 4.4819e+05
52687.4032 14.2513 5.5584e+05
52691.4632 10.9006 2.8244e+05
52725.9732 20.9578 1.3219e+05
52763.3332 10.4638 3.5541e+04
52775.9132 12.7467 3.5799e+04
52801.5032 12.3576 8.1861e+04
52819.3732 16.3865 1.1980e+05
52821.5332 15.6743 1.1816e+05
52828.8032 13.3350 5.3747e+04
52844.5832 13.6267 4.0848e+04
52850.3132 10.8911 4.2152e+04
52855.8132 10.5384 4.4416e+04
52870.2732 11.3437 2.6799e+04
52901.4932 19.5380 4.7113e+05
52906.0832 23.9159 4.7113e+05
52911.7432 12.5119 1.1651e+05
52921.7832 12.4561 5.9789e+04
52942.3932 19.9954 4.4076e+04
52972.0032 23.3462 4.3413e+05
52973.2832 18.0030 4.3413e+05
52992.3232 14.7602 5.5315e+04
53000.6132 10.8218 7.1141e+04
53020.0732 13.7095 1.1944e+05
53033.3832 21.1037 5.8823e+05
53052.9332 12.0688 2.2325e+05
53062.7032 17.3539 1.2084e+05
53069.9032 20.4694 7.5028e+04
53076.3532 14.2790 9.1726e+04
53085.5632 21.9882 7.0793e+04
53114.5532 14.4767 1.2744e+04
53129.6032 10.3819 2.0234e+04
53137.5832 22.1609 7.1007e+04
53139.6332 15.4682 7.1007e+04
53147.1232 10.8172 3.6861e+04
53152.1932 22.6075 1.0414e+05
53153.4232 13.3110 1.0414e+05
53162.7132 22.2779 1.3820e+05
53221.6632 11.0952 1.8182e+04
53229.7032 24.5506 1.0410e+05
53252.8533 22.4036 7.1955e+04
53256.3033 16.6017 7.0283e+04
53262.6733 20.3876 7.8818e+04
53271.1333 16.5651 1.1249e+05
53274.1333 19.3783 1.3842e+05
53277.9333 18.1345 2.4115e+05
53281.2833 21.2738 2.3901e+05
53292.1933 19.3544 1.4038e+05
53295.3533 16.0749 1.4038e+05
53300.4733 13.4275 6.9959e+04
53309.9633 13.1209 3.3281e+04
53352.3433 21.2298 1.8561e+05
53353.9233 15.2513 1.8527e+05
53368.4333 10.4800 8.0839e+04
53369.1633 21.9900 1.4023e+05
53373.3333 14.3037 1.4023e+05
53380.4833 19.4344 9.6925e+04
53388.4433 10.2012 3.6723e+04
53401.8233 23.0207 9.5238e+04
53407.3333 19.6763 6.3871e+04
53411.6733 13.7728 5.7250e+04
53438.7633 22.5994 1.0242e+05
53441.2333 14.0350 9.0243e+04
53452.6233 21.6755 2.0924e+05
53453.0633 19.6581 2.0924e+05
53472.4533 24.5364 1.3286e+05
53480.9233 21.7185 4.6873e+05
53485.0633 16.3076 1.8666e+05
53503.3833 23.5516 2.1309e+05
53510.0033 18.2625 6.3519e+05
53510.6633 18.5237 6.3519e+05
53517.1133 17.2087 7.1511e+05
53531.2933 14.5764 2.0661e+05
53537.6733 12.2450 1.8320e+05
53569.0633 12.1191 9.7281e+04
53576.1133 10.7363 1.0939e+05
53583.2233 10.4981 7.0424e+04
53626.5033 12.9647 5.3063e+04
53633.8833 11.5142 7.4579e+04
53647.4133 20.5188 1.6219e+05
53663.5733 11.2648 6.6060e+05
53667.3633 12.3564 6.6060e+05
53673.3533 14.9591 5.1129e+05
53678.6533 10.0531 5.8069e+05
53688.0933 12.8010 9.4326e+05
53691.9933 16.2035 9.1901e+05
53705.0433 15.9464 2.3512e+06
53705.6133 23.2377 2.3512e+06
53706.5133 14.8080 2.1890e+06
53707.5533 14.5785 2.1298e+06
53728.5033 19.3026 3.3891e+05
53736.7833 14.4296 4.4545e+05
53750.2933 14.2495 6.3926e+05
53750.7633 18.3612 6.2007e+05
53755.2933 14.6638 2.9266e+05
53762.3933 10.8838 1.0750e+05
53800.5033 26.1977 3.0188e+05
53812.2433 19.7029 2.5592e+05
53812.8533 13.2093 2.5592e+05
53831.1333 22.8682 1.9040e+06
53832.0333 12.3793 1.9040e+06
53833.9533 13.3770 1.9040e+06
53835.1133 13.6201 1.1238e+06
53884.5533 15.7689 6.1538e+04
53912.3133 15.8733 8.9622e+04
53914.0133 12.0804 8.8555e+04
53920.5433 11.6959 9.8261e+04
53997.7333 11.4122 6.4008e+04
54183.3833 19.9886 3.9549e+05
54191.1933 12.2823 2.9604e+05
54209.8833 18.1513 1.0476e+05
54219.1333 14.2930 1.5056e+05
54234.6933 13.4721 1.1190e+05
54559.9933 10.0832 1.2149e+04
54590.1233 10.6058 2.6718e+04
54598.9233 11.6838 1.2192e+05
54797.3933 14.8950 2.6438e+04
54916.4334 15.1002 6.3548e+04
56635.4835 14.3083 1.4456e+05
60817.2337 22.5802 2.6676e+04
62879.1138 13.3383 2.4765e+04
64730.3740 25.3162 5.7917e+05
65169.2240 10.0712 1.2540e+04
65788.9040 15.4768 2.9435e+04
65794.4740 10.3233 4.0831e+04
65815.6940 12.1626 6.4016e+04
65818.5640 13.8866 6.7870e+04
65824.9940 20.0857 1.1553e+06
65829.2540 10.5118 4.6034e+05
65831.1740 15.8729 3.8147e+05
65841.2440 17.6010 3.6144e+05
65848.6040 14.2411 4.7881e+05
65894.7840 10.3333 5.8301e+04
65896.3440 10.2985 5.7424e+04
65905.8040 11.7649 1.0951e+05
65913.7840 13.4763 1.2176e+05
65920.0640 10.6589 4.8298e+04
65926.6340 17.0546 6.0977e+04
65940.6840 10.7955 2.9353e+05
65941.0640 22.3658 2.8249e+05
66618.8041 18.3124 8.6362e+03
69838.2343 11.2723 2.6763e+04
71117.3743 10.5430 3.6289e+04
71140.5343 10.3232 2.1784e+04
71441.2544 11.2820 6.7142e+03
72114.2544 17.1389 1.5656e+05
72122.4744 10.8916 6.7996e+05
72127.2044 11.7062 4.5491e+05
72162.0144 11.3108 2.8457e+04
73714.4645 10.0518 1.0363e+04
75412.6446 18.2622 2.2582e+04
75597.8046 13.5537 2.6266e+04
75800.4046 11.6900 1.4874e+04
76610.5947 11.0063 2.7273e+04
76703.7247 12.6788 4.6156e+04
78309.2948 14.9498 2.2871e+04
84109.8751 22.6220 4.7128e+04
85052.3152 14.3732 9.3946e+03
85709.5752 13.3694 2.0875e+04
