190.2200 10.2609 1.1644e+04
622.2500 12.8469 6.9160e+03
637.3100 14.3230 1.1092e+04
637.8900 10.0923 9.8668e+03
703.8400 11.5256 1.4400e+04
758.8700 12.1445 6.0523e+03
2201.3601 11.1508 4.7896e+04
2296.3601 10.1807 1.2104e+04
2764.2402 10.2884 4.1000e+03
4686.4603 15.5825 2.6431e+04
4696.4203 10.3961 5.0014e+04
4696.9703 13.8196 4.6045e+04
6808.4004 10.3733 1.4315e+04
7452.5405 10.8913 1.0978e+04
8107.8605 10.1557 1.3078e+04
8787.4205 12.3586 4.2150e+04
8801.8705 15.3434 6.3672e+04
8817.3205 10.1591 4.6784e+04
8837.1505 14.8734 4.9100e+04
8838.3205 12.9816 4.9100e+04
8839.6305 10.3363 5.2383e+04
8854.5705 14.3302 7.0045e+04
9668.1806 11.1431 9.6912e+03
9725.5806 12.4138 3.3564e+04
11045.1107 10.7407 4.5368e+04
11588.9007 14.5331 3.9931e+04
11685.0907 10.1731 1.4228e+05
12265.4307 11.1005 1.2451e+04
12390.3708 10.6790 1.0866e+04
12746.3408 10.2963 5.8254e+04
13753.2908 13.4812 5.0212e+04
15480.5209 10.0364 4.0586e+04
16403.8010 10.3740 3.4195e+04
16687.4610 15.6185 3.0466e+04
16963.4510 17.8156 3.4638e+04
16979.8610 13.2077 4.6205e+04
16981.5210 15.4259 4.6205e+04
17051.6410 19.0423 3.7348e+04
17055.3210 10.0793 3.1887e+04
17078.8410 13.4595 2.6044e+04
18671.8311 11.2629 1.1761e+04
19909.9412 10.9888 4.0484e+04
20478.8912 10.7544 2.1533e+04
20862.9413 12.7607 1.1557e+04
20955.2413 10.3196 8.3510e+03
21165.0313 15.1873 9.7955e+03
21198.0413 11.4642 7.9672e+03
22028.8613 11.5911 1.0938e+04
22073.1813 10.1959 1.2202e+04
22313.5914 11.6084 1.2911e+04
22360.9714 12.3185 1.1544e+04
22533.3314 11.0987 8.7711e+03
23216.5414 11.3713 2.6400e+04
23221.7714 10.7937 2.3632e+04
24443.5015 19.2672 2.4493e+04
25431.6216 10.1451 8.0743e+03
27611.7017 12.4879 1.1998e+04
27898.5517 11.6777 2.2452e+04
27914.4817 11.6053 5.2835e+04
27999.0017 21.6977 7.3211e+04
28000.0817 11.7822 6.2905e+04
28441.7317 13.6399 2.7868e+04
28596.2817 11.3085 3.1257e+04
28662.7217 12.4481 4.3786e+04
28975.0118 13.6653 2.0611e+04
28990.0218 12.4562 2.5419e+04
29139.1118 12.3353 3.0455e+04
29205.6318 11.2558 1.9017e+04
30071.7118 11.6367 1.1882e+05
31961.3020 11.9021 2.1652e+05
32312.4420 20.6871 9.2095e+04
33708.0521 12.1835 2.8415e+04
34455.0621 10.1460 6.8010e+04
34518.6221 11.6780 4.1592e+04
34807.9421 10.7719 1.0569e+04
34992.0521 10.5086 6.4587e+03
35008.5121 10.2302 1.1099e+04
36120.6722 11.3978 4.8878e+04
36170.3722 10.8742 2.0539e+05
36842.4822 18.5485 2.2530e+05
37832.5023 10.3523 3.9144e+04
38075.5223 10.1408 3.4161e+04
39645.9824 10.3387 9.3835e+03
39661.9524 10.6763 1.8191e+04
39675.6524 10.0045 6.2327e+03
39688.1424 13.7776 1.4440e+04
39727.5724 11.8937 8.0463e+03
39775.7424 13.2535 2.6237e+04
40196.3925 11.0166 4.3270e+04
40346.6325 10.0180 3.5706e+04
40347.9925 11.2866 3.5706e+04
42922.3926 11.3823 9.7716e+03
42996.9426 14.4337 2.7575e+04
43008.8426 12.3384 3.6918e+04
43025.4726 10.8316 5.2237e+04
43539.6727 10.0612 8.3513e+03
44319.4327 15.6226 1.8096e+04
44325.6627 14.7076 1.8880e+04
44477.9327 10.6535 1.8740e+04
44511.4227 10.2188 2.1484e+04
44529.7627 13.0923 5.4812e+04
44533.7027 11.6224 5.5817e+04
45044.8127 14.7797 1.4493e+05
45612.3828 11.0534 3.1340e+04
45613.6828 11.1475 2.8485e+04
45866.7428 15.5335 1.1229e+04
45905.3428 10.1891 1.0687e+05
46221.4828 14.0588 8.7355e+03
46807.3329 11.5941 1.8884e+04
46901.4829 10.7482 2.0468e+04
46910.7629 15.0738 4.1136e+04
47414.1829 13.5948 7.4646e+03
47845.8729 12.6796 1.4832e+04
48581.5130 13.3860 8.3511e+03
48721.2230 10.4307 6.8608e+03
48859.5330 11.1684 5.7621e+03
49500.1930 10.1168 1.8040e+04
54934.3934 19.4548 1.1438e+04
56586.7635 11.0403 1.2945e+04
56987.5935 10.9044 3.6669e+03
57238.3135 11.8319 5.4889e+03
58172.4536 15.8593 8.1898e+03
58215.8036 10.8520 8.7420e+03
58363.4736 11.6726 7.1483e+03
58808.7036 12.0817 2.7038e+04
59592.2636 13.6645 2.6140e+04
59594.7536 11.7585 2.2982e+04
60128.8037 14.1269 4.5959e+03
61085.3837 14.1283 1.9139e+03
61093.6937 13.3045 1.6771e+03
61110.3037 13.8513 2.2652e+03
61532.6038 12.0043 2.0176e+04
61708.6938 21.4649 2.4061e+04
63047.5738 12.5143 5.6494e+03
63927.6039 19.7436 1.0925e+04
63993.4739 13.9197 5.2774e+03
64060.3339 24.8252 4.2634e+04
64391.0739 22.7976 5.2780e+04
64629.2639 26.1877 8.3900e+04
64719.6140 23.7562 2.8500e+04
65012.0840 16.8369 7.2139e+03
65291.6640 26.0778 7.1405e+04
65325.4240 24.0866 3.5956e+04
65686.1340 15.3612 1.1290e+05
65988.9440 15.4848 6.1236e+03
66130.4140 16.7377 5.1123e+03
66389.4141 11.5060 6.0214e+03
67356.8041 20.9432 4.6310e+04
67817.1741 10.6944 4.7527e+03
68497.9942 10.5088 7.7513e+03
71217.3043 12.4209 2.7503e+03
71373.6144 10.8520 3.6979e+03
71396.9744 10.6189 2.6909e+03
73826.9245 25.2799 3.7089e+04
73992.2745 23.0041 2.4627e+04
74779.1746 12.7750 5.8271e+03
75007.8846 13.9136 3.9485e+03
75696.3546 10.6545 3.0026e+03
75735.4646 10.0969 3.7583e+03
75867.7746 14.5592 4.6462e+03
76227.2147 12.6898 3.0532e+03
77416.3647 11.7926 4.9732e+03
79162.2148 10.5359 3.1445e+03
80097.7749 13.4600 1.9283e+03
81098.1549 11.1326 2.0284e+03
81482.9550 11.8530 5.4673e+03
81634.5150 11.2569 4.0833e+03
81824.7350 10.6316 2.5184e+03
82729.5850 13.4012 2.2060e+03
