9.9300 11.4267 1.2038e+05
36.8800 10.4388 9.0644e+04
42.0400 10.3692 1.5556e+05
74.5700 10.3005 1.2939e+05
89.7700 10.3843 8.1688e+04
96.4500 12.2208 1.0321e+05
111.0600 11.8230 1.1097e+05
126.4100 13.6845 1.7830e+05
154.4400 10.7602 1.3972e+05
199.0400 12.2989 9.9029e+04
211.4500 14.2858 1.1495e+05
239.6400 10.9452 1.5310e+05
263.5900 11.6306 1.1472e+05
268.8800 10.6009 8.7848e+04
416.6000 10.9806 4.2260e+04
421.6100 14.3174 6.3067e+04
428.5700 11.8757 1.4310e+05
498.8100 11.4920 1.0291e+05
505.1800 14.6436 1.5752e+05
526.5100 14.3497 1.0698e+05
533.9600 13.9331 1.7833e+05
575.7400 12.5337 1.0276e+05
579.4300 12.1661 6.8431e+04
590.4100 14.5348 7.6764e+04
601.6600 16.8490 6.7065e+04
613.7700 11.9779 6.9271e+04
643.3300 10.0915 5.1985e+04
664.4700 17.5589 1.0031e+05
707.7400 14.4716 1.2883e+05
710.3700 10.7130 8.5329e+04
717.3600 10.0165 1.0075e+05
730.9100 14.9015 7.5842e+04
744.5800 15.8739 1.1241e+05
764.3800 12.5193 9.1268e+04
778.6900 12.9777 1.0045e+05
783.7900 10.4372 6.1077e+04
794.8000 10.7771 4.2882e+04
801.6800 11.2609 7.0603e+04
825.1001 14.7460 8.1106e+04
830.4101 10.4178 1.1149e+05
835.9701 11.0373 1.1579e+05
841.1401 10.8350 8.7992e+04
850.2401 10.2339 6.6343e+04
865.6101 11.2888 2.0396e+05
874.6801 16.8414 1.1652e+05
907.8601 17.8711 1.6408e+05
923.2001 21.3206 2.0653e+05
936.5601 13.3465 1.0938e+05
959.6001 13.0324 6.5757e+04
964.4001 11.3937 9.0039e+04
967.8701 10.5584 6.5324e+04
976.5501 10.0739 6.6502e+04
983.7701 13.0929 1.2177e+05
998.2801 20.4145 2.1444e+05
1008.1001 10.5935 1.0177e+05
1028.9201 11.0571 1.8048e+05
1033.0201 13.1258 1.7046e+05
1051.1501 15.8110 1.0898e+05
1056.9101 11.8322 1.0368e+05
1081.8401 12.3401 6.6276e+04
1091.6101 10.2533 7.8716e+04
1107.7901 15.9352 3.9779e+04
1115.0101 12.0334 6.8493e+04
1170.6001 12.2922 4.0102e+04
1182.2901 11.8879 8.1716e+04
1211.0101 12.6648 9.0488e+04
1239.0101 13.3988 1.1739e+05
1269.0801 10.0574 1.0939e+05
1307.5801 13.1533 6.0384e+04
1327.7601 13.6295 6.5815e+04
1336.3001 11.5567 1.0117e+05
1347.2101 11.2650 6.4228e+04
1364.3401 13.6472 1.0343e+05
1377.4001 11.8389 1.0326e+05
1400.2401 18.1820 8.4547e+04
1424.9101 14.9979 1.0290e+05
1433.3301 13.6817 1.9351e+05
1435.9301 12.0737 1.9351e+05
1456.2201 16.2321 1.0419e+05
1464.6601 12.3024 1.0963e+05
1478.5201 10.4074 1.0373e+05
1481.8501 10.1138 1.0373e+05
1490.5401 10.0500 8.7094e+04
1538.0401 10.4474 1.4055e+05
1561.1901 12.4537 9.5121e+04
1567.8101 11.4653 1.3481e+05
1585.0801 11.6927 1.0848e+05
1614.0401 13.8225 1.0899e+05
1632.0001 11.3385 9.6633e+04
1650.3501 12.3217 8.1019e+04
1669.2301 14.5570 9.6492e+04
1682.2401 11.2664 1.2092e+05
1686.5401 10.4241 1.1415e+05
1693.3301 11.6274 1.0808e+05
1701.8501 11.0994 9.6906e+04
1712.6801 12.2098 1.3979e+05
1729.9601 15.6585 1.2673e+05
1736.6301 11.5669 1.3559e+05
1740.7701 12.0770 1.3598e+05
1758.4501 13.0932 4.4273e+04
1768.0101 21.6792 1.0551e+05
1771.7501 11.5881 1.0351e+05
1783.7001 15.9427 1.4331e+05
1791.5901 10.6729 1.4653e+05
1810.8601 11.1144 1.1329e+05
1813.2601 13.3122 1.1458e+05
1830.7701 16.5176 1.2252e+05
1863.9601 14.3266 5.0344e+04
1881.1101 11.9929 7.2470e+04
1929.8901 18.1300 8.4139e+04
1939.0001 13.5261 8.7390e+04
1953.0201 15.7975 1.0809e+05
1961.2401 11.5733 1.0665e+05
1976.2001 12.9584 9.1844e+04
1995.6801 16.9076 4.4852e+04
2004.7901 15.1769 6.2155e+04
2011.0201 11.0725 7.8339e+04
2024.3801 12.4463 1.1131e+05
2029.0001 10.9805 9.9642e+04
2040.2801 12.4640 8.7041e+04
2064.5401 14.2754 5.9734e+04
2071.1601 14.0135 1.0128e+05
2080.3501 10.0024 1.1859e+05
2138.3501 14.8663 1.0701e+05
2166.6201 12.0723 6.3060e+04
2172.8301 13.9287 8.4116e+04
2204.6001 10.5905 6.6245e+04
2213.7201 20.1383 1.0570e+05
2222.3701 11.1652 9.0978e+04
2240.9101 11.8734 7.5918e+04
2242.6901 13.9795 7.2168e+04
2248.9501 10.6927 9.9602e+04
2253.0001 11.7693 1.0304e+05
2330.4101 14.0277 1.0215e+05
2337.6101 10.9588 9.2089e+04
2341.7901 12.0024 8.7143e+04
2346.3401 11.0903 7.8907e+04
2359.0401 15.3142 1.0096e+05
2366.4601 12.3988 1.5542e+05
2372.2301 14.6814 1.5355e+05
2386.4401 16.6779 8.7790e+04
2395.4901 15.3849 1.2028e+05
2400.2401 12.5469 1.2071e+05
2405.3501 14.2750 9.6925e+04
2411.5201 15.9132 1.0879e+05
2433.9201 11.0401 7.9352e+04
2439.0301 15.3599 1.1472e+05
2443.4301 13.9728 1.1336e+05
2459.6302 16.6565 1.3656e+05
2462.9902 10.0348 1.3656e+05
2476.4902 12.2712 1.0549e+05
2487.6102 11.6395 9.5531e+04
2494.4302 11.1517 9.4368e+04
2502.9602 17.6258 1.4585e+05
2519.8902 10.4753 8.8130e+04
2525.1902 10.6941 8.5970e+04
2533.1702 11.6086 7.3683e+04
2557.1802 15.5566 9.9412e+04
2573.6102 15.6069 1.2246e+05
2583.5802 11.9024 1.1960e+05
2608.3802 17.8267 1.1909e+05
2616.8902 13.2632 9.3441e+04
2625.4302 13.2293 1.2116e+05
2648.2302 11.2088 1.2598e+05
2652.3802 10.8352 9.7041e+04
2662.4302 15.2318 1.4308e+05
2687.9502 17.1404 1.4134e+05
2699.4202 20.1602 1.4737e+05
2743.2002 14.0749 9.3282e+04
2766.2002 18.6769 8.0927e+04
2784.3002 12.0566 1.3155e+05
2787.7902 15.1656 1.2562e+05
2798.6602 11.0172 1.3077e+05
2825.8202 17.9576 1.0744e+05
2831.2202 10.8853 8.8577e+04
2837.1902 12.0006 7.7334e+04
2854.9002 19.1645 1.3351e+05
2870.7202 17.7434 1.0384e+05
2875.3802 11.1841 9.5535e+04
2883.3102 11.0438 1.3025e+05
2902.1302 10.3246 9.0616e+04
2906.2402 13.2272 8.8334e+04
2911.2002 11.0348 8.4997e+04
2919.7802 11.3372 1.1503e+05
2929.6502 16.4210 8.9188e+04
2944.5002 10.1537 9.9073e+04
2949.1502 13.0543 9.9073e+04
2955.9902 16.2289 1.1611e+05
2960.6102 12.8604 1.1521e+05
2973.1502 10.3346 1.1849e+05
2976.6702 11.3364 1.1849e+05
2983.2402 12.5889 1.1176e+05
2990.6502 13.6682 1.2391e+05
2995.6002 14.5721 1.2391e+05
3017.4002 16.3872 1.0973e+05
3033.3102 10.0726 1.0106e+05
3046.3002 14.0659 1.4329e+05
3063.6602 12.5310 9.1543e+04
3075.2502 15.7226 6.9939e+04
3083.7202 16.6548 1.2006e+05
3111.0602 15.1829 8.2471e+04
3126.0302 15.4228 8.1773e+04
3142.2602 17.5804 6.8498e+04
3149.9802 10.1345 6.2351e+04
3158.0002 10.5363 8.9232e+04
3159.9302 11.0827 7.1920e+04
3166.7402 11.3735 8.2777e+04
3170.8702 11.1416 1.0314e+05
3186.4502 12.2709 8.7954e+04
3202.9102 15.2752 7.9694e+04
3211.1102 11.5347 1.0076e+05
3223.0202 12.2235 6.0326e+04
3230.6802 10.3449 1.0229e+05
3241.3602 10.4422 9.6297e+04
3245.3502 12.5288 1.1542e+05
3278.5302 10.1505 8.1060e+04
3299.5302 19.8288 9.8894e+04
3314.0902 10.8727 8.9539e+04
3332.9002 13.4437 7.9515e+04
3344.6802 12.6638 1.3291e+05
3348.4302 13.3455 1.2637e+05
3364.2902 16.1364 9.9384e+04
3368.1602 11.4109 1.0131e+05
3382.1402 17.9342 1.0290e+05
3387.6802 11.1849 1.1171e+05
3406.0702 13.9827 8.7884e+04
3409.9102 10.1486 1.0151e+05
3414.2802 10.7980 7.6091e+04
3420.5902 13.4004 1.0493e+05
3424.7802 11.0182 9.0728e+04
3466.1402 12.8774 1.5264e+05
3477.7602 10.1506 1.4111e+05
3486.9802 12.1104 8.6836e+04
3503.0502 12.4565 1.5271e+05
3513.3202 12.1563 1.2050e+05
3519.8302 10.8622 1.5956e+05
3545.2202 10.8231 3.2876e+04
3554.9502 18.4801 1.0661e+05
3587.9502 12.6114 3.1316e+04
3597.3802 12.5381 7.5886e+04
3601.3402 17.7384 1.4426e+05
3603.1902 10.7914 1.4426e+05
3624.9002 19.2343 8.4765e+04
3675.2202 20.4568 1.0149e+05
3681.5702 13.4640 1.2424e+05
3687.4302 10.2556 1.1918e+05
3703.3702 11.2707 5.3410e+04
3716.5302 12.8897 1.0307e+05
3768.9502 12.4292 9.7719e+04
3804.3502 17.2777 6.4086e+04
3813.4502 17.3168 1.2684e+05
3818.0302 11.5334 1.3640e+05
3826.7202 10.8426 1.5318e+05
3844.5302 10.0671 1.3338e+05
3849.1202 10.8562 1.0090e+05
3861.0102 11.7168 1.6985e+05
3871.2002 12.8989 1.7852e+05
3891.2502 15.9321 5.4741e+04
3898.8702 11.1238 1.0235e+05
3900.9802 12.7425 9.7867e+04
3910.0202 14.2421 8.2072e+04
3915.6202 10.6641 6.9112e+04
3927.7602 12.7233 1.0596e+05
3930.5702 15.1384 1.0719e+05
4015.3102 15.7462 1.0478e+05
4024.2002 15.1786 9.5312e+04
4029.8702 11.3462 9.4163e+04
4046.7202 21.4853 1.3759e+05
4062.4102 11.8013 7.2545e+04
4072.5502 22.7300 1.2771e+05
4102.3003 22.1718 1.3287e+05
4109.5703 12.8012 1.8083e+05
4112.7003 15.6093 1.8083e+05
4127.3603 10.4387 9.3830e+04
4137.6803 16.8245 9.2973e+04
4141.9403 11.5556 9.0074e+04
4156.6303 16.1173 1.2154e+05
4178.0003 11.7967 1.1288e+05
4183.0803 11.9884 1.1642e+05
4197.7603 10.0357 9.4811e+04
4200.9103 11.1250 9.2787e+04
4213.7203 11.7492 7.0720e+04
4221.5003 11.7562 1.0109e+05
4236.5603 12.4550 9.4629e+04
4241.4703 13.2649 1.0857e+05
4264.3203 10.3060 9.2802e+04
4279.4603 16.9200 1.2920e+05
4297.4703 12.6019 7.2454e+04
4304.9403 10.5141 6.4966e+04
4314.6003 15.0660 1.0146e+05
4322.5503 13.4705 1.0745e+05
4410.9503 11.1371 1.6950e+05
4423.3703 10.8449 8.0717e+04
4431.8103 16.2947 1.4274e+05
4439.9803 16.1040 1.6214e+05
4460.0903 13.3765 2.1266e+05
4474.4503 14.6543 7.8185e+04
4480.0903 13.5940 6.7537e+04
4488.6703 10.1682 7.2382e+04
4497.1103 12.2847 6.3104e+04
4506.3503 14.6332 6.0858e+04
4528.1303 20.1034 1.0536e+05
4531.4103 12.5282 1.0536e+05
4559.0703 10.6297 8.3949e+04
4576.3803 17.0731 8.9168e+04
4580.6403 10.5884 1.0106e+05
4611.9303 12.5938 1.0366e+05
4614.6803 10.7620 1.0669e+05
4642.1603 10.7283 4.8705e+04
4652.1503 14.4745 9.5809e+04
4697.4603 12.6152 5.9907e+04
4702.7103 12.2733 5.9711e+04
4718.5103 13.6127 7.4018e+04
4735.5203 15.2151 1.0749e+05
4744.0403 18.3257 1.5226e+05
4752.2203 10.1799 8.5596e+04
4768.7903 10.8804 1.2580e+05
4779.2403 10.3802 1.1099e+05
4791.6903 17.4492 1.4347e+05
4797.6403 11.6679 1.7404e+05
4914.2803 10.2332 1.0897e+05
4939.1703 11.5674 5.7969e+04
4945.2503 16.3381 1.5944e+05
4952.1703 10.4191 1.6035e+05
4984.0103 10.3887 9.5439e+04
5003.0203 15.1039 1.5890e+05
5041.9903 10.0262 6.7829e+04
5053.7103 13.7009 1.3312e+05
5058.5103 11.2778 1.4571e+05
5087.8803 17.2826 1.0202e+05
5108.1703 11.7568 1.0651e+05
5135.9903 10.8898 8.8691e+04
5151.9403 19.1219 1.2315e+05
5169.2903 16.7117 1.2801e+05
5186.9303 10.3391 1.0809e+05
5192.5603 13.0768 1.4031e+05
5196.0703 10.4548 1.3991e+05
5218.0603 16.7903 1.1773e+05
5229.3903 11.4854 9.5212e+04
5236.6403 10.4988 1.3461e+05
5255.2903 10.3759 6.7972e+04
5271.8903 14.0433 1.0838e+05
5328.8903 10.7662 7.4800e+04
5339.8903 11.0324 8.0229e+04
5361.8203 10.5851 1.2508e+05
5368.7203 16.4617 1.5453e+05
5373.9703 14.6365 1.7366e+05
5377.5303 10.5173 1.5507e+05
5382.4403 10.4068 1.6893e+05
5386.3203 11.2993 1.6682e+05
5396.0703 12.1678 1.3831e+05
5415.6503 16.6612 8.8061e+04
5575.5103 18.1738 1.0005e+05
6026.4104 20.2083 2.9801e+04
6039.7104 14.1879 4.8727e+04
6137.5504 16.6226 1.0673e+05
6284.4904 13.6097 4.5294e+04
6290.2904 10.4672 3.3857e+04
6299.8004 13.8665 5.9365e+04
6747.0504 10.0412 1.6110e+04
6845.0104 10.2562 2.9457e+04
6930.4804 20.9055 4.7577e+04
7323.9604 10.4529 2.2639e+05
8037.5905 18.4824 5.2358e+04
8285.7705 12.9113 4.9611e+04
8345.9905 11.8189 3.0241e+04
8474.4105 12.0033 3.8179e+05
9788.8306 16.1427 4.9511e+04
9828.4706 11.5354 4.0547e+04
9839.5106 16.0499 3.5163e+04
9899.2206 11.6876 5.6929e+04
9941.9106 11.4429 5.1114e+04
9989.7206 12.0746 4.9319e+04
10137.9706 10.5125 5.3176e+04
10177.5606 10.7242 6.0237e+04
10688.9607 12.0914 2.4093e+06
10742.4207 12.1802 9.4829e+04
10821.6707 11.1097 5.2685e+04
10876.7007 13.5112 1.3447e+05
11665.4307 10.7965 5.5941e+04
11918.3107 10.3012 9.2137e+05
11987.9507 10.2157 1.8333e+05
11998.8107 10.6170 1.3866e+05
11999.5407 11.0123 1.2163e+05
12068.3607 11.1300 2.4918e+05
12069.0807 11.4232 2.4918e+05
12627.1708 10.1707 2.5058e+05
12673.9108 12.7579 3.6902e+05
12915.0808 12.5095 2.6023e+05
12965.9608 11.4501 1.2279e+05
13101.6108 10.3670 3.6308e+04
13119.0708 11.8555 6.7415e+04
13180.3508 10.9666 1.3105e+05
13233.4508 12.2810 1.7680e+06
13235.6508 12.3724 1.7680e+06
13281.8808 10.4732 1.2336e+05
13424.0308 10.2529 3.7299e+04
14147.8109 14.1198 4.8507e+05
14436.6309 11.8707 1.1330e+05
14443.7709 10.3891 2.1715e+05
14444.2809 11.3912 2.0103e+05
14619.9709 11.3890 1.4890e+05
14898.1209 10.3131 1.1260e+05
15571.3210 10.8934 6.0409e+05
15571.8610 10.8020 6.0409e+05
15881.9210 11.5543 1.9569e+04
15991.9610 11.3001 2.7997e+04
16110.7910 10.1807 3.0694e+04
17399.1311 11.6266 6.1013e+04
18209.1311 11.6885 7.2363e+04
18340.8711 10.3358 7.4471e+04
25009.4615 10.7722 2.4024e+05
25142.6515 10.6614 1.8230e+05
25176.6915 10.4546 2.2393e+05
25246.9515 13.3383 2.2217e+05
25258.1715 11.3758 1.5488e+05
25270.3015 16.5992 1.8302e+05
25290.4515 14.0262 1.8356e+05
25845.5316 10.2101 2.3323e+05
25874.7516 10.1940 2.2598e+05
25886.5016 10.6053 2.2300e+05
25894.9816 13.7446 2.4279e+05
25907.6816 10.9826 2.2940e+05
25912.6416 10.1723 2.3258e+05
25917.7816 10.9919 2.3535e+05
25983.6416 11.8303 2.6732e+05
26078.7216 11.6077 2.7688e+05
26084.2716 10.6552 2.7924e+05
26091.5016 10.2138 2.4624e+05
30210.3018 10.8075 7.7375e+04
31404.5819 11.2101 1.1231e+05
31470.7119 10.0254 3.2951e+04
33799.8421 11.0079 7.4074e+04
36841.7222 23.9416 4.1072e+05
38519.3324 11.8906 1.0853e+05
38554.3724 12.7110 7.1071e+04
38559.9424 10.9809 1.1100e+05
38668.3324 10.3194 5.4477e+04
38870.0324 11.5838 1.2401e+06
38902.5824 13.3566 3.1824e+05
39256.4424 12.8065 2.2712e+05
39306.7024 10.7433 8.2862e+04
39334.5924 10.2235 6.8315e+04
39385.4724 16.1070 8.4801e+05
39406.3224 12.8825 7.5251e+05
39417.0324 15.6542 8.0110e+05
39456.0424 18.1855 7.5806e+05
39471.8724 17.8840 1.5350e+06
39511.1224 17.3670 1.3374e+06
39532.9924 18.7692 1.4316e+06
39552.6824 11.8758 8.7863e+05
39568.8724 19.4693 1.3973e+06
39615.3324 18.5519 3.2623e+05
39648.3724 15.9058 7.2129e+05
39650.4424 13.6417 7.2129e+05
39666.3424 13.2596 1.8746e+06
39669.9524 18.6280 1.8746e+06
39679.6424 16.2456 1.8773e+06
39691.4124 19.3399 3.0614e+06
39701.8724 10.8691 1.0343e+06
39714.7724 16.7176 9.9681e+05
39730.4624 10.2782 1.8423e+06
39734.5624 21.7365 1.8423e+06
39750.0424 18.7014 1.5479e+06
39766.8624 22.0309 2.0486e+06
39783.3624 20.8395 2.7000e+06
39834.1724 14.3631 9.3645e+05
39839.7424 10.1568 6.6396e+05
39845.1524 12.1214 7.3011e+05
39884.6324 10.6526 1.1353e+05
39894.0524 11.0345 8.2022e+05
39907.5324 11.6838 3.7410e+05
39916.9024 18.0867 4.6434e+05
39924.5324 11.5760 3.1164e+05
39950.5224 19.5673 8.8015e+05
39956.3524 10.5499 4.4027e+05
39984.7224 10.8279 4.5610e+05
39992.8824 12.6184 7.0742e+05
40011.0524 11.4405 1.4327e+05
40017.7924 14.8341 6.4272e+05
40025.3524 11.7657 6.3625e+05
40035.7324 17.1886 5.2783e+05
40043.7824 14.9266 9.8680e+05
40072.2824 18.5545 6.3860e+05
40080.8524 10.3810 6.2629e+05
40100.9224 10.5089 5.5217e+05
40101.8224 11.5605 5.5217e+05
40133.5524 13.7769 5.7081e+05
40156.6925 10.2845 2.3433e+05
40163.6025 11.9900 6.5431e+05
40183.0925 16.2109 2.7818e+05
40190.1125 13.0484 5.8267e+05
40238.1825 10.4781 1.1636e+05
40250.4325 15.0250 7.5760e+05
40261.5525 15.4553 5.9751e+05
40274.7325 18.2331 6.8273e+05
40285.4825 13.7318 6.1168e+05
40298.2225 12.1820 2.3601e+05
40324.9425 20.8984 1.3846e+06
40352.9425 20.3719 1.0631e+06
40401.3125 21.0947 1.1035e+06
40427.4725 15.8976 7.4128e+05
40453.7325 25.5142 2.5194e+06
40467.4225 13.3229 6.4518e+05
40474.1925 10.8207 3.7418e+05
40484.2925 15.1361 6.9202e+05
40579.8925 12.8131 4.1417e+05
40586.7725 10.3502 2.3775e+05
40627.7725 22.5800 8.7656e+05
40704.9725 10.2224 5.1204e+04
40742.8425 14.0279 3.3651e+05
41424.6125 12.2407 1.9144e+05
41471.3425 12.2861 8.5484e+04
41508.2225 12.4408 1.3575e+05
41515.6425 11.4196 1.8018e+05
41554.1825 10.4910 3.1974e+05
41576.7825 13.9348 3.1648e+05
41756.7825 15.9742 2.1870e+05
41817.8426 14.0536 1.9600e+05
41832.0926 13.3576 2.2445e+05
41836.6226 11.8812 2.2445e+05
41989.6926 10.9014 2.4079e+05
42005.5526 14.5911 1.5148e+05
42013.6326 12.0882 1.2313e+05
42021.3326 17.0791 2.4144e+05
42043.9726 13.7897 2.0363e+05
42050.1526 11.5657 1.7402e+05
42062.7726 17.2582 2.0014e+05
42072.5026 11.2964 2.6702e+05
42094.5426 13.0601 2.5333e+05
42113.8626 13.3061 1.3881e+05
42123.5326 15.3115 1.8627e+05
42141.1226 12.7943 1.6626e+05
42146.5926 14.8182 1.8808e+05
42155.5426 12.6735 1.2308e+05
42208.8226 10.6112 1.7690e+05
42215.8726 10.2811 2.4946e+05
42405.3126 13.9127 2.1869e+05
42413.4726 11.2719 2.2956e+05
42432.0226 14.5311 1.5629e+05
42437.6726 10.0558 1.0606e+05
42449.0726 19.9034 1.7858e+05
42460.4326 16.1756 2.1309e+05
42484.5126 14.0000 2.3289e+05
42503.9126 11.6627 2.2339e+05
42511.0126 10.7996 2.3844e+05
42520.5026 14.3311 2.4484e+05
42525.0426 10.8466 2.4046e+05
42533.0726 13.6763 2.0569e+05
42538.0226 10.3006 1.7590e+05
42549.8126 16.0532 2.0279e+05
42564.5226 11.9475 2.1829e+05
42575.5726 12.0663 2.3989e+05
42597.7726 15.4909 1.8705e+05
42621.6426 14.3822 1.3899e+05
42636.8126 17.7695 1.3457e+05
42643.4026 15.9140 1.8987e+05
42648.7226 11.6809 1.8748e+05
42668.0026 10.4959 1.9128e+05
42687.6926 16.1236 2.1068e+05
42696.5126 12.8308 2.0452e+05
42720.0526 14.3544 1.3691e+05
42726.2126 11.0518 1.5453e+05
42737.7726 13.2206 1.7003e+05
42747.4526 11.3957 2.4708e+05
42772.8226 12.5433 1.4294e+05
42781.3026 14.2429 1.6404e+05
42796.4626 11.1420 2.2945e+05
42808.3726 19.3368 2.0090e+05
42827.7926 11.5092 2.3069e+05
42837.3626 14.7161 2.2142e+05
42859.3526 19.0961 2.3776e+05
42874.5826 13.1575 2.5426e+05
42895.2826 10.2278 2.3319e+05
42900.6026 12.9065 2.3092e+05
42919.4526 12.3234 2.3404e+05
42933.8926 11.1872 2.3578e+05
42948.1926 13.4206 1.8096e+05
42973.0126 16.7339 1.7953e+05
42998.3726 17.5817 2.4051e+05
43039.4026 14.2046 2.6517e+05
43052.4426 14.4012 2.1432e+05
43083.6926 11.0215 3.5223e+05
43086.0526 10.0313 3.4846e+05
43101.9526 10.0392 1.5258e+05
43106.6926 13.5225 2.0325e+05
43113.5726 10.1593 1.9048e+05
43128.4926 14.0715 3.0453e+05
43150.7026 10.9696 2.3403e+05
43154.7426 10.3873 2.3213e+05
43163.0026 15.4423 2.4882e+05
43177.2326 13.0380 3.7838e+05
43180.8926 13.6399 3.7230e+05
43212.5926 16.2187 2.3623e+05
43232.8126 15.4440 2.0054e+05
43251.9626 17.2651 2.1129e+05
43266.0426 13.9877 2.3833e+05
43300.7726 12.4269 2.3600e+05
43316.8326 15.0283 2.7730e+05
43337.3226 13.7101 2.2062e+05
43369.6426 14.7418 2.9041e+06
43420.9527 10.2600 2.1581e+05
43439.1127 11.4399 1.9346e+05
43458.6827 14.3468 1.9660e+05
43544.3127 14.7164 1.5885e+05
43557.7727 14.2097 1.6909e+05
43562.0627 13.1562 1.7229e+05
43567.2627 15.6170 1.3679e+05
43587.6827 18.8649 1.7882e+05
43599.5727 12.6956 1.4985e+05
43603.9327 13.9626 1.7310e+05
43615.4527 12.4307 1.8474e+05
43624.8027 13.9315 1.8472e+05
43648.7227 15.2683 2.1375e+05
43672.9027 11.2810 1.8420e+05
43674.4627 10.9359 1.8262e+05
43728.4327 14.6502 2.2326e+05
43734.8527 10.8315 2.5483e+05
43738.0527 14.1233 2.6620e+05
43741.1027 10.7042 2.5196e+05
43765.7627 15.4587 2.0684e+05
43786.2927 12.8016 1.4039e+05
43791.9127 11.5862 1.9964e+05
43826.8627 16.0441 2.2699e+05
43990.9227 10.7353 3.9288e+05
44085.1027 15.5317 2.5905e+05
44209.7327 15.5099 1.9005e+05
44213.5727 10.0579 1.7018e+05
44221.2027 13.0647 2.0174e+05
44225.4027 10.3270 1.4372e+05
44249.8927 15.2841 2.0605e+05
44260.4827 10.3786 1.6349e+05
44274.9427 10.6115 2.8164e+05
44350.1827 13.9342 1.4513e+05
44358.0827 10.7466 1.5817e+05
44406.5427 15.8381 2.5551e+05
44409.5427 10.9001 2.4777e+05
44434.9127 12.0590 2.1285e+05
44452.4827 11.9919 2.8909e+05
44456.3127 11.7543 3.0141e+05
44468.5727 12.7938 2.1462e+05
44473.9827 10.4930 2.4547e+05
44486.3327 12.2553 2.3467e+05
44652.6227 11.4581 1.3140e+05
44673.4127 12.8316 2.2984e+05
44678.4727 13.2025 2.1793e+05
44695.8627 10.0388 5.1451e+05
44759.9527 10.8096 1.5577e+05
44790.5927 14.8300 1.9096e+05
44805.5327 10.6581 2.1761e+05
44815.9827 10.8459 1.7677e+05
44834.9427 19.1683 2.0248e+05
44846.6027 19.4273 1.7629e+05
44851.4927 14.1566 1.7525e+05
44858.9427 14.8803 1.7567e+05
44866.2427 17.1284 2.0952e+05
44875.9427 16.1313 2.0317e+05
44880.1527 11.3928 2.0690e+05
44914.4127 10.9297 4.9157e+04
44928.6927 14.6805 1.9167e+05
44961.2527 12.5475 2.2073e+05
44973.4627 13.4724 2.1293e+05
44986.2427 11.7953 1.1780e+05
44996.4927 18.8378 2.0091e+05
45032.6027 16.8006 1.9185e+05
45036.1027 11.0216 1.9127e+05
45045.1827 12.7051 3.8364e+05
45076.9428 23.2176 2.2023e+05
45141.8328 12.9562 1.1687e+05
45149.5328 12.5490 1.8901e+05
45245.0428 13.5703 2.2006e+05
45284.9128 11.8571 9.7270e+04
45291.0828 10.9474 2.2904e+05
45361.1728 12.8179 5.0123e+05
45375.7328 10.7344 7.6407e+05
45455.4528 13.6143 1.6025e+05
45482.2228 10.8259 2.0179e+05
45490.4028 10.3136 1.9470e+05
45499.3528 12.0688 2.1958e+05
45502.7028 10.5546 2.2457e+05
45517.5828 14.1370 2.0170e+05
45534.1928 10.0701 2.1144e+05
45601.2928 10.8723 1.6315e+05
45738.3628 10.2912 1.5310e+05
45798.6328 15.8674 2.0371e+05
45828.2928 10.8580 2.0870e+05
45838.0628 10.6449 1.5785e+05
45861.4828 14.9273 1.3736e+05
45903.1728 10.4453 8.9902e+04
45914.4628 13.2669 1.6332e+05
45919.5628 10.5330 1.6332e+05
45949.0328 11.6663 1.6955e+05
46025.8328 12.1981 2.0629e+05
46040.6428 10.2139 1.7074e+05
46057.8828 12.6709 1.6332e+05
46246.7128 12.9772 1.3063e+05
46338.6228 20.5227 4.4255e+05
46358.5528 10.6074 1.8191e+05
46377.1528 11.9473 1.7684e+05
46417.6128 11.9992 2.1217e+05
46540.1628 17.5092 2.0966e+05
46590.7828 11.4261 1.1565e+05
46602.2228 10.8297 2.3839e+05
46615.8628 12.7078 2.2376e+05
46628.7128 15.7778 2.2611e+05
46631.7828 11.8965 2.2459e+05
46638.1528 13.6768 2.3189e+05
46652.7628 20.1781 3.0993e+05
46671.0928 14.3720 2.9752e+05
46677.0928 11.7161 2.8240e+05
46686.2128 11.3282 2.4955e+05
46709.4429 10.3540 2.5685e+05
46713.6029 18.4085 3.3583e+05
46715.9729 10.6859 3.3583e+05
46729.9129 11.9286 2.7082e+05
46738.0829 15.1974 2.7450e+05
46745.6229 10.9524 2.5519e+05
46756.1829 14.4181 2.8459e+05
46806.1529 19.7185 1.5425e+05
46815.1029 17.2589 2.0571e+05
46840.5429 10.1693 2.1956e+05
46858.5029 17.7198 1.7386e+05
46865.7429 14.1116 1.7719e+05
46870.9229 11.0534 1.7156e+05
46907.9729 17.3148 1.9925e+05
46926.2129 11.7903 1.1774e+05
46936.6029 16.0507 1.6579e+05
47034.1429 10.9555 1.7713e+05
47078.7129 13.4388 2.2503e+05
47098.5529 11.0763 2.5338e+05
47114.1429 15.4094 3.5724e+05
47135.3929 13.0814 4.3754e+05
47188.1529 13.1568 1.4092e+05
47251.3729 10.1178 1.0437e+05
47294.4529 12.3147 1.2572e+05
47301.3329 10.9006 1.0187e+05
47337.5729 11.1339 3.5176e+05
47379.0629 12.8404 2.6727e+05
47387.5229 12.0717 1.7528e+05
47394.9529 10.9784 2.6436e+05
47419.9429 14.6069 2.7300e+05
47428.2529 10.2353 3.2957e+05
47432.1729 12.6844 3.2957e+05
47453.5329 15.4716 1.9011e+05
47462.2229 10.1476 1.9916e+05
47463.2829 11.2382 1.9106e+05
47470.9229 12.9766 1.8316e+05
47483.0729 10.6431 1.3701e+05
47491.7029 14.0594 1.6573e+05
47495.1829 10.3677 2.7851e+05
47498.0229 10.4309 2.5239e+05
47507.2029 12.4658 1.6854e+05
47514.7629 16.3635 3.1288e+05
47535.4729 10.1188 3.4948e+05
47540.7929 10.8321 3.3522e+05
47552.6929 10.5734 3.0245e+05
47568.9329 14.8126 2.8397e+05
47581.0629 13.6944 3.3991e+05
47601.7329 15.6260 1.7019e+05
47614.3829 11.7557 2.2840e+05
47618.2029 12.1987 2.0015e+05
47630.2629 14.9519 1.9085e+05
47642.0229 13.0665 1.5009e+05
47647.7429 11.3375 2.0551e+05
47659.2729 14.1683 2.9262e+05
47668.1129 10.7732 1.9731e+05
47680.8429 15.1582 2.2343e+05
47688.8229 13.4043 2.3157e+05
47706.8029 13.6143 1.1794e+05
47716.8629 17.5096 2.9480e+05
47732.2129 11.8542 2.8508e+05
47773.0029 11.6898 2.8417e+05
47777.7429 16.3245 2.8762e+05
47782.9429 10.3737 2.2538e+05
48106.0829 10.2199 1.0236e+05
48158.3229 12.1789 1.3789e+05
48253.5829 12.0533 2.3460e+05
48295.5029 10.9253 3.1661e+05
48560.5230 10.3590 2.3375e+04
48845.1330 21.9517 7.6866e+04
49238.0430 14.3356 4.5275e+04
49551.2930 12.6208 3.2650e+04
49782.0330 10.9188 1.6209e+04
50722.0131 11.0275 3.2411e+04
51455.0131 10.8087 1.4324e+04
51963.4432 10.2323 1.5736e+04
52219.0032 10.7965 2.7920e+04
52687.9332 21.8081 7.3775e+04
53089.5132 15.0633 2.7195e+04
53267.9633 10.6034 1.6962e+04
53711.1433 11.3585 1.5567e+04
53760.0133 13.3118 1.3812e+04
53847.9433 10.7373 4.3327e+04
53984.4433 12.4909 2.0379e+04
54321.4833 13.6223 3.0196e+04
54720.3133 10.5998 2.6792e+04
54839.2233 21.1813 8.0818e+04
54870.4033 18.7422 3.4762e+04
54882.0933 10.3105 3.2529e+04
54933.4134 14.3498 3.2356e+04
55114.2934 14.0163 2.2630e+04
55135.6734 15.2220 3.3576e+04
55708.6934 14.0861 5.7726e+04
56369.6934 10.2495 1.7930e+04
56416.2534 11.4712 3.9127e+04
56418.0934 11.1150 3.5554e+04
56490.5934 15.0913 2.5109e+04
57217.9635 11.5288 2.2323e+04
57235.6435 13.0777 4.9357e+04
57364.6935 16.2047 5.9965e+04
57381.1735 11.4500 2.9406e+04
57802.7935 14.1734 2.2604e+04
58092.4135 11.2194 6.2931e+04
58113.0035 13.9351 5.6335e+04
58218.8036 18.3858 6.6748e+04
58538.2336 14.8538 8.8838e+03
58549.6436 11.1365 6.4791e+03
58758.3136 15.2550 9.1023e+04
59025.8236 10.8769 3.8172e+04
59499.4736 11.9144 1.5154e+04
59986.2337 10.1207 3.9744e+04
60222.9437 10.6808 7.7168e+03
60596.5337 10.2996 3.6384e+04
60597.1937 10.0173 2.7472e+04
60985.5037 19.1361 6.9984e+04
61428.6637 10.3262 1.7095e+04
61492.2738 11.7810 3.1623e+04
61508.1338 11.4795 2.7811e+04
61523.0738 13.5063 7.1651e+04
61707.7138 17.8091 3.6063e+04
61754.2438 11.0623 1.1187e+04
62265.9538 11.4155 1.5839e+04
62299.8738 20.9032 1.2079e+05
62539.6538 11.3503 1.0175e+04
62653.8438 18.4985 6.1078e+03
62672.9138 10.3846 6.0173e+03
62673.8838 13.3937 5.4998e+03
62681.8338 19.0456 7.3756e+03
62686.6738 12.6346 7.6633e+03
62827.1438 10.9676 7.1120e+03
62856.2038 19.6006 1.0673e+04
62868.6338 11.6476 7.9400e+03
63601.2739 11.8295 2.4117e+04
64062.7839 10.5613 3.1269e+04
64124.9939 10.7617 1.2874e+04
64149.8139 17.0066 1.9777e+04
64324.4139 16.2694 5.5212e+04
64623.6839 14.3279 4.3432e+04
65292.0440 10.7132 4.1863e+04
65294.0740 12.4036 4.1863e+04
65323.3340 11.8907 7.9913e+03
65543.4140 11.4802 1.1016e+04
65962.6040 11.4224 9.8578e+03
66026.4840 12.3036 1.1916e+04
66227.2940 14.2664 3.3358e+04
66270.5040 11.2004 2.6073e+04
66331.3540 13.4030 1.7093e+04
66395.2641 11.8708 2.5500e+04
66450.7741 13.4302 3.2250e+04
66606.2641 11.6341 5.1095e+03
66731.4841 11.3757 1.7685e+04
66734.4541 10.2698 2.9937e+04
66890.5441 20.4488 1.1823e+04
66964.1941 16.7376 1.6365e+04
67132.1641 11.3789 3.7390e+03
67146.3041 22.4070 5.2897e+04
67536.7541 13.7451 5.7182e+03
67604.4441 14.2585 1.2237e+04
67616.4941 15.1870 6.9635e+04
67806.7341 10.1221 2.1967e+04
67874.1641 11.7016 1.1995e+04
68024.4242 10.1455 3.3841e+04
68545.9242 13.6592 5.7304e+03
68551.1642 16.8852 8.0259e+03
68714.5842 12.3170 8.6795e+03
68772.4942 13.3366 1.6885e+04
68792.1642 12.8814 2.1845e+04
68931.1342 15.3113 3.2227e+04
68940.1142 10.6920 2.3045e+04
68981.3642 13.1087 1.7838e+04
69089.6242 12.4201 7.6571e+03
69092.5242 11.7073 6.7295e+03
69144.7642 17.1753 2.2617e+04
69154.3342 13.6928 1.7298e+04
69164.9942 12.5414 9.2570e+03
69169.9342 11.6168 1.2315e+04
69175.8642 17.6690 2.7534e+04
69186.6842 12.9486 6.5061e+03
69209.4542 10.4444 1.3795e+04
69223.5842 11.3021 1.8427e+04
69253.4442 12.3720 7.4346e+03
69297.4142 11.4019 6.2071e+04
69314.8542 10.7968 1.4099e+04
69354.6342 16.2461 1.5495e+04
69386.9242 18.3421 4.5276e+04
69403.8942 16.6722 4.7860e+04
69422.4042 10.1648 1.3246e+04
69466.8342 13.3870 2.7451e+04
69474.1442 10.3273 5.8822e+04
69568.0942 15.2013 2.1336e+04
69619.4742 10.7150 6.3830e+03
69649.3743 10.2667 9.2689e+03
69684.6743 11.3056 1.0793e+04
69708.3743 10.9401 1.8707e+04
69711.3043 12.1892 1.8707e+04
70086.7743 13.6179 7.8134e+03
70134.9343 15.8993 2.9533e+04
70146.4643 10.4314 1.5963e+04
70240.1043 10.5054 3.6556e+03
70259.6743 18.7315 2.8171e+04
70353.8943 16.0648 1.3349e+04
70383.5343 11.8667 1.1518e+04
70404.2443 15.5886 1.4009e+04
70429.1043 16.8963 2.6208e+04
70447.7843 22.6463 1.0242e+04
70479.8843 10.7838 5.9759e+03
70499.8943 15.5573 1.9443e+04
70731.1043 11.3048 2.8181e+03
70777.1943 11.7009 9.4685e+03
70807.0743 14.0620 7.2243e+03
71136.9343 15.4589 7.7202e+03
71496.1644 11.0750 4.3284e+03
71641.6344 10.5994 6.6586e+03
71893.5644 14.5422 1.9652e+04
71935.6744 17.9879 2.7620e+04
71980.0844 11.5078 3.7997e+04
72024.2544 12.9386 1.2461e+04
72035.4844 10.0954 4.1997e+04
72067.3944 11.4211 2.8004e+04
72116.7244 10.9136 6.9096e+03
72125.1144 12.5825 2.8432e+04
72168.7644 16.4402 3.1270e+04
72199.5744 10.0213 3.7356e+03
72556.8544 11.9896 4.6469e+03
72593.6344 12.7374 9.5929e+03
72687.7544 11.8354 1.1663e+04
72704.5444 12.9359 9.5148e+03
72705.8544 10.9652 7.8316e+03
72826.2944 15.0039 1.1738e+04
72833.2844 13.7709 1.9329e+04
72849.0644 17.7693 1.9985e+04
73251.1645 21.5465 7.2473e+04
73379.2245 10.4712 2.4903e+04
73616.9745 18.9535 1.0013e+04
73655.1245 12.0339 3.7242e+04
74155.6145 11.1972 2.1980e+04
74572.9046 13.7913 9.4862e+03
74777.1346 11.5336 4.5513e+04
75048.4746 10.6009 7.4190e+03
75465.4146 23.4396 1.0378e+04
75591.1446 12.5485 4.3568e+04
75640.7746 23.6738 9.4591e+03
75675.4246 10.8591 1.4560e+04
76157.1546 11.1022 4.8127e+03
76207.1147 23.0063 9.3079e+03
76545.6547 10.3973 8.5971e+03
78880.5048 11.9624 3.2674e+04
78915.1948 10.9006 2.6413e+04
79063.7148 13.0211 3.2088e+04
79189.3248 12.6524 1.2739e+04
79331.8848 13.8092 1.0768e+04
79339.7348 11.8491 1.0489e+04
79347.5848 11.0102 2.6515e+04
80151.9449 11.1463 1.7771e+04
80272.4149 11.9469 1.6207e+04
80611.8249 12.4197 1.1050e+04
80686.1949 12.3063 4.2668e+04
80888.5049 13.1854 1.0218e+04
80925.8149 10.3458 7.5151e+03
80934.9949 11.4591 6.3232e+03
81007.9749 10.4951 3.9390e+04
81025.1349 13.6020 1.9711e+04
81080.2949 11.0572 3.7853e+04
81433.8050 11.6797 1.2486e+04
81452.3650 10.0824 1.6736e+04
81725.8750 13.5193 2.4677e+04
81874.5450 11.1138 1.0030e+04
82270.4850 14.7626 2.6738e+04
82298.6850 13.2168 2.3663e+04
82358.0350 11.5587 1.5072e+04
82382.8650 10.2755 9.4861e+03
82390.7950 12.9276 3.3488e+04
82394.1450 10.3490 3.3488e+04
82547.4150 10.6135 1.0344e+05
83087.6451 16.6949 3.8594e+04
83917.4851 15.6221 1.4074e+04
83928.3251 11.8946 1.3827e+04
83957.7951 12.6698 2.1301e+04
84028.8751 12.0589 1.2423e+04
84172.7851 12.9329 8.0936e+03
84916.2152 11.0752 2.6237e+04
85117.5552 12.9477 1.0230e+04
85250.5452 10.2040 2.7731e+04
85272.1152 14.9786 3.5270e+04
85303.2752 12.7676 2.7337e+04
85337.2052 16.3581 9.3959e+04
85337.5952 15.0420 8.5180e+04
85387.7452 12.6836 4.1230e+04
85389.3052 10.1924 2.8622e+04
85401.4252 13.2458 8.1234e+04
85407.1652 10.2325 1.2319e+05
85460.6252 13.4396 1.7581e+04
85584.8252 13.2822 3.0190e+04
85819.8852 11.3142 1.1788e+04
85871.4952 13.5258 1.1244e+04
86029.8953 10.0192 3.0096e+04
86043.4453 17.6694 1.5569e+04
86176.6853 14.7301 3.3545e+04
86264.9053 14.1467 3.6656e+04
86270.0253 11.2282 2.4113e+04
86332.2653 12.4497 2.2939e+04
86334.2253 12.1218 2.2939e+04
86380.0653 12.1722 5.4516e+04
