157.5600 12.5568 2.1205e+04
167.7900 10.1830 3.4742e+04
276.8100 17.5565 3.5835e+04
286.9600 10.4904 6.6664e+04
299.0600 12.9985 5.7806e+04
312.1500 14.4801 4.2480e+04
329.8400 20.2690 8.1323e+04
352.1600 12.4101 5.7412e+04
355.2900 11.6416 1.4601e+05
862.9201 10.3321 1.0277e+04
932.5201 10.1956 2.5008e+04
1136.0601 11.5539 3.8139e+04
1903.8801 10.6006 1.8043e+06
2012.5201 10.4159 8.0088e+05
2017.8101 15.1105 2.3305e+06
2023.4101 10.3441 1.0506e+06
2642.6102 16.5200 4.1638e+04
2686.4302 11.5722 2.2959e+04
3096.8102 15.3289 1.2140e+04
3118.6602 19.6275 8.5229e+03
3196.5802 10.3219 2.3097e+04
3204.8602 13.2881 2.3132e+04
3225.1902 13.9448 2.2210e+04
3232.4702 13.7115 2.0864e+04
3289.1602 14.6838 5.6114e+03
3442.0202 12.4977 2.0926e+04
3642.6002 12.4202 1.9954e+04
3762.7102 14.8697 2.6537e+04
3773.4702 10.5235 9.8024e+04
3774.5602 21.0268 9.8024e+04
3800.3102 14.5013 2.8792e+04
3812.7702 10.9635 1.2674e+05
3816.6902 18.4585 1.2674e+05
3859.5602 21.9829 1.1302e+05
3904.9602 11.4899 2.6997e+04
3936.1002 14.6668 2.4604e+04
4292.7703 12.5907 2.5500e+06
4795.9303 10.7799 1.0211e+04
4978.5803 10.0554 8.7798e+03
5506.6603 10.4181 1.1983e+06
5515.1803 10.4610 2.2402e+06
5518.6703 10.3586 2.2402e+06
5729.7103 10.5957 2.0431e+06
5827.4004 14.7857 6.4236e+04
6062.4504 17.0196 3.3886e+04
8331.3705 11.2435 4.2301e+04
10253.0806 17.0955 6.0683e+04
10273.4206 11.0538 8.1075e+04
11350.0107 23.0572 1.2672e+05
11566.7307 14.7816 1.4415e+06
11596.8607 11.2656 2.9418e+06
11604.1607 14.0532 2.8283e+06
11715.9907 17.1655 2.5071e+06
11721.6907 10.4911 2.1858e+06
11722.2107 12.6543 2.1271e+06
14280.3709 18.6872 5.3959e+05
18896.9112 10.2998 2.8587e+06
18904.1212 12.7505 3.5023e+06
18961.3912 12.4045 2.5104e+05
20529.3013 12.3760 4.8695e+04
20571.9713 10.1216 1.0701e+05
21726.8513 11.6627 4.3572e+05
21741.8213 10.5414 2.7659e+05
21755.3213 13.6687 1.0623e+06
25967.7016 18.2976 4.6897e+04
25971.9316 14.9724 4.7099e+04
26007.1016 12.3480 4.9910e+04
26364.2516 10.0634 4.5567e+04
26394.4316 22.7279 1.0730e+05
26409.2016 17.1474 1.3132e+05
26438.0016 11.8213 6.6913e+04
26653.8316 18.1315 7.5074e+04
26675.3416 15.3366 2.9719e+04
28354.3817 15.9966 1.6495e+04
29795.0818 21.0861 2.0061e+05
29896.5018 14.4219 4.6245e+04
29912.7418 11.0616 2.2978e+04
29935.5618 11.8138 4.9435e+04
29937.2718 10.7194 4.4949e+04
29947.4618 14.2327 3.3199e+04
29965.8518 11.7299 3.2253e+04
29973.6918 10.7041 2.1725e+04
30959.2119 12.5061 6.1905e+04
33145.3220 11.2421 1.6377e+04
33286.1420 15.3476 2.5801e+04
33406.0720 18.5713 3.2281e+04
35218.5421 12.2054 2.6701e+04
35265.1322 11.9673 1.6775e+04
35272.5222 18.3703 5.2890e+04
35316.4122 10.2765 9.4340e+03
35710.9522 13.0196 1.4516e+04
35857.2622 11.1985 7.2921e+03
35861.9122 11.0124 1.4958e+04
35890.0522 10.1460 1.0862e+04
36169.6022 14.0771 6.8917e+05
36171.4822 11.3177 6.8917e+05
36172.0622 10.1045 6.8917e+05
36784.1922 22.6356 5.3206e+04
36841.9522 26.5875 6.2562e+05
36844.5322 10.1244 5.6233e+05
37866.2223 14.3675 9.9971e+03
38515.4724 14.5155 1.1048e+04
38558.7124 13.0409 1.9377e+04
38563.4424 23.3238 8.3454e+04
38637.8124 10.1301 6.2161e+03
38704.6024 14.4003 1.3397e+05
38907.2324 10.9920 1.1303e+04
38949.9424 13.2582 1.7703e+04
38958.4424 17.8114 3.2896e+04
39016.9024 13.8284 2.3621e+04
39092.5524 11.9764 1.2755e+04
39202.1624 22.8284 2.9805e+04
39482.5624 22.8589 1.0384e+05
39967.1024 10.0272 3.3613e+04
39996.7024 10.3621 1.0288e+04
40388.2225 10.4220 1.9391e+04
40659.6225 11.0708 2.9875e+06
41025.2425 10.5609 2.1802e+04
41520.1925 10.5763 4.1308e+05
41535.6125 10.3526 1.0010e+06
41552.3725 12.6010 5.0434e+06
41560.4325 10.6833 2.6215e+06
42028.7126 10.7453 3.1718e+06
42358.6626 19.1566 3.7066e+04
42749.4926 11.1813 1.0621e+06
42757.1726 12.9737 2.5901e+06
42780.3426 14.6375 1.7190e+06
42998.0126 12.2637 3.4186e+04
43015.4926 12.7826 2.8318e+04
43119.8026 11.5157 3.9806e+04
43245.0826 10.8048 3.7579e+04
43371.7026 11.0594 1.8960e+04
43451.9627 10.7735 5.0267e+04
43456.2427 12.2090 5.0267e+04
43463.8627 10.3870 2.2221e+04
43483.1827 13.9900 2.5726e+04
43492.2227 13.6059 2.8445e+04
43513.6127 14.8572 5.7807e+04
43526.4027 12.6633 6.8774e+04
43542.7827 13.3388 6.2972e+04
43544.5127 18.3629 6.0977e+04
43579.4627 18.4905 5.4360e+04
43622.2427 10.4932 1.8861e+04
43661.4127 13.0450 2.3816e+04
43704.5527 13.7167 1.2441e+04
43756.4927 11.6790 1.4938e+04
43910.1727 11.9521 6.5008e+03
44026.5227 14.6953 2.7037e+04
44037.3527 11.9889 2.1208e+04
44044.3627 12.1207 2.0300e+04
44069.6427 10.0489 2.2004e+04
44193.6027 10.4538 2.7085e+04
44281.6227 12.7944 5.8296e+04
44560.0227 10.5993 3.5263e+06
45045.2727 26.1967 2.0442e+05
45339.7928 12.5795 1.7510e+05
45343.3928 11.9089 1.8821e+05
45344.6228 10.0355 2.0830e+05
45715.0828 13.0553 2.6175e+04
46269.2628 13.2976 1.0496e+04
46283.3528 10.8294 1.1367e+04
46614.1328 17.6175 9.7988e+03
47026.3129 13.4506 8.4911e+03
47157.0529 10.5650 7.9941e+03
47418.1329 10.4742 1.6195e+04
47521.5829 14.8447 7.4718e+04
47559.4529 20.8022 9.9838e+04
47566.7629 14.6300 8.9267e+04
47632.2429 20.5440 1.1443e+05
47653.0229 15.0580 9.3264e+04
47727.9529 18.8068 5.8868e+04
47735.7029 16.4398 9.7037e+04
47841.2729 12.9996 6.0382e+04
47863.1229 15.7166 1.8103e+04
47879.8729 15.8242 1.1766e+04
47896.9829 16.4525 1.3478e+04
47913.1329 15.3149 2.2317e+04
47933.8429 10.1797 1.2225e+04
48021.8729 18.7420 1.4527e+04
48086.6029 14.9122 3.2262e+04
48088.7029 11.3728 3.2262e+04
48097.0529 11.3960 1.1035e+05
48108.3829 10.0466 7.3512e+04
48118.7129 11.4106 5.0108e+04
48145.1229 11.0669 2.0345e+04
48205.9029 10.5584 2.4884e+04
48209.2829 12.3273 5.4678e+04
48244.2229 12.5880 2.7800e+04
48485.7730 14.5228 3.7098e+04
48525.7130 10.2849 6.6244e+03
48554.7430 13.2903 2.7328e+04
49415.8030 10.6794 6.2662e+03
49724.6630 10.6369 2.1273e+04
49782.2030 12.0986 1.5002e+04
50018.1831 10.2980 1.4732e+04
50029.1431 13.6069 1.2950e+04
50075.7831 10.8141 4.2216e+04
50089.7331 12.7498 4.3528e+04
50095.8131 10.5904 1.4850e+05
50097.9631 11.8661 1.4607e+05
50139.0131 10.7057 2.2593e+05
50154.3831 10.6190 1.1981e+05
50161.7531 13.7940 1.7058e+05
50194.7131 10.7837 2.6416e+05
50206.1131 14.0965 4.5672e+04
50234.3331 11.0325 1.7088e+04
50387.2031 11.1027 6.3425e+03
50541.9731 16.2631 4.7022e+04
50562.1231 13.6600 2.1910e+04
50583.1631 11.5530 7.5428e+03
51293.3031 11.3087 7.2113e+03
51443.3431 17.4305 3.2716e+04
52190.1332 10.0565 5.1988e+03
52320.0832 11.6462 1.1205e+04
52389.9732 13.6964 9.5780e+03
52568.9032 10.6478 2.3991e+04
52587.3232 12.5725 1.3834e+04
52705.4532 11.4846 6.7485e+03
53089.7832 13.7542 1.2963e+04
53172.7432 13.7021 8.3931e+03
53226.8132 14.7701 8.3720e+03
53344.7333 12.6770 7.4430e+03
53589.3133 10.0145 1.1017e+04
53909.3333 13.8802 6.8488e+03
53984.7233 13.1818 8.0501e+03
54613.6233 10.0517 7.0331e+04
54620.4533 11.1321 2.5900e+04
54661.5933 14.2270 7.1010e+03
54933.5834 17.8163 2.9296e+04
54951.1934 10.4889 6.8802e+03
55295.1934 13.0813 8.2659e+03
55564.4034 25.4976 1.2955e+05
55631.9534 12.5472 4.8659e+03
55781.3434 11.4252 2.4468e+04
55869.4734 15.9835 1.0098e+04
55910.1434 15.9711 1.1238e+04
56453.7734 17.4309 4.7131e+03
56517.7834 12.5063 4.9968e+03
57236.1835 13.4242 5.5501e+03
57756.8335 12.1909 3.6464e+03
57773.0235 13.1367 4.1736e+03
58013.1335 15.2223 3.3206e+03
58029.7935 14.6444 5.0120e+03
58180.3036 10.1135 7.5469e+03
58233.6736 11.8857 1.6293e+04
58268.7236 13.1497 5.1128e+04
58271.8636 10.0647 5.1128e+04
58758.4736 25.3082 7.7334e+04
58806.0736 13.3025 4.4330e+04
58942.9336 10.7481 6.8268e+03
59353.2536 11.6831 2.4889e+04
59592.3036 25.2753 2.3259e+04
60157.6737 12.6233 8.3971e+03
60447.1337 11.6708 6.8144e+03
60448.0437 10.1892 7.4652e+03
60698.6437 17.3123 2.0709e+04
61090.2837 16.1114 5.2192e+03
61670.7638 15.4515 2.5518e+04
61689.0538 10.3346 8.9822e+03
61707.8238 24.2425 6.3897e+04
61800.5838 12.0962 5.7257e+03
61977.8038 11.1316 9.7213e+03
62536.1038 11.3328 1.0780e+04
62601.6138 14.8595 6.2265e+04
62622.0738 10.6861 1.4993e+04
62680.8638 11.5887 6.7907e+03
62763.6838 10.3515 2.7225e+04
62788.6938 13.3111 3.5461e+04
62824.8538 10.3566 1.1020e+04
62938.5538 12.2066 9.2869e+03
62986.3238 10.5719 1.4072e+04
62994.5738 15.8371 2.1794e+04
63140.0439 10.6608 9.9719e+03
63166.5539 11.2949 9.5560e+03
63277.0739 15.6168 3.8312e+04
63303.9139 10.5579 9.0777e+03
63323.5439 19.9986 7.8953e+04
64060.6539 15.1360 3.5300e+04
64062.7739 11.7797 3.5300e+04
64214.9239 12.0621 6.0987e+03
64242.8539 12.4159 1.2219e+04
64391.3839 14.7931 4.2314e+04
64393.5039 11.8469 4.2314e+04
64629.6039 11.4035 7.4372e+04
64631.7039 11.1507 7.4372e+04
65003.2440 12.1899 5.4331e+03
65291.9740 17.6935 5.2953e+04
65294.0940 12.1515 5.2953e+04
65325.7340 14.6059 2.8630e+04
65327.8640 11.2572 2.8630e+04
65512.4040 10.6505 1.7736e+04
65527.0640 13.9899 6.5293e+04
65652.6740 10.3713 6.5307e+03
66582.1841 10.5265 2.6374e+04
66679.2941 10.2127 2.6242e+04
66684.2841 13.8657 6.4735e+04
66799.0941 10.8153 1.7847e+04
66890.5941 17.2992 9.3779e+03
67142.4241 11.8471 6.6275e+03
67342.8941 11.3723 8.1405e+03
67359.9941 11.3060 5.0630e+04
67584.8641 11.6517 5.2022e+03
67665.7441 13.0953 1.7025e+04
67680.1041 10.5490 8.7293e+03
67735.1741 10.6234 4.8852e+03
67871.3741 14.5373 1.4766e+04
68104.4842 10.3106 8.2366e+03
68238.8842 12.0885 1.2981e+04
68510.7642 19.7254 1.0691e+05
68733.2142 11.8299 1.4226e+04
68753.5042 20.0645 7.6456e+04
68858.6742 10.3099 1.6671e+04
68925.6342 13.1417 3.2607e+04
69094.8642 11.0637 1.0510e+04
69161.2142 13.2151 8.8167e+03
69169.7542 13.3396 7.8200e+03
69263.1542 10.6976 3.5893e+04
69290.9842 10.7411 1.0273e+04
69392.7442 11.0671 5.3326e+03
69575.6642 12.1097 1.2491e+04
70274.7643 11.4541 3.0461e+04
70495.5543 10.5792 2.4141e+04
70599.6843 10.5414 3.0692e+04
70757.9243 15.2722 6.1691e+04
70787.1843 11.7203 3.2057e+04
70841.8243 10.1198 1.3380e+04
70916.6743 11.3667 2.1117e+04
71137.0243 13.0727 5.2840e+03
71523.5444 10.3278 2.4277e+04
71606.9644 10.3928 1.1063e+04
72421.9144 17.2995 1.5372e+04
72587.8944 13.1121 3.0393e+03
72807.6144 11.2155 5.7199e+03
72926.6445 10.8748 1.3076e+04
72951.6545 12.2324 1.5649e+04
73009.8145 11.2083 1.9226e+04
73343.8845 16.5821 1.1035e+04
73827.2245 17.4357 2.9303e+04
73829.3645 10.9803 2.9303e+04
73992.5845 11.2542 1.5881e+04
74051.4045 10.4734 3.3682e+03
74055.9645 10.8816 3.8279e+03
74430.4545 10.2213 1.2828e+04
74628.5646 12.2940 2.1379e+04
74723.8746 10.0224 1.6247e+04
74912.8646 15.4871 9.3024e+03
75081.7146 10.0055 2.6298e+04
76361.9347 10.7948 2.5635e+04
76366.4447 12.0470 4.0600e+04
76899.3847 11.2732 6.1517e+03
77477.0747 14.0325 1.5343e+04
78345.3248 15.4512 1.7241e+04
79713.7849 10.9391 1.3376e+04
79726.9949 13.3898 1.4131e+04
79784.1149 10.2785 6.7547e+03
80262.6349 13.7195 1.2393e+04
80424.8049 17.0256 2.2231e+04
80468.9649 10.7937 3.9385e+03
80673.4749 11.9110 3.5881e+04
80678.6649 13.7946 3.5061e+04
80700.3549 10.0694 4.2381e+04
81806.0850 10.3893 1.2296e+04
81836.9150 20.7302 9.1918e+03
81874.7250 20.9133 9.4936e+03
82079.9050 10.2281 3.1398e+03
82234.4050 12.7176 3.7776e+03
82269.2950 14.6846 1.7152e+04
82270.8050 14.7051 1.7152e+04
83695.6351 10.0729 2.5327e+03
83730.6551 13.2611 9.3319e+03
83795.2151 15.2957 4.4848e+03
83938.3251 12.7293 5.3563e+03
84029.0151 22.2654 8.0760e+03
84061.1851 10.3725 6.3052e+03
84258.6851 15.4262 4.9799e+03
84458.0152 10.7062 5.5493e+03
84664.8652 10.3460 4.7614e+03
84831.5952 10.0127 6.5196e+03
85263.1952 14.2135 1.2493e+04
85573.9552 12.1894 2.9396e+04
85631.3352 10.7261 3.2159e+04
86099.1153 11.4501 2.2396e+04
86313.6253 18.7121 1.7215e+05
86318.9553 15.8255 1.2318e+05
