228.7700 19.2037 1.5124e+05
361.0100 11.2651 7.2896e+04
698.7500 11.6686 6.4197e+04
762.7600 11.1679 1.2888e+05
764.2200 11.9186 1.2888e+05
998.1501 10.5332 6.6179e+04
1388.0901 11.7033 1.6167e+05
1468.0101 13.7610 9.9978e+04
1672.1501 12.8796 1.0503e+05
1858.3601 10.2494 7.3450e+05
2447.0001 15.6232 1.2346e+06
2705.9102 13.3510 8.1960e+04
2741.7902 10.2941 1.0845e+05
3585.7402 11.4614 5.9658e+04
3700.7902 12.3550 3.7211e+04
3861.6202 13.6400 1.2064e+05
3944.3802 10.8552 3.8276e+04
3952.4302 18.8000 1.4189e+05
3988.0702 14.7050 4.8802e+04
4276.2203 10.1150 7.0147e+04
4356.6603 16.7396 2.3932e+05
4644.5203 11.3701 3.7881e+05
4644.9003 16.6271 3.2334e+05
4824.9703 23.1394 5.2603e+05
4950.2203 15.8879 1.0577e+05
4987.2103 10.0193 3.8992e+04
5028.7203 10.9240 4.8199e+04
5054.5503 11.6372 9.2422e+04
5515.4803 11.6280 4.0520e+05
5536.5303 15.3710 1.5745e+06
6293.9304 13.2673 7.8019e+05
6360.6304 11.7435 1.9992e+05
6385.7504 11.0155 1.9221e+05
6817.3304 10.8417 4.4232e+05
7445.2005 10.1302 7.2698e+05
7797.7205 11.5817 1.7095e+05
8032.1805 11.0960 4.4908e+05
8034.4905 10.8431 3.2147e+05
8737.0305 16.0470 1.4840e+06
8738.5805 10.9052 1.3978e+06
8835.5505 10.9381 6.1578e+04
8838.7705 11.4224 6.4820e+04
8861.2405 10.9115 4.5683e+04
9031.7306 11.9265 4.6908e+04
9043.2406 14.1794 7.3297e+04
9065.0606 13.0422 8.9376e+04
9210.5906 12.6287 1.2035e+05
9289.1206 12.1763 9.0120e+04
9470.8806 13.0854 3.3126e+04
9793.5206 12.8351 3.4239e+04
11330.8607 10.5480 3.0064e+05
11916.5507 10.5397 1.0686e+05
11941.9007 17.8863 3.1757e+05
11977.6907 16.3342 1.1169e+05
11992.0107 14.0712 2.1933e+05
12049.1507 15.6461 1.4014e+05
12231.8107 11.7817 9.8533e+04
12471.9908 11.5363 5.8483e+04
13013.4308 10.0142 3.3336e+05
13161.8708 13.1881 4.1338e+05
13162.3708 17.1659 4.1338e+05
13162.7308 11.6006 3.4155e+05
13524.3708 12.4554 6.4088e+04
13656.4108 10.2093 5.8629e+04
14138.1909 10.9567 5.0941e+04
14153.7709 12.1909 9.7290e+04
14269.1609 10.5912 9.8046e+04
15411.7809 10.5652 7.3500e+04
16061.1110 21.5900 1.3678e+05
16175.7110 14.9617 7.1175e+04
16477.2810 15.9186 3.0616e+05
16478.5610 11.0342 1.7594e+05
16546.2210 10.0364 4.2866e+05
16564.7910 12.4958 1.9757e+05
16729.5610 15.3012 4.0461e+05
16760.6110 21.3725 7.3691e+05
17303.7811 10.9375 4.4836e+05
17506.5211 10.7098 5.8423e+05
18852.1912 16.6616 2.8295e+05
18875.5412 15.1002 7.8089e+04
19693.4512 10.0555 4.0690e+04
19889.7812 13.9509 1.1920e+05
20934.3213 14.1764 1.0589e+06
20935.4213 10.8480 1.3291e+06
20937.0013 13.9890 3.8529e+07
20938.8913 20.3106 3.8529e+07
20939.4413 15.5960 3.8529e+07
20969.6713 13.7793 8.9618e+04
20987.8513 14.6892 6.1365e+04
20993.3413 16.1524 7.2808e+04
21013.1813 22.5016 1.9695e+05
21028.1013 10.7400 1.5525e+05
21028.9113 11.2934 1.5525e+05
21029.5313 10.9982 1.5525e+05
21030.8913 10.1280 1.0924e+05
21041.4713 12.7999 6.8724e+04
21055.4013 11.6904 6.7546e+04
21067.8913 14.4605 1.1762e+05
21078.9213 10.7913 4.9631e+05
21079.9213 19.3332 4.9635e+05
21080.7813 15.8033 4.6460e+05
21092.7213 12.8143 5.3816e+05
21104.6013 12.7732 1.8049e+05
21131.3813 12.1592 9.6348e+04
21323.8513 14.2949 8.7862e+04
21993.4413 16.5719 1.1437e+05
22099.2413 11.4693 9.4781e+04
22150.5214 12.1483 5.4279e+04
22209.3014 10.3093 1.9042e+05
22236.9814 12.2578 7.1330e+04
22252.9914 14.6881 1.2414e+05
22301.6214 12.5861 1.9194e+05
22368.2214 11.3666 1.0059e+05
22388.5114 13.5276 9.1319e+04
22468.6614 11.3235 1.2201e+05
22513.0914 17.9015 1.1019e+05
22818.7314 11.2005 6.1909e+04
23880.5215 11.0552 7.7388e+04
24041.9015 12.7773 7.9363e+04
24199.4015 11.7804 7.1925e+04
24226.8815 14.1632 2.4690e+05
24236.5215 15.4987 1.5674e+05
24240.9315 12.8598 7.0412e+05
24241.5515 19.6597 6.2913e+05
24247.5115 11.6821 2.4165e+05
24254.3515 19.0914 8.0548e+05
24269.2215 11.3142 7.3291e+04
24297.0615 14.2111 5.1594e+04
24307.2415 15.5226 1.0837e+05
24318.3115 11.8035 8.8018e+04
24329.2515 17.0048 1.6418e+05
24329.9815 10.6769 1.1601e+05
24348.2515 10.4760 5.0113e+04
24356.4015 10.3907 1.6617e+05
24358.6115 13.6392 1.4139e+05
24373.8615 18.4561 3.3754e+05
24377.9415 17.8618 2.5702e+05
24398.8015 11.3556 7.8769e+04
24444.6415 15.2907 9.7466e+04
24460.3115 14.1907 6.6121e+04
24497.1615 23.8912 2.3865e+05
24526.0015 11.3354 5.6106e+04
24533.5515 12.5904 1.1715e+05
24534.2115 14.0253 7.5134e+04
24540.4615 13.4412 1.6679e+05
24573.7515 14.6555 2.4041e+05
24718.4315 10.7079 8.2570e+04
24928.4515 10.9398 8.1076e+04
25073.5515 15.9713 1.1569e+05
25106.2915 10.3190 2.7859e+05
25253.0415 15.0533 8.6849e+04
25279.5715 13.2889 1.1293e+05
25281.3815 14.6138 9.5419e+04
25299.7215 10.8950 1.2604e+05
25314.2015 13.0384 1.4860e+05
25315.2015 10.5813 1.4733e+05
25325.1815 11.7505 1.2181e+05
25339.4215 10.2231 1.0883e+05
25348.8215 10.7375 1.0726e+05
25366.1515 12.3711 1.6416e+05
25369.3015 12.9355 1.5322e+05
25376.7015 15.3726 4.1214e+05
25379.7215 13.4758 4.3458e+05
25380.3515 12.3139 2.7657e+05
25389.9715 12.5581 2.0949e+05
25402.0116 12.2989 1.2769e+05
25406.0316 10.6343 1.0345e+05
25420.8916 10.0016 6.2269e+04
25428.0016 12.8493 8.9627e+04
25428.6616 10.0642 7.0462e+04
25433.8416 11.2435 1.0806e+05
25445.6216 13.1738 2.0963e+05
25446.4716 11.4676 1.9686e+05
25454.2216 19.0955 3.4395e+05
25462.1516 13.1921 2.2073e+05
25508.4416 13.0909 5.8319e+04
25546.0216 17.0106 1.2146e+05
25602.5916 11.8815 1.2218e+05
25622.4716 10.0940 1.0634e+05
25739.6216 10.6779 6.2313e+04
26225.6516 15.6420 1.5714e+05
26255.8216 13.9040 1.1040e+05
26574.9216 10.6537 1.2333e+06
27406.1217 10.0372 3.2983e+05
27804.5017 17.9417 1.4538e+05
27814.7217 19.3326 2.3550e+05
27815.2017 10.0117 2.3269e+05
27876.4917 17.1094 1.7317e+05
27989.5817 19.9109 1.7818e+05
27993.9617 13.1240 3.7171e+05
28193.3117 11.2878 3.3249e+05
28194.6117 14.8441 3.2579e+05
28313.1517 16.4757 3.7249e+05
28313.8317 13.2871 3.7249e+05
28314.3717 14.4842 2.7371e+05
28329.3617 23.1707 4.7022e+05
28352.1517 11.1418 1.7958e+05
28374.2517 13.9700 1.5355e+05
28374.6317 18.2626 1.0517e+05
28457.5517 14.9136 3.3087e+05
28458.7017 11.3917 2.4634e+05
28522.2117 16.9463 1.5244e+05
28594.3817 13.2103 1.7279e+05
28691.6518 11.0128 1.9655e+05
28693.6318 13.6048 1.8249e+05
28704.4718 13.2767 4.7894e+05
28810.3618 12.7614 8.8203e+04
29051.8218 12.2458 1.8443e+05
29196.3218 10.6052 2.0825e+05
29208.3018 11.6163 2.2663e+05
29220.4518 21.7415 2.4509e+05
29238.2218 11.9351 5.9962e+05
29280.8318 12.9475 1.6386e+05
29301.4618 13.7672 6.5155e+04
29306.7618 11.3505 8.1933e+04
29316.0518 11.9274 7.5363e+04
29340.4318 15.3198 9.6020e+04
29350.0618 14.5855 1.1309e+05
29350.7218 11.7403 1.0795e+05
29355.1918 11.2836 1.2863e+05
29383.7018 16.4750 1.7416e+05
29384.6718 17.4316 1.1348e+05
29427.4818 11.0614 8.3811e+04
29495.0618 17.3192 1.4654e+05
29508.9618 10.0677 8.1288e+04
29514.3818 14.2245 9.2076e+04
29531.8918 11.2256 9.9060e+04
29535.7318 15.4921 1.7133e+05
29538.1718 15.2057 8.6020e+04
29544.0718 17.2847 1.7035e+05
29553.0518 12.4736 1.5409e+05
29553.4718 11.3982 9.2845e+04
29564.9718 11.2443 9.6967e+04
29594.7018 18.4844 1.5497e+05
29608.6318 15.0407 9.4005e+04
29610.4418 10.3131 1.9379e+05
29613.5618 11.1460 1.4074e+05
29632.3618 12.5067 6.1789e+04
29662.6418 19.3861 1.1037e+05
29677.8518 10.6122 1.1583e+05
29686.2318 10.4666 1.5855e+05
29686.7518 10.6726 1.1877e+05
29703.6218 11.0419 5.2180e+04
29712.8218 12.6034 1.7790e+05
29715.2318 13.1161 1.5351e+05
29716.1618 10.5685 1.1666e+05
29730.9318 11.3941 4.4412e+04
29755.3518 10.1759 1.0586e+05
29760.1318 10.1957 9.8692e+04
29781.7718 10.4813 6.5806e+04
29792.0818 10.2455 7.0218e+04
29795.9918 11.4701 1.2801e+05
29796.4818 13.7187 8.0094e+04
29809.5218 17.7112 2.1125e+05
29815.0918 10.4467 1.0848e+05
29820.0218 15.3825 2.8190e+05
29839.1818 11.4181 1.4493e+05
29846.0318 10.7781 1.6809e+05
29846.6918 10.4006 1.5916e+05
29857.3918 13.2527 2.3415e+05
29897.3618 12.4205 1.3103e+05
29906.2818 12.7816 2.6437e+05
29929.6818 16.5310 2.8135e+05
29936.5118 11.9353 4.6166e+05
29939.9318 15.6911 4.5631e+05
29940.5118 11.5447 2.3104e+05
29956.4718 18.7717 1.4362e+05
29968.1118 11.9777 2.5298e+05
29968.6718 10.3964 2.0434e+05
30009.4918 11.8668 1.1336e+05
30020.5218 13.5358 2.4815e+05
30021.1118 11.1994 1.7812e+05
30086.1118 12.9607 3.2943e+05
30086.6918 10.9203 3.2502e+05
30090.6618 13.3853 3.7720e+05
30091.2518 10.3578 3.5805e+05
30123.4318 10.0127 9.0525e+04
30128.5418 14.1731 2.1242e+05
30135.3918 16.1106 2.2866e+05
30140.3318 10.5011 3.9549e+05
30170.8318 14.6033 9.8705e+04
30221.7018 10.4673 1.9816e+05
30222.6318 13.5682 2.0070e+05
30231.8018 14.4082 2.4657e+05
30249.2818 10.7950 1.9237e+05
30278.3118 10.4890 1.6017e+05
30279.2418 12.9587 1.5906e+05
30290.1718 11.6176 1.2822e+05
30297.8418 10.7944 1.2566e+05
30303.8118 11.7403 1.8108e+05
30325.3119 12.3018 1.0834e+05
30359.2219 11.6246 7.8067e+04
30453.2719 11.6559 1.0223e+05
30487.7419 13.1438 1.0490e+05
30495.7519 14.0236 1.5963e+05
30902.6119 12.1031 8.1857e+05
31317.9519 10.3254 6.8585e+05
31902.6119 10.3700 8.5905e+05
32210.8520 12.1742 4.8039e+04
32676.4320 10.0924 6.9653e+04
33338.6420 11.5620 6.1536e+04
33438.3820 15.1954 1.0061e+05
34004.9221 11.0855 5.7505e+04
34030.4521 11.8337 7.7497e+04
34775.9921 11.7253 5.6716e+04
34854.8221 10.1193 6.3122e+04
35014.4321 10.6431 5.8927e+04
35514.8822 10.0857 2.8184e+05
35706.1522 11.2885 7.0087e+05
35750.5222 12.1689 3.8695e+05
35779.3122 10.1029 3.9579e+05
35798.7222 10.0502 6.6929e+05
36323.6622 11.1772 7.4371e+05
36411.7722 13.3172 2.7931e+05
36424.6822 10.0286 2.2242e+05
36654.1822 10.7960 7.5059e+04
36841.6622 15.9090 1.8541e+06
36843.4022 16.4610 1.8541e+06
37327.7923 11.3142 1.5562e+05
37384.0023 12.3629 4.4688e+04
37499.9023 11.4165 4.9503e+05
37578.6623 12.8333 4.4038e+05
38028.1923 10.8819 9.3058e+05
38066.8223 11.6454 8.9731e+05
38242.2923 10.3838 5.0389e+05
38290.0823 10.3170 2.9829e+05
38290.7323 12.8852 2.0953e+05
38323.6923 10.0266 3.1035e+05
38324.3223 14.1602 3.2455e+05
38325.0923 14.9613 3.2455e+05
38325.6823 11.6753 3.4389e+05
38348.9923 11.9312 7.9076e+04
38382.6423 11.7920 3.5997e+05
38499.1323 12.5420 1.0870e+05
38517.6224 13.9668 3.8351e+05
38518.1524 15.5061 4.0690e+05
38570.3524 10.6321 2.0611e+05
38580.6724 13.2757 1.9307e+05
38588.5124 13.3791 4.0122e+05
38604.8724 20.5400 1.7337e+05
38707.5924 25.5243 3.7116e+05
38740.2324 13.3581 7.9951e+04
38803.3724 13.4631 1.5240e+05
38804.8424 13.9882 1.9926e+05
38808.5424 12.0286 2.8012e+05
38809.2124 12.0175 2.8630e+05
38828.2424 17.8870 1.7501e+05
38861.1324 10.0498 8.2931e+04
39320.3524 13.4376 8.8830e+05
39754.2324 17.1417 5.1850e+05
39842.8024 11.5713 5.8121e+05
40079.6024 20.9247 2.2675e+05
40099.8924 10.4829 1.8158e+05
40107.2124 12.3972 6.7609e+05
40151.5025 11.7729 1.7069e+06
40171.9325 10.7090 5.5180e+05
40209.1625 11.9777 1.7218e+06
40238.3525 10.5903 5.2274e+05
40290.3025 15.6677 5.8935e+05
40323.6425 10.1355 1.0585e+06
40354.7925 12.7690 7.2182e+05
40470.0325 14.6211 1.1265e+06
40550.9325 12.0699 7.9309e+05
40575.8825 10.7710 1.6438e+06
40597.0925 11.6944 9.8305e+05
41345.8625 10.5204 7.6945e+05
41363.4825 12.8693 9.6952e+05
41475.0925 11.4614 6.3435e+05
41642.2725 10.0985 1.4483e+06
41783.6426 11.5588 3.2075e+05
41891.3726 14.6779 7.5130e+05
41924.1326 13.0767 5.8889e+05
42132.5426 10.1533 1.6214e+06
42364.2526 11.2485 8.4561e+05
42487.9426 10.3542 2.8252e+06
43117.1526 10.7916 7.9836e+05
43384.4726 11.1584 1.6334e+06
43593.7127 12.9782 2.8455e+05
44000.6027 17.5619 2.6598e+06
44039.9227 12.4481 3.2151e+06
44075.6227 11.7302 2.9724e+06
44180.4427 16.4450 1.0228e+05
44516.7527 11.6492 2.0697e+05
44692.0627 11.6501 1.4856e+05
44816.8227 13.7751 1.1270e+05
44912.7327 13.2232 1.3716e+05
45046.1027 13.6609 7.1911e+05
45093.3928 11.8047 9.2261e+04
45247.1328 15.5504 1.7784e+05
45293.2628 10.1161 8.9942e+04
45351.2728 10.7359 1.0524e+05
45355.2728 10.6774 7.9340e+04
45363.4428 11.9288 2.2594e+05
45430.5428 19.9986 1.0227e+05
45485.1628 13.8026 9.4641e+04
45487.1528 10.2475 9.1464e+04
45489.0228 12.7326 6.5680e+04
45519.7528 19.6676 1.3966e+05
45557.1128 11.8606 5.9801e+04
45598.0128 11.5217 6.7210e+04
45672.8628 15.4460 9.4684e+04
45684.0428 11.7926 7.2501e+04
45887.6228 11.1747 5.4066e+04
45942.8928 10.1812 1.7396e+05
45949.1328 10.8523 1.4460e+05
46137.6128 10.1161 4.7577e+04
46167.1328 11.3282 7.2265e+04
46212.5228 11.8577 1.6217e+05
46220.4528 12.2648 2.1898e+05
46381.3428 11.1105 1.7831e+05
46406.5128 11.9748 8.8697e+04
46440.3328 18.2019 2.3826e+05
46467.7228 15.7374 2.0604e+05
46547.9128 18.1306 2.6684e+05
46579.0628 10.3878 1.1445e+05
46660.6728 14.6963 1.3184e+05
46865.9429 23.0022 7.5975e+05
46926.9729 16.2746 2.6284e+05
47005.5029 13.8434 8.3005e+04
47022.1829 10.3255 8.9271e+04
47042.2729 18.0404 2.6112e+05
47056.4829 10.6788 5.6946e+04
47064.9129 17.4408 2.3405e+05
47154.1529 21.7167 1.0637e+05
47277.9529 12.3477 8.5324e+04
47290.7229 11.2266 1.1219e+05
47291.2829 11.0261 1.0767e+05
47317.1929 10.7675 4.5830e+04
47345.7829 13.3132 3.6751e+05
47347.8529 23.1530 3.0742e+05
47402.4129 12.3059 1.2949e+05
47430.3129 12.3448 1.1667e+05
47504.5929 16.8566 5.8298e+05
47506.0629 23.8126 6.9042e+05
47531.1529 11.1136 7.8304e+04
47538.7029 12.5995 7.8501e+04
47614.3529 10.2492 1.2361e+05
47641.6029 11.9169 1.6794e+05
47642.7729 12.1354 1.4037e+05
47666.1729 14.4505 7.5897e+05
47666.9329 22.7692 7.5897e+05
47667.6629 15.9043 7.3192e+05
47695.8629 12.1216 1.3084e+05
47704.5529 14.5400 1.6899e+05
47715.2329 13.3866 1.3606e+05
47715.8829 13.9698 1.1373e+05
47730.5929 17.1343 8.2511e+04
47737.3729 13.2281 1.4796e+05
47739.1229 13.5229 1.1487e+05
47814.4629 11.5930 7.9597e+04
47816.1029 12.2710 7.7529e+04
47832.6629 14.1605 5.6235e+04
47898.1029 15.0527 7.2412e+04
47915.7829 13.3443 1.7808e+05
47940.1629 11.7279 8.0810e+04
47978.1129 11.1177 1.6675e+05
47978.8129 15.6350 1.0366e+05
47991.8629 21.2521 1.5136e+05
48004.9429 13.9286 1.2673e+05
48005.3229 10.5904 1.2673e+05
48014.0229 16.1191 2.1615e+05
48046.7029 10.5615 1.6528e+05
48048.0429 10.4803 1.3364e+05
48048.5729 11.2443 1.1101e+05
48087.7929 11.6256 5.6433e+04
48135.7829 13.4927 1.2280e+05
48163.0729 11.9056 8.4534e+04
48183.5629 17.6267 9.7046e+04
48240.6229 10.0382 4.4886e+04
48256.8129 10.8154 9.8106e+04
48259.2729 12.2572 9.8106e+04
48259.7529 12.4903 9.6075e+04
48263.9429 15.0150 1.8212e+05
48292.5029 11.0209 8.7813e+04
48332.8630 14.1577 1.3745e+05
48408.1630 12.9174 1.7620e+05
48452.8430 13.2887 8.1278e+04
48468.5530 10.0115 1.6732e+05
48469.9830 17.9944 1.4980e+05
48472.7830 12.3349 1.9360e+05
48474.5730 12.3844 1.3828e+05
48488.5830 18.4464 1.3497e+05
48491.9830 10.6760 1.0872e+05
48533.5730 20.6731 1.5601e+05
48563.4230 12.0407 1.2817e+05
48570.0630 15.9743 1.7205e+05
48580.1730 14.3314 1.7346e+05
48815.6430 10.7478 4.7073e+04
48833.0330 10.0929 7.4044e+04
48906.0830 10.7602 4.5502e+04
48930.4430 15.5652 1.5004e+05
48942.5130 10.3968 3.0060e+05
48970.6630 11.1484 3.6912e+05
48974.0930 23.3499 3.1957e+05
48983.9230 13.7906 6.7199e+04
49065.5530 14.1879 1.7362e+05
49075.5230 23.7776 4.6166e+05
49134.9530 10.7057 2.9579e+05
49137.1130 14.4373 2.9485e+05
49149.5930 11.1426 3.0554e+05
49150.0730 15.6633 3.0314e+05
49160.0930 12.6709 3.2518e+05
49419.7530 10.8616 1.4111e+05
49423.2530 12.0421 1.1038e+05
49536.4030 10.1657 6.9621e+04
49563.9930 13.5675 7.7557e+04
49609.4530 12.9804 7.0276e+04
49618.6630 11.7675 1.6412e+05
49737.6830 10.7536 4.5800e+04
49822.0130 20.5466 1.4588e+05
50021.4031 10.7891 6.8168e+04
50443.5131 10.8864 1.8222e+05
50621.8031 19.6869 1.4778e+05
50644.2331 15.1728 3.7880e+04
51144.5031 12.8364 7.7545e+04
51278.1531 10.2289 3.6463e+04
51304.6031 14.6125 3.3435e+05
51353.7531 10.4164 3.6520e+04
52152.6532 12.9839 5.7682e+04
52688.8032 10.3364 7.8398e+04
52916.2632 12.1948 2.6086e+05
52917.8632 13.3091 2.0208e+05
52945.5132 15.2588 1.4058e+05
53266.7833 15.1634 4.2692e+04
53363.8633 14.7307 7.9645e+04
53387.4933 10.2210 1.4348e+05
53388.5333 16.3607 1.3071e+05
53403.4533 10.5010 8.2177e+04
53406.5133 15.2704 8.4769e+04
53660.8533 10.5678 5.2373e+04
54305.0733 10.7746 2.6127e+04
54348.8033 13.9508 1.8294e+04
54525.9933 13.9905 1.1775e+05
54560.1333 13.3006 1.0789e+05
54562.4333 16.5100 1.0789e+05
54563.9033 16.9028 8.6978e+04
54591.2733 14.7404 2.0659e+05
54605.7533 12.3251 2.4874e+05
54606.4433 19.5140 2.3074e+05
54632.5333 11.7786 7.7393e+04
54653.0033 12.4179 9.1137e+04
54668.8033 17.8420 5.9755e+04
54703.5133 11.9013 1.0969e+05
54705.6133 18.0454 1.0231e+05
54715.4333 13.1016 4.3628e+04
54737.9633 11.3189 7.2296e+04
54738.8433 10.5750 7.2296e+04
54749.9133 10.0009 8.6505e+04
54777.2833 17.5725 1.0592e+05
54817.7433 17.0789 6.8069e+04
54822.8733 12.8836 1.0913e+05
54854.9533 10.4350 1.0517e+05
54856.6233 13.8053 9.6506e+04
54868.7033 10.6279 7.3007e+04
54875.8033 10.8501 6.3414e+04
54881.3733 17.1723 5.6768e+04
54902.9834 16.3098 7.8052e+04
54925.0234 12.7241 6.4622e+04
54935.4034 14.5449 1.1732e+05
54939.7234 12.3249 1.5676e+05
54941.8934 10.2055 1.3640e+05
54951.4434 10.8757 6.9772e+04
54967.3934 11.1680 4.6159e+04
54992.2234 17.9585 1.0626e+05
54992.8534 15.8697 8.8796e+04
55015.4534 15.2292 1.2387e+05
55018.0234 15.8908 9.9422e+04
55024.5134 12.0213 1.1049e+05
55035.6534 11.7978 7.7153e+04
55042.9034 22.4747 1.5002e+05
55063.6534 12.0516 1.6708e+05
55064.8134 13.5082 1.4468e+05
55076.2634 17.3177 2.0463e+05
55077.2334 14.0924 1.8694e+05
55083.5834 10.7852 6.4824e+05
55084.3534 20.5712 5.6118e+05
55084.9834 11.9730 4.6295e+05
55090.4734 10.6767 1.7170e+05
55102.7834 15.4327 8.0185e+04
55135.1534 13.0710 1.0005e+05
55149.4534 18.1869 1.2370e+05
55157.5434 12.3104 3.3264e+05
55160.5534 15.0509 1.9163e+05
55176.2234 11.4106 1.2949e+05
55181.8734 10.1722 9.1356e+04
55188.0234 10.4472 1.4757e+05
55216.8334 16.6923 4.0160e+05
55217.5434 16.8937 3.2809e+05
55253.4034 16.5221 1.6788e+05
55254.8834 10.2305 1.5285e+05
55267.5134 10.4795 1.4606e+05
55270.3434 17.9993 1.5363e+05
55300.3134 20.1160 1.0195e+05
55316.2834 13.5033 4.6439e+04
55325.6034 20.1710 1.3675e+05
55332.3334 10.0223 2.8675e+05
55333.1634 16.9840 2.8675e+05
55363.1334 10.8307 6.7673e+04
55372.8334 11.5413 6.9556e+04
55374.4234 12.0868 9.4183e+04
55376.3934 10.0623 9.5829e+04
55377.0034 10.0598 9.5829e+04
55386.5234 15.3632 1.4555e+05
55390.2034 11.7200 1.1388e+05
55462.9934 10.2122 4.0850e+04
55489.2434 11.3570 5.4665e+04
55619.1934 12.6095 4.1267e+04
55730.8034 12.8360 9.7928e+04
55733.9334 12.6530 1.3327e+05
55734.4134 11.5710 1.3327e+05
55735.5034 14.1641 1.3327e+05
55740.7234 10.4655 1.7101e+05
55856.4734 13.9210 6.5128e+04
55857.4334 12.3129 5.4132e+04
55879.0234 16.8629 4.8550e+04
55887.2734 13.6858 1.0001e+05
55986.9034 12.3114 6.0412e+04
56102.3734 11.1101 3.3969e+04
56157.0834 12.1960 3.9035e+04
56201.0534 11.3718 7.7615e+04
56272.4034 10.6645 3.4673e+04
56286.4034 15.8907 7.3279e+04
56318.7034 18.4634 1.1704e+05
56356.5934 13.3984 6.2413e+04
56379.4534 11.5566 6.3537e+04
56391.2234 10.6400 5.9028e+04
56441.9934 17.0968 9.1507e+04
56551.7135 10.3100 4.5882e+04
56580.6735 12.3655 5.4491e+04
56589.6535 10.6160 5.2127e+04
56705.2535 10.4326 5.7908e+04
56715.7835 22.3959 1.9977e+05
56870.6535 10.6763 4.6019e+04
56930.1235 12.3751 7.7615e+04
57001.7735 15.0944 6.3677e+04
57021.4735 13.1252 4.5173e+04
57059.1835 13.2716 4.2675e+04
57068.1635 11.6328 4.1662e+04
57100.9435 14.3767 7.9845e+04
57104.4535 14.8723 7.7924e+04
57114.2935 10.2342 1.4242e+05
57114.9935 12.3070 1.3640e+05
57115.7435 12.6076 1.2856e+05
57124.9935 16.2080 1.7023e+05
57126.6435 15.7148 1.3639e+05
57143.7135 21.0529 8.2666e+04
57144.6735 10.6359 6.7345e+04
57167.8635 16.4995 7.5877e+04
57173.2835 19.6120 7.5218e+04
57181.3435 14.5414 2.8525e+04
57195.2335 20.4336 4.9423e+04
57200.1435 21.5844 1.7014e+05
57236.5635 12.2131 1.1807e+05
57262.9735 10.5092 2.8313e+04
57269.5535 18.0579 8.3197e+04
57278.5735 12.7465 4.3313e+04
57284.2535 15.3409 8.2906e+04
57287.3035 14.5158 4.0956e+04
57303.6435 11.1268 4.5629e+04
57312.9435 14.7051 9.2487e+04
57336.5735 21.7198 1.6522e+05
57366.8435 12.8602 2.1881e+05
57384.6835 11.2692 1.9688e+05
57385.5035 10.5211 1.2208e+05
57392.9035 11.4247 2.3236e+05
57393.6435 13.4098 1.3769e+05
57397.4935 10.7089 8.2987e+04
57405.4935 10.9440 1.6582e+05
57409.2735 13.9612 1.0746e+05
57417.9035 12.6105 2.2239e+05
57421.1235 11.2143 5.4099e+05
57439.1635 10.7191 8.1321e+04
57444.7835 11.5979 1.0133e+05
57457.5535 12.2607 2.0349e+05
57458.0935 12.4769 1.5086e+05
57466.9235 11.1409 3.3011e+05
57470.2335 16.3942 3.2281e+05
57501.6535 12.0682 1.2631e+05
57508.0635 11.1657 8.1500e+04
57519.7135 16.5404 1.4411e+05
57534.5335 12.8362 2.2808e+05
57544.3235 14.0745 2.1493e+05
57554.9635 15.6897 1.2419e+05
57563.8035 15.2966 1.0517e+05
57576.3335 15.0180 2.2332e+05
57576.9235 13.5036 1.3300e+05
57585.3935 13.2259 1.2672e+05
57594.5635 12.6278 2.1026e+05
57618.1035 11.5604 8.2810e+04
57652.4035 11.0730 1.2371e+05
57653.0635 15.2306 1.2371e+05
57673.1235 14.0959 1.0261e+05
57892.5935 12.2383 8.0970e+04
57901.4935 14.7903 9.8552e+04
57950.0635 10.1255 4.8992e+04
58026.1435 13.4727 7.2470e+04
58066.7935 11.5647 8.4064e+04
58069.2135 10.6821 1.3579e+05
58115.3235 10.7065 6.3274e+04
58124.3135 14.7481 8.9849e+04
58135.1635 13.4970 1.0834e+05
58136.2935 12.3002 1.1132e+05
58139.2335 10.8258 1.0196e+05
58158.6135 13.3542 8.3691e+04
58166.3536 14.7570 9.7572e+04
58180.8836 20.8479 5.4617e+04
58192.9836 16.5951 6.6724e+04
58199.0236 12.0328 5.0407e+04
58217.2436 12.0896 2.0547e+05
58218.2036 19.3260 2.0547e+05
58218.7436 13.6420 1.2406e+05
58227.8436 18.8556 3.4063e+05
58228.7436 10.8065 3.2164e+05
58251.9236 12.3957 1.5997e+05
58252.5736 11.1553 1.5997e+05
58254.6336 10.5049 1.8456e+05
58273.2536 14.2396 1.4442e+05
58282.0336 12.8606 9.8529e+04
58300.0336 16.3769 5.6026e+05
58300.7036 13.0538 5.6026e+05
58303.1736 15.7429 2.5469e+05
58332.3036 14.4407 1.3377e+05
58334.5736 10.1623 1.3377e+05
58335.7036 13.0428 1.2680e+05
58361.6636 14.7286 2.8142e+05
58383.5836 11.1080 1.2168e+05
58394.6836 11.3233 2.6566e+05
58397.0536 16.3506 2.1246e+05
58405.6236 10.3052 1.2237e+05
58411.6436 15.0159 3.3430e+05
58412.5736 12.7581 2.9583e+05
58415.5136 10.4800 3.2232e+05
58426.3436 10.4386 8.3880e+04
58449.7136 10.7039 8.1656e+04
58462.6536 21.3750 2.7436e+05
58466.3436 13.4809 1.6661e+05
58483.6436 13.2962 4.9745e+04
58491.2236 13.2580 1.3800e+05
58492.1436 16.9170 1.2976e+05
58509.4036 10.3068 5.5482e+04
58509.9236 12.7752 5.1018e+04
58519.2036 13.9324 1.4926e+05
58519.8136 10.7619 1.4926e+05
58520.3936 12.6028 1.3985e+05
58544.9936 10.7630 3.5845e+04
58554.4836 19.3718 4.0660e+04
58563.1436 13.2884 1.8897e+05
58571.8936 12.1743 1.2697e+05
58603.5736 10.0338 6.1953e+04
58663.7136 15.5123 7.4920e+04
58703.1736 18.8086 1.4815e+05
58733.7036 12.8913 1.4549e+05
58736.6836 10.0612 1.3075e+05
58747.8136 18.1726 9.8355e+04
58776.8236 10.3118 7.2090e+04
58800.1036 12.4883 9.3787e+04
58808.2536 10.5215 9.2843e+04
58876.0536 14.1506 5.9546e+04
58880.2936 12.4611 4.3892e+04
58889.5136 16.6522 1.1955e+05
58890.7836 19.0931 1.2378e+05
58893.0336 10.4621 1.2378e+05
58932.2336 15.6093 1.1086e+05
58934.6036 10.6615 1.1072e+05
58935.4036 11.4165 1.1072e+05
58945.4436 14.3056 9.0264e+04
58950.8936 12.1302 4.9503e+04
58997.2436 18.8027 8.7859e+04
59015.9936 12.1476 4.3285e+04
59018.2636 10.2583 5.3977e+04
59022.1436 14.8204 1.7261e+05
59025.2036 10.6141 1.7261e+05
59025.6136 10.7661 8.4365e+04
59034.8036 18.0722 3.8225e+05
59035.3736 13.0999 3.8225e+05
59035.8636 10.8233 3.5967e+05
59062.0836 12.1706 1.2869e+05
59070.3836 20.0007 1.6009e+05
59104.2636 12.5298 8.2664e+04
59111.4836 13.4382 6.8474e+04
59117.6736 12.6772 9.0973e+04
59119.6736 11.8327 1.6810e+05
59123.3636 19.3491 3.0787e+05
59125.6036 18.2744 3.1057e+05
59134.8536 10.1170 2.1095e+05
59135.4136 10.8982 1.0410e+05
59146.7036 10.1909 9.5306e+04
59156.9536 10.1604 1.2278e+05
59165.2536 11.3545 9.4521e+04
59175.7936 11.6524 2.5964e+05
59224.5136 11.2648 1.3203e+05
59238.6336 18.2491 2.6494e+05
59243.0836 13.5869 2.8308e+05
59257.7836 21.0024 2.1444e+05
59279.3936 16.9029 1.1789e+05
59314.2136 14.7580 1.3086e+05
59315.0136 18.5307 1.2730e+05
59319.9336 11.5337 1.4204e+05
59322.1236 13.9715 8.4002e+04
59338.1936 10.1952 5.5632e+04
59348.6436 13.1398 9.5282e+04
59355.0436 12.0429 1.0566e+05
59387.0236 10.4258 2.2448e+04
59498.8036 13.6824 7.9013e+04
59518.1936 15.6281 1.1982e+05
59530.5936 17.8628 1.9884e+05
59638.9336 15.8024 9.1008e+04
59640.3136 13.8328 8.6195e+04
59651.3336 18.7839 7.2310e+04
59654.2336 11.1838 7.2310e+04
59655.1336 10.5407 6.7264e+04
59660.2636 13.3609 1.3671e+05
59693.9236 10.0804 6.9870e+04
59694.6836 10.8463 6.9870e+04
59696.8536 14.6766 6.5021e+04
59733.4736 11.6187 3.4058e+04
59739.3936 18.7900 6.4513e+04
59759.7536 10.8314 1.9398e+04
59767.5236 15.5207 8.7288e+04
59769.2336 15.2225 5.8704e+04
59781.6236 22.8864 1.2459e+05
59794.0536 11.7838 6.2219e+04
59803.8937 11.2300 7.5013e+04
59808.4737 10.0244 1.7628e+05
59810.6137 11.8875 2.4107e+05
59821.4837 10.7247 1.6201e+05
59842.8337 10.3533 5.5525e+04
59855.5737 12.5758 5.1000e+04
59861.5437 12.9886 9.2793e+04
59862.3537 13.0160 9.7953e+04
59873.9137 14.2545 3.3004e+05
59874.4737 14.2921 2.0833e+05
59885.7037 11.8590 1.5795e+05
59901.5737 11.6200 6.4572e+04
59908.8337 13.5950 1.3089e+05
59918.6137 17.2262 2.6651e+05
59922.9837 11.4026 2.6430e+05
59942.2837 11.8881 1.8767e+05
59944.1037 12.6352 1.8424e+05
59952.9937 16.5549 2.1373e+05
59961.1137 18.5184 3.2000e+05
59990.9737 10.2979 5.8741e+04
59999.3137 10.3431 5.9322e+04
60007.0537 14.8096 6.6142e+04
60022.3737 13.2808 1.0034e+05
60023.0737 10.5649 7.9900e+04
60027.6837 13.5810 3.7099e+05
60029.7237 15.6076 3.7099e+05
60030.1837 13.8511 1.4407e+05
60041.5637 10.2439 1.6403e+05
60042.3137 13.7314 1.6403e+05
60083.0637 10.6402 9.3652e+04
60085.5837 16.7180 9.3652e+04
60113.9137 16.1104 5.8209e+04
60114.9637 12.3422 6.3533e+04
60118.0037 12.6351 9.9146e+04
60147.6537 12.7747 1.2051e+05
60149.9737 11.6741 1.1844e+05
60155.5937 14.0770 1.3914e+05
60172.9937 12.6899 1.7277e+05
60186.5237 11.5900 2.7930e+05
60219.1037 11.4027 8.3971e+04
60222.9937 10.7796 5.2432e+04
60304.4237 12.0069 3.3902e+05
60306.3137 19.4430 3.6221e+05
60307.0837 12.2729 4.2535e+05
60307.6837 11.7010 4.2312e+05
60333.3437 10.9005 7.0517e+04
60334.8337 11.5834 6.0389e+04
60341.5337 11.2420 5.0460e+04
60346.2937 10.6635 4.9087e+04
60365.8237 17.3659 1.5435e+05
60384.4837 12.8220 1.0641e+05
60405.4837 11.0535 8.9612e+04
60406.1537 13.5192 8.9612e+04
60407.4437 12.5415 7.7666e+04
60513.0037 11.8375 2.7262e+04
60935.4937 12.5112 4.9059e+04
61042.4037 11.2198 5.8196e+04
61137.7037 11.3945 9.8965e+04
61154.3637 10.9672 9.8175e+04
61228.4837 16.1205 9.1569e+04
61246.6637 10.5279 1.2904e+05
61247.5537 18.4440 1.2904e+05
61266.4137 13.9120 1.6589e+05
61344.8637 10.8690 1.6269e+04
61665.7238 11.2674 2.1758e+04
61710.0438 13.5028 1.0084e+05
61720.6938 10.3160 2.6059e+04
61746.8738 19.9993 6.5419e+04
61924.0738 10.1019 2.5128e+04
62090.7638 17.6213 4.2348e+04
62297.4238 10.8795 2.5418e+04
62554.6338 23.2707 1.1059e+05
62915.7238 13.3447 1.6322e+04
62986.1738 14.4426 3.1148e+04
63011.7138 11.5071 1.7861e+04
63135.9439 12.6626 1.8513e+04
63219.5839 14.0962 2.0056e+04
63293.9339 12.4945 2.7628e+04
63641.4739 13.2392 1.2621e+04
63750.5939 11.1550 2.0197e+04
63880.9039 16.8473 4.1146e+04
63893.1139 21.1920 7.1218e+04
63921.0939 10.7098 1.6741e+04
63936.3439 10.8221 5.1669e+04
63956.4539 14.4112 3.0132e+04
63979.1439 14.7172 2.6612e+04
64062.4439 10.4116 4.0974e+04
64225.6639 12.6112 2.7194e+04
64339.2039 18.3770 1.3679e+05
64393.1739 10.5849 6.1284e+04
64438.1839 10.3068 3.1053e+04
64534.6839 10.4229 1.8496e+04
64631.3739 10.6067 8.0458e+04
64766.4240 12.3994 4.3650e+04
64818.0540 13.3762 2.4884e+04
64910.4540 12.7510 5.2025e+04
65190.4840 15.5262 3.4391e+04
65253.5340 13.4898 2.1817e+04
65290.3440 12.2563 6.3820e+04
65944.9540 15.2727 3.1951e+04
66132.2740 12.3140 1.8558e+04
66366.0241 10.2404 4.3554e+04
66436.6741 11.8571 6.4606e+04
66810.1741 11.0032 2.6402e+04
67207.0841 12.2972 2.4930e+04
67469.3241 14.3801 2.0035e+04
67488.9041 15.9364 3.9206e+04
67547.2041 14.9965 2.1181e+04
67576.6441 10.4318 1.8363e+04
67700.5441 14.5242 4.0393e+04
67855.0341 10.6808 1.8559e+04
67902.3541 10.1830 1.5881e+04
67958.8741 10.0460 2.1612e+04
68025.9942 12.5333 1.2818e+04
68141.7342 17.7630 3.6237e+04
68173.8542 10.7165 1.2705e+04
68276.2642 11.2336 2.0932e+04
68304.6842 10.1722 3.5646e+04
68380.2642 17.1575 5.5255e+04
68467.9442 16.4572 4.2353e+04
68525.1742 10.8806 2.5831e+04
68873.4742 13.4942 6.0294e+04
68921.5842 15.0876 5.5196e+04
69022.1242 14.1949 1.5510e+04
69216.0742 14.4920 1.3362e+04
69337.1042 16.3766 4.2909e+04
69354.8842 10.8825 2.1315e+04
69375.6942 14.6744 1.8333e+04
69587.6642 11.3021 1.2896e+04
69593.0842 10.0535 1.9114e+04
69629.8342 13.1306 2.5214e+04
69684.9743 21.3189 8.5249e+04
69726.1943 12.1689 1.2790e+04
69759.6343 10.6734 1.0861e+04
69851.1243 17.0780 1.8116e+04
69963.0543 11.7358 2.4162e+04
69972.8843 17.3382 2.3213e+04
69994.9743 12.4611 3.7058e+04
70463.5343 10.0464 1.6304e+04
70644.6643 10.1964 2.2727e+04
70662.3943 10.8578 3.0612e+04
70701.0343 13.1648 1.8340e+04
70785.5943 11.4642 2.7942e+04
70947.2943 10.1016 1.9027e+04
70985.2243 10.3939 2.8148e+04
71123.6043 13.5884 3.5862e+04
71192.6143 11.7298 3.8392e+04
71198.6343 10.0801 3.6143e+04
71225.9143 13.0866 3.0643e+04
71488.7244 11.7512 2.4050e+04
72040.3544 12.1750 2.6385e+04
72052.9944 10.6798 3.1139e+04
72078.5644 10.1668 3.3983e+04
72361.8744 11.4963 2.3148e+04
72411.0444 13.5434 2.1053e+05
73051.0245 13.6718 2.0022e+04
73178.0745 11.3333 1.9736e+04
73210.5045 11.8263 4.1115e+04
73211.9045 14.2326 3.7035e+04
73339.4145 10.4765 1.7946e+04
73558.3645 11.0267 3.2483e+04
73590.0945 10.7582 1.2512e+04
73716.2945 11.1219 5.9121e+04
73760.2345 10.5149 2.7858e+04
74030.7945 11.7154 1.7553e+04
74113.7445 14.7577 3.0387e+04
74147.4745 20.1264 3.7514e+04
74271.9745 20.9670 5.7769e+04
74625.5446 19.3837 9.3986e+04
75098.8046 10.0588 1.9430e+04
75295.6246 11.1894 1.4913e+04
75310.8446 10.2522 2.5625e+04
75539.3746 10.3787 2.5714e+04
75755.5946 10.6425 2.6578e+04
75896.5646 15.8184 3.6572e+04
76426.6647 20.3084 1.1837e+05
76539.3947 10.1987 4.0371e+04
76758.7647 13.1877 4.1621e+04
76875.7247 12.7288 3.9973e+04
76926.0247 11.2457 2.9374e+04
77003.6047 10.8644 5.5451e+04
77105.6147 22.0206 1.4554e+05
77242.7047 12.3432 2.1255e+04
77441.6947 10.6644 3.2627e+04
77487.0847 15.6795 3.7598e+04
77886.2148 10.3199 3.1691e+04
78092.2248 10.8224 1.1821e+04
78300.9048 10.0371 1.6756e+04
78330.9848 13.0142 2.6236e+04
78337.2848 15.9936 3.3967e+04
78866.6148 10.4038 1.5033e+04
78988.1848 11.1892 2.5411e+04
79400.2548 13.9546 2.2565e+04
79991.6449 12.2616 1.5272e+05
80670.4749 10.7380 1.0290e+05
80998.6049 14.4434 1.1858e+05
81127.7450 17.9474 3.8677e+04
82002.2150 10.0922 3.0809e+04
82021.4650 10.1407 4.4628e+04
82374.5450 11.7683 1.3591e+05
82535.1350 11.8615 9.6698e+04
82990.7551 11.8504 2.5775e+04
83075.4251 13.0021 6.9738e+04
83514.1751 12.1053 3.0316e+04
83580.4151 13.4200 7.9062e+04
83668.9651 10.5191 3.0467e+04
83851.9451 23.3367 3.0522e+05
83929.0451 10.9629 6.8787e+04
84215.2451 16.9178 1.1797e+05
84450.4852 10.6787 8.8977e+04
85061.7352 21.4938 2.2921e+05
85353.5352 11.6420 6.3087e+04
85403.1552 11.9159 6.0313e+04
85655.3152 12.6499 2.4301e+05
85678.9552 16.8443 1.4430e+06
85955.6152 12.7820 1.1583e+05
86097.2653 10.7773 4.4685e+04
