59.3600036230471 6.725159243918825 1989179.8921707906
225.0600137365731 6.402633574816544 638002.8260368104
1996.500121856697 11.784112160373944 180067.47039032908
2007.450122525032 8.913168438090533 68908.49634159778
3009.9401837121695 6.176368538271443 198617.2765647139
3713.620226661391 7.0940544343285605 57840.802447691356
3812.3902326898337 7.719735142895526 87243.01061811663
4991.49030465639 6.0591934076435585 228927.03258756513
7001.110427313869 8.799594080064683 41537.98170566146
7147.810436267727 6.004785039493598 18682.45924235263
7161.730437117336 6.67542470836781 23334.118125750778
7172.840437795437 6.959516374787208 46708.03555388883
7176.020437989529 7.736449925090804 51747.9460679689
7216.46044045779 6.294056201327029 19151.889624978037
7281.710444440335 6.6886767751637795 20204.899602953283
7355.010448914212 8.290679708397633 40418.91747828921
7387.180450877713 8.088176838982493 16152.023558900051
7867.820480213652 7.864165278665544 27026.788420263063
7877.040480776396 6.85518649949434 21081.27473364338
7965.6304861835015 6.080513682955483 28550.692691663196
8091.710493878814 10.307385476731318 641117.7039073396
8092.320493916046 7.215725485904986 604421.7925034167
8095.360494101593 6.608714340218249 639300.3443623453
8122.210495740386 6.413301244411197 175648.9418322121
14337.420875086724 6.079040046315091 102272.31812445374
14406.530879304863 7.16235646156107 73771.67027568775
14474.200883435113 8.571291412741825 477987.5770001742
14486.280884172418 6.468915017223253 570382.9694508356
14502.800885180719 8.321232491800513 1029094.8156261233
14517.110886054132 6.501579381260061 303240.03090790473
14526.810886646172 6.877683477996236 594523.9626458428
14562.900888848932 10.186847094270474 572548.1712988766
19336.11118018257 6.3126403443422765 50852.215249151595
20795.341269246903 6.550190612560646 130286.06084907673
20873.75127403267 6.4661437102467705 184216.0306977115
20876.26127418587 6.907257737769185 269753.49808699486
20912.35127638863 7.895408741233728 374370.74400378927
21360.601303747637 6.487971097437801 97550.89239785845
21385.191305248492 6.3913551349378555 100261.13772175639
21401.63130625191 6.927044724754037 107027.15206581318
21438.8113085212 8.442993560689064 152436.3972364885
21451.64130930428 6.103043023747186 108383.58317471213
21462.301309954913 9.13727412872094 92094.26799215567
21465.001310119707 10.379031314955562 391644.2477910632
21507.301312701496 7.761227422672699 381007.5393641533
21562.03131604195 7.354842662145676 54618.522303111014
22578.271378068323 6.841148716873644 100644.37059267223
22589.771378770227 8.583557802455665 272044.2186498142
22680.88138433114 8.547388320570528 637501.0665762493
22706.841385915614 6.169110408409289 784056.537474329
22708.25138600167 9.329129379470045 802799.2685605411
22709.611386084678 6.899984342553788 691815.6237191668
24188.771476365448 10.30277271653405 4263825.6139665
24381.76148814462 6.592731260359706 387489.06714523974
24388.731488570036 6.219580992021313 282119.5689776803
24415.80149022226 6.044118728793608 802499.796922306
24418.741490401702 9.102352984186881 915407.177217749
24453.72149253671 6.242441656032085 873775.1534835924
24574.53149991037 9.734058409183488 614381.7660745792
24587.33150069162 7.485099257626793 270591.21016156254
24592.511501007782 8.309832193339613 761646.230350327
24593.151501046843 7.388427185729677 715680.3007643302
24618.111502570282 9.42442873051382 778933.1137908893
24630.691503338105 6.188417465535906 503150.50574655907
24643.191504101043 6.9549301202578775 1131309.3258316368
24649.461504483734 7.216897708608447 581187.8472241679
24664.97150543039 7.583203363968759 482159.0740482367
24697.071507389617 7.288391243075127 432229.5383199347
24714.78150847055 6.413757289328495 164841.15699580344
24724.911509088837 6.008515115541227 195760.8073601264
24772.711512006317 6.545227295457662 133790.51827252578
25202.21153822092 8.253896969186483 304801.53206258744
25265.59154208933 8.259134538855001 264105.6030532527
25290.72154362314 9.087081600369856 389762.7136407791
25310.531544832247 8.95177466562719 1352792.0371522158
25324.011545655 8.871275540777624 4040851.4966453575
25340.531546663304 7.524208346532682 900548.9416905642
25657.091565984592 6.1155898151523305 94277.1224684202
25687.311567829074 6.58913267672836 143632.6326094265
25697.45156844797 6.963413191512754 227839.16698705585
25765.34157259165 6.0016519266124435 121542.05032252104
25771.791572985327 6.1486095405527985 222499.18674075996
25780.521573518163 6.083421055581266 155962.01956659916
25783.501573700047 9.512413817000402 683072.7191439788
25797.82157457407 9.77639321847155 996494.9080724032
25808.91157525095 7.307520673034168 707732.3499653587
25833.161576731054 7.20658537785229 534112.8322529311
25961.001584533788 7.80708149959 177475.42711159916
25964.101584722997 6.211979385754202 185559.63146572807
26612.34162428843 7.338994040074586 618979.0639076082
26913.57164267405 6.57541406324825 98187.93393744998
27029.60164975596 7.385997717076288 390676.6128896223
27056.36165138926 6.869748426978789 734077.9870054058
27219.361661337993 7.747374490672685 3382674.6364779137
27221.411661463113 6.870641761485683 2837274.387987927
27701.351690756328 8.160690483654044 2137697.5707283625
27732.07169263133 9.78409860505059 1123958.2302674835
27745.421693446147 6.886972875036276 332889.216540155
27769.171694895733 6.558033159107304 78169.83028656023
27799.421696742047 8.748652057610032 139056.7055456329
27857.52170028819 7.633704057637478 575615.1195787857
27879.891701653545 8.110396839054257 1640505.8625071705
27914.281703752546 6.508241687021544 1674142.609531231
27914.94170379283 9.467523626941155 1674142.609531231
27963.961706784772 8.08327226164761 2104644.828245248
28082.50171401988 7.634579504060835 133581.7329713848
28786.71175700145 9.665933095899133 148789.17788738813
28789.031757143053 7.102576806369777 391728.4630471922
28807.41175826488 6.41385116280961 1024257.2422762059
30398.701855389518 8.110414594114012 1732062.2495081702
30547.131864448966 6.467685514984392 89025.1203637035
30569.241865798453 6.592515497269429 57668.09696452003
30581.11186652294 6.320067775042809 54816.83417420836
30604.341867940788 6.401767216875564 100527.2229353545
30613.841868520623 8.051177233954208 63950.048160794824
30623.82186912975 6.256329178264479 101530.56847888598
30652.41187087475 9.40273948313123 94636.54340112396
30677.001872375604 6.082873609382325 68896.32174441431
30958.27188954296 6.342466369111392 520885.93997925514
31101.951898312494 6.874957772255159 317754.0794509851
31464.401920434688 6.368102402805582 397123.6139956112
31469.60192075207 8.52501144917311 1144746.1836471015
31492.111922125972 6.00566913625114 427364.5528263836
31497.76192247082 6.474378457629817 2041184.446351141
31527.1119242622 11.281274083091688 1480416.7842951652
31595.55192843945 6.018204435669603 375653.8050322852
32862.00200573743 11.098142767959667 901704.276759368
36170.43220766798 7.617632530358431 1774532.4721674975
36172.472207792496 6.005504738292576 1774532.4721674975
36842.66224869765 8.672078007202057 430628.9768456601
36845.5122488716 6.03029229455327 430628.9768456601
38705.63236240432 6.676396965244745 404624.22758905735
39592.642416543116 6.282346278981603 492834.8340859128
39647.412419886015 6.59996706942772 252986.0260335516
39759.022426698146 7.3680669144751185 884701.57451528
39826.68243082779 6.323075740100537 625732.9044989288
39859.27243281692 6.13159281478288 518218.91209906415
40212.85245439773 8.615420393070098 1258903.5543310337
40235.042455752104 6.050847550151624 358681.86194612976
40237.53245590408 7.410316826285186 932470.0465926597
40659.88248168228 7.529928000917338 191641.56645698965
40698.27248402542 6.717515632656283 206118.46528484146
40731.92248607925 7.605921362445552 306318.8640746313
40799.1124901802 8.373510613315807 345524.36718795646
40812.122490974274 6.18460911620602 249463.19571428045
40832.02249218887 6.693165530459603 770440.0560280071
40839.162492624666 6.289889788020744 637710.2170460683
40850.342493307035 6.20231609295828 1161365.7465250676
40896.80249614273 6.010952832090528 415660.9247800307
40924.08249780777 6.20198220201395 220488.47533861196
41011.252503128206 7.281275584825314 188098.38562008832
41048.2525053865 7.517701041016255 232036.4473750178
41141.182511058505 6.030872753159888 383314.1618393124
41160.86251225967 6.109117191848739 1385483.5418317325
41222.18251600235 6.55044670705565 752790.4781533915
42047.082566350255 7.310011518182072 107354.58904504668
42087.332568806916 6.122138135125713 122024.17511166167
42304.35258205277 8.212033533807908 270163.67010671797
42311.29258247635 6.352835199548799 641567.5619259008
42319.75258299271 8.401023485179895 1464807.1038566655
42361.31258552933 6.586576073693749 895708.8275642631
42409.75258848588 8.178910977367181 491719.70287006453
42438.88259026383 7.25117649743984 135466.12791228638
42464.96259185563 9.82228514824091 368366.58418949513
42527.56259567643 6.474675520789629 85173.97591797009
42561.562597751625 6.25173912224444 87070.11964127058
42872.8926167537 7.705818790732978 70198.92725758601
42911.46261910783 7.415834197524191 110567.4494331293
44179.322696491865 11.153125679431547 3110022.9829646703
44608.852722708296 6.075368236041529 930489.969786285
44624.11272363969 7.175421301044468 510738.80432717653
44680.682727092455 6.626736633041012 32576.2362737417
44739.95273071001 10.183399923220152 497617.6564614898
44740.71273075639 8.82884904157164 497617.6564614898
45045.43274935502 9.290562142723807 134768.35289640125
45777.36279402849 8.522419965165628 303414.1029399095
45781.60279428728 6.943228400890512 1848025.6322480517
46379.60283078631 6.20386979334879 357732.85113824304
46392.13283155108 7.927024805157607 2441003.3604809586
46434.74283415178 6.545847588884822 471225.3412875291
46485.492837249316 7.315264533365433 622832.4743149844
54936.793353075765 8.628228028148339 34941.23436303416
58761.71358653037 9.284276436758624 89650.65644490272
58807.75358934043 8.85689899396946 59906.93829859502
64062.57391006921 6.394911227361624 25300.79271631761
64393.26393025293 7.302836733357781 35032.17134602024
64631.45394479089 8.438655803337312 61820.5032809681
65293.86398522119 7.535550570304632 41966.07475317882
67358.93411126306 7.1832017018953405 107331.4279169672
74780.97456426847 6.121991719297211 28697.219985536838
79873.83487511199 6.1690019655982935 1246631.17100055
83278.91508294159 6.50925020059389 254347.8326480383
83336.24508644074 7.582843527387115 1464530.1976869332
83370.80508855011 6.258516559047154 809810.4912482117
85777.48523544222 6.218213941818625 24800.03575088139
86004.22524928133 9.297435846864863 1149663.4180592569
