208.7600127417 6.656663920812289 36983.50802652206
3629.8202215466445 10.364748235982443 61097.79020072635
4081.510249115616 6.581137468231705 13907.071421857561
5215.730318342915 6.885779489646668 18081.879927671893
5229.26031916872 7.395807811650518 17690.45282214766
5382.380328514424 6.1440578794105365 21532.992630470497
7187.6304386981465 6.668575154541643 56841.97213355772
7467.02045575076 6.298025348629372 18859.109373772575
7656.350467306547 6.022419744322806 13384.350435280145
8173.130498848297 6.423410570552117 11593.241724089463
8945.250545974764 6.92024884406114 22332.509404372297
9224.390563012119 6.08481131638798 15671.627239422609
11071.010675720867 7.094760895732608 20649.579454356208
11145.88068029057 9.61879514183511 53759.31273454948
11284.570688755535 6.377803697487875 16948.550624318475
13494.100823614552 7.272780305809808 21888.16455356532
14884.830908497981 6.8156264313695125 44109.39815922183
16116.970983701842 6.0657638505286675 27381.3013141339
16215.750989730896 6.086180472012357 39453.84809015195
19428.03118579292 6.052487347749047 38404.722734906616
19489.241189528882 6.1820752438884075 38603.078394664655
22992.63140335885 7.706454798691521 48321.615749868004
23002.951403988733 7.390073618377438 41524.992158508656
23041.991406371544 7.267216543382686 40096.63163830724
23079.991408690883 6.9142467671743075 17402.517270232787
23114.08141077157 9.207306369487345 48132.65714633121
23205.94141637826 7.067512613356011 39627.116667930546
23473.31143269723 6.857426347750677 21612.88497340859
26284.821604298195 7.919441434066555 392871.9481480536
28162.581718907575 7.058569451084954 79446.72348194447
37389.762282089985 7.334248215196096 181855.231775311
41687.842544423984 6.894178131176063 157138.53892081624
43836.18267554826 7.459826722259366 83330.20786107254
44924.32274196306 7.187249205878108 246992.15836689982
48433.292956133606 6.565961093282654 25694.798816481405
48992.212990247375 6.690351568664461 31712.630551094953
48998.65299064044 6.433464798749792 41318.13852784508
49128.56299856952 7.901081448016813 56802.16262254425
54037.833298207595 6.243861730211789 17465.725136096837
56338.66343863912 6.113048588201948 13728.337164727218
56829.65346860678 7.377897738585644 11210.511288719128
56970.543477206025 6.246240150391408 7815.693187457004
58041.51354257285 6.94610914396758 43087.52897331749
58186.09355139731 6.034779012860298 16523.596716575485
60890.323716450424 8.014534594553407 17469.77460782478
61802.96377215355 8.249448758185167 11679.545899069843
61999.313784137805 7.456467451924526 12459.130936503187
62134.2637923745 6.118135730238552 10599.073976606358
62807.2038334475 7.3942868934903805 9648.374772260477
62845.23383576867 6.1755340157581955 12201.83891088217
63015.25384614587 7.000055469955862 23326.626256110954
63115.58385226952 6.011289629970289 14141.307655007211
69367.30423384425 7.350773699501033 21105.990811772488
70226.18428626613 8.162437744381261 24519.935118340807
72280.0444116238 7.060352150627308 10694.896955987844
72982.78445451565 6.956956806717174 8737.37016452855
73737.48450057888 6.26288460077837 6213.11162184757
73766.22450233303 6.0107961129443295 8970.585868334607
74346.12453772733 6.371694142708394 6944.569495918492
74390.18454041654 6.7505936752249145 11257.174792582864
74624.76455473417 6.41428124604405 26612.961163931905
75569.04461236845 12.516133822038528 390720.44537512655
75571.46461251615 6.839124107670728 375925.2979226035
75645.0346170065 6.408253124121358 23362.959813691563
80704.60492581817 6.150782612486473 9318.612074620052
81158.77495353851 6.297265216062803 6100.656411097884
81271.81496043793 8.89447370147051 11387.986603291562
81602.32498061066 9.924823315322538 29191.54495175536
82136.7850132315 6.7246711421391385 14708.133890895675
82851.7350568686 7.129070547451998 44855.80744007971
83800.14511475495 6.921025830399586 18055.87008911021
84055.95513036835 8.46951504290712 19323.695160983825
84436.3151535837 7.418152359131491 11719.997980642476
