170.6800104174811 7.040177930831268 90273.32909676935
1186.0000723876997 6.030026818693213 487088.49452855985
1710.9601044287174 6.109059163406599 607873.4419087345
2870.87017522401 7.141666317711464 772688.5095334867
3012.8701838910024 6.312727117429925 218152.2851650944
5998.400366113304 6.570258789672548 58097.76650427764
6261.270382157616 6.616402299244154 116064.49292027832
7005.98042761111 7.125304875036441 324274.75859461166
7272.290443865383 6.277850610908582 1109460.9988592926
8341.460509122346 7.2241001468596355 614139.171189199
10686.59065225773 6.335496235668557 1014630.1698966622
11202.320683735394 6.294542341589261 314219.2415456662
12122.910739923751 6.1976529652893975 183313.28786886114
12309.510751312911 6.115473540246563 62254.05095890646
12810.400781884813 6.189625233313427 704164.3615056282
13191.730805159352 6.117219218212864 62886.184314067665
13208.640806191455 6.207713717991416 44075.43532577433
13657.86083360967 8.364969301296258 164004.16513479105
13707.34083662969 6.303898963879203 104513.49035039253
15713.710959088803 6.171896115207163 100545.18150836734
16010.480977202207 6.318864650785433 46526.32469862073
16526.801008715884 8.013739430743213 342116.43166008074
16751.311022418886 6.092493222097519 63011.44078467202
18346.11111975776 8.672584139109537 99786.28080763765
18637.771137559273 7.222740269662827 59019.046250769505
18772.571145786813 6.866674570740415 1067469.6253341646
19059.991163329538 6.730399231713753 95208.0165579599
20607.761257797927 6.320494462248297 385093.47360122384
21478.741310958332 9.116847602414516 85711.90907339516
21501.081312321858 6.080411664096033 39301.77022582861
21528.1713139753 7.476874183355976 66818.92218188729
21792.721330122153 7.314542362433628 120975.35786484499
21874.31133510201 6.658160769012035 87028.46064264586
22319.871362296835 6.28760249591054 717588.6814562915
23159.121413520596 6.267701412676554 8567841.305139255
23661.991444213345 6.515398967315061 318813.57935929816
23667.351444540494 6.5872279227464094 625101.4362742442
23748.391449486782 6.797747941637297 486076.6900119079
23800.121452644133 10.309445371087675 370673.5025620814
25255.041541445407 6.992058362758669 83570.57711848989
25697.851568472386 7.306100218968434 454454.91995022044
25749.48157162363 7.497679533593332 76082.21806355774
26427.901613031103 6.6740156919162095 1177456.8708754443
26656.281626970314 7.5943240743739375 1841993.9431165399
26751.271632768043 6.820664958775494 600978.3534631215
27361.271669999493 6.254205171476992 2635180.795273452
27437.301674639995 6.3624193687809205 79992.93802631139
27508.451678982645 6.6832824918474945 61417.21041476608
27712.561691440533 6.227284883709068 1760857.7136725532
28096.811714893294 7.0423487499961785 91960.87586124685
28435.24173554942 6.490808653416113 78203.75133730608
28849.361760825304 6.254640726176142 5666117.545040069
29084.071775150864 6.306327292242138 89303.92939120883
30476.461860135612 6.869952522701055 201737.66264491001
32363.171975291258 6.516460990909797 806783.0312468694
32496.58198343396 6.387215486033063 1088008.120774932
32770.95200018018 6.699520425656982 850336.1166114435
34249.67209043409 6.922308845140699 1091129.9012459666
34759.312121540046 6.527977834321675 3166834.8483172213
34878.13212879225 6.3054306729681375 4286489.132751788
35659.25217646803 7.425844560961425 88958.87760064732
35717.932180049575 6.5797713583349235 94826.46646097065
35726.54218057508 7.743404703833332 128300.46520808236
35901.422191248916 6.816574540092112 385216.91491538385
36236.15221167921 7.47637300495311 750159.8025839375
36981.00225714125 6.680661278025431 1036952.5443251752
38657.52235946792 6.175874560476291 588074.769635831
38939.652376687765 6.415129688265207 644365.8915938728
39677.312421710965 7.390563743868939 105526.37572214565
41721.70254649063 6.6491058320871455 60972.842996585896
42385.86258702775 7.820603128546291 137061.87733110602
42458.25259144608 6.6620329956943545 802176.1893506905
44541.32271858659 6.055844395796035 521807.229150113
46929.982864378835 6.260904449247595 82315.95113167116
46987.11286786578 6.008586775064907 138070.3122787266
48490.62295963275 6.36181145603151 2642341.728318024
48936.03298681842 6.692365715329473 538026.9696326095
50346.48307290546 6.081998164944934 67387.49275016523
50364.24307398945 6.044968162245622 39079.70178468768
50488.95308160114 6.34072059184304 58204.528822216314
50573.08308673603 6.704738777898549 55074.04228503011
50632.86309038471 7.093038528912059 81787.6810529619
50643.553091037174 6.895168711853382 118265.87003187064
51898.57316763752 9.469801210156595 112847.4068270946
51909.31316829304 6.931515092361925 67254.29905757145
52080.7431787563 6.693338593554969 51524.20709345296
52706.833216969804 8.150260803137323 50712.030441235096
52744.39321926228 8.121872189598125 31030.77509886674
53271.68325144551 6.011178440897893 654326.8233607698
53410.693259930005 6.753176726372162 49235.541314659575
53886.78328898824 6.433966276738866 36247.633585819916
54007.22329633931 7.185589893090444 29212.499934334308
54049.13329889729 7.1338087957901335 26924.607428655665
54135.57330417317 7.662378086531999 82752.38095494888
54310.793314867755 6.004979902855542 24252.187355880335
54801.52334481954 6.314656925201482 29435.41704480327
55012.45335769369 7.263890816249663 55243.79336889188
55495.42338717184 6.277482453929091 16652.374644655265
55574.39339199178 6.733353740942667 28332.919546959347
56884.87347197714 6.167758970475346 25266.139429863513
57141.39348763388 8.539658902008684 34029.54283540165
57281.773496202 6.846113293128878 34510.912502080275
57529.96351135031 6.812245123197171 30638.339053520576
57960.883537651585 6.542537677409628 23343.106228993456
58187.57355148764 8.472251226433588 66670.56652807261
58374.56356290061 6.216534483422812 21227.03473618929
59480.20363038352 8.146124464893253 17662.95525438321
59857.55365341514 6.387601245162917 17368.72350743505
60089.35366756309 8.628963859476123 30338.52206027385
60231.50367623924 7.45229710599461 18903.261238513714
60281.18367927147 6.431309202006539 29088.382565195938
60363.92368432151 8.315725110121658 19707.762443287924
60464.963690488505 6.792689134468196 21696.98202932803
60475.63369113975 6.713917129846345 12911.345385692728
60496.50369241356 6.832498495902105 23763.33270178204
60506.42369301902 7.548436118159016 28052.386693191005
60518.663693766095 6.00031822835305 17492.814225202907
60763.913708734966 6.239685384814614 24074.336489678473
60876.61371561363 6.631624689288767 27494.424726133453
61118.533730379255 6.845717005531978 24375.70836615706
61190.05373474449 6.893278161378805 13619.104182509598
61380.59374637413 7.372349214235915 30227.929534074836
61553.26375691307 6.948894316308847 14895.431745051827
61931.31377998742 7.052128728871913 27214.72175794224
61970.343782369615 8.948221478280354 44694.678392462076
61991.14378363915 7.279900464928583 22269.2173835285
62003.343784383775 9.381748765349753 23667.447421130008
62467.42381270897 6.922041883559359 19606.578107755005
62662.73382462975 9.518601980962957 33283.9440319643
63036.55384744591 9.362862480152145 31158.898501460055
63902.63390030724 6.112129407164431 25759.095109074806
64076.33391090905 7.890098570913392 14261.078886797332
64141.94391491357 10.335056788457745 41996.552613611966
64792.3039546084 6.186574829637758 11693.847748481812
64939.35396358361 6.521811116185307 18133.595125398435
65101.59397348596 6.417124213793916 14025.051678338617
65284.72398466333 8.48544108594825 40604.99965948499
65327.01398724451 7.0135084117657955 20891.42928933728
65797.33401595056 6.056962203652062 11023.697984862223
65800.42401613916 6.227589602609804 10455.948373357016
65875.55402072474 6.175310796546888 20338.75204735955
66666.26406898584 6.034664513727193 11595.644596800412
66883.24408222926 6.4197183924020615 13538.492749602066
67088.80409477564 6.0115362342990055 25758.73615013916
67179.40410030543 6.647739209122149 24527.840453719313
67192.20410108668 6.664953010971392 14537.507365008825
67223.4341029928 8.724128184143506 38896.5529136427
67275.28410615747 6.121374652403227 11785.018979185374
67747.41413497401 8.212524750828685 21683.80685317418
67762.6641359048 7.977610796622385 20537.0980050544
67780.2441369778 8.996587159590227 36736.264746130684
68135.20415864284 6.044752049973034 147337.22252788232
68289.22416804347 6.349690132452385 18334.81517908013
68476.30417946192 6.736241379846505 16777.46944318665
68500.78418095606 6.100537130010797 7543.7272295222465
68536.10418311183 6.3814411709734005 10506.541797569631
68600.6141870492 7.021371683943346 17969.117077541945
68704.04419336208 6.167473327687181 18130.575225434626
68771.53419748133 6.7958942277531165 14316.953165198773
69412.85423662441 7.6412381136229754 23924.012338220295
69534.38424404201 6.051449119832477 21532.34487329692
69614.32424892116 8.377827251417933 32957.6490772174
69891.68426584986 7.8241236134191565 27512.348877110893
70150.54428164943 9.879139621396492 37527.8064075656
70228.73428642176 7.8114272590088305 43355.74132375446
70510.87430364222 6.361474842406477 11890.794193389025
70789.40432064235 8.520656616720927 19340.3509645845
70801.28432136745 7.981105483477045 19221.606626871413
70966.70433146389 6.216110357603562 21354.60221622865
71434.50436001613 8.145123559904757 20429.069158826856
72030.09439636806 6.372561507519698 10766.424281785312
72082.5743995712 6.016642494034668 23683.984976769807
72290.41441225674 6.210626640579361 16541.819252838723
72860.65444706143 8.338187627624038 25272.57117755377
73665.3244961746 6.255499549649582 7756.930676785714
73714.99449920621 7.113616397991217 26997.221202969107
74019.5745177963 6.399357296741847 7565.243865603829
74341.02453741604 6.667032206028853 14330.907607506908
74814.76456633085 6.4310703335099095 25261.324964023825
74818.82456657865 6.606923290694489 31621.37060475109
74911.0245722061 6.30385506661826 13123.499201328212
74968.514575715 6.456589139878575 10866.47339355057
75180.69458866544 9.44428037718015 49225.36182838378
75288.55459524869 6.68535568870049 9395.01957232706
75308.60459647245 7.707480722300545 17888.203366187157
75568.9046123599 9.950823212729938 755989.1974737571
75644.50461697415 8.013881050279593 44582.293906023086
75714.80462126494 7.646930612069514 16664.837039257178
76235.60465305204 6.3353274908672805 16092.242858334404
76272.71465531706 6.212894490352044 9547.459524266536
76366.37466103361 6.998561087902254 57355.48117174821
76456.16466651396 6.626564151522192 23973.092383692263
76781.98468640044 8.823834593942564 50649.961288999904
76821.87468883513 6.562168730478969 46686.51341162706
76822.5246888748 8.71292543418498 46686.51341162706
76877.28469221709 6.52150583005353 12388.425586586134
76983.92469872587 8.267770433976436 35741.63099572944
77066.13470374358 6.3124846914579305 58866.77423028923
77130.22470765532 6.466374183344122 26830.135956489852
77232.80471391631 6.725254425163464 156938.79125512732
77731.61474436126 6.589542840767647 16009.788005725188
78076.2447653958 7.141960196363997 13804.97268976006
78268.21477711272 7.747974935081256 43050.752569652774
78399.6747851364 6.426874641361475 13595.877885705753
78709.7648040628 6.447315224856409 21395.92252969265
79047.0048246463 8.325645577315987 20485.38018197135
79230.20483582793 7.012893484186219 21388.16282976413
79470.54485049713 6.813604487782311 18825.00293135773
79529.6448541043 6.927264179495124 22868.81065848931
80273.93489953216 7.295335939085103 11143.283168687967
80291.61490061127 6.388623266674272 11360.650162258937
80489.16491266876 7.382612446071102 13671.86403602697
80526.46491494536 7.077945033947089 16473.445625641998
80643.90492211333 7.802973353804624 34623.30984690441
81610.21498109223 7.542335607616906 16821.838402873025
82282.22502210845 9.331143169868055 19347.312521402437
82458.69503287933 7.286755846060206 19502.27399814801
82517.885036492 6.283288873915211 22088.77329313309
82797.8350535788 6.19609754964011 29243.797649684577
83111.72507273713 6.766384123300743 192315.43452000158
83473.35509480927 6.0458549783387205 35578.76124481661
83672.07510693818 8.409214068330817 69991.99784722022
83968.75512504608 8.462428450897624 42683.21387682737
84016.43512795624 6.142521639005574 25502.612602564775
84191.71513865449 8.139495727180694 84520.45781643943
84338.49514761323 8.917397740951142 166006.25628167897
85604.47522488252 6.311369597596738 87768.56952885055
