156.6600 13.2718 1.3670e+05
288.2400 15.1022 2.6434e+04
319.0400 19.4144 4.5943e+04
319.5600 10.3484 4.1967e+04
577.1000 21.8978 8.6402e+04
577.9900 12.0343 8.6402e+04
603.3900 14.0309 1.4145e+04
608.7600 15.5458 1.2838e+05
609.3400 12.7637 1.2838e+05
609.9100 12.9725 1.0975e+05
1932.8801 14.5716 4.8137e+04
1938.7801 15.9728 9.4231e+04
2735.5802 10.0592 1.0965e+05
3003.2002 12.7098 6.0821e+04
4534.5103 11.9343 2.1041e+04
4562.9603 14.4311 1.7705e+04
4616.8403 10.7297 1.6128e+04
4976.0703 11.5871 1.6394e+05
5566.0303 12.9225 8.0500e+04
5567.2803 12.0022 8.0500e+04
5567.9003 13.8269 7.9695e+04
6282.8104 12.0557 1.2328e+04
6317.3804 15.9164 4.4275e+04
6577.3104 10.2621 2.5863e+04
6764.0604 11.7236 2.2469e+04
6964.4804 11.0974 8.9567e+05
7838.2505 14.0734 1.8858e+04
7998.2205 11.7916 4.4441e+04
10550.1606 10.0863 4.6207e+04
10588.0606 10.9927 1.3268e+05
10641.6306 10.5362 4.7547e+04
10787.4907 14.0078 2.8790e+04
11062.8107 11.7209 6.5436e+05
12425.7708 11.4698 6.4584e+05
12690.7008 10.2102 1.1051e+05
13320.7708 13.3536 7.8098e+04
13470.7908 11.1212 2.1978e+04
13715.1108 12.9022 2.5121e+04
13721.1008 12.7745 3.2574e+04
13743.8808 11.3577 2.5604e+04
13824.8508 10.2751 3.8232e+04
13849.7608 10.3331 5.3025e+04
14424.2809 10.3123 5.0094e+04
15036.2209 10.6587 6.8101e+04
15871.9310 10.7867 1.5997e+05
16696.9010 13.4891 1.3620e+05
16745.7210 11.8435 5.7482e+04
17447.0411 11.1160 3.1918e+04
17447.7911 13.3638 2.9795e+04
17516.3411 13.0247 8.4555e+04
17522.3811 10.4954 6.5970e+04
18327.3711 10.1099 1.3619e+06
18610.5111 11.4975 1.4328e+04
18847.5712 11.5084 4.3066e+04
18853.2912 10.2452 3.6349e+04
18860.5212 10.3612 5.3028e+04
18978.1112 13.4613 4.0454e+04
18983.9312 24.4097 4.5209e+05
19015.1812 10.7204 4.0580e+04
19024.7112 15.2690 4.8245e+04
19031.3212 11.1431 4.2735e+04
19078.0612 11.3111 4.7382e+04
19148.5512 15.3770 2.5756e+05
19335.7312 12.8631 1.6968e+05
19563.3812 11.2340 3.3730e+04
19611.0812 10.8115 7.4628e+04
19611.4812 11.4332 5.7269e+04
19623.7812 15.7868 1.7465e+05
19639.0512 16.7179 1.6216e+05
19640.5312 14.4455 1.8857e+05
19641.9312 16.4098 1.8975e+05
19643.1112 15.4501 1.8975e+05
19644.3212 12.8196 1.6677e+05
19650.9612 10.6633 1.3286e+05
19653.2812 10.6671 1.1821e+05
19837.3812 18.5297 9.2733e+04
19840.2912 11.1508 6.4413e+04
19848.4512 11.5645 4.7838e+04
19855.4612 10.0459 2.9996e+04
19866.8412 16.4221 4.8282e+04
20003.7112 10.1969 8.7948e+04
20041.6112 14.9450 7.1500e+04
20048.3712 10.8313 6.3998e+04
20060.1312 11.4759 2.6356e+04
20068.2012 10.4950 4.3200e+04
20077.8812 14.1671 5.4461e+04
20096.9212 11.6588 4.8987e+04
20109.4412 11.2983 5.2764e+04
20150.1712 17.6885 1.1464e+05
20203.9912 10.2869 9.5806e+04
20363.7312 12.0920 4.5027e+04
20368.9112 10.4122 3.9002e+04
20393.8712 17.0283 5.3658e+04
20395.3212 10.7715 4.7383e+04
20424.9112 11.5759 8.9833e+04
20427.8312 10.0272 9.7695e+04
20840.8213 13.4220 6.6466e+04
20888.5113 10.1892 1.2013e+05
20888.9213 21.1375 1.2013e+05
20934.7013 13.0792 1.4693e+05
20936.1913 23.2412 1.4693e+05
21104.6113 10.7812 1.7997e+04
21116.0113 16.0682 5.6154e+04
21132.4113 16.6454 7.8588e+04
21159.2313 12.7510 3.1213e+04
21432.9113 12.6110 7.8503e+04
21649.0413 10.0385 6.2731e+04
21674.7113 13.1976 4.2033e+04
21691.4813 20.0152 3.2799e+04
21700.2713 18.6745 2.7573e+04
21713.5213 11.8082 2.5266e+04
21727.1013 23.6516 2.4275e+05
21728.6413 15.4640 2.1965e+05
21747.9713 14.1169 4.1594e+04
21757.3513 22.8881 1.4942e+05
21768.9613 12.8944 6.5297e+04
21784.7313 15.3292 8.9715e+04
21788.5513 13.2574 7.3032e+04
21796.4413 11.3552 4.3982e+04
21805.1413 10.6564 3.2685e+04
21808.7413 11.6290 4.4996e+04
21809.6513 10.9831 4.4996e+04
21819.4513 12.2011 4.7269e+04
21831.4213 10.5837 7.7525e+04
21832.2313 17.1589 7.7525e+04
21836.6713 10.7463 4.2514e+04
21848.1713 10.4327 2.1446e+04
21864.4413 13.2250 4.0203e+04
23689.1114 15.1095 8.2899e+05
24162.4515 10.0198 6.6983e+04
25663.9716 11.2362 5.9904e+04
27729.7917 11.6886 6.7440e+04
27730.5017 12.0271 3.6270e+04
27739.2317 12.3972 4.6854e+04
27746.0317 15.4963 6.9688e+04
27752.6917 13.0936 4.1337e+04
27764.4817 12.7762 3.0137e+04
27771.9917 10.7850 4.8660e+04
27814.5817 12.9191 1.8423e+04
28759.8218 10.9105 3.6171e+05
28845.5218 11.6554 2.7701e+05
28920.1018 10.5353 9.8271e+05
29370.7318 11.7959 5.7033e+04
29750.1218 10.3741 3.9623e+04
29760.8018 13.0503 4.6010e+04
29820.1118 11.3918 8.3569e+05
32675.0820 10.5646 1.2287e+06
33669.0221 14.6415 3.5380e+04
34045.1321 11.3970 7.9108e+04
34055.3121 14.3274 8.4635e+04
34066.2521 15.0573 1.2588e+05
34072.7821 10.5723 1.8524e+05
34598.7821 10.6400 2.5946e+04
34964.2521 11.7519 3.5319e+04
36705.4622 10.0137 1.1729e+06
37522.8823 16.3974 1.2560e+05
37536.7723 10.5248 3.0656e+05
37539.2923 11.0468 2.7972e+05
39829.7924 13.2611 5.4507e+04
39830.4624 12.7189 5.4507e+04
41449.2525 10.5164 1.5079e+04
41561.1425 10.7093 5.3917e+04
41771.6025 10.2210 4.7986e+04
41876.1126 10.5095 1.6771e+04
43547.0927 12.4717 1.8204e+04
43800.2527 11.3125 3.3542e+04
43815.8127 11.4505 2.9018e+04
44861.7727 11.7882 3.1055e+04
45581.4828 10.3139 6.3974e+04
46024.3228 10.9887 3.0851e+04
46437.7428 20.3201 2.5049e+05
46968.0629 10.5553 2.6053e+04
46972.6229 14.5032 2.6433e+04
47054.5129 10.2636 2.2352e+04
47056.9229 12.8791 2.2352e+04
47983.2429 10.7397 1.8761e+04
48013.8629 11.9479 2.6227e+04
48017.9029 11.1183 2.5776e+04
48195.3029 14.3336 3.0608e+04
48214.4329 11.6699 1.7264e+04
48301.3929 11.9271 8.9378e+03
48586.0030 11.7663 1.4469e+04
48656.3230 10.0255 1.4335e+04
50406.8231 10.0078 1.0563e+04
50455.6931 10.5111 2.2959e+04
50526.6431 10.1567 7.0631e+04
50747.9031 12.8827 1.9321e+04
50871.1331 11.1063 3.5050e+04
51169.5231 10.5493 1.6962e+04
51186.0631 12.8533 3.5591e+04
51212.5531 10.1238 1.0192e+04
51260.5231 11.3689 2.4039e+04
51291.5231 10.6288 1.0543e+04
51301.9331 10.6792 1.3280e+04
51303.1031 12.8256 1.3497e+04
51341.7931 18.3152 1.3470e+04
51380.4331 10.7221 8.0041e+03
51540.2431 11.0132 2.7818e+04
51547.0631 13.4096 4.1874e+04
51561.1131 14.0304 3.2480e+04
51893.0432 12.8226 1.4772e+04
51917.8032 10.3022 1.0146e+04
51931.5832 14.9935 1.2676e+04
51948.1832 13.1394 1.4929e+04
52096.5832 13.8829 1.1276e+04
52556.2332 10.0669 1.3675e+04
52746.2732 10.6373 1.1586e+04
52764.0532 10.2474 9.4239e+03
53443.7433 15.8697 2.2885e+04
53472.2133 14.2515 6.6359e+03
54163.8633 15.2942 2.7659e+04
54164.4533 11.1296 2.7659e+04
54164.9933 11.2195 2.8331e+04
54530.8833 14.0675 1.7121e+04
56051.0834 10.7608 7.0455e+03
56114.2234 10.0545 2.0141e+04
56332.4234 10.7979 5.3856e+03
56571.0135 13.7311 9.8412e+03
57218.6835 10.4273 7.7130e+03
57336.0135 13.9694 8.1091e+03
58040.4435 11.0733 4.3745e+04
58185.6636 18.6685 7.5158e+04
58187.8336 13.7727 7.3344e+04
58491.9436 18.5863 1.1833e+04
58813.9836 10.2105 5.2978e+03
59193.1036 11.5446 7.2603e+03
59215.5436 19.3198 4.4856e+04
59260.2436 11.0664 7.0574e+03
59717.1536 12.9210 2.1174e+04
59743.6736 10.2789 8.0889e+03
59747.3536 10.5716 6.0750e+03
59799.5936 10.0364 5.9788e+03
59836.4637 10.6378 6.6256e+03
59882.9337 13.5397 2.2441e+04
60434.9037 10.6950 4.6635e+03
60545.1337 10.0799 5.0789e+03
60619.8637 14.9253 6.5356e+03
60673.0337 10.3406 5.3807e+03
60799.6637 13.9502 6.1049e+03
60914.4837 17.2430 8.3687e+03
60957.7937 10.1360 6.4383e+03
61028.3237 11.3723 2.2246e+04
61298.3637 12.6140 7.5886e+03
61346.6837 12.1469 6.5583e+03
61477.8038 11.9841 1.2142e+04
62318.5038 16.9227 1.4551e+04
62327.1338 11.4749 3.0425e+04
62328.7338 10.2034 2.4216e+04
62354.0538 20.0450 1.3237e+04
62447.9638 10.3017 1.4200e+04
62482.7838 18.0965 1.1745e+04
62488.1238 13.0533 1.5108e+04
62495.2638 12.4204 1.4759e+04
62516.7738 11.2636 8.0714e+03
62522.4238 16.4678 2.5972e+04
63105.4639 10.0980 7.5824e+03
63142.0039 11.1737 6.5265e+03
63677.3039 13.9316 1.7890e+04
63678.2939 13.7955 1.7252e+04
63690.1939 10.9607 1.2733e+04
63696.3139 16.3096 3.0930e+04
63725.4539 11.2234 9.2146e+03
63730.6139 10.7730 1.0595e+04
63763.6939 19.5144 1.6061e+04
63790.5539 17.2441 2.0424e+04
63792.7339 17.1305 2.0205e+04
63815.7939 13.5442 8.2727e+03
63870.7939 10.4867 5.3990e+03
64269.0439 13.6043 7.3525e+03
64940.8940 11.5470 6.5097e+03
65504.5440 17.0645 2.4138e+04
65511.9240 15.5072 2.1311e+04
65553.8040 12.9053 3.6811e+04
65554.5940 10.9759 3.6811e+04
65556.6140 20.3043 3.2467e+04
65579.7340 20.1086 1.7279e+04
66295.3640 13.7241 5.2211e+03
66462.3541 16.7639 1.9527e+04
66651.1341 10.8037 6.1591e+03
66869.4441 13.6085 5.5697e+03
66878.4841 15.4790 1.0922e+04
66941.9841 13.1664 2.1779e+04
66968.1841 11.4520 7.0773e+03
66984.7141 12.1422 6.9018e+03
67063.0241 10.3527 1.1793e+04
67065.5441 10.3641 9.8982e+03
67100.6341 15.1624 2.2707e+04
67275.0841 11.8082 1.4206e+04
67307.2541 10.3775 4.4723e+03
67394.7241 10.1050 5.4631e+03
68390.2942 11.6041 6.9234e+03
68523.0242 16.1038 8.5220e+03
69448.7442 12.4544 5.5932e+03
69497.0342 10.5486 5.8208e+03
69555.3642 11.7163 9.1282e+03
69578.9442 13.4817 6.4683e+03
69633.0643 14.0274 4.9674e+03
70226.6643 13.4811 2.5904e+04
70383.5343 14.7282 1.1245e+04
70756.2343 11.1754 4.8787e+03
70833.8943 10.9061 5.8925e+03
70908.5043 11.4515 1.5072e+04
70912.4143 14.7365 1.5072e+04
71083.7243 11.9693 9.5324e+03
71118.6143 13.5510 8.9630e+03
71130.8043 12.3649 1.0164e+04
71318.1844 11.6006 9.1537e+03
73286.8245 16.9978 7.8992e+03
73323.7045 16.5019 6.5812e+03
73446.5345 11.4021 5.5453e+03
73485.0945 12.3414 5.0369e+03
73529.1145 14.7159 6.0102e+03
74395.3845 12.0298 6.7390e+03
74581.7846 10.0922 5.0955e+03
74722.6446 18.6445 1.1834e+04
74775.4646 13.7037 5.5123e+03
74857.5446 10.2635 1.0990e+04
74943.7746 10.0396 6.4497e+03
75014.1646 13.6579 1.0378e+04
75025.9646 13.8392 2.6989e+04
75075.5046 14.7397 6.4252e+03
75207.9346 12.4224 7.1322e+03
75302.6346 20.9088 1.1035e+04
75465.3746 15.9374 6.8451e+03
75568.8846 26.0450 4.9765e+05
75570.8546 15.6424 4.9765e+05
75642.5646 10.0513 3.1919e+04
75644.3946 15.4649 3.1919e+04
76235.4947 11.4663 1.1095e+04
76267.4747 11.1050 7.0761e+03
76288.5847 13.1671 2.2746e+04
76345.8447 11.7805 3.3657e+03
76359.8847 12.8454 5.8510e+03
76432.0747 13.5363 1.2865e+04
76438.5447 15.1222 1.9258e+04
76459.7447 10.8136 4.4600e+04
76508.9047 13.2500 3.6152e+04
76537.1347 16.0787 2.3143e+04
76559.4447 15.6119 1.1363e+04
76567.6747 10.0455 1.4903e+04
76599.0147 10.2175 1.2396e+04
76607.0247 10.1414 1.3197e+04
76641.3447 11.4838 6.0848e+03
76647.8647 17.2212 1.7125e+04
76681.9147 15.0422 8.2845e+03
76709.1747 13.0402 7.3873e+03
76725.7647 17.7452 1.0354e+04
76742.0547 10.1936 9.6767e+03
76743.2447 11.9353 9.6767e+03
76764.7947 13.3525 9.7453e+03
76778.7147 18.4695 9.7672e+03
76786.8947 15.6224 1.0818e+04
76821.8547 11.8825 6.3237e+03
76830.2047 15.7582 1.1811e+04
76852.1547 17.3567 9.6568e+03
76862.4747 15.8099 2.2910e+04
76863.8847 12.0128 1.8021e+04
76904.2047 18.1872 1.0402e+04
76904.6947 11.0244 1.0137e+04
76931.6747 10.9390 1.1411e+04
76941.6447 15.7058 9.1230e+03
76954.3247 11.1385 7.0486e+03
76984.3447 10.2911 6.7354e+03
76996.2147 15.8108 1.3263e+04
77005.3047 12.2190 1.2011e+04
77026.2047 12.4922 3.0702e+04
77089.5047 10.7098 1.2706e+04
77114.4647 10.0098 5.2621e+03
77130.0647 17.1676 2.2043e+04
77197.7347 12.5332 9.5769e+03
77487.3847 10.7305 1.0781e+04
77524.5947 17.6210 4.8167e+04
77527.5347 12.9762 4.8167e+04
77614.7847 12.3822 9.6448e+03
77855.8448 14.9100 2.5712e+04
78232.9748 11.5290 2.0137e+04
78235.2148 11.3608 1.9163e+04
78440.0048 10.3962 1.2553e+04
78661.7848 13.0097 1.2877e+04
79548.5649 12.6145 5.4819e+04
79550.0249 11.9845 6.0656e+04
79950.2249 11.0674 3.3960e+03
80203.9749 18.0963 1.3385e+04
80254.3049 15.1686 1.0059e+04
81501.9850 13.0765 8.6505e+03
82087.1550 11.0691 6.8509e+03
82097.1750 15.7906 1.4861e+04
83006.1051 13.5949 1.1470e+04
83130.9651 10.7129 1.6498e+04
83330.8351 12.6186 1.2109e+05
83454.4151 10.0177 1.0114e+04
83470.0651 19.8979 2.1400e+04
83632.3851 21.1691 2.9138e+04
83650.8851 11.2786 1.9307e+04
83782.9451 10.3133 1.5452e+04
83783.4951 11.1903 1.4898e+04
83892.2651 10.7499 1.1837e+04
84103.1651 11.0158 1.1429e+04
84259.4051 17.5255 1.0750e+04
84260.0251 10.5180 8.6225e+03
84280.3751 10.4223 6.6692e+03
84371.4351 14.5840 1.4242e+04
84411.2352 16.0066 1.4342e+04
84427.4652 12.9833 2.0678e+04
84430.9552 15.1498 1.6309e+04
84436.9952 11.8221 1.5360e+04
84553.0052 11.2545 1.0304e+04
84557.8952 11.6865 1.8607e+04
84569.4352 18.8586 1.7966e+04
84757.4552 12.5360 8.9293e+04
84868.2652 10.2340 1.1073e+04
84876.3952 10.1528 1.2070e+04
85212.8452 11.1996 1.0367e+04
85307.6252 12.1482 1.8611e+04
85321.0152 11.3873 1.2353e+04
85449.5852 10.2632 2.4393e+04
85661.2252 11.9949 2.8841e+04
86020.2453 11.1922 1.3376e+04
