4886.980298277606 6.576189754766787 23735.735101931186
13798.740842208303 8.289123158566102 107915.14977623493
14133.510862641044 7.260007412276665 109459.85178784427
14162.97086443914 8.299192642624407 58584.44133515504
14238.520869050346 6.289750359555081 52447.093080059545
18897.281153398508 6.136521434945352 115111.66952401189
19410.41118471748 6.2295446277692825 38650.31851671333
19439.231186476514 6.495369328918815 36859.1848437762
22538.301375628747 6.64840951225634 52707.57322697706
22735.161387644126 7.741546629405608 65049.575942186944
22834.55139371041 7.034054862458017 58848.73852527348
25571.18156074106 6.908037230103016 109725.3082547656
26229.241600905858 6.550703852399754 46958.056607426355
28164.98171905406 7.657100976814792 96902.33983406944
30482.231860487784 7.905113984596521 46094.31996134601
30737.83187608837 7.252424631291995 28598.683449551834
32555.051987002684 7.652010943085834 317460.8089386323
33734.92205901624 7.2922443297876045 59392.09793125296
35549.30216975721 6.828984814171836 47267.58381778732
35785.20218415541 6.052924611512375 63032.1774748777
35820.29218629713 7.622120769371468 42164.75471286493
35987.7721965193 6.0031043350187785 49290.523075572295
36342.35221816115 7.826482022951078 53614.972984648404
37101.182264476454 6.592731493266191 45721.510154420524
37162.3722682112 6.745937476105199 52172.939215429935
37300.88227666518 8.298821869095214 41809.406898087866
37308.072277104024 7.645462185087412 51613.628108270714
38554.00235314956 7.328235453319602 119911.55930852903
38642.902358575586 6.511188062349759 162942.07625582546
39414.99240570022 7.017024254123876 55067.66185344729
39529.55241269241 6.227196339035832 34824.35750304781
39739.722425520165 7.458802327873305 35608.56404728116
40144.70245023819 6.90734357705483 50310.39480425524
41709.5925457515 6.47073286856547 56963.69589493057
45175.70275730608 6.6530064723634545 30167.541979798883
46772.642854775564 6.8777533489127745 43886.67300602671
58040.90354253562 7.322366197220157 71103.63798450353
58185.65355137046 8.627041800110439 40600.92620683228
68172.53416092128 11.14038442687757 33532.80223454163
70226.7342862997 7.465579877606596 51693.46025108117
70228.78428642482 8.36917522635415 51693.46025108117
70808.00432177761 6.574365509342414 8206.133784024141
72116.59440164761 6.038622832947335 6510.5709604897775
73668.74449638333 7.190572189032722 6809.427960415694
75568.85461235685 12.205249945421604 454675.56475450087
75571.05461249112 8.95599551351049 454675.56475450087
75642.47461685026 6.329144310416847 27428.350557677633
75644.60461698026 8.555338446840068 27428.350557677633
76235.70465305814 7.250513706631005 14174.227390272492
76403.44466329618 7.474749727871433 126153.62527805535
78251.42477608794 6.847405062895834 57232.968908467745
79548.39485524871 8.977039615098617 107415.16292303304
79708.52486502226 6.063333718439178 7295.784658418194
81157.07495343476 7.693953571044457 7242.497287127345
