3.5200002148437632 7.90064828294018 8742.793686166517
17.56000107177741 7.220444732798542 9960.855724287952
25.590001561889743 6.764578319420274 22741.385712576128
780.2100476202421 10.00688158903223 17308.20485980583
1083.4400661279337 6.840069561062766 8781.672931960093
1301.1000794128468 6.038776972799777 10596.65087232745
1922.270117326057 9.156262088697371 143218.77553409996
1924.0601174353098 11.024302964360466 145636.82992378232
2810.5301715411483 6.654372656637104 6865.145555997268
4619.850281973284 7.221167212309022 10440.243134863527
5639.520344209005 6.518304653662968 22341.56618807951
8398.680512614777 9.030680466165885 18320.959521270517
8422.890514092438 10.845138200706957 52765.51824116086
34873.21212849195 6.3460973070248405 22949.416515256973
53512.52326614522 7.516494350977221 44455.60762375398
54169.933306270344 6.654618326207126 11201.9885389997
58185.53355136313 6.838047689355276 25946.14475814496
61240.33373781334 7.198621609295124 12668.457436396104
69167.0842216238 8.241337083685496 14070.526290532654
70018.17427357021 6.033476347437046 6020.685715329578
70186.5442838467 6.968446018661582 8121.5346031051595
70709.80431578396 6.534459306973378 9268.418829461887
75568.79461235319 8.939432320001776 335427.39272620395
75571.07461249235 6.059653909478446 326670.80705303635
75604.19461451384 7.44119646734664 241466.67927218266
78249.57477597502 7.686832256051517 48494.30259284327
79143.40483053008 7.590800156208892 16776.936726803346
79941.78487925933 6.924638610821645 14526.041370273126
80596.0449191922 8.144823010058522 22481.036734291116
80685.1149246286 8.334025820316945 102135.79488755035
85358.95520989716 6.365174635871632 8663.748902680627
