153.3200 14.5852 5.4518e+03
267.5900 10.9379 6.4710e+03
488.6200 11.4713 3.0267e+03
545.3300 11.3228 7.1714e+03
571.1800 10.8553 3.6590e+03
618.0700 13.8652 3.5124e+04
692.2800 13.3423 1.2814e+04
778.9600 10.3968 5.3588e+03
1232.5601 13.2780 1.2427e+04
1347.2901 12.9915 9.0714e+03
2343.0201 10.3669 7.4880e+03
2545.9802 11.3554 7.7131e+03
2548.5102 14.0472 7.7131e+03
3692.1902 13.5787 1.6699e+04
3696.3202 13.2184 1.4793e+04
3788.6402 13.8430 1.7644e+04
4651.0503 10.6387 7.8987e+03
5044.2403 10.2199 6.2768e+03
5057.7703 13.8849 1.1609e+04
5197.3303 10.1280 2.5992e+04
10573.9106 19.3025 1.2309e+04
10582.1106 12.5322 6.3707e+03
10588.4706 14.5114 8.4569e+03
10945.2307 10.8645 6.9424e+03
11321.8707 10.8773 4.6465e+03
11331.6407 15.0576 6.0245e+03
13282.8308 12.1102 3.4253e+04
13420.7608 10.2387 1.2185e+04
13606.3208 11.1697 8.2980e+03
14674.1009 10.7698 1.5434e+04
14729.2509 11.9727 5.1205e+03
15599.1710 10.0511 1.7058e+04
15624.5610 11.8267 2.3751e+04
15857.0410 11.6646 8.3455e+03
15878.7910 14.3826 1.2115e+04
15886.8610 12.1636 8.8240e+03
15910.4710 11.3494 1.7328e+04
15922.3810 10.6550 1.1664e+04
16003.7710 14.8961 8.2284e+03
16842.0810 15.4012 2.5830e+05
16884.2710 18.6938 7.4602e+05
16914.0110 11.8538 4.9487e+05
16918.1410 22.3318 5.1868e+05
16940.3910 17.6397 1.8205e+05
16946.0110 14.3053 1.9215e+05
16995.2110 10.2781 1.5840e+05
17003.7710 13.9651 1.6753e+05
17036.9010 12.9551 1.6095e+05
17046.2410 17.9682 4.0607e+05
17065.8410 12.2639 2.1116e+05
17071.6710 10.8024 4.3623e+05
17072.8710 11.1979 4.2890e+05
17074.1010 11.8762 4.2890e+05
17126.6110 10.4110 2.7601e+05
17129.5710 10.8093 2.7809e+05
17154.3310 12.6013 4.5227e+05
17155.5910 17.9875 4.5227e+05
17167.0910 11.8660 2.1404e+05
17209.8011 14.4664 5.4440e+05
17296.3611 12.2392 1.8700e+05
17311.8511 17.4753 2.3683e+05
17347.4411 10.2081 1.4777e+05
17351.8911 10.2618 2.4229e+05
17357.8711 13.1615 2.4706e+05
17371.2611 10.7098 3.0031e+05
17386.1111 18.2497 1.5018e+05
17386.7311 13.2755 1.4314e+05
17437.4711 10.0361 2.4145e+05
17788.9711 10.0800 2.5252e+04
17951.3411 12.8292 1.9705e+04
17952.1811 12.2591 1.9705e+04
18023.1811 10.7190 6.1978e+04
18042.3011 15.6457 8.6917e+04
18047.8111 11.1281 7.2229e+05
18050.1411 12.5465 7.2229e+05
18050.7211 10.8986 7.2229e+05
18055.3411 10.5414 4.3840e+05
18665.3311 13.9284 1.1010e+04
18872.1512 11.2412 1.1743e+04
19283.9712 10.0163 2.1229e+05
19296.0412 10.4234 4.7951e+05
19415.9012 10.3851 4.3471e+04
19485.2612 11.3715 4.8752e+03
19820.2212 16.7822 7.5749e+03
20081.8312 14.2143 4.5912e+04
20085.9612 16.1447 4.5912e+04
20535.1213 10.1627 2.3732e+04
22156.6114 12.0609 8.6765e+03
22216.5914 13.4077 1.1748e+04
22332.0614 11.8560 1.0025e+04
22576.0914 13.5570 9.4331e+03
22813.5114 10.3783 4.7753e+04
22862.8514 13.6027 2.3585e+04
22999.2214 10.0781 2.0317e+04
23240.3314 12.1249 2.7193e+05
23622.1314 10.9200 7.6082e+03
24211.0215 12.5757 7.3206e+05
24359.7415 18.8918 9.3074e+04
24460.1915 15.7362 4.3649e+04
24500.4215 10.0947 4.3377e+04
25042.1615 12.5722 8.0020e+03
25550.3416 16.0454 2.0447e+04
25730.9916 15.9065 1.4808e+04
25742.4616 23.0396 1.3749e+05
25758.9216 10.6726 3.3084e+04
25768.1416 14.6094 4.1228e+04
25990.2816 11.5451 6.6538e+03
26191.6816 10.2887 5.7400e+03
26359.7916 14.1550 1.3373e+04
26628.3516 10.6772 5.2579e+03
27134.6717 10.4033 1.3466e+04
28163.3117 22.2038 5.8588e+04
28219.4117 19.5778 4.3439e+04
28566.9417 11.9705 1.4904e+04
28607.9617 13.2664 1.7075e+04
28714.3018 10.9613 1.8151e+04
28766.4718 11.9691 7.9375e+03
29491.0318 13.0616 9.5194e+03
29505.1118 10.3505 7.6534e+03
29524.2418 12.0080 8.9996e+03
29635.9018 10.2968 6.3390e+03
30309.7818 11.7817 6.8079e+03
32762.2320 10.9225 9.1208e+03
33799.4721 19.1138 6.4563e+04
33830.0321 10.2953 4.8427e+04
34871.9621 15.3020 8.2422e+03
36780.9722 10.5683 1.7054e+05
36781.4422 13.7071 1.7054e+05
36800.5722 21.1436 1.3858e+05
36815.2122 17.1281 1.4582e+05
36815.6922 13.7478 1.4582e+05
36840.2022 23.4297 5.8504e+05
36874.6023 23.0665 2.1460e+05
36883.0823 12.5833 1.1802e+05
36890.4923 11.6691 1.6522e+05
36900.2223 18.2701 1.6722e+05
36910.8523 10.8608 1.4312e+05
36913.1623 10.0173 1.4312e+05
36966.1523 10.5951 2.7417e+04
36974.5023 23.0192 1.9172e+05
37046.8723 10.5727 2.0059e+04
37057.4623 10.6617 3.6416e+04
37174.5523 13.5149 1.0509e+05
37175.7423 11.8889 1.0509e+05
37203.3123 10.5521 2.6302e+04
37205.7723 14.9147 2.6302e+04
37216.2723 13.1785 3.3812e+04
37220.2923 16.9621 4.2052e+04
37241.7623 10.3106 1.2300e+05
37297.3123 16.7321 1.7083e+05
37300.4923 17.3035 1.7083e+05
37314.3623 19.3950 1.0696e+05
37337.8423 16.4725 1.7519e+05
37361.0923 12.8729 5.3561e+04
37366.0623 11.5539 5.6707e+04
37371.4123 20.4136 4.1899e+05
37585.1323 10.2499 1.2335e+05
37631.8423 15.1946 1.5047e+05
37632.7223 10.0462 1.5047e+05
37649.9023 10.0645 7.1072e+04
37697.0923 14.3945 9.7956e+04
37714.2123 10.0281 7.0860e+04
37742.2223 10.6430 3.1869e+04
37756.1123 21.4452 1.8006e+05
37757.2223 15.1840 1.7422e+05
37782.4123 14.4272 2.4277e+04
37824.5823 10.4402 1.3610e+05
37825.0323 17.5296 1.3610e+05
37833.2923 18.9195 1.2243e+05
37895.6123 15.0833 2.2972e+05
37912.6723 10.0482 1.1359e+05
37921.6623 11.1171 1.2613e+05
37962.3623 14.2828 2.3632e+05
37989.7223 11.2842 6.7187e+04
37994.6623 10.1090 5.6933e+04
38070.4523 14.8058 8.3481e+04
38142.1123 14.2944 3.3852e+05
38227.2223 14.9029 3.4371e+05
38237.2723 11.0656 1.4888e+05
38300.7323 11.3983 1.5666e+05
38319.4023 10.5098 2.0349e+05
38338.5923 12.0781 7.6446e+04
38350.6323 14.1820 1.2889e+05
38362.8223 11.3951 4.0698e+05
38403.0723 12.4291 8.9672e+04
38405.5423 11.5494 8.9672e+04
38412.7223 13.3865 1.5263e+05
38439.1723 10.7335 1.6640e+05
38441.2223 11.8985 1.6385e+05
38477.9523 10.3969 2.8190e+05
38496.4123 15.6809 4.6034e+05
38517.0924 10.3768 5.3027e+04
38521.3224 15.3486 2.1480e+05
38521.9824 12.3406 1.9772e+05
38552.2624 12.8006 7.1704e+05
38558.1224 13.3012 7.1049e+05
38603.7524 13.2249 4.2170e+05
38655.7224 13.3247 9.1843e+04
38656.3024 10.6356 8.8055e+04
38657.5624 10.8728 7.0057e+04
38664.6024 22.0043 8.8960e+05
38679.1624 11.8956 1.5773e+05
38679.7924 10.7546 1.5674e+05
38704.4624 11.8422 1.0339e+05
38708.5424 11.6027 1.2769e+05
38715.9224 12.2190 1.7482e+05
38737.9724 23.1048 7.7295e+05
38738.7824 11.6825 7.7295e+05
38915.1824 10.0878 4.3553e+05
39186.7624 20.2547 1.4199e+04
39214.3124 12.9295 1.1573e+04
39219.3924 12.2931 1.0043e+04
39245.4824 10.5987 2.0990e+04
39248.5024 14.8865 2.0990e+04
39285.8824 14.3448 1.8685e+04
40042.8024 12.4438 1.4066e+05
40043.2124 14.8119 1.4066e+05
40059.7924 10.3501 7.2484e+05
40678.6725 10.3239 5.3344e+03
41533.5225 10.5831 1.4856e+04
41563.5525 20.1552 1.5383e+04
41695.2025 12.0437 1.3030e+04
41821.8626 10.7732 1.7257e+04
42082.4326 15.7843 5.0447e+04
42230.2426 15.1574 5.0937e+04
42288.4826 10.1309 1.5067e+05
42289.1026 22.1438 1.4036e+05
42452.9826 18.3829 2.0631e+05
42462.8226 19.6396 2.5753e+05
42568.6026 15.3922 2.8588e+05
42618.9426 12.8807 1.1211e+05
42678.1726 22.6980 3.9207e+05
42684.5226 10.7395 2.5089e+05
42684.8326 11.0182 1.0973e+05
42711.1226 15.6010 1.0949e+05
42726.6326 19.1442 1.9693e+05
42837.0926 15.9415 5.9721e+05
42856.8326 12.5725 3.0430e+05
43022.7226 10.4459 3.2788e+05
43038.1926 10.0981 2.3514e+05
43053.5926 11.2351 2.3158e+05
43126.6526 16.0347 2.7090e+05
43178.1826 11.5453 1.8000e+05
43186.2626 13.3333 3.3218e+05
43198.0326 14.9808 3.0653e+05
43246.5026 12.7833 2.6439e+05
43267.3926 10.1301 3.3495e+05
43282.1726 17.7551 1.7829e+05
43349.8126 17.2033 3.5225e+05
43559.2427 10.0726 2.8818e+05
43758.4327 10.3928 3.0292e+05
43835.7227 11.3777 3.6750e+05
44243.4927 11.0793 2.6182e+05
44275.7727 13.0483 1.8911e+05
44542.9627 12.7773 3.1036e+05
44762.6727 12.3361 1.7881e+05
44931.8927 10.4492 2.4960e+05
44934.1027 11.5662 2.7059e+05
44976.2327 10.1345 1.3091e+05
45717.7228 22.7374 1.9420e+06
45718.2028 11.4277 3.5004e+05
45853.5728 13.2818 2.4775e+05
46684.8128 11.7966 3.2985e+05
46689.1328 10.4268 2.0526e+05
46757.4329 12.6987 2.7766e+05
46963.4129 10.2993 2.3903e+05
46992.2029 13.5159 3.0409e+05
47357.4329 14.7561 3.9755e+05
47358.3629 17.8277 3.8269e+05
47470.7729 12.8474 3.6338e+05
47496.7229 13.0475 2.6318e+05
47501.1829 11.2289 4.6725e+05
47525.1429 12.6894 2.1122e+05
47584.3529 10.5322 2.4350e+05
47611.7129 11.6155 2.1311e+05
47646.7629 12.5918 2.0244e+05
47663.2629 19.4545 1.4508e+05
47672.1129 10.4007 1.7932e+05
47683.8229 18.2417 3.1468e+05
48117.3829 11.1451 2.8210e+05
48172.0229 14.1691 1.8478e+05
48235.8329 11.9863 1.2754e+05
48253.0829 11.8850 1.9255e+05
48267.4329 13.9123 3.2245e+05
48285.1929 17.0920 5.1536e+05
48292.5229 12.2845 2.1876e+05
48333.2230 13.0424 1.8851e+05
48453.5230 10.8189 3.1138e+05
48532.1030 11.6909 2.2544e+05
48550.9930 10.5676 2.0394e+05
48667.8730 13.5144 1.3827e+05
48847.9430 10.1598 5.7722e+04
48865.5630 15.5994 3.7257e+05
48993.7730 11.2428 1.6970e+05
49365.4830 12.4014 2.4152e+05
49432.4330 21.1947 4.4511e+05
49548.7630 12.4146 1.3021e+05
49614.2130 10.4848 1.8065e+05
49679.5330 14.1659 1.5567e+05
49845.6330 13.1545 1.1203e+05
50259.5531 11.9091 1.6394e+04
50321.6031 10.0044 1.5247e+04
50960.2631 14.6427 3.6135e+05
50961.9531 17.5603 3.6135e+05
50975.0831 10.1871 3.5391e+05
51185.8431 15.3152 3.4950e+04
51241.8631 11.7532 7.9836e+04
51392.4831 14.5670 1.6839e+04
51550.1631 16.8964 1.2701e+04
51823.5432 10.6741 1.3029e+04
52065.7832 21.3590 1.5168e+05
52161.4632 18.6467 5.7711e+04
52200.3132 13.3768 8.9531e+03
52212.7432 18.9733 1.7014e+04
52322.2832 16.3298 9.2733e+04
52725.7232 15.4821 1.2433e+05
52845.3832 17.4499 1.9271e+04
52987.5732 18.3506 1.2906e+04
53215.5232 14.3524 1.9027e+04
53225.7732 14.7436 7.6707e+03
53248.9033 19.1651 5.6838e+04
53347.4333 11.6291 1.1244e+04
53348.5633 16.5400 9.2892e+03
53456.7033 12.5267 4.3342e+04
53517.7733 16.4676 2.4475e+04
53678.3633 16.6175 4.3312e+03
53814.5233 20.1582 1.4133e+05
53890.8833 10.6783 1.6131e+04
54119.5733 10.1201 5.9851e+03
54482.6333 19.3718 1.2495e+04
54498.9133 20.2264 2.2842e+05
56112.8234 16.1412 7.9807e+03
56451.0334 10.3802 6.0787e+04
57298.2135 12.6192 2.9001e+04
57378.9435 11.0851 2.8155e+03
58040.7935 17.1280 6.0031e+04
58080.6035 10.1323 2.8263e+04
58185.7536 23.4839 2.2740e+04
58473.0036 13.8777 5.6285e+03
58488.7936 10.0694 3.8673e+03
58955.6136 17.2210 2.4319e+04
59936.7737 13.7136 2.3278e+04
59956.0537 10.4214 3.9896e+03
61083.5737 17.7425 1.4376e+04
61386.3337 14.7219 3.6256e+03
62629.4138 20.8059 2.9180e+04
62879.2338 11.7837 2.4970e+04
63409.1839 10.8654 4.0782e+03
66709.7641 16.0406 1.4638e+04
69174.2942 20.5850 1.2529e+04
70167.7143 11.1455 9.6195e+03
70226.9743 24.3628 3.5279e+04
71205.0043 12.6762 1.1351e+04
75569.0546 26.7661 2.8715e+05
75642.6446 19.4411 4.5064e+04
76247.7747 10.6209 1.4800e+05
76276.5247 16.2360 1.6264e+05
76311.6347 17.0347 2.7465e+05
76314.9647 12.4748 1.1593e+05
76321.9447 10.6848 1.7659e+05
76328.3447 11.9970 3.1456e+05
76335.4747 18.8742 1.6648e+05
76345.9247 19.3511 2.6676e+05
76357.2147 17.0330 2.9591e+05
76379.0847 14.1204 8.9131e+04
76437.5247 13.4723 2.1752e+05
76487.8447 11.3014 1.7198e+05
77137.7347 18.1005 1.6649e+05
77325.1347 14.2737 3.9334e+04
77770.5947 17.1606 1.1145e+05
78165.5848 14.1697 1.3553e+05
82091.5050 10.3811 8.3689e+03
82266.7950 10.5021 9.0478e+03
82786.7251 12.4005 7.9803e+03
84994.5652 10.8672 6.4488e+03
86194.6953 10.6512 4.6973e+03
86381.7653 11.0727 6.8581e+03
