42.2400 12.4921 5.2563e+04
376.1600 10.1893 5.0031e+04
391.7600 15.1587 6.7244e+04
406.0500 11.0253 6.6141e+04
768.4800 10.2025 6.5820e+04
1243.6501 13.8733 3.2755e+04
1307.4401 10.7681 2.2271e+04
1777.2901 12.2459 4.1707e+04
1910.0601 11.4555 2.1729e+04
1932.8301 12.7112 3.2932e+04
1944.1401 13.6779 2.6748e+04
1982.8201 12.3236 3.3641e+04
2055.5501 10.5129 1.9491e+04
2451.8801 13.0868 8.2362e+04
2751.1802 11.0966 3.7363e+04
2787.5002 15.0820 6.7012e+04
2795.1802 12.6503 6.1159e+04
2832.2402 10.6776 4.6770e+04
2908.9202 11.6472 4.5704e+04
2923.5302 15.3447 1.4196e+05
3076.5602 11.4359 1.2023e+05
3131.2102 12.3906 9.3512e+04
3136.5902 13.2544 7.2866e+04
3252.6602 13.9966 4.8654e+04
3331.9102 11.8691 1.2031e+05
3476.8602 11.6202 1.0316e+05
3568.9502 17.8571 4.6450e+04
3700.3902 11.0427 5.5927e+04
3826.0102 19.1170 2.7046e+05
3837.6302 13.2676 1.1670e+05
3861.1202 13.0243 2.1977e+05
4179.6203 14.1107 3.6492e+04
4330.3603 12.8580 6.1422e+05
4568.5403 10.5452 4.9390e+04
4641.9603 11.1447 3.9559e+04
4732.6703 11.5350 8.0658e+04
4773.4003 11.4923 1.0935e+05
4841.2403 11.6833 8.9153e+04
4889.2003 10.0343 5.4534e+05
4920.4103 13.1042 3.2327e+05
4944.6703 14.7531 9.5751e+04
5039.9703 10.1545 1.0818e+05
5112.5903 10.3858 9.5380e+04
5157.2803 11.6409 1.0017e+05
5201.5303 14.9044 1.5291e+05
5362.4003 13.6674 9.6494e+04
5378.7703 13.1614 6.7827e+04
5676.7403 11.8435 1.2765e+05
5720.8303 11.5729 8.8179e+04
5898.6704 10.1860 6.6463e+04
6050.8404 17.5047 6.7059e+04
6085.0804 11.2396 5.3902e+04
6221.4104 12.3975 9.4158e+04
6251.6004 13.0823 1.5724e+05
6360.1904 11.3710 5.9026e+04
6382.5504 12.4927 2.2340e+05
6430.1004 16.7585 1.5252e+05
6552.8904 13.6956 4.8259e+04
6587.3604 16.1161 3.4287e+04
6666.9404 10.3090 1.0109e+05
6722.3504 10.6972 9.0538e+04
7038.6004 12.5608 1.4152e+05
7050.1304 13.5920 1.3749e+05
7065.3204 10.7756 7.2038e+04
7180.8804 10.8650 4.1498e+04
7333.1704 18.1827 3.9264e+04
7398.7005 10.1924 1.3245e+05
7412.9005 10.6280 2.3550e+05
7594.2005 18.7687 6.5251e+04
7661.8205 12.3057 5.7797e+04
8062.4305 10.4263 4.9568e+04
8266.5005 10.4939 5.5312e+04
8308.4305 10.4044 2.1220e+04
8317.7505 17.1525 5.8014e+04
8327.2705 11.6896 3.1552e+04
8416.3005 12.9675 4.4000e+04
8419.9705 10.3498 4.1381e+04
8455.3805 20.2757 8.0456e+04
8605.6305 12.2993 3.7352e+04
8823.2505 12.2097 4.2675e+04
8885.3805 13.7225 4.0276e+04
8894.6705 13.6093 6.4348e+04
8988.1705 16.6207 3.5375e+04
9107.1306 10.4187 5.7643e+04
9155.1106 11.1456 1.5211e+05
9162.6606 13.6661 1.9113e+05
9203.8506 12.4812 1.2630e+05
9234.1906 12.9422 3.9857e+04
9334.0306 13.2729 6.7598e+04
9357.6706 10.3427 7.7129e+04
9660.6406 11.1281 9.1039e+04
9751.2706 11.1707 3.3430e+04
9758.5406 15.0602 7.4931e+04
9805.7206 12.0006 3.8512e+04
9832.5606 17.1426 5.8096e+04
9842.3006 13.4708 4.0621e+04
9852.0406 10.4412 5.8223e+04
9855.6706 10.7169 4.6590e+04
9865.3806 16.4115 1.1918e+05
9883.9506 14.4494 4.2834e+05
9954.8106 12.5511 6.6925e+04
10267.3206 10.3832 1.0533e+05
10364.7506 10.4321 6.5532e+04
10549.5306 10.9838 4.9569e+04
10876.3707 10.3335 5.5774e+05
12297.4308 10.4952 1.2643e+05
12351.6908 12.6580 8.8941e+04
12542.8208 10.1948 8.7444e+04
12691.6108 10.8775 3.3567e+05
12693.3908 11.5248 3.3567e+05
12785.9708 10.4815 7.6003e+04
12837.2008 11.5190 7.7674e+04
12956.4808 12.1232 5.2007e+04
13077.1608 12.8141 7.2510e+04
13093.8808 11.9083 9.5743e+04
13197.5908 16.6874 8.6212e+04
13218.8108 12.0097 6.9545e+04
13275.0808 10.2604 1.5654e+05
13278.3808 18.5194 1.5654e+05
13438.5808 12.4720 7.7986e+04
13446.5508 10.1116 9.6254e+04
13458.6408 11.9128 5.4579e+04
13547.1708 12.6511 7.1764e+04
13560.6708 15.1098 7.3890e+04
13717.6108 10.1013 3.9933e+04
13899.1908 14.4292 6.5203e+04
14131.5709 12.9385 3.4961e+04
14437.1709 12.4864 4.3157e+04
14542.3009 10.5936 4.4444e+04
14850.7009 10.8264 3.0231e+04
14974.4809 10.0569 7.9163e+04
14978.7009 11.4968 8.6733e+04
15082.0009 11.9739 5.0169e+04
15149.1309 14.3563 4.1207e+04
15165.5709 18.5734 6.5496e+04
15204.9309 12.6154 3.7533e+04
15288.0109 11.4767 6.2033e+04
15293.6309 13.0143 5.0346e+04
15346.6709 13.4374 2.5279e+04
15412.2709 10.9061 3.6208e+04
15466.6109 12.2871 5.3132e+04
15715.9710 12.4228 4.4769e+04
15872.2710 17.8604 6.8117e+04
15959.7310 15.0581 5.1573e+04
15981.5410 10.7120 3.2743e+04
16106.8310 20.0849 7.0588e+04
16265.6910 20.3755 2.0786e+05
16292.9710 17.1261 2.5052e+05
16315.7110 16.7339 2.1175e+05
16322.0610 11.8426 1.4978e+05
16333.1310 14.1934 1.1768e+05
16347.9910 16.6882 1.1966e+05
16372.1110 16.0069 1.5405e+05
16374.3110 16.0374 1.5405e+05
16388.2910 11.9896 9.5935e+04
16405.5610 19.9718 1.7474e+05
16421.2310 18.6959 1.7634e+05
16438.5110 13.6961 1.0377e+05
16463.3810 18.2326 1.1677e+05
16586.4610 11.4172 9.5766e+04
16666.0110 10.6591 2.2994e+05
16675.8110 14.5136 4.1052e+05
16687.6710 17.0334 2.5538e+05
16693.7610 25.2301 1.6559e+06
16722.0010 19.4202 6.7457e+04
16728.2510 19.4059 1.3037e+05
16733.0810 14.0769 5.6351e+05
16733.4510 21.1643 5.3502e+05
16739.6210 24.4232 8.0658e+05
16757.3510 15.0146 1.0440e+05
16758.6310 13.4238 9.1450e+04
16773.6710 11.9776 7.4370e+05
16774.6010 18.6532 7.4370e+05
16776.4410 15.6250 7.4370e+05
16776.7410 16.9974 6.9240e+05
16790.4910 12.2384 1.8288e+05
16791.1710 17.7459 1.4119e+05
16801.9210 15.7167 9.8483e+04
16827.7910 13.8007 1.0328e+05
16828.4910 10.9245 1.0027e+05
16870.2410 13.7385 9.4398e+04
16880.3310 14.4658 4.4229e+04
16906.1210 12.4234 9.6520e+04
16907.7210 11.1179 9.6520e+04
16918.7210 12.5200 6.3497e+04
16923.2710 10.1727 1.0864e+05
16938.1710 10.0685 6.2103e+04
16949.5810 13.5483 1.7308e+05
16966.6510 10.9092 8.8515e+04
16983.3110 12.8643 6.7068e+04
16992.1910 13.0403 5.8568e+04
16997.8010 14.0582 6.5406e+04
17007.2810 15.2224 1.5605e+05
17024.7310 13.3414 9.6178e+04
17043.0610 21.6665 1.1941e+05
17056.1910 11.0522 1.0146e+05
17071.6210 16.8001 1.2780e+05
17072.4110 14.6164 1.2780e+05
17101.7010 11.1727 9.7118e+04
17105.8610 11.3947 8.3675e+04
17119.4410 15.9729 1.6350e+05
17128.4710 17.4753 3.0329e+05
17140.9110 12.2037 1.0684e+05
17148.4510 21.8855 3.1100e+05
17158.0910 16.5709 2.1518e+05
17171.9210 16.3357 7.2885e+05
17172.5810 15.1469 7.2885e+05
17173.1210 15.1144 7.2724e+05
17188.0710 15.3278 2.5340e+05
17206.9011 12.7614 8.0759e+04
17215.1611 12.0865 6.9081e+04
17215.8211 13.6397 7.5118e+04
17230.4411 20.3011 1.9490e+05
17242.8211 11.5257 5.9787e+04
17258.4211 19.3565 1.0781e+05
17259.2611 13.8344 1.0781e+05
17272.1011 10.1701 4.6126e+04
17296.2811 10.7548 1.8098e+05
17296.9711 10.7988 1.8098e+05
17298.2811 12.0740 1.1185e+05
17307.4111 10.7853 5.3436e+05
17308.1211 23.5298 5.3436e+05
17309.5911 13.1435 5.3253e+05
17310.1611 10.1166 3.6797e+05
17347.3411 15.5129 1.1905e+05
17348.0811 12.3999 1.1905e+05
17348.7011 14.1600 1.1905e+05
17362.0611 10.6315 4.0725e+04
17367.2211 14.3899 1.5094e+05
17368.1111 16.6780 1.4454e+05
17401.6311 13.0962 3.9791e+04
17411.9011 11.8054 1.0769e+05
17447.6011 15.3505 1.5666e+05
17664.0511 19.4558 1.6559e+05
17700.5211 13.2662 5.3928e+04
17850.5211 12.1070 2.8254e+04
17921.4611 10.0216 2.5258e+04
18007.5411 11.8126 5.8255e+04
18130.7111 10.1364 4.5755e+04
18139.8311 11.2224 4.9108e+04
18147.9511 13.2442 1.0736e+05
18205.5011 11.2627 3.1458e+04
18380.8111 13.1299 4.9497e+04
18431.0011 12.5083 3.0180e+04
18606.9811 11.9623 4.6614e+04
18619.3711 10.3267 4.5155e+04
18881.8512 15.6289 7.5454e+04
19086.4012 12.0870 2.3595e+04
19095.0412 10.9688 2.6689e+04
19209.4712 13.8777 1.1739e+05
19210.7912 10.5295 1.1739e+05
19244.7012 14.5583 4.3956e+04
19311.4212 12.9007 3.4735e+04
19323.5612 17.0221 4.9955e+04
19434.4912 10.8437 2.3533e+04
19692.8712 11.6028 3.0657e+04
19796.1812 10.1435 3.4709e+04
20022.8512 10.4653 8.5827e+04
20024.7112 10.5833 8.5827e+04
20289.2212 13.7554 6.0641e+04
20402.1112 11.0726 6.6679e+04
20406.8412 19.4702 8.8741e+04
20416.5612 17.2707 7.5541e+04
20432.0112 19.3721 5.9151e+04
20434.7512 11.1443 7.1234e+04
20438.9012 14.8066 6.3856e+04
20453.8812 13.2348 5.1763e+04
20459.0612 13.4310 9.8897e+04
20461.6512 10.4664 5.8231e+04
20476.8212 20.4829 7.4887e+04
20484.0213 15.7298 7.0476e+04
20497.9813 19.4819 5.6537e+04
20524.3013 17.2905 4.6472e+04
20529.1513 22.5310 1.0200e+05
20540.7313 14.2043 7.0577e+04
20554.4913 17.4590 1.2777e+05
20557.7613 10.0036 1.2777e+05
20558.1613 13.8353 1.1348e+05
20577.0813 19.7014 6.3395e+04
20594.3313 22.6799 9.0638e+04
20595.3913 10.0053 6.3451e+04
20630.4513 16.1419 5.1716e+04
20638.6713 13.1425 7.2684e+04
20642.6613 18.7854 5.8761e+04
20650.6113 17.3640 6.0436e+04
20674.1813 22.1698 1.0507e+05
20676.2313 10.6624 6.9017e+04
20705.4013 22.6260 6.6279e+04
20719.7013 15.5937 5.7211e+04
20724.0113 16.2213 9.1926e+04
20728.1713 16.7802 1.3467e+05
20729.1813 14.2308 1.3455e+05
20743.3213 10.8794 9.9402e+04
20749.8813 15.9755 8.7379e+04
20761.5013 15.0529 1.3774e+05
20771.2913 14.9015 1.3141e+05
20783.6013 17.1788 1.1285e+05
20809.4913 11.4343 6.6068e+04
20842.4613 10.9805 1.0022e+05
20842.9813 12.4347 1.0022e+05
20844.5613 12.6029 8.1623e+04
20849.3313 13.4865 6.8526e+04
20874.9913 12.8614 2.2591e+05
20875.9213 14.5254 1.7597e+05
20878.8713 11.6915 1.3394e+05
20893.9113 23.5558 3.6393e+05
20912.1913 19.6533 2.4816e+05
20922.3913 11.4248 8.4828e+04
20931.4313 17.1343 6.3137e+04
20939.4413 11.5667 7.5803e+04
20951.8513 11.7769 9.9862e+04
20961.8513 21.5302 1.8168e+05
20972.2513 12.4393 1.1543e+05
20986.8313 10.0623 1.3686e+05
20989.3013 13.2065 1.3686e+05
20997.3313 16.5190 2.2048e+05
21007.1913 10.1475 7.0021e+04
21012.3113 14.4516 1.0644e+05
21025.7213 20.1394 1.0364e+05
21027.2613 10.8050 9.7281e+04
21035.6613 10.0240 5.7162e+04
21037.0913 10.5487 4.7071e+04
21043.5913 17.0573 6.9373e+04
21059.9713 11.4722 7.7461e+04
21119.9513 15.3962 1.2299e+05
21133.4413 14.6789 6.4367e+04
21138.0413 19.8303 8.9909e+04
21144.2313 16.2086 7.2854e+04
21147.1213 10.3153 4.8174e+04
21154.1613 20.2683 1.2330e+05
21155.0213 11.5133 1.2158e+05
21155.8613 12.6134 1.0999e+05
21162.7113 10.2665 7.4792e+04
21165.2913 11.6318 6.5525e+04
21173.0513 12.7420 1.1470e+05
21175.3013 14.8917 9.3560e+04
21182.2013 10.1310 5.9372e+04
21195.3713 18.0226 5.9733e+04
21207.3713 11.6217 1.0850e+05
21207.7813 13.8733 1.0850e+05
21242.3313 10.9491 3.9158e+04
21329.5013 11.3333 1.2018e+05
21346.5513 10.6471 1.0989e+05
21346.9913 22.6083 1.0989e+05
21357.9913 11.7457 2.5733e+05
21359.1513 11.8930 2.5733e+05
21360.1313 18.2309 2.5419e+05
21373.2313 10.5511 4.9766e+04
21384.8713 23.7127 9.9016e+04
21391.3313 12.9956 7.0829e+04
21413.8013 22.2447 6.6654e+04
21420.5913 15.7025 3.7157e+04
21428.2213 22.5857 9.7013e+04
21478.6313 10.6363 8.5228e+04
21499.1013 17.5368 7.9727e+04
21528.5413 12.0439 6.7794e+04
21541.6313 17.4825 8.0717e+04
21550.6513 15.0758 1.0634e+05
21554.2713 16.5373 8.6717e+04
21563.4213 21.2203 1.2310e+05
21582.1713 16.5140 7.6969e+04
21594.6013 10.7727 3.9864e+04
21634.7913 19.8851 1.5157e+05
21636.1013 12.6567 1.5157e+05
21646.7913 12.7613 1.3228e+05
21666.1913 18.4647 9.1939e+04
21667.7113 12.7599 8.2385e+04
21684.4713 11.9503 4.8438e+04
21747.2913 12.9417 9.1722e+04
21763.3713 14.9379 7.2893e+04
21775.6313 17.8520 7.7508e+04
21782.1813 12.6201 7.0221e+04
21784.5213 14.0857 6.8629e+04
21791.5813 13.0170 7.2469e+04
21844.4913 19.6903 1.6932e+05
21887.3613 16.1460 8.3674e+04
21896.9613 15.1154 1.1001e+05
21907.4013 20.8053 1.2070e+05
21915.3013 16.5137 1.1012e+05
21920.8113 10.6972 7.9441e+04
21953.6213 10.3339 6.0843e+04
21963.8613 13.7997 2.6541e+05
21964.7513 18.0610 2.6541e+05
22010.0713 17.1749 1.8869e+05
22010.7213 12.0902 1.8869e+05
22027.7013 15.2562 1.0998e+05
22051.5213 12.4423 1.3318e+05
22071.4513 16.9651 1.1269e+05
22079.5413 16.8655 7.7788e+04
22110.0313 17.2965 1.3231e+05
22113.3013 14.7898 9.2077e+04
22130.1314 21.5382 1.7852e+05
22131.9314 15.7979 1.2420e+05
22144.7114 20.8081 4.0549e+05
22168.3214 11.2873 5.8663e+05
22170.1714 17.9890 3.9355e+05
22194.1614 12.3834 1.1264e+05
22219.8314 19.2287 2.1288e+05
22223.3514 14.8854 1.3885e+05
22235.5614 14.2784 9.7748e+04
22241.0314 16.0436 1.3709e+05
22250.0214 13.2375 1.1387e+05
22262.1014 10.0050 9.3579e+04
22283.8014 13.2176 8.5273e+04
22293.4614 15.7261 1.0545e+05
22304.3314 17.6000 2.3788e+05
22333.6114 15.3052 6.6823e+05
22363.8014 12.7289 6.1032e+04
22375.2614 10.5836 3.9496e+04
22415.1514 13.5430 9.7356e+04
22429.4314 14.7886 1.7904e+05
22445.8414 14.3018 1.0814e+05
22457.2414 13.0945 2.0142e+05
22458.4614 10.4823 1.6691e+05
22501.9914 12.7434 6.4735e+04
22534.0614 14.9032 5.3027e+04
22611.9214 18.0449 4.6626e+04
22651.8514 11.9051 5.6307e+04
22656.1714 11.9490 4.8926e+04
22670.6614 14.5773 2.6623e+04
22753.0914 10.1696 5.2974e+04
22773.7114 10.0088 5.9105e+04
22938.5014 10.3254 3.5567e+04
22965.6814 13.3677 3.4073e+04
23223.6514 11.7937 5.6573e+04
23432.4614 14.1353 4.6187e+04
23529.5814 12.4430 5.6284e+04
23546.2914 13.0153 6.6270e+04
23640.1114 14.5914 8.5550e+04
23640.5914 10.5629 5.8489e+04
23736.9714 10.1494 4.2674e+04
23757.7015 11.9473 5.0346e+04
23864.9815 13.8460 2.0968e+04
24027.8515 12.3461 5.8084e+04
24108.4715 12.8310 2.2226e+04
24132.8915 16.4696 5.4989e+04
24217.0515 14.9226 4.7136e+04
24331.1315 12.9997 5.8201e+04
24355.1215 13.4279 7.4985e+04
24401.8215 10.5852 4.5640e+04
24420.4915 11.7993 9.4749e+04
24507.9015 12.9441 1.5086e+05
24521.7815 15.8708 5.6437e+05
24544.4415 16.7946 1.7544e+05
24587.6815 12.0606 9.5212e+04
24595.4715 11.7287 1.3016e+05
24623.0215 12.8571 9.9303e+04
24654.1715 14.5941 1.0151e+05
24676.8715 12.2548 9.9743e+04
24679.1315 12.9177 9.9075e+04
24709.5815 12.3978 3.5958e+05
24710.7215 18.2265 3.5958e+05
24721.2215 10.9172 1.6298e+05
24731.8115 22.6540 5.7900e+05
24745.5915 11.9693 1.1547e+05
24752.2215 10.0893 7.8261e+04
24769.1315 16.7218 1.6925e+05
24787.4215 13.3899 8.3068e+04
24795.9915 10.7512 1.1285e+05
24841.8015 10.8346 1.4058e+05
24877.6015 10.0816 2.3230e+05
24878.2015 12.2506 2.3100e+05
24880.0815 11.7836 1.8843e+05
24884.8015 10.0714 1.4429e+05
24894.3615 11.0618 1.4855e+05
24948.7415 15.4390 1.6577e+05
25061.6215 13.4623 6.9408e+04
25104.9115 10.9420 3.9908e+04
25388.7315 10.2578 7.8139e+04
25439.5616 11.8186 1.1559e+05
25460.2016 12.5738 1.1176e+05
25462.1416 18.7009 8.6205e+04
25486.2216 25.9995 3.2392e+05
25487.6516 16.7024 3.1132e+05
25490.3916 11.6609 5.1731e+05
25492.0916 14.4275 5.1585e+05
25493.7216 13.6422 4.9517e+05
25496.0016 11.9885 2.6579e+05
25518.5316 17.7797 8.8200e+04
25555.2916 22.8130 8.6062e+04
25558.4116 10.4722 9.0767e+04
25581.6516 12.6100 1.0021e+05
25593.3316 11.1327 1.2254e+05
25606.1816 11.0161 1.1121e+05
25620.2816 13.1984 1.4543e+05
25622.7416 10.9014 1.0156e+05
25657.1116 16.1098 1.0153e+05
25689.4716 13.0645 1.4233e+05
25692.5816 12.0302 1.3879e+05
25714.2616 25.2641 2.4179e+05
25717.0416 12.0003 1.8888e+05
25750.6216 13.1026 4.0976e+05
25751.1416 10.3408 4.0976e+05
25751.6716 13.2877 4.0976e+05
25752.2816 13.9794 4.5687e+05
25756.0316 13.6865 5.5607e+05
25757.7816 11.7656 6.1958e+05
26216.8016 11.9059 4.8820e+04
26235.1716 11.8093 7.3513e+04
26315.0516 10.3245 5.9286e+04
26336.9816 13.9512 4.7942e+04
26573.4516 12.1298 6.9015e+04
26626.3916 12.3503 5.2353e+04
26751.5816 12.9799 1.0467e+05
26783.1416 13.3054 5.7883e+04
26790.6516 14.1047 8.8358e+04
27026.5216 10.9114 4.3565e+04
27446.7617 19.1349 6.8869e+04
27650.6717 16.0371 1.2131e+05
27720.7017 12.1584 5.8229e+04
27744.6817 13.7071 3.4495e+04
27971.8517 11.6018 6.8587e+04
28055.0217 10.0825 3.7253e+04
28164.4017 11.1084 1.6147e+05
28313.7417 11.8236 3.0757e+04
28397.0117 14.4135 2.4005e+04
28478.6417 10.9644 7.0222e+04
28498.7617 15.1076 4.5985e+04
28529.3317 14.6613 7.0321e+04
28609.0917 14.9692 8.1546e+04
28633.8617 10.6049 7.6265e+04
28678.7518 11.7613 1.0377e+05
28681.8118 10.7653 1.0377e+05
28710.1218 10.9187 7.3900e+04
28717.6118 12.7106 8.8734e+04
28750.2418 14.0530 6.8422e+04
28762.7518 10.0140 6.6885e+04
28870.7818 10.1014 5.6983e+04
28891.6218 13.3825 6.7484e+04
28894.6918 11.6068 6.4919e+04
28915.5418 17.7308 9.5388e+04
28968.9518 10.7074 7.2435e+04
29019.6118 12.2852 1.9890e+04
29028.6718 14.2229 7.7667e+04
29030.4618 11.3081 7.1915e+04
29072.1918 11.6768 5.3335e+04
29078.8618 11.0741 7.2636e+04
29105.0018 11.1373 4.6297e+04
29123.6118 10.4281 4.8424e+04
29130.1018 12.3062 8.2470e+04
29154.3418 16.1183 1.1634e+05
29222.3018 12.5246 9.6848e+04
29265.0918 16.5977 8.0635e+04
29355.1718 10.2634 8.9847e+04
29462.7618 13.6033 2.0244e+05
29499.0518 15.2390 1.4509e+05
29501.9518 13.7162 1.2871e+05
29549.7618 12.0799 6.5253e+04
29577.6818 10.5822 2.5500e+04
29596.4618 11.4100 7.3949e+04
29622.1718 11.2474 5.9565e+04
29692.3018 10.6890 4.6322e+04
29705.9618 13.2787 1.3381e+05
29855.5118 14.3328 7.8133e+04
29899.6618 13.2873 8.7851e+04
29956.2618 13.9194 4.6508e+04
29977.2118 10.3705 4.8418e+04
30056.5718 10.2351 4.4554e+04
30068.5118 12.3700 7.2145e+04
30078.9818 11.0172 5.6719e+04
30097.0118 11.8440 6.3223e+04
30168.7918 10.3039 4.9417e+04
30243.4118 14.0582 4.8845e+04
30321.5219 10.4607 6.2905e+04
30351.3519 18.0006 1.7827e+05
30368.7619 14.2375 1.7162e+05
30526.9719 11.1628 6.1824e+04
30538.7219 10.6934 7.6287e+04
30592.3219 10.2318 6.2948e+04
30639.7719 10.3716 2.8549e+04
30647.0919 14.5790 8.3413e+04
30848.6919 12.6880 1.5357e+05
30869.3319 10.7620 4.5829e+04
30886.3419 11.0070 1.5484e+05
30888.2619 12.7664 1.5484e+05
30938.9919 14.1696 5.2100e+04
30971.1419 11.2552 4.8543e+04
30983.0519 10.4411 1.0768e+05
31022.7319 11.4170 1.3224e+05
31023.2519 11.3929 1.2056e+05
31095.0219 10.1137 1.1816e+05
31102.3419 10.1092 1.1644e+05
31102.9619 10.5755 1.1644e+05
31196.7119 11.0502 1.6542e+05
31256.8219 10.9757 1.0363e+05
31278.6819 10.4301 1.4354e+05
31286.1219 11.2147 9.9242e+04
31328.7219 10.1077 9.0862e+04
31343.5319 13.7525 1.4848e+05
31350.8019 10.1477 1.8814e+05
31380.3919 11.5304 1.0859e+05
31389.2219 11.1758 9.3404e+04
31397.3419 10.8343 1.5980e+05
31436.9119 22.7340 1.7605e+05
31472.2119 10.8675 1.4210e+05
31489.3919 18.1869 1.2162e+05
31630.6019 13.8285 1.0746e+05
31631.7319 11.4017 7.3611e+04
31641.5019 12.2693 1.9246e+05
31654.7519 18.6488 1.6455e+05
31683.0119 11.2579 1.5112e+05
31683.9719 14.0186 1.5240e+05
31693.8019 11.7994 1.3293e+05
31714.4319 15.6762 1.0683e+05
31747.0719 17.4482 7.8263e+04
31765.5519 11.7538 1.7741e+05
31768.7519 14.3056 1.3241e+05
31780.3819 15.0379 1.1839e+05
31829.6119 10.6378 8.2496e+04
31829.9819 11.6594 9.0398e+04
31857.0219 15.1924 8.9773e+04
31869.7819 22.3151 1.0290e+05
31908.4619 13.4498 6.0272e+04
31929.4019 10.2019 1.1874e+05
31951.1920 16.5680 7.3669e+04
31972.1520 12.8678 4.8702e+04
31983.8220 12.0588 9.1747e+04
32001.4020 10.1151 7.3718e+04
32046.1420 12.7638 6.3844e+04
32050.5720 10.2284 6.0459e+04
32051.3320 13.1309 6.6039e+04
32055.3120 11.2760 5.4418e+04
32059.4320 11.7437 5.7143e+04
32065.5120 19.2342 1.3835e+05
32090.8620 14.1800 8.5470e+04
32091.9520 17.3810 5.8113e+04
32132.0220 13.6116 7.8252e+04
32134.1020 14.3923 7.8252e+04
32136.5120 14.3130 7.6005e+04
32140.4020 10.2609 5.8674e+04
32144.5020 10.4689 7.6219e+04
32159.0320 18.7181 6.6958e+04
32163.7120 10.7553 9.0500e+04
32166.8920 18.4174 8.7867e+04
32175.2220 18.4301 6.4777e+04
32179.0620 12.0897 4.0700e+04
32185.2020 14.0082 7.8157e+04
32195.2620 15.6848 1.1106e+05
32195.9320 10.1919 1.0767e+05
32208.6820 15.6526 7.8088e+04
32220.7720 12.4594 4.8774e+04
32231.3820 12.1857 1.0040e+05
32232.3520 10.4029 1.0040e+05
32233.0020 14.3095 1.0040e+05
32261.2920 11.1506 3.6992e+04
32265.6020 10.5689 6.2670e+04
32270.6820 10.1742 5.7554e+04
32276.0320 18.1382 8.0664e+04
32281.4720 15.3237 8.9436e+04
32295.2420 15.0206 4.3705e+04
32297.4020 10.0919 3.6946e+04
32313.3220 18.3165 6.9520e+04
32329.2620 19.2345 5.1763e+04
32339.3220 17.2293 7.3369e+04
32341.3720 12.5888 7.7517e+04
32369.7620 21.2045 4.6603e+04
32381.3020 23.5545 1.4906e+05
32388.8420 13.0913 7.4977e+04
32399.0120 15.6068 5.2497e+04
32406.7220 13.9550 6.6786e+04
32417.0120 12.1502 5.2457e+04
32430.8820 14.7099 3.8976e+04
32442.5020 17.5328 7.7612e+04
32445.0520 12.1416 1.1032e+05
32448.2720 12.8728 9.6240e+04
32459.7220 14.4678 4.5072e+04
32475.2720 21.3475 9.3800e+04
32508.7320 14.7272 7.1259e+04
32510.4420 11.9592 7.1259e+04
32531.8720 12.1024 9.9932e+04
32549.0520 15.9958 5.8692e+04
32570.8120 20.2811 7.7182e+04
32571.7620 11.1574 5.5270e+04
32577.1820 12.8181 1.1859e+05
32586.6520 12.6925 1.0409e+05
32587.7220 13.1099 1.0409e+05
32599.4620 16.1642 5.4811e+04
32602.5420 11.5435 5.2040e+04
32616.7520 14.1859 5.4561e+04
32631.1020 23.9323 8.7108e+04
32644.8520 11.3447 1.1188e+05
32667.2820 12.6338 4.2407e+04
32687.8620 10.2251 3.9647e+04
32698.2820 12.8455 8.9210e+04
32711.1320 14.8000 4.4227e+04
32720.8120 11.8978 4.2953e+04
32743.6220 12.9865 7.5470e+04
32748.0420 11.9776 8.7779e+04
32788.9220 13.2684 4.4066e+04
32789.3920 13.8866 4.4066e+04
32794.4320 22.7425 1.0969e+05
32803.4520 23.9130 3.8554e+05
32804.1420 10.9063 2.9605e+05
32824.2920 10.7516 5.8268e+04
32832.2120 12.4413 7.8480e+04
32852.4820 12.7809 7.7332e+04
32854.1220 18.2847 7.7332e+04
33031.6920 10.4795 1.4300e+05
33107.6420 10.3956 2.2157e+04
33254.2920 17.4694 1.0588e+05
33267.0120 11.7424 2.1603e+05
33296.5120 12.4968 3.4188e+05
33297.2820 16.0681 3.4188e+05
33298.0320 20.6432 3.2168e+05
33312.0020 10.0312 7.5369e+04
33318.4620 10.4365 1.5638e+05
33334.4420 16.3650 8.7947e+04
33339.6320 13.6062 1.0907e+05
33346.7220 10.1078 8.6523e+04
33360.6920 14.5046 9.4908e+04
33363.1520 10.0871 1.1457e+05
33367.4420 17.7155 1.1461e+05
33382.0720 12.3648 1.1057e+05
33395.3020 12.5557 1.0301e+05
33429.3920 11.5564 2.1781e+05
33453.3820 10.5070 1.5434e+05
33462.7420 14.4846 1.8378e+05
33499.3320 11.4035 8.6154e+04
33519.8020 11.1214 1.2361e+05
33520.7820 15.2873 1.0016e+05
33542.3020 16.1892 1.0048e+05
33544.7320 13.0922 1.0495e+05
33576.7420 10.9077 7.0180e+04
33586.6220 16.9779 2.9498e+05
33596.4621 13.9997 1.1749e+05
33628.4621 21.3666 1.0827e+05
33668.7321 10.6619 1.1619e+05
33669.8521 13.7961 8.9497e+04
33676.2421 10.7871 1.0442e+05
33696.3921 18.0932 1.7503e+05
33700.1921 18.1051 1.6007e+05
33717.5021 10.1573 7.8729e+04
33720.1021 11.0979 1.1551e+05
33742.5621 11.9169 1.0646e+05
33759.9421 24.5094 3.5278e+05
33766.6121 15.2330 1.4777e+05
33775.8221 14.8903 9.1658e+04
33778.8121 10.4052 7.4787e+04
33788.2921 20.4740 1.7648e+05
33789.0521 12.7251 1.5171e+05
33795.0421 12.2150 1.5580e+05
33802.3421 12.7629 1.2852e+05
33806.9821 12.3293 6.1209e+05
33810.4721 20.8818 4.2103e+05
33828.7621 20.8104 8.4232e+04
33829.6321 11.6352 7.6920e+04
33837.8521 13.2953 8.1418e+04
33841.9521 11.0784 6.9968e+04
33845.3621 11.7500 1.1224e+05
33849.3121 11.7978 2.3292e+05
33881.0121 14.1726 4.7675e+04
33891.4621 11.2978 5.3517e+04
33908.5621 15.5922 8.2679e+04
33968.1421 12.6326 2.7131e+05
33979.1221 12.2444 1.5419e+05
34004.8221 13.9483 1.2752e+05
34035.6921 24.6446 1.7406e+05
34051.3121 12.7672 1.5023e+05
34052.4321 14.6810 1.2595e+05
34058.8921 10.1698 1.3377e+05
34074.3121 21.6684 2.1732e+06
34075.5321 19.8801 2.1209e+06
34076.2821 12.6666 5.4558e+05
34091.8521 11.9058 4.4280e+05
34093.8321 15.9394 4.9177e+05
34095.3421 13.0807 5.3004e+05
34096.2521 13.9168 5.3004e+05
34102.9421 22.2052 6.7995e+05
34111.4221 10.2306 2.5577e+05
34117.2321 17.2449 5.2620e+05
34142.1421 10.2589 1.7141e+05
34151.4521 11.9177 1.6185e+05
34162.9421 19.3641 2.7747e+05
34173.9421 12.7993 2.9972e+05
34175.3321 15.6314 2.9402e+05
34182.2321 17.5055 1.2985e+05
34189.1621 14.1062 8.1571e+05
34199.3821 10.2856 2.2813e+05
34206.0821 12.0102 1.4356e+05
34218.1521 13.2280 2.0195e+05
34218.9621 12.0634 9.1055e+04
34234.5221 22.7743 1.2846e+05
34256.3821 13.9755 3.9043e+05
34256.8221 16.1702 3.0545e+05
34269.9621 18.2088 1.4361e+05
34274.2021 10.4674 1.4397e+05
34293.0621 12.2990 5.2431e+05
34296.1921 16.4688 5.2431e+05
34308.6521 11.4623 3.1649e+05
34328.2821 14.2410 1.4054e+05
34334.1021 19.2717 3.6943e+05
34350.9921 11.2049 2.5236e+05
34369.2021 13.7037 2.0316e+05
34369.8021 10.2226 2.0316e+05
34370.5921 11.4821 1.7248e+05
34384.6021 14.0636 1.1046e+05
34391.3321 14.0959 2.0610e+05
34424.6821 15.4158 1.4570e+05
34425.6221 13.9926 1.5657e+05
34430.1521 14.0410 1.3370e+05
34439.3921 10.2369 9.5048e+04
34442.5621 10.9415 1.4866e+05
34455.7521 16.3511 1.4757e+05
34466.9921 10.8924 1.1263e+05
34479.8521 16.6232 2.4973e+05
34487.6221 10.1104 1.1136e+05
34499.1721 14.4345 1.5075e+05
34501.9521 10.9770 1.5075e+05
34504.8221 10.1354 1.5158e+05
34508.2221 13.4030 2.0779e+05
34516.0221 10.7913 1.0228e+05
34542.3921 11.0515 1.9198e+05
34567.9221 16.6118 1.6199e+05
34580.3521 10.2245 1.3910e+05
34586.4221 12.7373 1.7846e+05
34590.8921 11.8268 1.7590e+05
34591.4621 12.0354 1.4971e+05
34601.5121 13.1495 5.3189e+05
34602.5621 19.1047 4.5253e+05
34610.9121 13.4591 3.0880e+05
34632.1121 20.5759 2.7659e+05
34633.7721 11.2459 2.7759e+05
34641.3521 18.9178 6.0221e+05
34664.5221 15.8463 1.5658e+05
34665.5121 11.6432 1.5658e+05
34666.3221 12.6226 1.4095e+05
34680.0621 22.5034 2.4989e+05
34687.8421 11.6582 2.1441e+05
34689.0721 11.7850 2.1703e+05
34718.8021 15.7378 1.1541e+05
34720.3421 12.9124 1.1541e+05
34730.5021 10.3951 1.9183e+05
34745.9221 12.2855 2.2040e+05
34749.8821 15.5460 1.0803e+05
34754.9621 11.9912 1.8107e+05
34765.8421 10.8512 1.3988e+05
34770.3821 13.7098 9.5932e+04
34797.6621 11.6153 3.7828e+05
34803.1021 10.1592 1.9225e+05
34807.0521 12.3270 1.6891e+05
34818.5121 10.1894 8.5069e+04
34824.4321 15.7666 2.9494e+05
34832.5621 16.9761 1.3374e+05
34839.9221 12.5906 1.2575e+05
34855.2921 12.2994 5.8515e+04
34872.7421 16.6755 6.4116e+04
34879.7421 18.8181 2.2801e+05
34881.3021 17.5104 2.9321e+05
34897.0821 14.8376 2.5508e+05
34897.7321 11.3715 2.6584e+05
34925.0721 13.9145 2.2741e+05
34925.7521 13.7685 2.2741e+05
34935.7821 12.5877 2.9543e+05
34950.5021 16.2416 3.7874e+05
34958.5721 14.8783 3.2421e+05
34960.3721 13.7283 2.5011e+05
34984.6421 15.9890 4.7733e+05
34985.4021 11.7000 4.7733e+05
34986.7721 19.4188 4.7733e+05
35004.5021 17.8380 1.7196e+05
35020.5921 14.7991 2.5124e+05
35029.9721 18.2936 2.9840e+05
35039.1621 11.1322 1.9428e+05
35068.9621 11.4500 1.6230e+05
35069.7821 18.7037 1.5267e+05
35077.3921 16.3000 1.1170e+05
35083.8721 14.3082 1.8772e+05
35085.9121 15.4704 1.7143e+05
35093.8821 16.0390 1.8516e+05
35102.6621 10.4771 1.8895e+05
35129.1521 14.1907 6.7943e+04
35141.5421 10.4767 9.8127e+04
35145.9921 12.9279 5.9536e+04
35164.8921 11.4055 9.8595e+04
35173.2421 11.7345 6.6257e+04
35187.3321 12.6464 7.7235e+04
35198.6521 10.7735 8.4368e+04
35252.4222 15.1020 2.7391e+04
35282.2022 17.3014 5.6078e+04
35287.1422 13.0483 1.0232e+05
35293.7522 12.4510 4.7726e+04
35304.7322 17.7660 1.7261e+05
35324.7622 10.8850 4.9021e+04
35330.3722 19.9602 6.1235e+04
35361.5922 22.1119 1.3424e+05
35365.0822 19.9173 1.3142e+05
35400.9022 20.1614 1.6304e+05
35402.2822 17.7867 1.4052e+05
35409.0122 11.4035 7.0958e+04
35415.3922 14.0144 1.1931e+05
35429.5722 12.7063 1.0904e+05
35431.1822 18.3039 1.0578e+05
35440.5222 18.8167 1.4525e+05
35443.1022 17.4824 9.9276e+04
35452.0622 11.1603 3.5188e+04
35463.7922 22.4796 1.3973e+05
35472.3322 16.3759 9.1075e+04
35487.4622 14.7619 1.3596e+05
35490.3122 12.1008 8.3201e+04
35512.3822 10.1863 9.4468e+04
35514.8822 10.2149 8.2613e+04
35530.1422 12.2882 1.3743e+05
35532.1422 16.1866 1.4083e+05
35554.4622 10.6453 4.6428e+04
35753.3422 12.7791 3.0711e+04
35855.5022 10.1434 4.9612e+04
36005.3122 13.0182 9.1768e+04
36026.4822 10.1477 1.8715e+05
36026.9722 10.4198 1.6929e+05
36038.0522 12.5680 5.8330e+05
36101.8822 10.6580 4.1154e+04
36412.2222 16.0333 9.6714e+04
36433.6022 18.9634 1.1656e+05
36457.5622 14.0738 6.0549e+04
36581.3022 13.0408 5.4379e+04
36674.6822 10.0953 2.7564e+04
36682.5422 11.2857 2.8642e+04
36830.5022 12.6357 1.5019e+05
36831.9322 14.0288 1.4922e+05
36840.3222 10.4108 3.0190e+05
36841.9622 11.6941 3.0190e+05
36842.5522 10.9311 2.5429e+05
36854.5122 11.0689 4.3122e+05
36856.7022 14.7684 2.8224e+05
36899.2123 10.4889 2.7146e+04
36925.8623 11.3942 3.2157e+04
37001.0523 14.8011 4.1192e+04
37289.5923 13.3064 5.1933e+04
37291.1123 12.6608 4.7389e+04
37346.5623 10.5525 4.8914e+04
37436.4023 10.6787 5.8265e+04
37542.2123 13.1932 5.3664e+04
37547.2723 15.7894 4.3303e+04
37689.2523 11.5081 2.4362e+04
37848.1623 11.4990 3.3498e+04
37872.1623 11.5100 2.8640e+04
37962.5323 10.9431 3.3098e+04
37968.7823 12.1107 1.4537e+05
37974.0823 16.9735 2.9639e+05
38019.4923 13.2101 1.2620e+05
38020.8823 10.6186 1.2620e+05
38021.7723 14.6652 5.3424e+04
38031.5623 11.0306 4.8529e+04
38053.4523 13.5765 5.7103e+04
38064.7923 17.9402 9.2366e+04
38074.7723 14.8277 8.1451e+04
38091.5423 10.7999 9.9861e+04
38092.0023 16.6114 4.5855e+04
38098.5323 14.0875 1.4708e+05
38108.4223 12.3700 1.2252e+05
38119.4023 17.0953 2.8268e+05
38120.2823 15.8580 2.2287e+05
38135.1823 22.0746 1.9740e+05
38142.1723 20.8571 1.0960e+05
38154.0523 16.6475 5.3448e+04
38167.5123 18.8447 8.6153e+04
38168.0223 11.8340 3.9945e+04
38174.0023 21.0807 1.1928e+05
38182.1923 22.4112 1.7489e+05
38201.8723 10.5197 5.4552e+04
38211.3123 13.2029 1.3134e+05
38211.9223 12.8214 9.6123e+04
38227.2623 13.0962 3.2305e+05
38234.1823 19.4912 2.0002e+05
38239.7823 12.9078 5.3420e+04
38244.0623 22.7339 2.3053e+05
38277.3423 18.1617 1.7953e+05
38281.7023 22.5627 1.4186e+05
38296.3823 14.2139 3.1910e+04
38311.8523 13.3384 7.2902e+04
38319.8523 19.0838 1.8203e+05
38330.8223 22.7389 1.9240e+05
38335.2023 22.1214 1.1289e+05
38370.0623 18.1699 1.1139e+05
38376.2223 25.0810 1.7786e+05
38394.4923 26.2849 3.2674e+05
38405.1523 16.1782 3.6682e+05
38426.5923 19.8743 1.1827e+05
38437.0123 14.9821 2.3345e+05
38438.3023 18.4615 1.7708e+05
38456.9423 13.9946 1.8360e+05
38458.5523 20.4595 1.4770e+05
38463.0723 16.0675 1.3174e+05
38470.4423 14.9370 2.7598e+05
38470.7923 12.6573 2.7598e+05
38480.2623 18.8125 3.9825e+05
38497.9423 10.9949 1.0984e+05
38507.2624 17.3078 5.6369e+04
38519.3624 22.6568 1.1012e+05
38522.8924 11.0101 1.6104e+05
38524.0624 17.0812 1.1271e+05
38538.8524 12.1523 3.2208e+05
38547.7124 17.9705 3.2208e+05
38548.0424 15.9309 3.2208e+05
38558.4924 14.7767 2.0333e+05
38558.9924 13.8842 1.8367e+05
38567.9924 22.7405 5.1264e+05
38570.6724 16.0571 5.1264e+05
38571.3024 10.8483 3.6337e+05
38604.3024 11.1299 1.6657e+05
38606.4024 11.9455 2.0026e+05
38615.2324 16.1107 1.6875e+05
38633.1524 17.4699 6.5596e+04
38640.4824 10.9327 1.1704e+05
38694.9624 13.2348 8.8807e+04
38723.2724 12.5983 1.2677e+05
38761.0424 13.2586 2.4357e+05
38785.5024 25.5874 2.5318e+05
38828.0524 18.3567 2.0773e+05
38829.2724 17.4746 1.2960e+05
38872.9024 10.8051 8.8633e+04
38882.3624 24.1174 1.7555e+05
38883.3824 15.8206 6.1354e+04
38898.7624 25.2586 4.8067e+05
38931.9824 20.7979 9.4640e+04
38944.2224 21.3226 1.2956e+05
38988.0524 12.1338 3.1752e+04
38996.5224 15.0759 5.9924e+04
39000.4224 20.2408 5.9653e+04
39006.2424 20.7604 1.0373e+05
39036.8924 18.0866 1.2219e+05
39043.1224 16.6304 8.4345e+04
39057.4724 14.4914 4.8164e+04
39064.0324 11.1707 3.5847e+05
39084.1824 14.0977 6.5158e+04
39101.9124 15.4027 3.3338e+05
39102.2224 15.5070 3.3237e+05
39102.6124 15.7341 1.9005e+05
39130.7624 13.8597 4.5875e+04
39141.8324 10.5694 3.6606e+04
39166.1124 18.1429 1.0153e+05
39178.5124 18.5910 1.2261e+05
39185.1824 15.3772 1.0133e+05
39189.0024 10.8812 4.4667e+04
39195.6924 13.5794 4.1303e+04
39204.6424 16.8134 1.5817e+05
39206.0524 16.0594 5.9870e+04
39211.3224 19.9612 1.3601e+05
39216.6524 17.8723 1.4974e+05
39232.0824 14.6450 4.4946e+04
39244.9524 17.5508 1.5216e+05
39274.8624 18.9961 1.9542e+05
39275.2924 13.7870 1.9542e+05
39296.2824 16.5286 1.2233e+05
39301.5424 10.2201 1.3770e+05
39303.8624 11.1883 1.2136e+05
39326.1724 11.4559 3.8253e+04
39333.6624 16.9786 5.5271e+04
39346.0224 23.5797 1.4585e+05
39356.3024 24.2742 1.8711e+05
39373.6424 20.9850 1.6809e+05
39375.7224 20.2102 1.4929e+05
39388.9324 21.0614 7.5233e+04
39397.1224 20.1825 1.0443e+05
39411.4524 13.7032 6.8532e+04
39421.6424 21.7335 1.5563e+05
39434.1724 16.8433 6.6508e+04
39448.4524 23.5646 1.6001e+05
39464.9724 12.0752 1.4627e+05
39465.5024 12.6017 1.4627e+05
39474.5224 12.6830 9.9649e+04
39508.6724 14.9438 3.7680e+04
39521.3824 18.2028 6.1101e+04
39542.6024 12.0932 3.7017e+04
39553.2724 12.4652 5.8970e+04
39572.8224 15.2505 8.9961e+04
39607.1724 21.6114 8.5918e+04
39636.5624 10.5343 9.1995e+04
39688.6524 20.0247 1.3602e+05
39689.1724 13.7493 1.2424e+05
39725.1224 21.3710 8.3707e+04
39726.5724 10.7090 5.4764e+04
39780.9324 10.5665 3.6149e+04
39788.9124 14.0338 1.5854e+05
39830.4224 18.8329 7.4025e+04
39852.4324 11.8160 5.6664e+04
39874.9424 12.3382 1.2433e+05
39876.7024 15.0470 1.2400e+05
39892.2424 13.8860 6.3346e+04
39900.1024 20.9070 1.1591e+05
39917.4324 21.3704 2.4823e+05
39955.6624 22.5347 1.5990e+05
39957.3124 12.5028 9.4958e+04
39981.5624 12.1438 7.4153e+04
39982.9424 12.9795 7.4153e+04
39987.1624 11.0969 4.7808e+04
39997.0524 18.6749 1.0992e+05
40007.7324 18.1777 1.3363e+05
40010.2924 13.9226 8.7548e+04
40017.4824 11.6411 5.6030e+04
40024.9524 11.5253 7.9886e+04
40031.2724 17.2219 1.4887e+05
40046.4124 10.8496 2.9008e+05
40049.6124 11.6170 2.4386e+05
40052.2324 10.8710 2.1253e+05
40066.9024 10.0218 7.9270e+04
40080.4124 12.1113 1.3362e+05
40084.1324 14.0861 9.9136e+04
40101.2924 12.3734 1.3856e+05
40127.0224 21.3922 4.1603e+05
40156.1925 10.4443 1.7581e+05
40157.0225 11.8994 1.7581e+05
40158.8025 16.7241 1.7807e+05
40171.5925 12.6537 1.8713e+05
40173.5825 17.8806 1.8309e+05
40206.3825 13.0131 1.6036e+05
40207.1025 15.9834 1.3911e+05
40216.8225 10.2319 1.2150e+05
40233.6325 11.8605 4.1942e+05
40236.4225 10.0886 5.0307e+05
40236.8125 11.7148 5.0961e+05
40240.1225 11.7918 4.5311e+05
40248.3925 12.7839 4.5721e+05
40254.8325 11.8654 3.8394e+05
40292.5025 11.1776 3.3773e+04
40306.1025 15.9461 1.1775e+05
40398.0925 13.2786 1.0140e+05
40426.8625 17.9504 1.4258e+05
40453.2325 15.2337 7.6415e+04
40519.1225 13.4113 1.2266e+05
40570.4025 13.0885 3.8842e+04
40664.2625 11.2754 4.4202e+04
40830.9525 10.4674 5.4030e+04
40867.0825 12.5364 6.3628e+04
41264.3325 12.7720 7.5057e+04
41265.6625 13.1014 1.0636e+05
41269.5725 10.1229 8.4471e+04
41274.9325 12.1529 1.9924e+05
41287.1625 13.3591 4.3789e+05
41420.0925 11.6850 6.4695e+04
41427.2525 10.4291 8.8148e+04
41835.7126 14.3968 7.5010e+04
41896.6426 11.7395 3.7007e+04
42051.8026 11.6765 2.9967e+04
42424.0126 11.2629 9.5838e+04
42593.9926 11.6426 2.0406e+05
42598.2626 13.8723 2.3438e+05
42602.1126 12.2984 2.4315e+05
42700.6826 10.0109 1.4163e+05
42722.8426 16.6506 1.5613e+05
42811.8726 10.4777 8.2135e+05
42812.3026 14.2586 7.2034e+05
42873.5126 10.8280 7.1546e+04
42976.6426 11.2191 9.2285e+04
43311.3626 12.6985 1.0714e+05
43410.5526 14.7278 8.3223e+04
43472.6927 19.8171 7.6693e+04
43597.2127 12.5644 5.1613e+04
43618.0527 11.4748 1.5182e+05
43841.6827 12.3691 1.4221e+05
43911.2727 17.0527 2.3494e+05
44205.3627 13.6196 7.7456e+04
44241.9227 13.9682 8.9608e+04
44275.8427 10.8414 8.3929e+04
44340.2827 10.8444 7.3022e+04
44365.6127 10.5958 7.8603e+04
44370.9427 11.6498 1.8472e+05
44437.0527 10.2365 5.8560e+04
44487.1127 12.1051 6.0121e+04
44511.2427 12.9520 6.4329e+04
44719.3627 10.4089 5.5349e+04
44776.2527 11.6954 1.4656e+05
44833.2327 10.4076 6.4201e+04
44906.8227 12.9437 9.6410e+04
45177.4628 13.8041 5.8638e+04
45192.1428 10.0235 1.1889e+05
45230.8328 11.6280 7.4244e+04
45295.4628 14.3520 1.1465e+05
45295.9128 12.9026 9.9500e+04
45752.4228 12.9710 2.3752e+04
45768.8628 12.1685 7.3400e+04
45841.3728 10.4299 2.5089e+04
45862.8628 10.0827 3.4564e+04
45884.4228 11.4270 5.2284e+04
46010.0628 11.3308 2.6490e+04
46167.9928 17.5728 9.6298e+04
46254.5528 13.3807 2.9320e+04
46289.5628 10.8068 5.3668e+04
46714.7429 10.2918 8.4955e+04
46767.8929 14.5138 2.5311e+04
46895.5129 12.4387 7.4578e+04
46899.2629 10.7711 7.1981e+04
46938.4329 12.1605 4.8436e+04
46946.7229 10.6660 6.7698e+04
46974.0729 12.8930 5.5435e+04
47974.0229 19.6236 1.3075e+05
48033.2629 10.6347 7.3553e+04
48065.7029 10.1002 9.6873e+04
48080.6829 10.4673 7.3955e+04
48142.2629 13.3109 4.8982e+04
48180.9729 14.5664 6.0862e+04
48228.6029 14.1730 2.9151e+04
48298.3029 15.1493 2.8714e+04
48329.8529 11.2797 3.4997e+04
48451.0330 11.6975 8.2957e+04
48452.7630 10.4386 5.7670e+04
48461.0530 10.4634 1.3478e+05
48554.7830 16.7491 1.3150e+05
48714.3330 12.3442 4.0843e+04
48729.8230 15.6835 8.7490e+04
48773.2730 11.7598 4.9174e+04
48807.2130 10.9828 2.8596e+04
48809.6530 12.4619 2.5987e+04
48880.8530 10.5374 6.4275e+04
48882.3230 11.0708 5.9901e+04
48914.6930 13.6860 1.0458e+05
48928.6430 10.0759 5.6601e+04
49002.6530 11.0550 7.3132e+04
49003.7530 13.1269 6.3303e+04
49477.3930 19.5041 5.6419e+04
49506.4730 11.4884 3.9790e+04
49933.5230 15.6877 4.7856e+04
49969.9130 14.1721 3.0137e+04
49987.4531 14.8845 2.8890e+04
50041.4831 11.8890 6.4446e+04
50135.0831 15.3654 2.8708e+04
50194.0531 10.4759 4.6151e+04
50249.1131 12.4047 1.0376e+05
50278.2931 12.9087 1.4279e+05
50278.7731 19.1875 1.4279e+05
50548.0431 10.0718 3.3772e+04
50569.3531 10.0315 5.9910e+04
50590.9531 10.6611 9.7783e+04
50605.2031 13.4874 9.4444e+04
50606.1231 10.4794 9.3323e+04
50612.7331 10.9393 1.5020e+05
50786.1631 11.2907 7.7850e+04
50897.9531 13.5902 5.1122e+04
50931.7731 12.3692 2.4388e+04
51000.6631 11.3201 7.7789e+04
51001.1831 10.4340 7.9233e+04
51232.8031 12.1270 2.6538e+04
51354.8331 12.5641 3.6121e+04
51361.2231 12.3931 1.5984e+05
51385.1931 14.6330 1.7273e+05
51619.9232 12.6824 8.0457e+04
51723.8932 10.6808 2.3517e+04
51767.3032 22.0444 4.3851e+04
51801.0832 10.1112 8.7068e+04
52331.4432 11.0653 1.6783e+04
52348.6432 11.2807 1.1950e+04
52372.3432 13.1735 1.4169e+04
52637.5132 10.3671 4.1414e+04
52826.9332 10.6019 1.6455e+05
52900.1332 10.9383 1.8822e+04
52942.0132 10.0936 4.0689e+04
53010.0032 10.7646 3.0926e+04
53010.9432 12.6912 3.0101e+04
53017.8232 10.1600 2.1070e+04
53119.7632 12.3348 3.7033e+04
53205.2732 11.9343 1.1516e+04
53481.6133 11.1977 2.4442e+04
53514.4933 16.6847 4.2169e+04
53815.4033 10.0830 4.1983e+04
54179.1033 12.2091 2.6696e+04
54199.2033 10.1569 4.3437e+04
54490.3633 10.2472 1.1350e+04
54581.4233 10.4731 1.4619e+04
54696.6833 10.9424 2.5994e+04
54748.6433 10.3362 2.5491e+05
54954.1334 10.8825 3.5853e+04
55141.6534 10.7036 1.8144e+04
55324.9634 13.6073 1.8502e+04
55382.3434 10.0797 2.1863e+04
55385.0834 17.0201 1.9620e+04
56031.3034 12.8461 1.5204e+04
56065.6834 13.4698 2.9776e+04
56083.9434 14.0814 1.7875e+04
56113.9434 11.5238 4.4054e+04
56221.0934 17.2478 1.9480e+04
56265.9934 10.4654 1.3284e+04
56314.8034 10.5412 4.0564e+04
56331.1434 10.6405 2.2860e+04
56419.7534 10.4338 1.4443e+04
56443.7834 10.3887 2.6009e+04
56586.3835 15.7679 3.8634e+04
56586.9835 12.9423 3.8135e+04
56692.7935 14.5511 2.6493e+04
56693.3335 13.4766 2.6097e+04
56709.9135 11.1313 2.6778e+04
56823.7635 10.2106 2.6546e+04
57020.5735 12.9236 4.0733e+04
57021.1035 10.4969 4.0733e+04
57023.8435 11.9594 3.9409e+04
57196.3535 12.4261 4.0669e+04
57263.2235 10.7082 3.6012e+04
57274.5035 10.1364 2.1266e+04
57606.7235 13.1555 1.8514e+04
58120.5635 13.7161 2.7002e+04
58121.2035 10.5893 2.3673e+04
58149.7435 10.1808 4.8979e+04
58180.0936 12.7434 7.3091e+04
58219.6436 14.0418 4.9545e+04
58251.4636 14.3487 4.2579e+04
58285.9236 11.0482 3.5715e+04
58307.1736 10.2267 3.6313e+04
58309.9036 10.5446 3.4327e+04
58580.1736 11.9001 1.9825e+04
58607.2036 13.5301 5.0234e+04
58647.6736 17.0482 6.0801e+04
58659.5336 11.0262 3.9008e+04
58661.9636 16.3457 3.7214e+04
58666.1936 10.6751 2.1268e+04
58726.2736 17.0097 3.6538e+04
58768.0836 14.0872 6.9111e+04
59041.9936 14.4711 8.0762e+04
59078.3436 13.2719 3.0666e+04
59094.8636 13.5460 3.1459e+04
59111.7036 11.2321 1.2867e+04
59216.1636 21.1968 6.0248e+04
59233.2636 11.3462 1.9481e+04
59237.2336 11.4970 2.6843e+04
59280.4936 15.4494 1.3788e+04
59410.7636 14.4011 9.2459e+04
59437.1536 17.8306 1.0341e+05
59447.5736 10.0151 2.2181e+05
59864.8337 13.3440 3.8840e+04
59956.0637 15.0713 2.4804e+04
60033.3137 11.7425 2.3401e+04
60159.4137 11.9682 1.6089e+04
60304.9737 11.0076 2.1023e+04
60344.8437 10.0754 1.5997e+04
60467.4437 11.8922 3.0135e+04
61014.6837 11.4749 1.1951e+04
61387.2837 11.1689 2.0064e+04
61536.9038 15.1424 3.4280e+04
61537.7838 10.9119 2.7268e+04
61602.0738 10.1612 4.8707e+04
61724.8038 11.7758 1.7961e+04
61726.9238 10.4540 1.5374e+04
61798.4538 11.8038 1.5618e+04
61935.2338 12.6708 3.3497e+04
61936.6838 11.3003 2.7591e+04
61955.0738 13.9443 1.5819e+04
62030.4238 10.8527 1.3300e+04
62069.3138 14.4966 1.6401e+04
62082.4938 10.0555 2.1089e+04
62102.7538 14.1644 1.7534e+04
62115.1838 11.1399 1.0675e+04
62223.8738 11.1333 1.2905e+04
62286.9038 10.6474 1.4325e+04
62946.3538 12.8275 2.4153e+04
63014.2138 10.6205 1.2466e+04
63421.5839 16.7855 1.4816e+04
63722.8139 10.6521 1.2544e+05
63723.5239 15.7627 1.2544e+05
64181.4039 12.8270 8.8765e+03
64228.2439 12.3278 1.3731e+04
64353.0039 11.9813 2.4202e+04
64809.7740 12.4654 9.3120e+03
65209.0840 11.4739 1.6570e+04
66169.3440 13.8692 1.4624e+04
66231.4340 17.0243 2.4963e+04
66705.9341 10.0648 1.3210e+04
66769.5941 14.0321 1.1336e+04
66808.0541 10.5292 7.9056e+03
67412.6141 10.5274 7.3855e+03
68112.3942 11.8904 1.1561e+04
68359.2142 15.0830 2.4642e+04
69718.4843 12.7487 1.0074e+04
69870.9243 16.0489 5.2535e+04
69956.6943 17.5645 3.3743e+04
70130.0843 11.9177 8.7080e+03
70228.2243 14.6948 8.1804e+04
70379.3843 11.7025 6.4986e+03
70807.9843 16.7868 2.1549e+04
71099.8243 14.0148 2.0157e+04
71116.1943 20.2026 3.0888e+04
71289.0244 10.3544 1.2627e+04
71707.5844 13.3687 1.0373e+04
71754.6144 16.3771 3.2068e+04
71842.0744 11.7288 9.0034e+03
72353.8044 10.8725 1.4355e+04
72699.3244 10.9752 1.2105e+04
72727.6444 11.3104 1.8270e+04
73180.6545 10.7168 9.2328e+03
73225.0145 11.6687 1.7250e+04
73271.4145 10.1012 2.2236e+04
73400.4445 16.6038 2.1062e+04
73462.4345 12.8450 1.0608e+04
73627.7445 14.4286 1.3214e+04
73786.0945 11.9944 2.2090e+04
73831.9045 17.7437 4.4232e+04
73887.5045 15.7253 2.1263e+04
73983.9845 11.1336 1.0959e+04
74683.6446 12.5733 7.2461e+03
75038.2046 13.9479 3.1064e+04
75041.3046 10.3758 2.8478e+04
75359.4546 11.9343 2.7596e+04
75362.4146 11.4926 2.7596e+04
75401.1846 16.2519 2.0293e+04
75407.6746 11.9851 1.6264e+04
75432.9146 12.7602 1.3881e+04
75568.7846 25.1840 1.4570e+06
75570.8446 15.8365 1.4570e+06
75644.3946 14.5263 8.4991e+04
76149.1746 10.0038 8.5923e+03
76235.5147 12.4416 3.3387e+04
76289.4847 17.5752 5.2131e+04
76402.9247 14.6697 3.0320e+04
76586.8547 13.4839 1.3645e+04
76662.2347 12.5949 1.9622e+04
77021.9547 17.0805 2.8469e+04
77057.9647 11.6871 1.3331e+04
77108.9147 11.4227 9.6947e+03
77197.4747 12.5461 2.7015e+04
77217.6247 10.0339 1.1959e+04
77311.2547 11.2545 1.2402e+04
78148.6348 11.3485 1.1264e+04
78166.4748 11.6381 1.5110e+04
78175.6748 12.8490 2.2649e+04
78203.9348 10.4768 1.0905e+04
78261.8248 13.4022 7.7455e+04
78460.8548 10.4796 2.3457e+04
78464.4348 10.9196 2.3642e+04
78471.7748 11.7708 2.9847e+04
78487.2048 10.2872 1.8008e+04
78518.4848 13.8820 1.8480e+04
78545.2348 10.6695 1.0490e+04
78683.9548 10.9112 3.6053e+04
78685.5448 10.5038 3.4891e+04
78764.3648 12.1892 1.6479e+04
78907.8648 13.3528 2.3985e+04
78930.9848 10.4218 2.4462e+04
79175.5148 10.9103 1.5278e+04
79548.6549 10.7510 1.7242e+05
79550.0449 10.3697 1.6790e+05
79552.6249 10.1772 1.7242e+05
79708.1049 11.1672 1.2006e+04
79723.8649 11.1941 5.5371e+03
79755.7149 10.8684 1.5469e+04
80440.2349 10.7632 9.2633e+03
80554.5649 12.4551 1.3534e+04
80596.2949 11.0128 2.0063e+04
81432.9350 10.7879 1.0176e+04
81687.7950 11.0182 6.6223e+04
81855.2050 15.5065 5.6928e+04
81856.2050 14.5571 5.4090e+04
81862.3950 13.8496 3.1539e+04
82014.1650 19.8337 4.1050e+04
82182.2050 13.1882 5.9583e+04
82201.0050 13.8482 2.8527e+04
82542.4150 17.5566 9.8474e+03
82723.3950 11.0974 1.6220e+04
82828.3851 13.2344 3.1919e+04
83790.4351 10.1381 3.8250e+04
83906.9551 12.7125 5.3707e+04
84442.4752 10.9551 1.3083e+04
84569.8152 10.5254 2.9794e+04
84686.0252 13.5100 2.9251e+04
84694.7252 12.2969 2.4579e+04
84883.4452 10.7623 2.2495e+04
