2093.7301277911456 6.732337544536881 17914.209989265182
6418.480391752953 6.50520483451465 124018.35299230336
8520.310520038483 6.3592797020586165 36203.18888297838
9040.870551810947 7.1574049287003065 285736.61683132255
10476.320639423868 6.0009314590647085 33624.81790982876
10749.080656071817 7.352628171389284 33838.50447853401
10786.320658344766 8.274796725201751 30944.813294159998
10800.33065919987 8.406537713214794 50339.013876317
10843.650661843913 6.644429078238822 46759.303656084696
11087.92067675297 7.205039752214658 62450.603863704884
11208.070684086346 6.550300836445162 47613.05190544957
11923.260727738081 6.851246724959714 78868.25480156566
12990.66079288701 6.049067353404569 3287744.5470797964
12994.140793099414 7.471779724124447 7592818.187687037
13651.3208332105 7.24777777403233 4208115.113973508
13690.950835629323 7.122663851733343 6275650.924101894
14287.860872061821 8.512132673198046 8278592.224213365
16748.421022242495 6.01159578941057 40373.470435546966
19259.931175532907 6.6344497171890024 32282.588430597414
19473.961188596262 6.177487685816879 32711.965054372966
19781.531207368847 7.724765123384438 48245.343293270686
20041.931223262403 6.612103006572024 33469.5655366161
20082.641225747146 6.132839969428108 60746.62162201152
20119.5012279969 6.5075274101551095 57680.89591422027
20400.44124514412 6.320111749325641 52218.75942910048
22732.13138745919 6.6209413473261245 34019.81573663967
23908.361459250576 6.367376492641798 38902.17980370761
24873.021518128753 6.8943579238957895 55973.08143988405
25175.581536595553 6.338705338109286 93162.26839594245
25200.931538142795 9.436405575756973 252132.16827550088
25253.921541377047 9.104316629091487 116740.36681338387
25271.9415424769 6.9475822764947255 96786.14218496242
25381.841549184664 7.230944983886325 80331.33936088155
27435.781674547223 6.0998709386924785 655221.6205403706
28163.00171893321 7.721615320330578 58531.521598478386
28581.431744472153 6.319166007115451 985282.4338018637
30121.791838488272 6.908670961200139 6879647.351833042
31872.59194534863 6.231364622230677 42802.8721976605
31884.52194607678 6.41810072135092 58702.68779260486
32156.79196269482 6.502849884078715 120335.8180363388
32183.271964311032 6.303345227526508 1777453.2692358217
32304.481971709105 7.16542376664644 147069.65846544324
32434.081979619263 6.161026670566236 71221.19590329217
32815.332002888914 7.835971067856892 137541.0496091884
33325.312034015624 6.2537629548679625 34748.2942619566
34602.232111952646 6.55929439804551 38222.75155958719
34672.27211622755 6.309334790859013 45293.45770727393
34735.702120099006 6.670545661910733 289990.8610224095
35915.52219210951 8.698610123480877 58114.211344716336
35931.61219309156 6.525053190655718 31146.498147930088
36071.97220165846 6.096670760655256 3717490.094539284
37468.952286923355 6.403608589944801 746334.8406720513
39309.30239924941 6.967148233390716 36969.5822237031
40370.65246402908 6.530259329778087 23923.600805533926
40695.19248383743 6.181714640500643 27542.971547662026
40762.21248792801 6.385149925385854 23332.031578906357
41027.50250412003 8.420335508921804 117045.78404067905
41064.32250636734 7.179534015642899 39308.36080314308
41151.24251167251 6.64504033718212 26937.403518936026
41748.232548109896 6.333249977292435 50815.76509298184
43551.28265815934 9.646947627906393 78687.07902729005
43569.802659289715 7.034353393331427 17742.591267923806
43839.732675764935 6.665209295764605 114471.35445946583
44924.39274196733 7.526512571211001 118159.33729063369
45161.73275645341 7.775342489547773 42948.7543552443
45364.88276885271 7.169691620939909 21152.09305970744
46380.42283083635 6.368743354396437 94965.6749378016
58187.94355151022 7.365483896237736 55378.96288208484
70226.69428629726 7.1139982702711615 31278.799363275615
75569.004612366 11.25292664983069 461820.5453093351
75571.34461250882 7.125841782038455 448790.6074577638
75644.90461699857 6.72314289546281 27281.08634013964
79548.53485525725 8.486947786843892 45817.673720869454
85248.79520317353 9.454389994350043 40453.41039073236
