    1   2023 04 14 01:04:21.812     3861.812  0.1450 85.6013  27.9704   0.00  6.091 0.444  15  45  60  15 175.54
    2   2023 04 14 10:02:50.063    36170.063  0.2770 85.6447  28.0705   0.00  7.769 0.373  48  66 114  29 210.40
    3   2023 04 14 10:45:04.695    38704.695  0.2724 85.6397  27.8918   2.00  7.034 0.272  51  45  96  53 198.33
    4   2023 04 14 11:45:57.792    42357.792  0.4638 85.5653  27.8437   6.00  5.981 0.280  69  39 108  50 166.69
    5   2023 04 14 12:30:44.795    45044.795  0.4360 85.5370  27.8851   2.00  6.619 0.325 117 138 255 142 126.61
    6   2023 04 14 13:49:41.002    49781.002  0.2936 85.6464  27.8439   8.00  5.869 0.230  48  30  78  13 185.41
    7   2023 04 14 14:44:46.760    53086.760  0.4812 85.6306  27.7625  16.00  6.270 0.221  51  39  90  39 208.26
    8   2023 04 14 14:51:39.384    53499.384  0.3830 85.4926  27.7436   2.00  5.716 0.194  30  30  60  25 347.20
    9   2023 04 14 15:06:29.930    54389.930  0.4420 85.6478  27.6846  16.00  5.932 0.215  27  30  57  28 243.47
   10   2023 04 14 15:15:30.984    54930.984  0.4318 85.6038  27.9524  16.00  6.550 0.248 135 132 267 151 171.28
   11   2023 04 14 16:19:16.032    58756.032  0.4397 85.6684  27.8793  16.00  6.888 0.236 135 168 303 179 169.40
   12   2023 04 14 16:20:03.859    58803.859  0.4693 85.5306  27.9827  14.00  6.551 0.185  87 147 234 108 170.09
   13   2023 04 14 16:33:11.523    59591.523  0.4112 85.5882  27.8931   4.00  5.552 0.260  96  63 159  86 171.61
   14   2023 04 14 17:22:18.325    62538.325  0.4555 85.6088  28.0640   8.00  5.586 0.204  72  36 108  33 322.91
   15   2023 04 14 17:47:38.269    64058.269  0.3582 85.5230  27.7557  14.00  6.371 0.206 129  96 225  93 187.70
   16   2023 04 14 17:53:12.845    64392.845  0.2798 85.4877  28.1161   2.00  6.263 0.215  33  93 126  29 276.32
   17   2023 04 14 17:57:08.941    64628.941  0.2550 85.5351  27.6937   2.00  6.039 0.226 162 111 273 150 202.52
   18   2023 04 14 17:58:37.534    64717.534  0.4364 85.4877  27.8896  14.00  6.300 0.203  57  75 132  40 257.40
   19   2023 04 14 18:08:14.066    65294.066  0.1214 85.5578  27.9861   0.00  5.937 0.377  30  51  81  29 289.14
   20   2023 04 14 18:08:43.731    65323.731  0.4238 85.4906  27.9827  12.00  6.318 0.219  90  78 168  54 255.35
   21   2023 04 14 18:26:28.996    66388.996  0.3546 85.5077  27.7271   2.00  5.606 0.337  27  24  51  20 208.72
   22   2023 04 14 18:34:49.903    66889.903  0.3279 85.5532  27.9573   4.00  5.380 0.255 102  39 141  58 118.38
   23   2023 04 14 19:01:36.922    68496.922  0.4311 85.4853  27.8437  10.00  5.881 0.201  54  45  99  38 308.21
   24   2023 04 14 20:30:24.860    73824.860  0.3774 85.4964  27.9433  14.00  6.398 0.210 123  96 219 104 187.67
   25   2023 04 14 20:33:10.200    73990.200  0.4013 85.4963  27.9797  14.00  6.176 0.193  90  63 153  62 232.17
   26   2023 04 14 22:43:55.142    81835.142  0.3259 85.6506  27.9827  10.00  5.721 0.307  72  36 108  10 178.52
   27   2023 04 14 22:44:33.206    81873.206  0.4449 85.6506  27.8015   8.00  5.712 0.266  78  42 120  29 195.89
   28   2023 04 14 22:51:06.907    82266.907  0.3602 85.5730  27.8545  12.00  6.017 0.238  81  99 180  76 104.07
   29   2023 04 14 23:20:28.189    84028.189  0.4826 85.6088  28.0640   4.00  5.419 0.319  93  69 162  69 191.35
