    1   2023 04 22 02:33:28.089     9208.089  0.2182 85.6561  27.8299   0.00  6.416 0.824  12  12  24  15 358.45
    2   2023 04 22 03:03:29.042    11009.042  0.4516 85.4877  27.9349   8.00  6.266 0.441  63  36  99  28 265.09
    3   2023 04 22 06:52:37.272    24757.272  0.3140 85.4971  28.0386  14.00  6.766 0.270  48  63 111  35 316.05
    4   2023 04 22 07:43:06.788    27786.788  0.2340 85.6408  28.0145   0.00  7.317 0.308  81  93 174 125 325.23
    5   2023 04 22 07:54:58.206    28498.206  0.3652 85.5811  27.8918   4.00  6.662 0.292  51  54 105  37 142.09
    6   2023 04 22 11:02:43.514    39763.514  0.3193 85.4838  28.0456   8.00  6.789 0.271  75  87 162  75 341.05
    7   2023 04 22 12:15:33.285    44133.285  0.3477 85.6464  28.0704   0.00  6.332 0.282  30  45  75  30 326.57
    8   2023 04 22 15:14:51.237    54891.237  0.4142 85.6483  27.9886   4.00  5.991 0.235  96  78 174  73 179.91
    9   2023 04 22 16:29:26.284    59366.284  0.3928 85.6987  27.8256  14.00  6.271 0.189  18  51  69  20 341.07
   10   2023 04 22 18:20:58.792    66058.792  0.2159 85.6185  27.9187  10.00  5.710 0.212  39  48  87  14 178.70
   11   2023 04 22 19:50:41.195    71441.195  0.3649 85.5385  28.0546  14.00  5.878 0.225  39  66 105  48 217.60
   12   2023 04 22 19:52:51.218    71571.218  0.3978 85.5730  27.7639  10.00  5.810 0.236  45  60 105  28 202.86
   13   2023 04 22 20:45:09.797    74709.797  0.3872 85.4987  27.8256   2.00  5.878 0.305  33  24  57  29 180.47
   14   2023 04 22 21:49:07.638    78547.638  0.3192 85.5387  27.8256   0.00  6.093 0.403  21  42  63  10 187.61
   15   2023 04 22 22:14:55.306    80095.306  0.3412 85.5397  27.7921   0.00  5.712 0.241  21  24  45  23 201.46
