1488.7001 10.6232 1.3796e+04
2555.1402 16.1261 1.9272e+05
2567.4902 10.2331 5.8882e+04
2592.0602 14.9957 7.6039e+04
2634.3002 10.6410 3.0220e+04
3696.2202 11.7864 8.8571e+03
3778.9502 14.7625 9.5090e+03
4433.7703 10.0235 9.5782e+03
4903.6403 11.1944 8.4299e+03
4926.7603 12.1990 5.6796e+03
5436.5103 10.6340 7.5099e+03
5652.7603 11.8271 1.7616e+04
6532.5804 11.2687 1.5099e+04
6843.7904 11.0315 3.9089e+04
6858.9704 10.2550 3.8618e+04
6887.2604 10.8052 2.3005e+04
6898.6004 10.2725 2.3348e+04
6937.8104 15.4534 2.2411e+04
6961.8204 14.7700 2.2554e+04
6975.0104 11.6707 2.1948e+04
7001.3204 10.1165 2.0167e+04
7011.7804 11.2374 2.1047e+04
7076.9504 13.3596 1.9705e+04
7101.3004 12.0269 1.3977e+04
7138.3904 10.0053 2.4771e+04
7224.3804 12.7471 1.8830e+04
7304.9504 13.2210 2.7276e+04
7339.3704 12.2091 1.6123e+04
7345.1704 11.5212 2.3781e+04
7372.6304 10.6705 2.2629e+04
7424.9505 10.4151 1.8868e+04
7558.7305 10.5229 2.4489e+04
7596.4405 13.8368 2.1833e+04
7686.9305 10.7483 1.7170e+04
7706.4705 11.7169 2.1224e+04
7757.9505 11.0483 1.5932e+04
8287.2505 11.0949 2.6072e+04
8369.0105 11.0018 1.7771e+04
8399.9305 10.5445 2.4064e+04
8417.1505 10.1387 1.6482e+04
8453.6705 14.1834 2.4008e+04
9403.1706 10.3240 2.1210e+04
9549.3006 10.4876 2.0879e+04
9592.1406 13.0562 1.7201e+04
9698.3106 10.1687 1.9483e+04
9784.8906 10.1152 2.5225e+04
9897.8606 11.9376 1.8339e+04
10057.5506 12.9018 1.4324e+04
10144.7706 12.9661 2.1767e+04
10166.9406 13.5071 2.8618e+04
10254.9106 13.7410 2.6226e+04
10810.1307 11.6319 7.5228e+04
11212.4707 12.6856 1.7599e+04
11247.1907 11.7212 2.1514e+04
11280.0007 10.2502 1.4850e+04
11342.1507 12.6404 1.9043e+04
11431.0607 13.2181 1.7806e+04
11696.0307 10.0970 1.0741e+04
12406.6908 10.1451 2.9438e+04
12473.8908 13.0378 2.1095e+04
12539.2308 14.9433 3.6994e+04
12610.4908 17.4139 2.5161e+04
12653.4608 10.1456 1.7159e+04
12761.0708 10.2276 1.1540e+04
12883.2208 12.0733 4.2919e+04
13018.6108 10.2104 1.6614e+04
13241.0008 10.2058 1.8780e+04
13951.9609 10.9522 2.1927e+04
14407.0709 13.1515 1.7850e+04
15830.0710 10.5021 2.2447e+04
16384.1410 13.0748 2.1018e+04
16505.7810 15.6944 3.1788e+04
17524.2511 12.3714 3.0152e+04
17673.4211 10.8580 6.2102e+03
18815.3811 18.1284 1.5142e+04
19216.5112 22.7846 1.1113e+05
20482.0913 10.3692 3.0266e+04
21431.7213 12.6007 1.2473e+04
22255.2314 13.5042 4.0070e+04
23298.1514 11.2222 4.3890e+04
25419.3616 10.8547 3.2829e+04
27918.9317 10.7181 2.5251e+04
28310.6617 11.4527 2.3433e+04
28312.5217 11.8964 2.3433e+04
29728.5518 10.3158 1.7323e+04
29904.3318 10.7244 1.1798e+04
30822.5919 10.5587 3.6956e+05
31287.3019 10.1004 1.3239e+04
31451.4019 17.3014 5.1071e+04
31652.9419 15.3772 3.2142e+04
32012.3820 15.7914 4.5954e+04
32259.4920 15.1988 5.2587e+04
32459.7920 14.6696 3.7958e+04
32508.4320 10.7330 5.5668e+04
32582.9920 10.6512 2.9805e+04
32698.0920 17.1296 3.9028e+04
34234.1921 11.8996 4.6612e+04
34304.7021 13.3326 8.3849e+04
35359.6622 11.2025 1.3996e+05
36222.6222 13.2157 2.0008e+04
36853.3822 11.0111 1.8357e+04
37303.5623 11.9449 1.8541e+04
37423.5623 10.1763 1.5943e+04
37902.4623 10.1992 7.6437e+04
38387.0323 10.6480 1.9668e+04
39693.8424 10.8528 6.0433e+04
39825.7124 11.2524 1.1317e+05
40069.0924 21.7836 1.1574e+05
40115.3924 10.5361 2.4465e+04
40126.1224 11.5042 5.4197e+04
40365.2925 15.8732 2.4658e+04
40383.7025 10.2099 4.4580e+04
40490.6925 16.9811 1.5180e+05
40518.7125 13.6325 1.7384e+05
40551.0825 10.2158 1.6807e+04
40785.2625 11.5864 7.0595e+04
40828.8825 12.9948 8.3909e+04
40862.1725 10.9773 1.6403e+05
40865.2025 11.4477 1.6403e+05
40921.4925 11.5334 1.0019e+05
41271.6825 10.2546 8.2634e+04
41326.0425 14.9049 1.3764e+05
41331.5125 12.2204 1.2412e+05
41482.5525 11.8737 3.4687e+05
41660.0325 18.0117 1.4159e+06
41726.9925 10.8796 2.1445e+05
41831.7526 11.5341 1.8650e+05
41941.6426 11.2201 1.6670e+05
41977.8326 14.8143 9.6529e+04
42032.4626 17.6437 1.7906e+05
42166.8826 11.0111 3.4561e+05
42234.9226 22.0761 1.3100e+05
42898.9126 14.5301 3.2000e+05
43369.8326 12.8544 8.1813e+04
43480.4427 13.9576 1.5783e+05
44261.8327 16.2677 2.2977e+05
44270.0527 17.7351 1.8358e+05
44380.6227 11.2784 7.1012e+04
44460.9527 11.9033 6.9113e+04
44862.1227 10.6783 2.8517e+04
44914.4127 14.3902 2.7147e+04
45302.8528 14.4069 8.0120e+04
45315.6928 12.2374 1.3748e+05
45458.4328 16.6672 4.8440e+04
45620.2328 10.0334 5.4646e+03
45673.5428 17.9333 1.0578e+05
45786.4728 10.8764 4.7934e+04
45878.8728 10.7222 3.3583e+04
45984.7128 10.0232 5.1808e+04
45985.6828 12.5908 5.1808e+04
45999.2228 11.3037 6.2187e+04
46048.3828 11.3095 1.0218e+04
46074.9328 11.0874 5.5791e+03
46508.3728 10.2948 1.4360e+05
46965.1929 10.3599 5.7290e+04
47993.2029 12.3006 3.1886e+04
50846.5431 10.8917 6.5161e+03
50928.6731 10.6959 1.3081e+04
51055.6631 10.6999 1.2370e+04
51734.8232 16.4601 1.5895e+04
52261.6432 12.7329 1.2132e+04
52436.3932 10.7225 8.9678e+03
53017.0232 11.7010 7.5531e+03
53041.1232 15.7603 6.9633e+03
53187.3832 13.0969 2.5752e+04
53187.9732 13.5665 2.5752e+04
53210.5532 10.0106 1.0221e+04
54487.2533 12.7611 7.8423e+03
54499.8333 10.2296 9.4057e+03
54990.7034 10.5307 3.4315e+03
55023.1034 10.9113 1.6956e+04
55429.4934 16.8144 1.3757e+04
55678.2334 12.4920 3.4638e+03
56474.0034 11.7817 6.9238e+03
57324.7235 13.3098 3.9083e+03
58814.3736 10.1233 4.6880e+03
58932.7936 10.0438 6.7148e+03
59215.9836 11.5545 3.1070e+04
59239.4236 10.6608 9.3611e+03
59353.4336 10.3831 3.4865e+04
59353.9136 10.4466 3.4865e+04
61211.1737 18.7442 3.0139e+04
61742.5238 11.6089 2.5224e+03
62497.5838 10.8725 9.6961e+03
62610.0938 13.5761 4.6330e+03
62668.7438 12.5204 4.9636e+03
62743.0238 11.7242 8.3693e+03
62782.1438 10.1090 8.3309e+03
63416.4039 11.2774 2.0192e+04
63460.7339 11.5521 9.0823e+03
63592.6439 10.5921 2.0383e+04
63764.1139 14.2908 1.0640e+04
63834.9039 19.1092 1.0267e+05
63894.9939 14.0153 2.0614e+04
63912.5639 10.3478 2.3416e+04
63974.6439 10.3257 1.0787e+04
64127.3639 14.4433 2.6960e+04
64282.4439 15.2912 5.3888e+03
64383.6539 10.9015 4.3652e+03
64563.0339 10.2193 5.9068e+03
64710.0539 14.4966 7.3730e+03
64786.2440 10.5657 5.0246e+03
66173.3740 17.3401 9.6628e+03
66592.4641 14.1398 6.7735e+03
67406.9041 12.1612 6.0687e+03
68222.1442 11.0678 3.7642e+03
70680.7443 17.1146 8.6755e+03
71048.4743 10.2371 8.9830e+03
71063.7743 10.2812 9.3823e+03
71175.5643 11.9211 7.2934e+03
71590.2944 11.2348 5.1380e+03
71821.6044 13.8458 4.2099e+03
74506.5845 18.6576 4.6505e+03
74607.1146 10.6607 6.2447e+03
75099.5346 13.4306 9.0844e+03
75650.0546 26.2551 1.7784e+05
75750.5246 11.0475 2.4261e+03
77065.7447 10.3124 4.0132e+03
77104.1947 13.9831 3.1823e+04
77188.1947 17.3513 3.6925e+03
77217.7947 16.8836 1.1422e+04
77228.0247 13.7156 8.5254e+03
77250.1547 10.2807 1.8413e+04
77251.3447 11.9592 1.3609e+04
79011.5448 22.7360 1.6903e+04
80228.8249 23.5865 2.1100e+04
80575.9449 10.7002 5.9928e+03
81019.3649 11.3277 4.3449e+03
83085.1651 10.4568 2.3623e+04
83212.7051 12.0520 3.2125e+03
83232.8151 11.2034 6.4264e+03
83598.9351 10.3356 8.0235e+03
83663.1851 10.0003 3.5098e+03
83720.5351 10.1341 2.1295e+03
83779.5151 11.0188 6.6049e+03
84278.4751 15.7256 1.3351e+04
84970.8152 10.3222 1.5903e+04
85399.9152 21.9504 2.3120e+04
85769.5852 10.1908 6.4842e+03
86190.4953 10.1901 8.2023e+03
