133.220008131104 7.287142806530897 129109.46103183989
303.2100185064709 7.063022189765404 132466.8447316773
356.66002176880016 6.285441125413018 303355.06700026145
420.45002566223303 7.185139336393293 49985.466046627305
427.0300260638444 7.549092072981685 177171.53287678873
427.7000261047379 6.075233612105417 72725.42402239292
448.29002736145185 9.56084418522256 795185.098715576
630.120038459475 6.5742653808117755 41020.487941544554
1023.1400624475136 7.880103925828347 50546.69602096212
1117.0900681817668 6.457170430852872 116276.55446832474
1133.450069180302 7.549615037886665 186352.15504060712
1143.5000697937055 6.405123715079888 668691.5386197611
1507.8900920343074 6.772284905481 43869.63942887016
1780.630108681037 6.9643167428293955 32952.984151250006
2122.2301295306474 8.400407331647953 46131.21567184371
2305.1601406958093 6.293559783587476 41467.319987083116
2315.6201413342374 9.34022775665999 121010.75111620266
2326.400141992196 6.186138033159722 80191.60295415646
3059.4001867309685 7.185806389389374 40367.09798989836
3363.5402052942018 6.159715567685085 18359.827577297165
3394.7802072009404 6.336587415399911 25501.432597636383
3421.280208818372 7.389193689403299 37385.42234606364
4216.970257383438 6.1315385991904146 25040.149110634535
4357.050265933244 7.417425026193443 66203.83295823683
4701.010286926898 6.473106511342102 29150.14733401189
4784.290292009906 6.231321687527619 37801.115326827625
4870.490297271136 7.904805424347418 40390.75302210157
4966.0403031030455 7.031908324988726 32130.15961319347
4989.090304509907 7.974199801455126 82593.56451990022
5014.130306038227 6.854369401186873 31195.947119793815
5030.260307022724 6.718823139396633 71155.79071895928
5044.050307864399 8.439805691008553 123028.84763304706
5066.250309219379 7.792462854802905 74560.98048449786
5089.280310625019 6.877070451244858 103815.64517410737
5089.780310655537 7.944247957098347 95627.03570980045
5100.11031128603 9.112713609049012 108853.93375477094
5113.3003120910835 6.162816758384462 37532.70497339987
5172.390315697651 6.301225833705091 36572.82087760795
5453.080332829611 6.558196842161524 2262296.3077472695
7525.2004593017855 7.376404020609843 3093815.1052254653
7813.990476928129 6.896626065303245 53766.57750047639
8708.540531527133 6.198621354442933 2674009.2983511672
9722.900593438757 7.357631608664831 53138.346623699574
9746.760594895055 6.581529090564374 50101.961091680554
10448.600637731972 7.018995377010788 1317169.3822962793
11075.700676007122 7.601337267847376 3440755.0268420363
12987.340792684374 6.716224008817499 34389.36398318255
13735.170838328298 7.831254323102846 69374.91260687471
14428.990880675712 6.337223839113795 3152651.7970474064
15076.330920186214 6.6369098052657876 45592.608317805105
15086.700920819148 6.832457549359469 33184.30618205477
16178.460987454895 6.84969733122743 2487555.9219574253
17359.16105951911 8.070677029085816 2830179.001690835
17616.981075255193 6.361006094940676 7633050.767267826
19298.681177898023 6.209092505903194 61881.58694558143
24393.761488877044 6.177138647859874 49133.435684752985
25105.691532329805 6.125931811051697 1652378.9219031434
25178.88153679697 6.25333236643919 35989.08961342065
25287.461543424168 6.532975676601341 27900.642520912228
26918.781642992042 6.061219448709531 193831.88706460694
27232.15166211863 6.730463667169367 2971594.6191098685
28242.35172377635 7.170417103212248 84062.58761268429
28248.261724137068 8.331270742668629 104794.48417836105
28982.141768929552 6.002989929157532 676546.9592910723
29320.641789589954 7.1742917006080305 114894.78885286472
30237.051845523183 6.820159542680958 259004.67896302274
34823.262125443245 6.468083195860796 4325303.030152123
35746.49218179274 7.7648072575371625 1434259.23271269
36564.612231726824 6.264936834309608 321241.63084442157
36663.30223775038 7.962086540841667 577132.7532043697
37926.09231482497 6.356622847870205 719376.239628679
39987.62244065078 6.065690814101883 43890.13877758923
40097.20244733902 7.133394015339927 83435.09366903754
40129.95244933792 6.231986963186654 45827.2392253741
40235.712455793 7.060050873996334 54835.90169901748
40269.80245787369 6.105068962825098 43025.85931474843
40885.64249546158 6.488459871128627 104775.2353578403
41085.65250766922 6.295701943314106 583233.1666534202
41483.892531975864 6.31817681322992 140549.10210031408
41737.81254747391 7.174118678931505 473414.4180107136
41830.48255313004 6.193054657157306 171158.96135385777
41847.53255417069 7.266750373124407 301247.9706684029
41948.95256036087 9.784189572103646 697271.6988851883
41988.352562765656 8.029115971988041 340986.40133425087
42043.67256614212 9.526783646830719 348872.6476522129
42167.75257371537 6.960121480286908 388434.170364781
42330.25258363358 9.037471612120674 1316075.042943271
42366.442585842444 6.026143903492703 479957.634838882
42746.02260901017 8.101191060030672 1218020.0792469427
43204.75263700883 7.11949343956267 7185131.618021801
43253.94264001115 9.497888767146105 1727452.751359131
43441.75265147416 7.87125569380929 2690177.2776011825
43819.892674553994 6.833120122997979 795311.0361236514
43961.38268318986 6.412716037317918 1852221.3798709305
44050.73268864335 9.18860996652135 1145303.072534217
44066.34268959611 8.630351548047082 1970843.9730004042
44696.19272803911 6.528680951169142 1882149.7147908655
44806.58273477678 6.742691317133847 714938.9570356655
45020.0927478084 6.513742052706092 367267.4478848998
45096.79275248979 7.049392086238393 131861.79258327305
45294.862764579026 8.552262291344785 2890549.1667805384
45355.96276830827 6.230562490361867 248170.32016808883
45436.54277322649 6.455896093683655 871109.2583633022
45577.74278184465 7.403853133000101 318644.6247750531
45623.942784664476 6.659015672767687 157305.87614062568
45660.66278690569 8.006967454323206 440058.4707223353
45754.662792642994 7.898460378391111 378833.7802364623
45851.67279856401 7.313241008990974 551314.020841838
45943.83280418901 7.650356153141996 197531.2603042333
45973.08280597429 7.979215546532925 3701346.911786521
45976.45280617998 7.687991054532871 3701346.911786521
46262.53282364092 6.441348792017903 339918.87609440094
46361.65282969073 6.173663457226063 82512.26157411022
46486.332837300586 6.579473160456132 1446284.6376290165
46637.87284654986 6.618262202270392 67238.38929047418
47518.622900306575 9.283771643549914 107104.30268246015
48148.722938764826 7.692926869751935 65416.79499681321
48619.152967477596 7.258067994175892 39251.87174095017
48695.93297216388 7.232061440236635 48673.42524532987
48714.42297329242 7.314476264400174 33393.03810584862
48848.622981483335 6.721298802410902 52513.18992283008
48930.98298651019 7.49272778217885 59701.95807974048
49534.50302334613 6.913513080091167 80439.52616667082
49913.62304648578 7.201516515938377 32610.048786709172
50528.893084038886 7.653409222989648 145057.20955446942
51138.81312126545 6.872282753762707 129331.83157313408
51154.62312223041 6.297567846578223 45659.455576336615
51462.56314102558 8.523567672777938 37756.218967763816
51476.24314186054 6.232016499128532 13257.943480586224
51540.58314578755 6.7800634116007155 24035.90439169614
51564.83314726765 6.9456442855755745 28368.617379753836
51585.11314850544 8.89917538145855 64757.11958793554
52049.20317683125 7.570740950666502 75321.1878328668
52109.193180492744 7.5448583112088645 60606.394426098246
52573.2332088155 7.5480485972776865 36206.892661566424
52678.20321522236 7.842184469034016 20271.72452748514
52686.58321573384 9.20960249876439 78551.18997081084
53143.99324365193 8.639501258710736 77512.23876000082
53226.13324866536 7.856475312455351 55186.88999405846
53305.423253504836 7.368171485073166 56324.31735860895
53372.733257613116 6.541297639352302 43794.1339353427
53592.5932710323 8.902115299203667 100031.48466617744
53731.3132794991 7.171689074169287 49721.188591039434
54247.23331098836 7.386088876226926 56783.43420345455
54290.743313644 8.761387291830358 74483.88778958222
54512.413327173665 6.531199000400225 49503.50977899813
55130.703364911096 6.275578955236783 32474.90361377873
55144.95336578084 6.66823733444023 70743.58968675607
55189.26336848531 6.491727260112918 125678.98699944987
55371.19337958944 6.511051846222371 51964.73649942492
55437.873383659266 7.531384160799855 49185.43816972681
55666.25339759848 7.68461712652131 42326.724560835595
55711.783400377404 9.049286204505794 49692.17528586654
55726.583401280725 6.640804261874081 28396.76538015938
55754.51340298544 7.239639409627248 63270.52133933659
55980.09341675375 6.170483764201785 369133.03977597936
57599.28351558127 7.015067315998515 68241.9682201193
58369.77356260825 7.884134062490579 29506.078215305934
58596.70357645896 7.951831139581 121737.69942438915
58975.77359959556 6.054448997469702 15235.515323800002
59091.29360664634 6.272683089538729 138890.94562574354
61703.373766075056 6.715011150676652 37648.3417205142
62301.30380256981 6.38327256031787 25174.658108072315
63295.35386324181 6.3154448196146955 40357.43447872008
63639.01388421716 6.910055600282492 38626.42930281029
63713.233888747185 6.10832236593655 20011.788329322877
64356.39392800256 6.450013651587522 22553.28006910298
64616.62394388574 6.829192588557665 22725.054844109778
64722.34395033838 6.599030560438771 33001.4204230213
64873.71395957727 7.437498676500846 42619.99162975197
65036.47396951135 6.810399782460042 39310.462367979955
65243.79398216516 7.0057503893113475 28494.72636145897
65968.72402641138 6.703897904434405 37705.717859691395
66120.80403569361 6.854694290169167 19918.254426351083
66323.44404806178 7.953940784478442 51299.835440937146
66353.18404987696 7.531083656169779 56056.60756055492
66737.1240733108 8.442992548443954 84812.8464684975
67016.49409036219 9.659871164605661 78237.9605569841
67251.94410473292 6.163643149026295 29787.610079884173
67498.44411977808 7.126971169071376 49863.62146158112
67721.77413340907 9.615092215987268 134728.22357973902
68456.90417827784 8.150730754786428 69284.22382019309
71534.02436609035 7.336340435387108 23853.141706051985
72639.87443358608 6.9161536219396105 89110.60587197593
73304.09447412686 7.093904245243906 53595.19561500096
73568.27449025113 9.850962465958869 113548.7338076499
74885.20457063016 6.348965375657059 19633.02715032519
74926.35457314175 8.697445200542287 73151.34468818635
75650.84461736112 9.091157787624983 60930.03009263795
75882.41463149503 7.2016085764413695 67707.44261429357
75952.8946357968 9.072149151134433 77806.68905715231
76911.75469432096 10.616760711272061 129647.83465845886
78490.50479068022 6.009418126823716 22065.83600643575
78627.10479901763 7.326086643257248 13016.393431047789
79892.9748762802 6.130525719532213 17336.313259775387
80231.31489693084 8.828331390692101 46218.859994233455
80246.03489782927 6.6023912603926105 155893.5457924797
80469.84491148956 6.3396347576151255 28787.31551831173
80984.48494290069 6.713556039662375 42574.93415496781
81440.31497072235 8.56360267018301 98341.6419621071
82067.90500902741 6.06900128573603 26091.28755550637
82200.80501713898 6.67674889810083 122647.3697494549
82202.09501721771 9.553873867095136 122647.3697494549
84080.93513189301 7.199725381879751 22321.19513396025
84659.79516722383 6.22102931029239 17933.032579144634
84973.0451863431 8.75759432683559 27393.13698476252
85003.32518819123 6.504960684911852 21422.062817032023
85138.66519645174 7.2482643233653015 33445.195385855266
85219.73520139986 6.691025183832027 52393.36737350623
85312.64520707063 8.41986794869669 34876.066259658444
85468.39521657686 6.411167604100549 48123.489902025074
85500.34521852693 9.937641768946255 53699.269777257396
85582.84522356233 6.291112477367299 26693.80724755908
85722.72523209993 8.203611439483536 71023.545646071
85948.22524586336 6.488583778695891 71613.97203586559
86022.80525041536 7.384224695964451 52293.367402253
86084.6752541916 7.916786416659816 126851.71387545987
86170.62525943758 7.473677855916218 39322.56628195965
86215.25526216158 6.836271779226307 47157.496717864466
86261.88526500764 10.07477697985375 60197.481950201065
