5340.560325961934 10.073712096876184 38303.8642284494
9118.830556569248 7.682911467171789 46695.47583261918
10110.220617078896 6.024448360218771 1611495.3020534902
11529.740703719526 10.314235629424445 291304.85943498043
11533.630703956953 7.358550746169024 356086.75261476275
11541.740704451948 7.335726297126897 579889.4133832823
11562.29070570622 11.140031396956543 591639.333924664
11563.650705789227 7.034187570586993 591173.1326190331
16454.59100430853 6.019146294435305 32963.91004303017
18156.331108174505 7.244948490660903 34483.112382774
19215.081172795482 7.197061447974433 249338.62518504544
19217.691172954783 8.684519584429776 249338.62518504544
19697.141202218092 6.566872331067936 80128.93835299315
19834.141210579906 6.136711306990988 50714.509768352254
19868.85121269844 6.208501656528952 142117.19165522335
19966.951218685987 6.433608150377296 128907.01362376052
22117.631349953084 6.020245890204374 82052.39802284502
23713.001447326747 6.180441525915009 57786.168766268485
24828.941515438324 6.480181661663899 132243.376967894
24876.9315183674 6.878585112267404 67170.05988491878
26074.701591473487 6.516542984264837 53887.10764258623
26095.961592771095 6.555182047041031 64751.63780964901
27280.17166504954 6.0222605991141425 182391.78254435156
27299.79166624705 6.222780590163201 224868.6205218586
27332.391668236796 8.912198701549677 292340.74895950616
27467.741676497906 6.896746877140215 196153.5242081745
27543.151681100568 6.365230948380864 189918.77534357065
27702.651690835675 7.002603912501167 302760.19710685965
27820.85169805003 6.251999790443509 252228.45086975564
28984.63176908153 7.608019191411803 340048.6867428278
29122.801777514756 8.508713553857216 431690.37756759464
29255.20178559581 6.904141582396925 317334.32245044416
29489.5517998994 6.527594723549967 203135.22801957143
30484.031860597646 6.551280359933956 277198.1993422247
31365.5919144038 8.933453212515158 212449.24199759963
31502.92192278576 6.293139914051649 140830.9321980387
31517.191923656734 8.163951451697999 903836.0446506479
31561.881926384394 6.984325567354409 180230.27424606238
31563.651926492428 6.105770149619288 143859.4768006688
31636.381930931515 6.462376213384538 300806.66961163585
32113.471960050778 7.674777770371217 164805.03370467658
32195.69196506909 6.270405802580447 133913.42862186857
32198.911965265623 8.910145112185731 670006.9972981871
32212.041966067016 10.154167673511202 771036.3046639387
32348.001974365354 8.216238989213776 179690.5988812479
32401.04197760266 6.040427992347829 85787.28816623686
32414.771978440673 6.569225351253988 101910.3486359237
32625.11199127881 6.084766377940455 62294.69002849743
32869.4120061897 7.105933299492101 70111.72006127184
33039.28201655774 6.947934241328757 487393.6661161677
33227.712028058595 8.308489283850285 54444.01940051094
33555.92204809094 7.393039151733801 184142.636135167
33652.302053973515 8.341607439048435 79797.62074972248
33723.70205833142 6.372082478027146 40361.61030349256
36580.85223271803 6.940496223872277 211473.41032718492
36801.58224619032 7.47299832379425 295779.6483549091
36823.60224753432 6.457348044114145 503928.74768964655
36922.81225358962 6.18396971448765 476406.7995522539
36967.45225631422 8.384431411354665 493386.08162037947
37105.25226472487 8.189965590834888 382270.8295368154
37170.44226870375 9.165358509670382 780406.0177773619
37252.83227373244 9.405871437982485 624307.4868483326
37341.01227911452 6.530557304383675 1503307.427910689
37394.97228240797 8.941283559318022 1399340.3041767995
37404.05228296218 6.356177627244526 1439512.3671205824
37483.83228783156 7.721895779512871 727572.2288382842
37486.9622880226 8.75536787452835 1527099.0577188656
37540.16229126967 7.676344639533405 478116.0184441903
37659.922298579244 8.420233990762627 664125.6860418142
37795.27230684035 8.61942558733553 432889.7501165312
37856.50231057753 7.35720613394896 1139933.1895590287
37859.52231076186 7.7464752114457385 1406837.6486829976
38149.512328461446 10.106239425130424 954104.4592704339
38204.722331831195 9.126524571401692 856694.9459655803
38317.942338741595 7.6692266585499125 341440.925524877
38584.422355006245 6.227366357845415 53658.645088312835
38695.4723617842 6.314024607505256 410218.7257474164
38731.51236398391 6.223708065017325 592762.633392355
38876.16237281264 7.242492381063395 447612.05498992774
38905.21237458572 6.8288197366129895 394432.19512916385
38999.11238031692 6.7807340571968115 708234.8683822947
39088.61238577956 9.069884643951685 1131680.6715026142
39151.782389635155 9.49081458755209 1376128.115318643
39515.542411837305 8.659742725811004 866170.6032499963
39521.15241217971 10.63278343338293 2105549.1448851386
39589.85241637283 10.33621611924996 1861331.9172404672
39628.502418731834 6.5427819473873186 423694.1161043726
39635.65241916824 7.795441469221698 435638.553673548
39701.7924232051 9.388481176313961 1244936.9943254774
39743.04242572281 8.61573444894478 1030654.9774776382
39884.922434382475 6.617052329986568 865267.0953495924
39960.362438986966 6.559198411329741 386869.46949681774
40132.65244950271 6.29902001582829 119272.58813604852
40371.82246410049 8.066693234529689 1016601.524341226
40400.73246586502 8.799996433494053 1125537.2507693127
40549.57247494949 6.741358716334899 654106.8501672641
40800.912490290066 6.945838695066339 763156.6983886795
40904.26249659805 8.835342913120508 1884021.6259825826
40983.38250142716 9.245735586207507 675881.7767050668
41195.042514345856 8.813215731928215 424057.0133694757
41213.472515470734 6.361245154310225 609393.9768836066
41336.82252299942 8.543252223296939 532252.8675762892
41485.59253207962 6.007013552592354 431243.27962242835
41960.39256105912 6.2402083492983556 315972.0697920239
42882.98261736955 6.58597713612331 142128.8076198498
43038.50262686173 8.706321720547095 209314.39592080534
43256.01264013749 9.615373040047595 831278.3489302193
43415.322649861 9.149484349639005 860275.5916526924
43465.112652899945 10.84206235854689 819385.2988612225
43493.36265462419 6.572487496159577 540301.1118774837
43522.23265638627 6.451715903416383 318260.5943162177
43587.982660399335 10.384327362839768 746655.5084121771
43663.29266499589 9.182587956431641 405272.4792501122
43985.15268464066 6.537220574073296 228206.77442113953
44082.52269058366 8.102122585206441 404882.5602679921
44224.212699231735 6.0966385992845336 58648.62770115882
45292.22276441789 7.543306201788494 764866.7792678052
45788.88279473162 6.71616836633695 174531.30577474425
46299.17282587725 6.404476162172895 36498.737305405295
46492.02283764788 9.108562825885345 322909.15862092085
46519.172839304985 7.456629989336945 352321.7644412382
46920.84286382097 6.578003760759258 53210.160053432985
48493.87295983111 6.766048827545928 125187.58999157336
48742.82297502582 6.489204580577513 80837.36951416565
48957.622988136165 7.047372328286379 365534.77206742787
50102.833058034244 7.911200805642329 540138.7987115895
50177.31306258014 6.248728706680465 181703.59824223653
50480.82308110492 6.1213376022310735 39681.12648957782
51499.8731433028 6.200156804584583 16952.582920398992
56809.17346735678 6.041617772886702 16153.332793674095
56851.73346995444 7.348237070367503 27050.262138559454
57069.37348323813 7.308951552897294 14698.498402798305
58491.42357003318 7.268283212122016 16624.611725175128
58635.863578849094 6.23175599218211 15026.46012519041
58642.85357927573 9.395506712657395 121744.9874265023
58952.32359816428 6.984179136174554 22819.998972571106
59453.41362874839 6.6501227775594165 53048.394131706074
60671.983703124 7.096442261483405 18381.831562756666
60672.86370317772 6.425620834122889 18381.831562756666
60818.45371206383 6.0745638243613325 3480.976002147739
60860.003714599836 9.429250053051689 17962.450660354334
61176.65373392662 7.251130776116779 14676.301388253361
61291.31374092491 6.828844503190736 5850.713448335542
61743.673768534776 6.2356051273346464 7391.889133160468
61844.23377467247 6.537198876057038 3283.10088775144
62116.753791305775 7.360167685138658 26059.640337235072
62317.48380355736 7.86344105881783 19151.741522332075
62567.41381881188 6.748869243698172 10905.79584692377
62800.16383301781 7.136436801536023 53415.81434773034
63814.9738949569 6.697864440101577 10856.135487754642
64975.8539658114 6.90082749127058 3857.3585897317344
73717.28449934597 6.646479101621834 7468.3793851808405
75511.73460887052 6.26369543125249 4276.127198561195
75651.14461737944 7.631701767406854 22308.186879928486
79014.854822684 6.711241000943124 17648.739742655354
79249.84483702666 6.052900796734938 4914.6231020209425
80229.87489684296 10.0799742266887 22651.892106835207
80243.38489766754 6.4236797700935755 50200.9407655327
83835.21511689546 6.273860567866353 4835.510446205929
85398.3052122989 6.57149160150353 62359.57001752597
85400.6252124405 8.48203849049786 62359.57001752597
