317.3100 11.4999 2.7937e+04
322.2700 10.5281 2.6744e+04
428.1200 11.0451 9.7803e+04
479.1100 11.9678 7.8784e+04
761.2100 12.1002 2.1554e+05
763.7500 11.9135 1.9643e+05
969.0001 14.5415 7.4851e+04
1953.3901 10.1170 3.9952e+04
2558.9702 15.6709 1.0603e+05
3780.6602 11.1746 1.6059e+05
5110.3203 12.7171 6.6839e+04
5319.6503 10.0537 5.6101e+04
5325.7003 13.3236 1.7521e+05
5379.4003 10.9760 5.8753e+04
5657.4103 12.2365 4.0564e+05
5673.1203 15.2498 2.3239e+05
6247.0304 10.9363 1.0514e+05
7075.8104 13.2107 1.6444e+05
7207.1404 11.5751 2.2162e+05
7618.7805 10.1825 3.4889e+04
7959.8705 12.6421 6.8761e+04
8140.6005 10.1056 2.7110e+05
8150.0305 11.9587 4.0918e+05
9078.5506 10.7764 1.8267e+05
9599.5106 18.0250 2.3607e+05
9651.0506 11.3706 8.1229e+04
9662.8106 13.4574 4.1515e+05
9675.8006 25.5300 1.7637e+06
9693.3306 14.4172 1.6820e+05
10797.0107 12.3590 6.6160e+04
10906.7807 10.3973 7.8897e+04
11636.8307 11.0396 4.0930e+05
12147.2107 12.5700 2.0538e+05
12608.3208 13.8052 3.2394e+05
12720.6408 11.6117 7.3909e+04
12751.2608 11.5755 1.3029e+05
13176.5808 11.3145 1.1270e+05
13657.8208 10.8300 2.1167e+05
14044.3609 11.9272 2.2787e+05
14165.8809 10.7267 4.3008e+04
14237.4309 10.7937 9.3122e+04
14735.0209 10.5249 1.4656e+05
15376.0509 12.9059 6.4317e+04
15463.8609 10.7942 8.4342e+04
16125.4410 25.3167 1.9457e+06
16145.9710 10.3116 2.3165e+05
16917.2110 14.1218 3.2597e+05
16964.3310 12.2391 2.4225e+05
16972.5310 14.4532 2.3423e+05
17012.7010 18.2308 1.0270e+06
17016.1310 14.2208 1.0259e+06
17020.8210 13.3213 1.6622e+06
17031.4310 13.6786 1.8289e+06
17032.2310 12.4127 2.4031e+06
17034.7010 11.5678 2.6279e+06
17047.5110 10.3409 2.1836e+06
17058.4510 18.9564 1.5786e+06
17061.7110 17.5967 1.7310e+06
17068.3010 17.9367 8.8960e+05
17078.0710 16.6668 1.4958e+06
17083.1610 15.4744 2.8749e+06
17086.6310 11.4634 2.8749e+06
17092.5410 19.4207 2.7732e+06
17097.5410 14.0407 4.3291e+06
17102.1910 16.0939 4.7575e+06
17106.0910 13.3503 2.4352e+06
17123.1010 21.3427 4.1438e+06
17128.2210 14.9352 4.5748e+06
17140.0210 13.5545 5.2855e+06
17152.9910 15.2634 3.7840e+06
17166.0710 12.8308 3.0146e+06
17166.9510 17.4836 3.0146e+06
17167.9010 16.9221 3.0146e+06
17172.5610 10.6317 7.8581e+06
17175.4410 17.7698 8.3831e+06
17176.4010 14.2955 7.6783e+06
17178.3410 16.4253 6.5764e+06
17181.3410 14.7940 4.5071e+06
17191.7010 10.9993 1.4016e+07
17192.6010 19.8993 1.4824e+07
17194.5610 19.7891 1.4824e+07
17195.5210 10.9021 1.1486e+07
17215.5211 16.9911 3.7626e+06
17216.5111 18.6357 3.8317e+06
17223.2011 22.7595 8.2153e+06
17225.5011 13.8646 6.6195e+06
17233.6711 10.5794 1.7715e+06
17245.2611 26.3211 1.2948e+07
17249.4911 18.4668 1.3116e+07
17254.6211 14.5563 3.5038e+07
17256.4511 15.8656 3.0338e+07
17288.0711 13.8930 8.0896e+06
17291.0411 16.4088 4.3319e+06
17295.9611 10.3777 1.3581e+06
17304.9711 19.8428 5.5933e+06
17314.2911 15.0637 1.1440e+06
17316.7111 16.6641 8.7988e+05
18023.9311 14.7262 3.3255e+05
19313.3112 11.8084 9.3913e+04
20535.1713 12.2017 1.1748e+05
21169.6813 11.7522 2.7451e+05
22123.6214 12.9160 9.8811e+04
24283.4215 18.2084 1.0476e+05
26002.1116 10.6505 5.4511e+04
27271.4617 10.2703 1.6457e+05
27272.3517 10.4167 1.4894e+05
27600.0317 13.0859 2.4846e+05
27869.0217 11.3119 2.0046e+05
28158.1117 10.8407 2.3820e+05
29538.7618 10.3074 1.7324e+05
29702.3218 12.0143 9.5116e+04
29788.9818 13.1210 9.9408e+04
29926.2518 12.0208 1.0827e+05
32100.9720 11.2158 5.8146e+04
32370.3520 10.6891 9.9163e+04
34092.0221 10.0967 5.9490e+04
34607.1421 10.4668 7.1863e+04
34934.8321 12.1134 5.0968e+04
35690.9422 10.9658 2.6236e+05
36623.9422 10.1252 3.7718e+05
38280.3223 19.7494 3.6156e+05
38280.8723 11.2550 3.6156e+05
39593.0124 17.8166 1.3137e+05
39605.1524 14.5529 1.5815e+05
40504.0325 10.1908 6.9884e+04
40577.3925 11.0933 1.7587e+05
41102.1725 10.5881 2.0199e+05
41259.4425 15.4926 8.7595e+04
41932.2326 11.8236 2.0105e+05
43982.0127 11.6062 1.1636e+05
44050.5927 14.8883 4.7755e+04
44334.0927 11.2197 1.8800e+05
45285.8928 15.4155 4.6523e+05
46854.6229 10.9474 5.3071e+04
53183.5732 15.0521 4.6307e+05
53184.7132 14.9749 3.8883e+05
53289.5233 14.5903 1.7860e+05
54614.6633 10.1910 1.9448e+05
55922.4634 12.2788 6.1324e+05
57147.0835 13.6453 8.3516e+04
60283.8137 13.9392 8.4733e+04
60306.0637 10.0528 1.0308e+05
67649.9541 14.8593 1.8433e+05
67723.2741 14.1864 4.3343e+04
75650.5946 14.0882 4.0690e+04
80625.4949 11.5238 2.9398e+04
85859.4452 12.7581 2.1795e+05
