401.7900 10.0557 1.3277e+04
733.4400 10.1195 2.3816e+04
1614.4901 10.8158 3.0455e+06
1618.6301 10.9760 3.0455e+06
2186.7101 10.8766 2.6488e+06
2503.8602 12.3806 3.1820e+04
2713.3602 13.5551 2.7534e+05
2745.1302 11.3175 7.4711e+05
2774.5002 20.7070 2.4669e+05
2811.5802 13.3188 3.9242e+05
2829.0202 15.3371 4.5516e+05
3838.4802 10.8257 1.0278e+04
4094.4802 10.5007 1.1467e+04
4109.0403 11.5238 6.6442e+03
4118.9403 11.2277 9.4944e+03
4133.1503 10.0785 1.2445e+04
5059.2403 11.3033 9.1380e+03
5275.6403 11.7884 1.8994e+04
5914.3704 10.3633 3.0130e+04
6567.2304 10.5418 1.4794e+04
6951.3404 12.2423 7.5969e+04
7651.0705 10.8534 1.5916e+04
10504.2106 10.1697 1.4657e+04
11261.7907 10.6991 3.0445e+05
11987.9807 10.0114 2.7281e+05
14776.0009 10.2181 2.0888e+05
14844.6509 10.4734 1.2194e+05
15018.5009 12.7052 5.1215e+06
15134.2709 12.9269 7.5926e+04
15391.1209 15.6334 9.8033e+04
15412.3109 12.0571 2.5158e+04
15571.6510 10.3755 2.0571e+04
15683.5110 14.4423 4.9132e+04
15740.0610 16.5780 8.2280e+04
15797.2310 13.4195 4.8809e+04
15833.9310 12.9134 1.6838e+05
15928.1610 11.7109 8.5323e+04
15955.0910 14.2361 1.1807e+05
15998.7910 10.9190 8.1147e+04
16041.4510 11.3358 5.9308e+04
16114.1810 11.8342 9.5200e+04
16251.9210 14.9579 1.1841e+05
16423.2110 12.1692 2.0183e+05
16911.0610 14.3285 8.3049e+04
17081.1810 10.4875 2.3498e+04
17090.8310 10.6596 7.1103e+04
17516.1811 12.3715 3.8572e+04
17705.0611 10.0587 4.0780e+04
17824.9511 10.9410 2.0844e+05
17956.4811 10.2576 1.5398e+05
17959.4011 10.6327 1.1506e+05
18174.2211 13.1134 5.4644e+04
18208.7511 14.4932 7.8000e+04
18228.2211 11.8028 8.0695e+04
18263.8311 10.6269 2.0263e+04
18270.0611 11.2769 4.6768e+04
18411.4711 10.6565 5.8844e+04
18527.6311 11.7904 2.1372e+04
18586.4811 11.4541 5.8398e+04
18696.9711 10.6020 5.7303e+04
18757.2411 10.7201 2.3572e+04
18780.9411 12.7747 8.1327e+04
18815.9411 15.9344 5.1969e+04
18864.4812 15.3831 3.5100e+04
18944.4312 20.0655 1.3090e+05
18951.3612 10.9892 7.0891e+04
19143.7312 11.0056 6.3010e+04
19147.5112 10.0616 6.0527e+04
19215.9712 10.9392 6.4975e+05
19220.3812 14.4852 6.3797e+05
19445.0512 12.0444 6.5712e+04
19554.9312 10.5163 3.4321e+05
19739.0412 10.6838 4.1569e+04
19808.2412 11.4536 1.4058e+05
19820.5512 15.8633 1.9741e+05
20445.5412 11.1543 8.6041e+04
20722.9513 12.6864 1.2561e+05
21874.4113 12.2817 1.6354e+05
21969.3413 11.3207 7.8147e+04
22081.9013 11.2968 6.0415e+04
22160.0514 10.2704 1.3751e+05
22206.7314 13.1473 1.8113e+05
22278.9314 10.0177 1.5329e+05
22498.6714 11.6057 4.8383e+04
22536.5114 10.7331 7.7228e+04
22549.4714 10.5341 2.5128e+04
23025.8514 10.3367 1.5641e+05
23027.6814 14.4183 1.3744e+05
23715.1314 14.6783 1.9939e+05
23842.3315 11.8598 5.9136e+04
23951.6315 11.0638 6.9369e+04
24610.5415 12.4633 1.7398e+06
24610.9515 11.1177 1.6756e+06
24708.3015 11.0605 8.9201e+05
24786.3215 12.0122 1.3871e+05
24877.1415 12.8631 2.6797e+05
24878.7115 10.3830 2.6797e+05
25060.5515 11.4306 2.1327e+05
25094.3615 11.4323 2.5595e+05
25349.6015 10.2815 3.5079e+05
26721.1616 12.6333 7.0831e+04
26755.0916 18.3379 3.1365e+05
26844.0016 13.8418 4.8396e+04
26894.6516 10.1346 4.3248e+04
26910.0516 16.3875 1.1915e+05
28312.9017 12.4539 1.3071e+05
29074.5818 11.8480 4.0683e+04
29091.3818 10.6646 4.3461e+04
29656.9118 11.3961 7.9155e+04
30167.3718 19.2570 4.7831e+04
30626.2119 13.7060 7.1702e+04
30897.1919 10.6712 5.1310e+04
31066.7219 10.1367 2.6744e+04
31149.0519 10.6375 2.8891e+04
31282.8419 10.0048 5.2305e+04
31311.6619 16.4494 4.0242e+04
31343.6719 13.0201 2.2722e+04
31586.3319 10.1782 2.9575e+04
31648.9619 17.4532 2.0365e+05
31716.7719 14.9256 1.6166e+05
31717.7019 12.9138 1.6166e+05
31743.2619 13.6158 4.8501e+04
31772.6819 16.3234 2.0130e+05
31854.0019 10.1163 2.9998e+04
31888.2519 13.8235 1.7502e+05
31951.8720 18.0541 2.3794e+05
32168.5320 11.8609 2.1168e+04
32265.5420 11.6495 1.0077e+05
32514.5720 11.5435 4.9816e+04
32562.2020 10.8008 1.0058e+05
32600.2020 12.9548 1.3224e+05
32623.0020 13.0229 4.0839e+04
32702.0520 17.8954 1.2836e+05
32910.0520 16.7896 1.8039e+05
32950.3520 14.2504 4.9944e+04
33157.8720 12.5147 4.4635e+04
34258.4421 14.9910 9.1732e+04
38269.2023 12.3845 8.1542e+05
38810.6124 11.2331 2.7247e+05
38897.8524 10.3178 3.1246e+05
39074.5224 12.3016 6.6576e+05
40484.8725 11.2793 5.7661e+05
40615.2625 11.2147 2.1171e+05
40629.5825 10.1766 2.9934e+05
41246.8925 19.9773 1.6697e+06
41627.2725 12.9267 3.6691e+05
41867.9726 11.1909 6.6839e+05
42274.7426 17.5371 5.3925e+05
42316.8326 12.8313 2.1735e+05
42442.5726 12.3112 4.2547e+05
42475.5726 10.9659 3.2308e+05
42729.5526 11.1141 2.6380e+05
42743.5526 11.9735 4.2962e+05
42765.5126 10.0800 7.0667e+05
42805.8726 16.6700 3.8610e+05
43474.1027 12.8306 3.1022e+05
44255.7527 13.2540 4.4938e+05
44743.6327 10.0720 4.0808e+05
44900.3027 10.8115 2.3415e+05
45825.4428 16.6422 3.4502e+05
46489.7928 11.3302 1.7236e+05
46542.1828 12.7479 2.7285e+05
47703.5129 10.0827 5.2474e+05
48523.0830 14.6958 1.4272e+05
49590.1330 11.4296 7.3824e+04
49885.5330 14.6321 5.8096e+04
49900.3930 18.3856 1.0538e+05
54262.9433 13.4866 8.2883e+04
54487.6533 11.6536 1.2958e+04
55729.4134 10.6013 5.1448e+04
55807.3134 12.1991 2.6966e+04
55835.7634 12.1176 5.4969e+04
56068.6234 10.7207 3.1227e+04
56624.3935 12.1978 4.1018e+04
56828.6735 11.2967 3.5092e+04
56870.6535 14.0821 1.0756e+05
56941.9635 11.6432 4.2832e+04
57050.7035 13.5090 3.5401e+04
57089.6435 16.6970 4.3219e+04
57109.7335 13.5832 2.3848e+04
57360.0535 10.6930 2.7296e+04
58040.3235 15.9713 3.3202e+04
58650.1736 12.4980 2.8160e+04
58659.1336 16.3751 1.5596e+05
59444.1136 13.5821 8.0594e+03
59928.1037 11.4337 1.1530e+04
60339.5237 11.5991 5.8550e+03
60364.6337 12.0924 6.4821e+03
60383.9637 12.7812 8.3969e+03
60402.8937 14.1474 5.0671e+04
60522.5337 10.3354 5.7258e+03
60545.0537 16.8194 1.0721e+04
60684.2137 11.7196 1.8200e+04
60844.6537 19.8927 1.8548e+04
60856.5837 11.4286 1.5508e+04
60956.6837 19.2402 5.7347e+04
61015.1437 10.2141 7.4532e+03
61028.9737 11.6196 1.2854e+04
61197.3637 11.0053 3.3644e+04
61213.7637 13.1008 5.9189e+04
61261.2937 13.5014 2.8335e+04
62140.8538 12.3555 3.3332e+04
62825.9338 14.9946 3.1569e+04
63764.7439 17.7592 1.8395e+04
63793.7139 11.2310 1.1876e+04
64448.9039 14.0848 1.0991e+04
66325.9740 10.6104 1.4863e+04
67461.2641 15.3183 5.5252e+04
67661.1341 10.0493 7.6566e+03
68966.0942 16.1466 1.3007e+04
68974.3842 17.8572 1.8752e+04
72021.3544 14.1977 1.2947e+04
72526.1944 11.9992 1.8100e+04
73256.3445 13.7040 7.4396e+03
74819.5146 11.0742 7.6435e+03
75600.6246 10.0755 9.1795e+03
75650.7146 23.1459 1.4692e+05
75652.8646 15.2362 1.4692e+05
76180.6846 16.7697 1.3725e+04
76749.9847 10.5296 3.9322e+03
77252.5647 12.6720 1.4530e+04
77272.1947 13.6867 9.3032e+03
77791.9247 10.1649 1.4161e+04
77837.2348 14.4044 8.4712e+03
79011.4748 23.7303 5.5351e+04
80228.7949 21.8497 1.0129e+05
80601.7149 15.1795 1.4328e+04
81020.1249 13.3679 1.3702e+04
81362.8350 12.1042 1.0522e+04
82683.3050 15.5772 6.8648e+03
82689.2350 10.2405 1.3093e+04
83833.1051 12.9246 8.7221e+03
84034.0851 13.9517 3.1388e+04
84048.9251 13.5079 3.4243e+04
84050.2151 12.3214 3.4067e+04
84604.9652 15.4343 2.4242e+04
84656.8952 18.0512 7.3410e+03
85399.3952 11.1124 7.2527e+04
85443.9452 10.5788 1.5798e+04
85458.1852 11.7049 1.7006e+04
85473.2552 12.5702 1.1111e+04
85522.0152 11.4620 2.1429e+04
85552.4752 10.3310 5.2581e+04
85560.3852 13.8232 4.1664e+04
85571.5752 13.5065 3.1224e+04
85615.3252 15.5281 1.5182e+04
85620.9052 21.3760 4.7093e+04
85623.3552 12.0745 2.3655e+04
85639.2652 12.1508 1.9331e+04
85763.9052 11.0895 2.1489e+04
86214.8053 11.0239 1.4893e+04
