5014.440306057148 7.078870768411341 358997.6589864775
5696.320347675803 7.181864033903515 452308.921459203
13587.62082932256 7.064807259465269 61270.202775971244
14258.870870292412 6.3227239922995 324547.62842786
14697.42089705938 9.04097828950691 1772506.1756228104
15147.31092451849 6.168754118242821 150793.89848656475
15900.300970477354 6.007788135408432 52873.84477865112
16149.31098567572 6.599725012341368 22626.184726912288
16700.84101933844 7.003456562281952 58655.852304057145
16786.08102454108 8.22331680211044 176957.81195452914
16857.061028873355 7.469409063555332 66403.10102604116
18268.621115028145 6.880676892290786 107156.53406279502
18287.28111616706 7.3011026253441464 227048.32825766498
18334.841119069893 6.412884949156913 235343.92879897394
19640.641198769605 6.418229723049188 406610.93415185047
24876.611518347872 6.188860653196721 222679.51348673107
29365.901792352404 7.0932695354572495 183422.6224022796
31526.291924212153 6.148645603037768 78210.91594639649
31886.591946203123 8.090986790370355 115755.41374413396
33475.14204316052 10.33144451175669 218555.62725677338
33487.03204388623 7.328442923429648 98968.94411862588
33582.3520497041 6.2634544568627595 138789.29366210083
33655.34205415906 6.389059098830366 114851.6788317384
34058.06207873914 8.004564772146574 179909.3667795352
34097.352081137215 8.662060762726837 267934.4352245002
34197.79208726758 7.878959908520996 240097.63618132277
34255.26209077527 9.644168804066425 193969.69684315182
34399.97209960767 6.8858823153770725 91666.58540760392
34437.11210187452 7.001919414609288 120727.23219074002
34441.91210216749 7.413065852597885 174840.2455786228
34987.56213547132 6.436288398294004 44517.145778200604
35055.95213964552 6.8986441888034955 63437.27743516017
35176.90214702772 6.117772253843575 364599.17169024714
35356.32215797865 6.882937268158244 229930.2702723773
35895.60219089369 7.093180631984761 64207.78363586193
35983.8121962776 10.366998662861898 162425.71734961774
36302.08221570326 9.60045539723063 233592.16358887512
36356.45221902174 7.445883872709405 108733.96612063811
36705.71224033888 9.103943291840384 262844.95012105873
36713.95224084181 9.009269158999606 303941.14641799335
36722.952241391125 7.659496680101454 226771.3211905887
37006.13225867506 6.619882112985216 228423.3188806115
37010.40225893568 6.927954113647419 286453.8473926319
37021.46225961074 8.24853032601775 265846.3669300012
37030.71226017531 7.163424076448203 261599.59402166452
37093.48226400649 8.412938857504034 253848.35022594655
37114.80226530776 7.8579678784920715 201645.96015128086
37134.53226651198 6.311438951725284 161079.11995901717
37184.23226954543 8.607851354326227 470384.3230317062
37235.332272664324 7.708635677868053 285044.3900643898
37253.352273764176 8.053839058567867 309789.51010030176
37263.18227436415 7.328241464223942 261410.68671904912
37327.252278274675 7.138025440532757 209554.21211242053
37495.49228854323 8.603737166231207 300186.25518096646
37530.58229068496 7.266403653627799 248926.92913133357
37534.76229094008 7.551064916489786 341874.6522147281
37560.502292511126 10.009497054562392 393763.2253469841
37572.452293240494 8.617734357359609 306375.42327741586
37588.2022942018 6.8051605923514 221467.8087225765
37729.10230280166 6.800488654683055 202356.61795947782
37750.26230409316 6.5986909858443115 113194.85210796379
37760.38230471083 10.504719613078768 310344.44477113406
38007.82231981337 7.715964253923417 282611.15313533676
38106.382325829 7.5506039574449435 264800.3000416658
38250.92233465102 7.806153032998436 247423.44007596176
38319.79233885451 6.766516878692591 113959.41848773825
38327.62233933242 8.23197661365392 178506.7660951445
38339.90234008193 7.973921010553637 171507.74666772378
38359.732341292256 8.418605010394431 169639.9328933784
38379.632342506855 6.057136870634904 85641.91018309021
38531.31235176467 6.577407760166585 121035.97770382032
38541.30235237441 8.615363453877533 169103.28267382784
38671.29236030837 8.719038094707416 151881.71535894895
38675.21236054763 6.0535204394232025 141760.76368149594
38780.23236695754 9.084583298195945 228073.92753358424
38974.50237881484 6.17764659728028 130249.66534615812
39135.472388639675 8.525458259921473 188537.67716289597
39163.29239033767 10.029996096083059 393663.98336792307
39227.47239425491 6.020471744230232 146487.82493236344
39231.87239452346 9.373108204473285 392396.97815204
39252.71239579543 6.184739355979153 172416.95750671055
39272.8723970259 7.677758839956214 204711.4962090791
39281.28239753921 6.63656119375096 131715.4067889327
39301.74239878799 6.80757733185045 169244.93744647145
39305.68239902847 6.350069627740156 192945.8087952883
39324.712400189965 6.042752343076151 185892.2326124157
39351.34240181533 7.81123660319143 201006.4486730148
39423.252406204374 7.661498922906352 155376.28066869834
39431.79240672561 9.413769101022174 360062.0243360593
39448.55240774856 6.432674743792859 142304.47861046036
39482.92240984634 9.104334298374667 280466.72188787453
39494.97241058181 8.557115452629647 341246.676667824
39510.1224115065 7.532215807317522 197040.95894430144
39536.16241309585 8.586197924707927 134626.0621889764
39613.422417811424 8.206571498351177 213473.8164402077
39633.76241905288 9.237980054192992 250846.89603729735
39638.98241937149 6.584651064559847 143899.16117459227
39676.34242165176 9.50952694048793 322078.894259456
39694.82242277969 8.514437607211628 155987.0548908901
39698.88242302749 7.008629903916527 165786.4627182674
39710.69242374832 8.298169451636882 172584.8784108536
39728.4524248323 8.158123906742661 185015.54893807307
39794.752428878935 9.608402213047862 366136.8985904195
39798.822429127344 6.380788091623481 262337.249275973
39864.58243314102 6.692142477178207 157246.26116770224
39914.3124361763 8.777398770620989 343792.4943285093
39922.5224366774 7.2815853601347085 230204.03023067064
40542.06247449112 7.015315119966794 132971.2368381623
40792.49248977615 8.742117233483858 198933.32207537623
40928.812498096464 9.181447789361012 220267.051567899
40989.95250182816 9.029680175020616 189391.7016509309
40994.81250212478 7.022108701238545 243111.37753462914
41023.29250386307 8.500635218485943 225236.82842391284
41320.752522018585 6.942709133748968 108887.36167688137
41414.36252773209 9.831180296296775 273206.90742992086
41516.69253397782 7.059199366457742 154181.99299643512
42061.742567245026 6.4883436093489095 163337.00060083327
42068.83256767777 6.6675685392140975 169376.70016158762
42191.08257513932 7.768793328233365 205290.48424258275
42199.11257562943 6.853511352334683 204994.85984008733
42231.37257759842 6.056448664810821 127339.33742752024
42263.21257954178 9.574997395262207 410202.9845439193
42278.91258050004 6.068075243582001 173052.07186752622
42309.882582390295 8.352277625596114 243520.19543499607
42357.382585289466 7.866100822581786 200039.25261957102
42428.89258965409 6.193852389997658 215907.0524920606
42492.832593556675 6.163036193437111 161401.14581002525
42731.092608098916 6.806403500247997 153147.72196145516
42748.952609189 8.60536102961752 486868.3075174597
42778.13261097001 6.598956386391046 123179.71993459361
42792.762611862956 10.154120038071714 289723.91864846286
42796.89261211503 6.083951543755839 165405.50670907844
42824.89261382401 7.531394500391267 270756.51591019204
42870.462616605386 12.039700493521693 543415.8027405799
43375.60264743669 7.33956297036093 210542.6204352866
43467.2026530275 6.468753360609224 94650.32409418048
43602.572661289836 6.006615574110078 235943.90311069152
43712.21266798173 6.840448768502678 456985.1913439629
44073.29269002031 8.760528395034504 483483.2746133434
44218.76269889909 6.618719033802697 94032.91004778055
44240.75270024125 10.18265553631354 752824.4158546543
44243.20270039079 6.070317436046851 752824.4158546543
44332.652705850385 8.273075110159276 270787.2558694225
44709.162728830735 6.118119033090626 292843.8709723637
44895.82274022356 6.393255599807897 96938.07323098775
45176.54275735735 6.458329192672385 180285.54219393776
45278.71276359331 6.950898406578989 208305.5357020287
45287.682764140794 7.367487184632804 939447.70077
45429.32277278581 6.006887777092077 273303.83715031197
45506.16277747576 6.270829024305442 108264.3362824901
45668.032787355514 6.337939735233131 137966.10114517322
45761.25279304521 6.802683509601613 104554.98729306398
46135.552815890675 7.142863191093103 151490.13231904467
46583.36284322283 8.895095201297321 118183.81390748573
46605.00284454363 6.4250569053549205 66788.69042410885
46704.71285062945 7.170232932293925 63261.58173194913
46931.3028644594 6.020314373181216 42383.503420939596
47014.01286950762 8.501602328813629 84311.78569256741
47099.04287469744 9.19324556525948 159699.90935962088
47142.2828773366 7.174975856760512 91374.79110784658
47162.4728785689 7.628126996233625 113260.39079581301
47177.962879514336 7.972270296403237 128387.65388657464
47414.34289394183 7.165182264839921 132765.24200898243
47451.522896211114 8.885712459373428 277149.0885300082
48313.472948820374 8.02097565478106 46922.674445247096
48493.59295981402 8.452365401714047 64892.22951179821
48586.572965489075 7.888990657810671 33989.815885610165
48720.092973638486 7.232985487189269 2975854.045254962
49707.38303389789 6.309693303094077 21573.477354616523
49977.27305037067 6.683507639882756 18972.442720779403
52136.673182169994 6.19089368092402 194384.50452303738
52624.73321195882 7.673295022824123 46131.99552779756
52627.47321212605 7.147873734516106 47520.61058540053
52669.3532146822 6.878152799453301 19115.81637688765
55914.30341273825 6.140185845545895 18983.260351649285
56615.57345554037 7.715272248718175 17087.206260754076
57063.44348287619 7.394647306139717 21534.167789201554
57217.35349227011 6.294675414381274 20474.059908931544
58628.54357840232 6.364458526985984 33724.58014511685
61214.303736224596 6.391830482904479 14844.566524021346
62797.703832867664 7.790921389127295 26920.039056998903
63815.82389500878 6.009539789367503 11674.571276248907
64450.28393373315 6.18864476855009 13402.530066773013
66511.30405952783 6.157705985745603 32212.18725663333
67004.66408964014 7.021428139251459 5161.267995235831
74508.17454761808 6.500528125906606 13677.83764346256
75650.65461734953 7.242153473692492 54034.019604752015
75652.79461748015 6.780585301114574 54034.019604752015
76771.80468577909 9.722680508209876 28368.852417392867
77190.19471131559 6.471267787202361 8148.22572545625
79012.17482252044 6.23216842185401 31814.50093758346
79014.4548226596 6.134328097514201 31814.50093758346
80229.9148968454 10.488191678431837 60530.34336633853
80243.47489767303 8.446540926292306 120175.00418924769
83834.61511685883 7.013760274461096 14176.753279418705
85401.65521250336 7.546327557450083 53127.0853327314
