1246.220076063237 6.596083522451661 43899.9264657841
2359.300144000253 6.06155483486577 29843.330154139374
2386.290145647592 6.740453055894039 39127.83913238756
2583.0901576593114 6.6832791964645315 98632.56149588613
2813.230171705943 6.226837870549719 316665.32005821547
3288.4702007122924 6.6916822874811945 32845.126371187456
5097.370311118793 6.9323476613349495 65059.68445191377
5098.650311196919 6.218603845630787 39834.84631555081
7135.910435541408 6.008721264372213 271605.39538331033
9392.260573258092 6.0199138623821336 42432.15816745611
9402.240573867222 9.031840933242119 101900.45283029006
9410.480574370153 10.520434678260907 233232.2653035327
9436.150575936925 6.072206930668236 178136.25270631397
10025.900611932411 6.045111856675466 240631.6706481856
10087.780615709265 7.058438893200841 49902.98143387439
10092.000615966834 7.1037793905198 100366.65492019283
10095.100616156044 6.689591841773409 216557.5349284024
13696.690835979665 6.782156436898287 215365.2132579261
14868.980907530573 6.1972575302301935 746294.126263743
15672.90095659796 7.287047484267841 392813.0348366092
16420.431002223573 6.775119927609989 202329.18405292835
16731.681021220764 6.852186355767507 178414.35996450542
16906.92103191657 6.302956801789362 2625632.602854923
17722.841081716375 7.374817948734212 91362.9457013449
18069.571102879097 7.28086233010883 210768.94455076984
18186.701110028145 8.830915985220843 64763.060088313876
18714.49114224189 7.793230399489359 42848.11258974617
18747.911144281687 8.980510476340449 71040.90777514118
18837.0911497248 6.926963695882504 216353.29569584125
19036.491161895214 6.876683329078682 35271.120776614596
19081.201164624094 6.442268424158653 22803.170405342757
19135.09116791328 6.2666938731789426 31515.822579501517
19281.851176870798 6.3864403728312755 290152.9039428306
19342.51118057319 6.8542589543985155 29950.188277731693
19356.89118145088 8.04843869843498 44912.3628855427
19376.031182619092 6.429864391408772 52564.90972841889
19519.05119134834 11.247511090281543 152642.72907525284
19635.69119846748 8.076834789854951 47860.34551736384
19677.341201009596 8.729530053151956 34654.79463850063
19706.941202816237 8.381921558386278 44493.65215551743
19715.24120332283 9.807256411533427 204420.20574701592
19767.40120650642 7.1459282736401715 237835.4514953943
19815.96120947029 9.616918098862726 119193.45532218233
19827.171210154494 10.170070973351752 116845.53699993057
19842.70121110237 7.42516807064472 43660.442533688736
19888.641213906325 6.820565225611823 27880.02033532233
19900.901214654616 7.814076774904625 73243.66109824233
19913.84121544441 8.140898845547126 74796.02326723718
19921.72121592537 7.366290651159577 75459.3540951954
19965.241218581617 7.312658558447759 45220.295225252485
19976.35121925972 7.880673817501496 54738.3193107417
20059.17122431465 7.397607127188945 62822.16126686204
20081.981225706862 7.902970994324851 68867.45928225426
20650.361260398025 6.616807570840113 222883.83481116046
20781.931268428423 6.06987214532473 292816.18602980656
22429.961369016197 6.307040154829072 353718.96889840387
22615.12138031747 7.698290827261821 226166.65222595737
22677.701384137046 6.353581314189582 42531.22606562143
23714.72144743173 6.126303774159628 307026.9464293091
24876.341518331392 9.261594015548846 212753.42011295818
28067.14171308238 6.01286943982195 127303.31019242595
29039.301772418323 6.478435486543942 242251.7105193359
29317.761789414173 7.308585809062477 422334.364945156
29415.221795362657 6.125909494022846 305043.85265805345
30127.591838842276 6.143787599722142 391485.9096521343
30360.011853028067 6.712548176913831 1353038.579811989
31556.121926032833 6.117535675618253 1756558.8525153722
33524.97204620191 7.360384219192837 180548.48859145847
33705.552057223635 7.33423904766625 327090.68372123
35050.90213933729 6.768133904466109 62500.6490076337
35100.19214234571 6.215223842922988 281849.80095927813
35298.912154474616 7.51696590166743 131691.57831050237
35309.47215511915 6.575947702621214 197167.94529458592
35620.92217412855 9.882521231013225 257089.2967853834
35932.77219316237 6.488890495921983 107696.47951306666
36227.03221112257 9.939395795109958 460928.1494642589
36798.64224601088 6.546066910706948 139910.8262522718
37221.85227184157 6.5650642240766 1316235.49682689
38308.6723381758 6.590027031622195 89475.73413056639
38315.962338620746 6.119671538933708 53012.6543346958
38697.73236192214 6.398324471759247 278353.98265636835
39430.97240667556 7.326057354972376 240058.54703689256
40204.17245386795 7.851154685992013 135435.67735920937
41137.30251082169 7.552495348007692 134833.37143587266
41600.76253910904 6.715692765409689 170804.79333752854
41746.272547990266 9.530252063077848 337648.1669966473
41828.26255299454 6.4455075140842695 117320.47704900402
41866.52255532974 6.616988318812632 111370.41935805965
41981.86256236954 6.4587351660440415 164150.44970427646
42408.69258842118 6.2745120940780925 161106.9552121187
42429.932589717566 7.771673671193161 180864.95340456447
42749.90260924699 7.90242274707996 259405.74999118008
42826.09261389726 7.732497160116619 310810.7103507339
42872.9826167592 7.1399285967339345 564260.6098119024
42971.072622746135 6.3341266530541995 93445.00467055383
43203.222636915445 7.13309109746656 161536.0413006067
43283.8426418361 8.030699760059917 266524.13156282273
43305.132643135534 6.0619515712420755 163995.28760801235
43664.002665039225 7.804383407214177 383573.5434747573
43770.52267154069 6.043893569887847 317282.9523767912
44245.16270051042 8.489608396421954 1139558.6049472718
44332.14270581926 8.044876130249055 226371.4826694355
44748.11273120805 6.097959946742037 151523.50081763376
45176.442757351244 7.297386371998285 180649.9467010828
45287.27276411577 6.388830222210601 981806.4792952788
45444.43277370805 7.849323477649485 286211.28441255423
45505.58277744035 6.531775909971521 91941.38950841918
45669.12278742204 6.940765390604593 171080.27404899406
45733.79279136919 6.432756366294868 275182.42075624986
45859.402799035815 6.6857276310897635 130659.95727508022
45979.62280637346 9.25544101402573 343826.1841002212
48730.14297425189 7.8469727255630595 333715.5724534582
51492.53314285481 7.070056936587121 12530.0173360036
52536.75320658894 7.499331218624985 26356.42926896065
52713.95321740437 6.760812841224848 1757645.974286299
53942.73329240316 8.13209854282385 15204.857400678704
56649.57345761557 9.472308701326536 21067.358971008693
58635.753578842385 6.436789427559415 101776.43030252535
59452.763628708715 6.518224964151512 75538.48843199636
60170.15367249473 6.5074924595930295 12972.996565564337
61212.063736087875 6.87993637472355 14857.397137070971
61362.203745251696 6.964494794763833 22780.979393175337
62054.543787508774 7.2078101600277265 8155.984376255931
62520.25381593346 6.675093911820414 10565.514147021528
62848.87383599083 8.210231832112115 15303.669831452875
62855.413836390006 6.290810374006091 11664.363195314652
63040.483847685784 7.247767024314116 25567.289279567914
64450.143933724605 6.214762434688227 7299.695838704376
64916.23396217248 6.294801862428026 14738.71176299988
64943.98396386621 8.024200250378245 32723.32712335939
65020.06396850976 7.116163165055186 18826.330253940745
65069.72397154077 6.164282902864259 8702.394681360156
66702.92407122339 11.077791597801852 29425.792334757218
67538.85412224452 7.909768552696502 16752.929012363966
67589.01412530604 8.61645829218321 23551.57917727211
67644.77412870935 8.038710911374729 15546.774463372807
67649.28412898463 8.970921841685547 23439.78037736714
68745.1241958694 8.345956744682153 20971.959279260587
69818.09426135829 6.620839650438177 13462.948337019436
69845.6342630392 6.0546580441436495 9483.723820897416
69974.82427092433 8.330454060936392 19563.109781992596
71520.2443652493 6.1261710342864655 10340.451408220757
71523.58436545315 7.119809055133397 11726.63765146848
72268.07441089321 7.003415419862365 8047.217547097187
72286.93441204434 6.210157921447811 6647.861384937223
74358.69453849454 6.087359222398285 6899.365657471643
74508.14454761625 8.490161689073084 13606.038063141166
74559.46455074857 8.228439889687944 11431.486405123413
74608.71455375454 6.317336023083383 9531.231686072828
74819.21456660244 7.164438447220258 8183.862867925571
75132.93458575041 7.752328303283807 9941.846318706363
75136.43458596403 6.692531309412227 14440.288210563553
75434.25460414152 6.726736850627888 6682.591249592736
75650.64461734891 9.606068274930172 43007.42590487561
75774.88462493192 7.837459794032431 10892.369804812513
75920.09463379484 6.299141785778334 7267.065398887489
75964.24463648954 7.218224458152363 11700.50376574746
76071.39464302946 8.505169510268313 12304.243509896462
76094.98464446928 7.970329390495896 80930.23945550188
76167.80464891387 6.165584627119196 31185.27343761458
78926.98481732084 6.15290954844228 5528.742860073027
79014.34482265289 6.585332941962763 23846.53157677494
79562.8748561325 6.024913260137677 4133.732521862622
79901.93487682709 7.465768940201931 29600.05951201758
80152.04489209258 7.94109537884562 15768.073460762875
80229.9148968454 10.994381889184961 63652.34835240133
80243.59489768035 6.963749732076575 71729.51477558445
81744.5749892929 7.764974639004056 22425.583907734173
81784.88499175324 6.366767619005998 15175.655040313184
83481.0050952762 8.245841546689848 17219.416589206212
83825.5051163028 9.624488614751023 21835.898772332504
83834.64511686066 6.778014246297849 14878.42924931159
83875.97511938325 7.047317782935233 15279.387197371487
84730.73517155366 7.290156142331069 20841.371537995707
84932.13518384614 6.316579595448824 13652.80106044184
84997.14518781404 8.397780795246726 19399.355884406545
85134.22519618073 6.793628798829388 209614.84176263123
85277.47520492402 6.669537661730115 20465.332425251814
85396.51521218965 6.247627058788917 13610.445950744286
85707.3352311606 7.029979769431755 30284.947784386386
85708.03523120332 7.025776994069045 28531.63503823688
