264.8500 10.3241 1.5542e+04
601.6400 10.9207 2.1246e+04
620.2200 14.1325 3.3780e+04
632.1800 11.6135 1.7589e+04
687.8500 15.6054 1.8713e+04
905.8601 10.6133 2.1937e+04
944.1601 13.0325 3.6843e+04
993.6901 12.9061 1.8474e+04
1000.1701 11.3636 1.1809e+04
1209.3401 23.5591 1.5544e+05
1226.1501 18.5617 8.8341e+04
1298.4901 14.9789 2.6338e+04
1331.3401 10.7074 2.1092e+04
1340.1701 10.8050 4.0801e+04
1623.6401 12.8654 3.1954e+04
1626.0301 10.7553 3.1954e+04
1631.2301 10.9283 2.3057e+04
1637.0401 14.3951 7.7920e+04
1639.0901 10.2638 6.9181e+04
1649.2301 10.3550 2.3296e+04
1779.3101 12.1196 3.0326e+04
1813.3601 14.5052 4.2170e+04
1815.0301 12.4644 3.4730e+04
1819.8701 12.9806 2.9526e+04
1843.6801 11.0529 8.2919e+03
1854.9701 18.7486 1.1379e+05
1858.6501 12.6543 1.1379e+05
1887.8201 22.4747 7.3923e+04
1953.7601 11.4920 1.7729e+04
2007.3401 11.9612 5.7213e+03
2039.5701 10.8361 1.3150e+04
2045.4001 11.0244 2.1296e+04
2308.7901 11.0153 4.1406e+04
2323.9601 11.1007 3.9662e+04
2546.2002 12.6431 2.6765e+04
2616.8802 11.7325 1.1375e+04
2676.5602 13.2487 1.0819e+04
2685.4402 11.9282 1.9212e+04
2703.6902 12.8089 4.2751e+04
2706.7202 18.9083 4.2751e+04
2748.5802 14.2285 3.6567e+04
2884.9802 17.7633 1.7736e+04
3143.7502 15.5737 6.8809e+04
3156.1402 17.6560 1.1814e+05
3203.2802 25.9541 2.2034e+05
3214.7202 21.9992 2.2228e+05
3341.0702 10.2588 8.3203e+03
3494.9802 11.6239 1.0746e+04
3529.5302 19.4835 2.0118e+04
3696.2602 12.1845 2.1964e+04
3704.4102 10.8688 1.9692e+04
3731.3202 11.3121 1.1291e+04
3888.5102 12.2792 2.7768e+04
4106.9003 15.9982 1.6029e+04
4122.0503 10.8144 1.3925e+04
4130.7503 10.5429 3.7670e+04
4197.0403 16.6890 2.2971e+04
4571.5403 10.0546 1.2410e+04
4623.1603 10.3962 5.2668e+03
4820.3703 17.4162 1.5930e+04
4824.8103 13.0619 1.3334e+04
4833.8403 10.3126 1.1487e+04
4969.7803 13.7440 3.4992e+04
4980.5503 16.4077 2.1513e+04
5000.5003 10.0158 1.6281e+04
5003.4303 11.2300 1.5401e+04
5016.6203 10.4332 1.1548e+04
5055.9903 13.7706 2.2491e+04
5060.5703 21.9599 1.9758e+05
5115.9803 13.9367 2.7755e+04
5195.4203 23.6604 5.9932e+04
5202.2603 13.3848 5.5513e+04
5292.8403 13.8537 8.9743e+03
5498.4903 12.8082 2.1505e+04
5527.1503 10.2070 2.2409e+04
5652.7703 17.7191 2.5777e+04
5662.2103 18.3791 4.2317e+04
5669.6903 10.0121 1.2709e+05
5679.9203 10.3561 5.2161e+04
5682.1203 11.4373 5.2161e+04
5698.0903 11.5271 2.5636e+04
5732.7203 12.6418 1.5581e+04
5735.8404 11.2075 1.0398e+04
5762.0904 13.8797 3.1713e+04
5782.3004 19.6310 3.3473e+04
5812.6004 16.3406 9.5039e+04
5830.3204 12.3807 7.7155e+04
5834.2804 11.6754 7.0843e+04
5840.3704 12.8823 3.6433e+04
5909.0904 20.3831 9.2894e+04
5927.6004 14.8724 5.5933e+04
5932.5604 13.0858 2.2351e+04
5951.7304 16.4800 7.1800e+04
5982.8304 15.5634 2.0612e+04
6026.5804 14.1806 1.1038e+05
6035.3004 13.5616 6.6175e+04
6066.1604 19.3435 3.4849e+04
6071.3204 12.9162 4.9469e+04
6089.3704 17.4868 3.3678e+04
6360.7704 10.5721 6.6859e+03
6406.8704 23.8727 1.5192e+05
6642.6904 11.2252 4.8865e+03
6707.9204 16.3072 3.0573e+04
6708.9204 12.5319 2.4978e+04
7225.4404 21.0297 6.7829e+04
7436.2505 12.2558 8.0766e+03
7467.2805 12.6972 1.8517e+04
7524.2205 20.3062 2.1198e+04
7543.5005 10.5650 2.0628e+04
7673.5605 10.5016 1.5565e+04
7691.5005 15.5507 1.9176e+04
7803.6105 16.5810 1.4593e+04
7934.7505 20.2126 2.7910e+04
7945.1405 14.6712 4.9717e+04
7945.7705 15.8596 4.7384e+04
7958.4905 12.7627 2.5026e+04
8008.4405 14.4159 2.3832e+04
8025.8605 10.4221 2.1188e+04
8072.3905 10.9651 1.3666e+04
8082.7205 10.1527 1.2052e+04
8165.4105 19.4642 4.2528e+04
8174.3605 13.3998 4.1860e+04
8282.2005 15.2637 5.4084e+04
8308.1605 12.4821 2.0210e+04
8322.0605 11.6266 3.8170e+04
8342.0205 14.2254 2.1545e+04
8362.0705 12.6782 3.3196e+04
8379.3105 12.6136 7.1316e+04
8398.8305 10.3070 3.3698e+04
8402.4905 12.7512 3.6623e+04
8424.6905 13.9988 3.8164e+04
8505.3305 12.7167 5.2969e+04
8825.4405 11.5423 4.3568e+04
8840.8805 11.6639 7.9864e+04
8858.3905 12.8010 7.1641e+04
8872.9905 12.3477 6.4975e+04
8874.6605 10.9928 6.3624e+04
8889.2205 13.8914 4.3769e+04
8910.6605 17.1806 1.4119e+05
9023.8806 10.3296 2.0680e+04
9032.9106 14.7163 1.8014e+04
9069.8206 12.0628 3.4094e+04
9077.8806 13.2228 2.5971e+04
9083.9806 11.4561 1.7210e+04
9122.5406 12.5416 1.4677e+04
9137.3106 11.4328 2.0100e+04
9156.4006 21.1402 4.6039e+04
9192.2506 14.9472 2.9263e+04
9205.5106 11.5595 3.7781e+04
9290.5506 21.9071 3.8132e+04
9310.9406 10.2132 1.0113e+04
9605.8706 15.8911 3.5713e+04
9632.6306 13.4344 2.6086e+04
9675.2506 10.8447 1.3233e+04
9746.5006 11.0022 7.9871e+03
9761.0206 11.7869 1.1497e+04
10362.3506 14.2448 8.0782e+03
10608.9606 15.5224 1.5803e+04
10624.3406 10.9440 1.6542e+04
10628.6606 14.6879 1.5701e+04
11123.3707 11.3868 1.2500e+04
11124.0407 10.5995 1.0947e+04
11187.7407 11.0827 6.5536e+03
11196.3107 10.5282 1.1281e+04
12045.1807 12.3895 4.6140e+04
12047.7007 12.8720 4.6140e+04
12256.0207 17.4749 4.1514e+04
12264.8607 10.6764 3.0083e+04
12269.2707 10.1605 2.8538e+04
12279.0407 13.0406 2.8552e+04
12288.3408 10.3824 2.3271e+04
12295.3408 15.3658 8.1620e+04
12295.9508 11.3195 8.1620e+04
12314.4908 15.6645 5.4476e+04
12331.3108 18.4935 6.2435e+04
12347.9608 20.6423 1.2792e+05
12575.9608 14.8110 5.1076e+04
12589.0808 11.7023 2.1323e+04
12641.2508 10.5806 4.6857e+04
12670.4208 12.5591 6.9228e+04
12697.9408 13.6221 5.9301e+04
12730.4308 10.5241 3.1043e+04
12733.1808 10.5923 2.9979e+04
12740.3508 11.3444 1.0998e+05
12741.0608 15.2635 1.0998e+05
12744.0508 10.3720 6.3386e+04
12756.6508 10.2790 5.3418e+04
12768.2908 18.2596 3.6797e+04
12776.6408 14.7575 6.1939e+04
12783.5308 14.9073 4.4489e+04
12788.8908 15.5499 6.2387e+04
12796.9008 11.3231 9.0448e+04
12829.2308 19.0135 2.7229e+05
12855.8708 10.3496 2.0381e+05
12856.3208 12.6541 2.0381e+05
12865.4308 10.3349 1.1960e+05
12908.1208 11.8040 7.2410e+04
12940.8608 20.1213 4.1695e+04
13082.3208 13.4910 1.8565e+04
13101.5208 11.9823 4.5506e+04
13146.7608 14.9114 3.5677e+04
13154.4408 10.4688 4.3896e+04
13172.6708 11.0169 2.0280e+04
13273.9008 13.7637 2.1813e+04
13290.9008 18.3102 3.5716e+04
13300.4608 12.6828 2.8585e+04
13320.1408 12.5741 2.4058e+04
13342.8108 12.5068 5.6761e+04
13394.0108 14.7475 2.5979e+04
13418.0308 19.9030 3.9517e+04
13455.3208 14.9163 2.1331e+04
13785.8508 16.9264 7.0738e+04
13920.6208 10.0404 2.6113e+04
14063.2109 14.0860 2.2417e+04
14078.6709 12.1901 3.6159e+04
14101.5209 16.5792 9.6842e+04
14130.9009 14.0724 6.6675e+04
14434.9109 12.3906 2.6724e+04
14542.5509 10.9486 2.7045e+04
14776.9409 11.7248 3.6460e+04
14976.1909 12.5715 2.8893e+04
15020.2709 14.1561 3.2587e+04
15033.0109 12.2283 1.7297e+04
15054.6909 11.9037 3.2973e+04
15071.0809 11.0496 2.4667e+04
15119.7009 12.9198 7.3008e+04
15130.4509 10.8914 1.3120e+04
15142.8609 12.6909 1.9729e+04
15177.0009 12.0045 3.5609e+04
15186.4409 11.6165 3.2962e+04
15197.2509 13.1488 9.1778e+04
15219.0009 11.7873 2.4773e+04
15234.3809 14.7235 5.1635e+04
15243.7109 12.2981 8.2647e+04
15269.0209 15.5243 3.9653e+04
15282.0509 16.3408 3.1233e+04
15347.9609 14.6133 5.7357e+04
15365.9509 14.8635 2.0820e+04
15382.2009 21.0722 5.4413e+04
15461.9809 10.9898 7.6197e+04
15514.6809 13.6278 2.7032e+04
15608.8910 13.1353 1.8561e+05
15712.5910 10.6194 3.8293e+04
15830.5010 12.9641 2.8414e+04
15858.0610 10.0900 2.8034e+04
15899.9410 16.8115 2.0761e+05
15904.8210 14.2632 2.0761e+05
16053.1510 15.6626 1.5633e+04
16187.9310 10.9841 2.6203e+04
16202.6410 11.8075 1.2492e+04
16210.5710 12.3917 3.0892e+04
16448.1810 19.2669 6.9301e+04
16464.9210 13.9037 1.2712e+05
16512.8910 13.0959 2.8100e+04
16526.1110 14.3550 4.3545e+04
16617.5110 10.8294 4.5079e+04
16620.2710 11.7262 4.5079e+04
16656.8610 11.8905 2.0316e+04
18042.0911 16.6207 7.7664e+04
18058.3511 12.8240 2.6696e+04
18068.9311 13.0967 2.3816e+04
18268.2311 12.1990 4.2620e+04
18278.5611 12.7651 3.6321e+04
18317.9911 10.1671 3.5269e+04
18322.8711 13.2818 3.3636e+04
18366.4211 12.8327 1.0103e+04
18395.8911 19.4129 9.0571e+04
18518.9711 14.8011 3.7566e+04
18538.7311 17.0073 4.4267e+04
18597.2411 15.0592 8.7082e+04
18796.1411 13.7637 5.7960e+04
18803.4511 13.2284 1.5180e+05
18833.7511 12.7385 9.8310e+04
18863.9712 11.5194 5.5385e+04
18902.3612 13.6407 3.7573e+04
18938.6712 15.6188 5.7619e+04
19033.6112 10.9022 1.1373e+05
19162.4512 10.2912 7.0146e+04
19191.5812 16.5083 9.7600e+04
19205.3712 11.2364 8.5711e+04
19216.9912 12.0000 1.4716e+05
19295.1812 10.3076 6.9518e+04
19413.7912 11.6784 1.0698e+04
19480.2212 12.1212 6.9248e+04
19612.1412 13.6133 6.2715e+04
19666.1812 11.6129 5.2981e+04
19690.8512 18.5134 5.4694e+04
19702.3812 13.7257 2.7323e+04
20061.8912 18.6641 4.5950e+04
20076.7212 15.5476 4.9435e+04
20203.1812 11.3802 9.7896e+05
20332.8612 22.6060 5.9359e+05
20346.3812 10.5804 9.4543e+04
20377.9812 11.8845 1.7869e+05
20550.7413 19.8171 7.8206e+05
20792.3113 13.5212 8.3542e+04
21036.8513 11.4431 5.2656e+04
21049.6513 10.5357 4.4170e+04
21642.4213 12.6721 5.9581e+04
21761.2613 10.4448 8.7703e+04
21853.3713 11.4733 3.0751e+05
21915.5013 10.4606 6.0648e+04
22079.9213 11.0409 5.4601e+04
22749.6914 10.3497 2.0877e+05
22883.3614 13.9363 3.0694e+05
23253.1614 10.9637 7.5552e+04
23503.2414 12.3226 8.2983e+04
23662.5314 10.2799 1.3885e+05
23776.6315 15.2859 8.6295e+04
23817.1015 10.2364 7.1097e+04
23979.1115 11.1917 5.3209e+04
24876.8615 12.0262 1.0190e+05
25298.4315 12.5210 7.5430e+04
25445.0816 10.0681 5.5273e+04
25625.1716 10.6103 5.8246e+04
25721.4016 16.4965 5.8908e+04
26177.7916 16.0753 5.6031e+04
26242.5316 10.5248 1.0748e+05
26275.6316 11.6931 7.1171e+04
26715.0616 13.9728 8.9019e+04
27282.5917 10.3749 5.1419e+04
27702.4517 10.5733 4.3755e+04
27938.2117 11.4064 1.2540e+05
27996.4817 13.2572 2.2200e+05
28161.6117 10.8071 5.7946e+04
28189.9417 20.7079 1.3963e+05
28241.8817 12.8673 4.8626e+04
28340.0317 13.0296 7.2559e+04
28536.4317 12.1860 4.5686e+05
28953.0418 10.1613 6.0046e+04
28991.9718 12.1311 2.2588e+04
29284.5018 13.3648 6.5005e+04
29341.2718 16.2439 7.2315e+04
29408.3318 10.1161 7.8208e+04
29741.3818 12.5644 6.7237e+04
29972.9518 10.1581 6.3136e+04
30199.9518 18.3565 5.1712e+04
30315.9519 10.7481 2.1982e+04
30372.4819 11.1603 2.4628e+04
30408.6819 12.5217 5.9940e+04
30438.9119 11.9931 7.2425e+04
30488.9719 11.2733 3.3172e+04
30510.7819 13.1793 7.6109e+04
30641.3419 18.2995 6.2831e+04
30956.2519 11.0362 2.5523e+04
31000.9719 12.8153 1.7558e+04
31076.1819 14.5883 2.5538e+04
31125.3419 16.0924 8.8609e+04
31159.8019 16.7069 5.1964e+04
31217.1219 16.0093 5.5925e+04
31279.1819 12.3994 8.8696e+04
31345.3419 12.0768 9.4649e+04
31469.9219 11.7732 8.5131e+04
31535.3219 12.7425 7.5515e+04
31551.1919 16.7982 7.7576e+04
31560.1019 13.2613 8.3721e+04
31594.9819 16.6922 1.3404e+05
31630.8019 12.2083 1.4966e+05
31631.3219 17.1864 1.4966e+05
31642.9619 10.4768 1.0744e+05
31646.0619 11.3845 1.0480e+05
31665.8919 15.3789 2.0814e+05
31727.2819 10.1908 9.7760e+04
31729.3419 10.0056 1.4119e+05
31778.7819 13.9853 9.4559e+04
31789.9019 13.9899 1.6376e+05
31891.3119 11.3220 1.1056e+05
31906.3019 13.9226 2.0342e+05
31922.8719 11.4820 5.0603e+04
31952.1120 12.0577 6.4615e+04
31968.4920 14.7863 1.5863e+05
32001.1120 11.3831 8.9360e+04
32081.9320 16.3749 1.0361e+05
32135.8120 11.6786 1.2509e+05
32249.7720 16.3236 1.7898e+05
32251.1220 11.1801 1.7898e+05
32271.6620 13.8290 6.2329e+04
32315.0820 15.6031 1.1369e+05
32396.5920 14.0415 8.1894e+04
32449.6320 11.7282 1.4055e+05
32451.4620 12.4826 1.4055e+05
32547.8020 11.5094 1.0243e+05
32607.8220 13.5468 2.1723e+05
32608.7520 12.3716 2.1723e+05
32687.2420 12.5106 2.9009e+05
32688.2420 14.8848 2.9009e+05
32786.2320 10.1531 1.1799e+05
32786.9220 11.8713 1.1799e+05
32872.2820 14.0935 1.0286e+05
32928.4320 10.6677 1.1307e+05
32986.1220 10.6272 1.0176e+05
33041.7520 13.2877 1.0652e+05
33075.2420 10.7424 5.1116e+04
33076.3920 13.4291 5.6015e+04
33143.4120 10.2902 2.7216e+04
33177.7120 14.9190 2.3150e+04
33196.9320 23.0974 5.5484e+04
33233.7320 19.5617 7.5744e+04
33260.7820 14.1622 4.7496e+04
33291.5020 13.6423 5.1841e+04
33312.9020 13.7625 3.6698e+04
33344.1920 11.4567 4.2404e+04
33464.3520 11.2119 1.0694e+04
33500.6820 11.5183 9.5564e+04
33502.5420 18.6911 9.5564e+04
33520.4620 11.3568 7.2490e+04
33565.3220 14.0015 1.4904e+05
33618.9221 10.1564 5.2716e+04
33624.7721 12.3688 6.2545e+04
33657.3821 10.7130 2.3989e+04
33781.4121 11.3696 1.7218e+04
33824.2521 13.2290 7.1357e+04
33826.1621 13.9575 7.1357e+04
33838.4621 11.5960 3.2692e+04
33943.0821 12.2173 5.6134e+04
33986.6421 19.2143 8.5998e+04
34003.8521 17.5796 4.6410e+04
34015.0021 14.0926 2.0895e+04
34030.2121 14.5553 2.4699e+04
34110.7221 11.4851 4.1517e+04
34137.2121 22.3439 1.1208e+05
34148.7221 10.1996 5.3175e+04
34164.8621 10.9115 4.5057e+04
34240.9321 21.8697 7.8034e+04
34370.2521 11.0777 5.0471e+04
34371.7621 11.5513 5.1307e+04
34412.3321 10.3735 5.6943e+04
34433.5921 16.9490 1.0970e+05
34469.7121 10.8803 3.8136e+04
34514.4421 11.6877 8.3192e+04
34560.9121 10.1583 8.4143e+04
34598.2721 10.2252 2.3832e+04
34608.1121 12.2280 6.0798e+04
34628.1621 10.1528 5.0231e+04
34667.3521 10.8650 3.4510e+04
34671.7021 10.3126 6.9759e+04
34685.0421 10.9634 4.3479e+04
34712.6521 17.5879 1.0883e+05
34740.0821 10.6448 6.3564e+04
34818.1821 13.9808 2.1277e+04
34856.2121 11.0981 3.1138e+04
34946.1221 18.6623 5.7043e+04
35075.8621 10.9449 4.1430e+04
35360.3522 12.9254 2.7360e+05
35362.7922 23.3973 2.7360e+05
35572.8422 12.7307 1.8551e+04
35625.1022 11.0668 9.2465e+04
35889.0822 11.4739 1.4068e+05
36126.4122 12.1019 5.0998e+04
36193.1222 17.6922 1.0099e+05
36208.6822 11.5833 4.9999e+04
36219.6822 11.3674 6.2673e+04
36226.6322 20.5659 1.4511e+05
36236.4522 10.6646 9.7473e+04
36250.2322 11.2999 8.3805e+04
36278.3022 10.5676 7.2919e+04
36286.8722 13.2603 1.0786e+05
36931.5023 10.2478 2.7318e+05
37092.9023 14.7566 3.2741e+05
37158.0723 10.1200 5.1336e+04
37179.6923 10.1201 1.1038e+05
37273.6923 17.9982 1.2068e+05
37290.0123 10.0799 7.3182e+04
37356.0823 11.8706 8.5181e+04
37366.0723 18.4353 1.9463e+05
37689.6123 18.6234 3.0715e+05
37836.7223 11.2801 7.8828e+04
37974.0623 11.7821 1.4148e+05
38214.0923 13.5771 1.8300e+05
38567.3224 10.8595 1.0473e+05
39450.4524 13.6724 2.0248e+05
40115.3324 12.8235 4.1500e+05
40115.9324 11.0246 3.2491e+05
40162.9325 14.0703 5.4325e+04
40212.6925 11.0034 7.6781e+04
40225.4025 14.1459 3.4870e+05
40330.6125 12.8760 1.2176e+05
40403.3125 12.4537 1.4488e+05
40459.6525 10.9471 2.9208e+05
40482.6025 17.8583 4.7604e+05
40678.2525 11.2199 2.3413e+05
40860.1725 12.5557 3.2739e+05
40934.2925 12.1377 1.9744e+05
41003.3125 12.9257 3.0173e+05
41009.3825 10.9875 2.8752e+05
41110.9825 12.4550 1.7944e+05
41165.8325 14.6459 1.2481e+05
41175.7825 10.9233 3.3170e+05
41245.6025 16.5422 3.7325e+05
41256.1725 14.6532 2.3683e+06
41316.5925 15.4792 4.0965e+05
41335.5025 11.6310 4.7375e+05
41383.0425 18.8336 5.8583e+05
41447.3825 19.4884 8.5640e+05
41450.5825 10.1710 7.1829e+05
41478.1325 10.7675 5.5841e+05
41512.1625 13.3814 5.5116e+05
41567.1225 13.3558 7.6364e+05
41582.1925 11.1008 5.2755e+05
41623.0325 14.6549 8.0004e+05
41742.5225 10.1709 5.7276e+05
41894.9326 12.0430 7.1094e+05
41969.4826 15.3038 5.0276e+05
42032.0526 12.9831 5.0476e+05
42147.0826 11.6417 4.7582e+05
42177.4626 20.8789 6.5159e+05
42247.7726 13.5419 2.5124e+05
42306.4426 12.4482 1.9420e+05
42357.5626 17.8116 7.7500e+05
42447.2526 16.0147 1.9108e+05
42513.5926 10.4789 7.2226e+05
42548.9326 13.1543 3.1653e+05
42555.0526 10.5701 1.9871e+05
42742.5726 15.5929 8.1128e+05
42774.2826 15.9777 7.4847e+05
42846.7826 11.9058 3.2012e+05
42877.9826 11.6901 2.6602e+05
42909.3026 20.9509 5.6445e+05
42981.7526 13.2629 2.5435e+05
42997.3726 10.5246 2.2410e+05
43090.5626 12.8293 5.8571e+05
43228.9726 10.4742 2.6954e+05
43320.0226 10.0012 2.7166e+05
43749.9327 17.3080 6.0628e+05
43827.5027 10.4821 2.7662e+05
44018.5427 11.1731 4.5063e+05
44260.2827 12.2825 4.1269e+05
44272.3327 18.0412 5.2200e+05
44370.6927 19.6705 4.4576e+06
44373.6527 11.4328 4.4576e+06
44374.5427 12.4514 4.4576e+06
44698.3927 11.1799 2.0580e+05
44741.5227 10.1814 3.1532e+05
44746.8727 10.2229 1.4466e+05
45063.9728 11.3821 2.1743e+05
45245.1828 13.0996 1.4378e+05
45306.4928 15.7873 3.4818e+05
45463.1528 11.8108 1.8575e+05
45506.5928 22.2515 4.4579e+05
45678.4628 13.1146 3.0445e+05
45833.7528 15.7761 1.1083e+05
45930.3528 13.8327 9.5421e+04
46135.0428 13.1642 4.3180e+04
46185.2128 10.9650 1.3992e+05
46517.9728 13.9141 2.2090e+05
46553.8328 11.0074 1.7859e+05
46586.0428 15.3467 3.6469e+04
47366.4729 12.3400 7.6087e+04
47906.0829 15.9083 8.5419e+04
48150.5829 14.3974 6.8087e+04
48415.2830 11.0181 4.0604e+04
48534.3030 16.5902 9.5259e+04
48550.5930 10.8011 6.3891e+04
48736.2930 10.9076 8.5054e+04
48759.5730 10.0996 5.0716e+04
48781.6730 14.1065 5.6595e+04
48930.3530 10.2818 3.9753e+04
49208.2530 10.4893 4.7457e+04
49369.8130 16.4335 1.4414e+05
49601.0130 10.8299 4.4288e+04
50032.6731 10.5648 1.3709e+05
50068.2531 12.7020 1.0640e+05
50669.0131 11.2520 2.5684e+05
51488.4431 12.7994 7.5851e+04
51724.2432 15.1863 5.7514e+04
51771.0232 12.0160 6.6946e+04
51893.0332 10.9845 1.1397e+05
51894.6732 17.6811 1.1397e+05
54275.5833 13.8893 2.9956e+04
54336.4333 11.4869 1.1455e+04
54388.3433 11.0659 7.9024e+03
54397.3333 15.1848 1.1284e+05
54732.9833 20.1248 8.7961e+04
54733.6633 20.2806 8.4526e+04
55773.7634 14.4616 5.3971e+04
55844.6334 10.6961 3.2129e+04
56688.6135 11.6602 2.3756e+04
56837.6735 10.7386 3.0750e+04
56878.7535 11.3313 5.5058e+04
56950.3135 11.2740 5.5828e+04
57369.2935 10.8185 2.0293e+04
57473.3735 14.9516 3.1376e+04
58551.2236 18.0653 2.9549e+04
58655.5936 21.2927 6.8668e+04
58669.4736 17.4214 1.3593e+05
58676.6636 11.1260 1.1225e+05
58692.1036 11.3824 5.7721e+04
60179.5637 10.4348 1.1617e+04
60686.2437 15.4278 3.6086e+04
60749.1437 19.0129 1.7405e+04
60875.4037 15.9253 3.1892e+04
60954.4237 16.3963 8.9960e+03
61231.1737 10.5897 2.1452e+04
61617.7638 11.4007 1.4123e+04
61651.4138 11.6212 6.3636e+03
62350.9538 12.5209 1.0925e+04
62677.2138 10.5947 1.3516e+04
62822.3038 13.0257 2.6967e+04
62835.9138 20.8309 1.2562e+05
63068.2638 14.2511 5.0451e+04
64752.7540 10.1463 7.4834e+03
64833.9540 18.9666 3.1381e+04
65019.7540 17.1635 3.6578e+04
65457.3340 13.6261 2.0181e+04
65472.6040 10.6424 3.0464e+04
65891.2440 11.7076 8.2726e+04
66405.4641 11.1582 9.9309e+04
69836.2343 11.0939 9.1377e+03
70047.2643 11.9970 4.6112e+04
70394.3943 10.2378 3.8939e+04
70415.2743 12.9549 3.1607e+04
70865.7443 12.8168 3.6770e+04
70954.3243 12.4646 2.9769e+04
71334.9244 18.8037 3.3074e+04
72169.2844 12.1351 2.3812e+04
72304.5044 11.0263 1.2788e+04
73037.1745 11.6586 1.1180e+04
73286.4445 10.3703 1.0974e+04
74606.6546 16.4119 3.7036e+04
75650.7846 18.2218 3.9552e+04
75770.9946 10.4757 9.9731e+03
76837.7747 10.0328 4.5995e+04
77991.4048 10.3712 1.0840e+04
78715.1348 15.4587 2.1283e+04
78802.6348 10.0138 3.7122e+04
79806.5049 10.8205 4.7904e+04
79979.8349 13.0329 1.2743e+05
80033.7249 11.1726 1.1153e+05
80120.2849 13.1851 2.5526e+04
80169.0849 15.1322 2.6671e+04
80228.7349 19.7652 5.6855e+04
80315.2049 13.3004 1.2643e+04
80571.3749 25.7126 2.2576e+05
80921.8549 11.5006 1.7184e+04
81823.9550 10.1532 1.1804e+05
81868.1450 11.8840 9.4655e+04
82144.8950 10.5445 2.6528e+05
82381.6350 10.4469 5.9221e+04
82634.8850 13.0798 5.3886e+04
83290.5851 14.9515 1.3897e+04
83380.0151 16.2905 1.3372e+04
84449.0152 14.1306 1.4283e+04
84480.2152 11.6628 2.2256e+04
84506.0252 14.8509 3.9330e+04
84937.9752 11.8629 8.9577e+03
85476.4252 21.1227 2.7919e+04
85504.2952 10.7960 1.5327e+04
85529.6052 13.9411 9.4903e+03
85548.0452 11.5423 9.1751e+03
85589.2352 12.0852 1.0154e+04
85639.4652 12.3268 1.1568e+04
85680.4652 21.6495 5.0840e+04
85713.5352 16.3012 1.0342e+04
85734.1052 18.3454 1.5813e+04
85899.7052 12.4318 2.1983e+04
