296.7800 19.3978 7.4089e+05
389.9900 16.9947 1.3254e+06
420.7300 12.8868 9.7437e+05
446.1200 15.2126 7.6316e+05
491.7600 15.2485 4.7436e+05
1489.9401 11.1795 9.3683e+04
1514.5701 11.6262 6.2292e+04
1565.0801 11.4571 6.7916e+04
1607.0601 11.3166 4.2377e+04
1628.5801 15.0140 8.8235e+04
1703.3501 17.0261 1.9763e+05
1712.3301 10.5970 1.0033e+05
1760.5901 14.8291 1.3055e+05
1795.1301 10.1887 1.2014e+05
1837.9501 10.2945 1.0161e+05
1886.2501 10.5866 2.4446e+05
1920.9801 14.8642 7.5967e+04
1949.9901 13.8200 2.3481e+05
1978.9301 14.4684 3.0911e+05
1980.3701 10.4625 2.6130e+05
2002.4001 12.3134 7.4558e+04
2033.0001 10.4831 1.3595e+05
2056.0701 11.4022 6.6430e+04
2067.5401 13.7371 8.7311e+04
2079.9801 10.1641 1.2105e+05
2092.6701 13.2069 7.1158e+04
2122.8801 18.4404 1.3358e+06
2128.0401 10.0883 1.3358e+06
2128.5501 11.0843 1.3321e+06
2129.0501 11.0865 1.1220e+06
2155.7701 11.7272 1.2057e+05
2183.0201 11.9434 1.3389e+05
2296.5901 11.4081 1.1467e+05
2302.7301 14.5486 1.8358e+05
2308.8901 18.5761 4.8817e+05
2333.3901 11.0818 2.1680e+05
2393.0701 11.4399 8.4193e+05
2393.4201 14.2117 6.5699e+05
2393.9601 13.6753 6.4780e+05
2440.6001 13.2643 1.8304e+05
2506.9802 10.0807 2.8943e+05
2510.2102 11.5364 6.6528e+05
2513.3002 11.7643 7.2494e+05
2514.2002 12.0658 5.2741e+05
2533.2802 10.0350 4.6983e+04
2607.9802 14.3702 1.5568e+05
2646.9102 10.6116 3.9760e+05
2650.4602 13.2317 5.6854e+05
2694.5102 10.5366 1.0290e+06
2695.5102 11.6367 1.0290e+06
2698.5302 10.2788 5.9797e+05
2721.2702 15.0447 1.6652e+05
2748.4602 13.0565 3.2264e+05
2753.2702 14.1883 2.8401e+05
2815.9902 11.1757 1.1075e+05
2890.7702 12.2826 7.7059e+05
2893.2502 14.2267 7.3855e+05
2962.1502 17.9434 2.0477e+05
3000.2002 10.0802 1.3636e+05
3093.4402 12.3106 2.4537e+05
3124.2902 20.3950 3.5510e+05
3133.4202 17.1854 4.3200e+05
3142.2502 12.0943 2.7400e+05
3164.3702 11.3921 8.6742e+04
3175.7002 11.7793 8.5640e+04
3206.0302 14.3022 4.8319e+05
3209.8402 14.0416 4.9018e+05
3229.2602 19.9115 5.7066e+05
3232.5402 10.0286 5.7000e+05
3243.0302 12.1216 5.8028e+05
3249.7902 12.2195 5.8999e+05
3257.5002 10.5197 3.5089e+05
3264.6802 11.3368 3.4331e+05
3278.5202 10.9259 6.6334e+04
3387.2002 10.1250 7.2446e+04
3419.1702 18.1184 1.6676e+05
3749.6002 14.2506 8.4370e+05
3750.1402 23.9548 8.4370e+05
3750.7002 10.7779 8.0283e+05
3771.7902 13.5894 4.9229e+05
4153.6903 11.4350 3.4957e+05
4210.3903 12.7426 1.9467e+05
4236.9303 14.2321 1.4493e+05
4319.1503 10.4974 1.7062e+05
4320.6403 10.1223 1.3343e+05
4349.5503 10.0993 3.4417e+05
4350.6003 16.7024 2.6257e+05
4362.5003 19.4508 5.0026e+05
4373.1503 11.2354 2.1726e+05
4398.9403 11.0004 1.8947e+05
4519.7103 12.3316 3.2008e+05
4532.5903 15.7414 2.5663e+05
4570.9203 10.7156 1.3515e+05
4607.7703 12.5434 1.8837e+05
4609.4303 14.1778 1.8837e+05
4657.4703 12.5984 1.9043e+05
4675.1603 15.0548 1.4067e+05
4730.4503 11.5449 9.2894e+04
4768.5103 11.2111 7.8435e+04
4786.5903 10.2628 1.8785e+05
4787.1703 10.6455 1.3010e+05
4802.9403 12.6759 8.8221e+05
4835.2903 15.2469 3.7505e+05
4857.3203 10.4036 1.9187e+05
4956.9503 12.8406 1.2309e+05
5000.6503 11.4730 1.8913e+05
5078.2003 12.9814 1.6279e+05
5110.6203 10.0330 1.3129e+05
5142.4503 11.2800 1.6100e+05
5157.6203 14.8156 8.8178e+05
5158.6503 17.7658 6.5716e+05
5170.9603 14.7129 3.6294e+05
5186.2903 12.3390 2.4258e+05
5272.5403 10.3913 1.2216e+05
5292.5903 12.0918 1.1774e+05
5346.6203 12.1155 2.9112e+05
5349.1703 10.4647 2.9112e+05
5412.8103 11.2824 2.5734e+05
5459.9603 10.0682 2.0045e+05
5548.7403 10.9090 2.0170e+05
5613.1403 10.3442 6.6012e+04
5621.5003 14.3997 1.5009e+05
5622.1003 10.0740 7.0042e+04
5651.4603 17.4710 1.5188e+05
5676.9003 18.5766 1.5971e+05
5803.8804 10.4457 2.5616e+05
5851.0304 14.4862 5.9496e+05
6025.8704 10.5601 3.5839e+05
6158.6804 10.8748 1.3337e+05
6262.8604 11.0956 3.4568e+05
6263.5104 18.3359 3.5028e+05
6264.1204 11.4461 3.5608e+05
6321.2404 13.1283 2.6443e+05
6339.8504 13.2795 2.7605e+05
6424.1604 10.7514 2.9099e+05
6480.3904 16.7316 1.6918e+05
6497.4304 10.2612 1.8632e+05
6545.5304 11.1434 1.4335e+05
6569.2204 10.0019 5.2730e+04
6601.9404 11.0257 5.7392e+04
6624.0704 11.1081 1.0612e+05
6642.5504 13.4467 9.3307e+04
6775.3304 15.5621 9.4092e+05
7023.8504 10.1844 1.4820e+05
7049.3704 16.7152 7.3995e+04
7079.3104 12.0123 6.6157e+04
7095.3704 20.2544 2.2146e+05
7258.0004 12.4275 5.6744e+04
7500.1705 10.9004 5.1938e+04
7517.5105 13.9860 2.7515e+05
7572.9405 11.6390 1.7143e+05
7682.5105 10.4916 9.7703e+04
7806.9405 11.2238 5.7137e+04
7879.9805 10.2078 8.4430e+04
8006.0005 10.0969 1.1197e+05
8063.3205 14.6083 1.7726e+05
8358.6805 10.1896 6.0674e+04
8615.1605 10.6848 9.3547e+04
8769.1705 10.7937 1.0268e+05
8981.3705 10.0678 2.1214e+05
9242.2006 13.3358 1.0499e+05
9255.4406 15.8732 1.3383e+05
9265.2106 15.0623 4.1480e+05
9270.9706 11.5285 3.5151e+05
9294.1406 11.3811 1.3577e+05
9323.7606 11.1261 7.4259e+04
9432.8606 10.9027 5.7335e+04
9456.3906 13.7980 1.0063e+05
9512.4006 13.4270 1.0764e+05
9580.1606 11.9242 2.1673e+05
9580.7606 10.8172 1.3974e+05
9608.4606 12.1287 1.7298e+05
9651.7706 11.0573 8.2926e+04
9722.9106 10.3726 7.8533e+04
9738.3906 12.1100 1.0380e+05
9745.0106 16.7849 2.1367e+05
9752.0406 12.6098 2.5316e+05
9772.2706 12.9422 1.2022e+05
9786.6506 19.5418 1.4622e+05
9803.4706 17.5595 5.1578e+05
9809.0706 14.8654 2.2380e+05
9952.0606 11.7300 9.4995e+04
9996.9206 10.1487 7.5413e+04
10093.4706 15.0284 4.5348e+05
10103.4306 11.1458 4.4832e+05
10107.8606 10.7570 4.6122e+05
10136.0206 16.5288 6.4234e+05
10287.3606 10.7612 6.8015e+04
10293.3106 11.8279 9.7550e+04
10308.3806 13.3801 9.6947e+04
10436.7306 13.1008 4.9751e+05
10437.7406 10.1190 3.1766e+05
10456.9606 11.9347 3.4804e+05
10489.0506 12.2481 8.9576e+05
10581.1706 12.3418 1.9895e+05
10610.9006 14.6794 9.5895e+04
10615.7506 16.7057 1.4979e+05
10639.2506 10.2355 8.6688e+04
10639.9306 14.9124 1.0096e+05
10645.4906 20.1037 7.9517e+05
10738.8507 10.0255 9.5088e+04
10768.5307 11.6173 4.8638e+04
10840.6607 11.5277 4.4481e+04
11339.6907 10.3165 6.6513e+04
11429.4607 10.0096 7.1110e+04
11484.0107 14.4004 1.0880e+05
11512.8307 16.8578 1.6134e+05
11563.6607 10.2566 1.8471e+05
11606.4107 11.3207 5.3123e+04
11642.4507 12.9715 6.0763e+04
11680.0407 10.4103 4.7510e+04
11712.9407 11.4119 5.6550e+04
11718.7207 10.5425 5.9842e+04
12072.7507 11.1666 4.1803e+04
12092.1707 10.9162 4.1522e+04
12282.9707 13.2802 7.5509e+04
12318.2808 10.1735 9.6250e+04
12435.7708 11.4245 1.2951e+05
12470.7408 11.2687 7.4475e+04
12476.2208 12.2631 9.8752e+04
12498.7708 10.2786 2.2307e+05
12502.5808 11.9187 5.7324e+05
12504.3108 11.0140 4.5887e+05
12592.0008 15.8429 4.4666e+04
12600.6908 10.5133 8.6343e+04
12661.3908 13.5198 9.6441e+04
12773.6408 13.1947 8.3955e+04
12807.1308 10.9806 6.7381e+04
12959.1608 10.5095 7.6602e+04
12960.2308 10.6512 6.0921e+04
13009.1308 10.8106 5.6722e+04
13032.0408 11.6996 5.8571e+04
13045.5708 10.3119 3.6570e+04
13107.4008 14.4485 6.2976e+04
13176.2408 10.9211 1.3461e+05
13403.3308 12.8206 1.2207e+05
13404.8308 10.6864 1.1738e+05
13419.2508 11.3574 7.8285e+04
13458.9408 10.4297 7.8447e+04
13642.3408 10.5099 3.9957e+04
13861.4908 10.3254 4.3022e+04
14285.0309 11.0714 5.3599e+04
14391.3709 12.9239 2.9986e+06
14561.2609 10.4558 7.5597e+04
14682.7009 10.1530 5.0225e+04
14792.7609 11.4756 3.7510e+04
14817.0309 10.8088 4.3536e+04
14985.1009 17.1302 6.4766e+04
15253.3509 10.4927 4.4983e+04
15260.1309 13.0984 5.7057e+04
15270.3909 14.3717 5.1403e+04
15328.6409 12.2803 5.4010e+04
15343.1409 10.8405 6.2817e+04
15474.1909 11.2073 6.3887e+04
15475.0109 12.1686 5.9633e+04
15771.3610 12.7687 5.5891e+04
15887.6310 10.7766 9.7186e+04
16112.3310 12.9238 3.5920e+05
16169.7410 11.2174 1.3480e+05
16245.3210 10.4577 4.1051e+04
16332.1210 10.7691 7.5693e+04
16409.9210 14.9422 1.3303e+05
16561.5710 21.0477 1.6052e+05
16562.9210 16.3954 1.0631e+05
16576.6610 19.1612 8.0151e+05
16577.9510 11.2894 5.7691e+05
16597.3210 13.7118 4.9710e+04
16609.1310 19.7524 2.8012e+05
16623.2510 11.3665 5.1436e+05
16626.4310 20.7567 4.9824e+05
16634.7410 17.2581 3.9233e+05
16703.5610 24.7712 4.8566e+05
16711.7110 12.7495 4.4711e+05
16758.2110 11.5566 2.4560e+05
16815.4610 15.0102 7.2982e+05
16823.4910 11.1508 3.5179e+05
16843.0010 16.3158 3.0845e+05
16854.4510 17.8504 5.1349e+05
16867.2310 11.2182 4.5682e+04
16938.7310 17.7153 2.3075e+05
16957.5910 22.0567 6.4825e+05
16969.3710 13.7008 5.7206e+05
16975.3510 10.3088 4.1660e+05
16980.4010 13.4002 4.9733e+05
16991.4410 20.7611 7.3990e+05
16992.3910 10.0065 5.2295e+05
16997.5910 11.0217 4.8510e+05
17013.6910 17.0765 3.7792e+05
17019.5210 11.1397 3.6515e+05
17067.5410 10.7530 3.1830e+05
17196.3910 17.8056 5.9292e+05
17205.8811 23.1935 7.3275e+05
17221.1111 20.6556 7.8965e+05
17234.9711 13.8320 7.0404e+05
17246.3411 14.6086 7.1223e+05
17247.8011 10.7493 7.3632e+05
17273.0711 11.1487 2.1214e+05
17281.4811 10.1891 6.3716e+05
17284.7911 13.0847 6.2492e+05
17390.6411 10.1846 8.3287e+04
17524.5511 13.2450 1.0943e+05
18263.8711 10.6234 3.7150e+04
18277.5811 10.7444 3.9117e+04
18327.9111 11.2007 7.5200e+04
18337.0611 12.3659 1.0648e+05
18355.2011 11.7269 1.5343e+05
18356.2111 10.7096 1.4379e+05
18374.5811 16.5755 6.6897e+04
18379.4711 15.8217 1.4077e+05
18392.8811 17.6504 3.4080e+05
18403.6011 11.9721 1.8363e+05
18404.4111 12.6880 1.1478e+05
18438.0711 12.0013 8.6852e+04
18482.5011 12.4193 4.6111e+05
18577.0011 12.9590 6.4799e+04
18590.7011 10.6789 3.7536e+04
18787.5611 11.0849 1.7621e+05
18792.3511 10.7095 5.9822e+05
19091.4712 10.4088 3.0905e+05
19155.0012 13.5396 1.0975e+06
19202.1112 11.0592 7.0517e+04
19296.9112 16.8596 1.2729e+05
19388.1312 12.8168 8.4868e+04
19539.6712 14.5415 1.3462e+05
19685.0812 10.2721 2.3597e+06
19736.3612 18.3400 1.6322e+05
19740.8512 16.1976 1.2568e+05
19820.2612 10.8384 8.5845e+04
19871.4112 10.0665 7.1740e+04
19970.6012 12.5160 9.0428e+04
20147.7312 13.8413 5.2947e+04
20175.9212 10.5693 1.0248e+05
20270.5812 10.3606 9.7725e+04
20324.6112 15.8403 1.4495e+05
20385.3912 15.6721 1.0628e+05
20546.6713 18.1123 2.8936e+05
20709.5813 13.9053 8.6674e+04
20942.5313 15.0314 9.6224e+04
21033.2813 10.6158 4.6576e+04
21433.1413 12.7939 4.3356e+04
21448.9913 13.0363 5.9884e+04
21717.2313 10.3798 1.5116e+05
21844.2413 11.1018 6.3370e+04
22382.3214 11.5319 2.1608e+05
22384.1514 10.0070 2.1356e+05
22493.9814 11.2801 7.1138e+04
22773.7014 11.0751 8.6397e+04
22866.7514 12.0011 4.3770e+04
22995.9014 13.6894 1.0846e+05
23006.7914 14.0705 8.2309e+04
23045.5714 12.1713 7.2231e+04
23081.2514 15.5733 1.1865e+05
23085.9414 15.9906 3.1557e+05
23096.8114 21.9016 3.8381e+05
23197.6614 10.6263 9.4774e+04
23338.7714 17.1478 1.2493e+05
23373.7714 17.3334 1.9652e+05
23873.3815 14.7995 8.5624e+04
23988.3915 14.5513 5.1147e+04
24044.8215 13.2823 5.2531e+04
24109.8515 10.5673 1.9553e+05
24230.6815 11.2847 1.9994e+05
24434.5615 11.8278 6.5163e+04
24609.7315 10.1131 1.4187e+05
24763.6415 10.1894 8.2888e+04
24763.9815 10.5659 5.8306e+04
24928.0215 10.7003 4.7069e+04
25094.0015 11.7011 5.9839e+04
25139.2215 12.0915 2.0447e+05
25142.4915 10.1391 2.0008e+05
25237.1815 10.8952 3.7076e+04
25377.7815 13.9760 1.1399e+05
25424.9816 19.0252 7.0623e+04
25435.1816 12.7216 1.8003e+05
25437.9216 22.2790 1.8003e+05
25739.5916 10.7056 1.9521e+05
26003.4416 13.0820 2.7380e+04
26164.6116 13.0114 1.1511e+05
26231.0616 13.9187 4.9394e+04
26289.9516 10.5077 7.6551e+04
26443.0916 19.3504 1.4075e+05
26478.6416 12.6981 1.1663e+05
26479.7416 10.8489 1.1211e+05
26549.0716 10.9212 1.1174e+05
26638.4116 11.4856 8.5982e+04
26656.9316 13.7864 9.0994e+04
26699.2916 21.9511 3.0662e+05
26849.4716 13.3741 7.7201e+04
26865.2716 10.4147 8.6153e+04
27028.6916 11.3323 1.0800e+05
27085.7717 11.2287 9.4040e+04
27110.5317 13.6549 4.1307e+05
27184.0217 15.5121 2.7908e+05
27218.4717 12.5034 2.5914e+05
27219.6217 15.9782 2.5603e+05
27234.6217 15.3632 1.5008e+05
27260.6517 11.0607 2.1384e+05
27363.9817 10.3332 2.3836e+05
27367.0017 11.1014 1.5061e+05
27419.6217 10.0768 3.3472e+05
27481.2217 10.0007 1.2278e+05
27489.2917 11.4379 2.1936e+05
27729.0817 13.0650 1.0968e+06
27813.6617 12.3224 1.0570e+05
27822.0717 10.3383 2.4477e+05
27826.1317 12.5456 1.5980e+05
27947.4517 13.8587 7.9993e+04
28161.8817 11.4323 6.5100e+05
28232.7317 12.0254 2.6315e+05
28358.7317 12.2532 7.4717e+04
28414.2017 12.6846 5.9857e+04
28425.0617 10.5660 1.4180e+05
28493.2117 11.4132 9.4168e+04
28675.3318 10.0178 1.9350e+05
28782.5418 11.2875 2.2925e+05
28783.6218 10.9354 2.2925e+05
28784.3518 10.3131 2.2925e+05
28818.5618 11.1234 6.5530e+04
28849.5318 16.7368 1.7365e+05
28889.1818 10.9801 3.5434e+04
28934.6918 10.0756 7.0642e+04
28960.2318 13.5319 8.4294e+04
29042.5818 10.3336 4.5732e+04
29183.1618 16.6221 4.9059e+05
29183.7018 11.1673 4.3013e+05
29193.0218 17.0186 5.7852e+05
29248.8918 11.2788 2.0130e+05
29275.3518 15.2035 2.8174e+05
29276.3118 15.0760 2.3698e+05
29317.8018 15.2529 5.6057e+04
29336.1518 11.7759 1.0783e+05
29406.3318 13.8160 7.3049e+04
29421.2118 10.1097 3.6341e+04
29439.1818 12.4873 1.0493e+05
29441.6318 16.0045 7.6930e+04
29522.5618 11.2393 4.1583e+04
29578.1818 11.7575 3.8413e+04
29634.7918 11.5495 6.5029e+04
29642.1118 17.9333 1.3562e+05
29695.8618 14.2306 6.6046e+04
29796.9618 15.1275 5.7358e+04
29808.1418 10.3530 7.2272e+04
29831.6118 10.4479 1.2051e+05
29917.8418 10.0314 5.1893e+04
30030.3818 16.1234 7.5787e+04
30050.8618 16.3610 5.2606e+04
30061.3018 12.0045 6.4008e+04
30128.3418 12.5856 9.0493e+04
30148.4418 11.4204 4.9427e+04
30216.6318 14.0172 7.3667e+04
30267.2418 13.1426 8.5021e+04
30310.1618 12.8288 5.7736e+04
30331.5219 10.9060 3.6988e+04
30353.1719 10.9925 3.4925e+04
30403.5019 10.1387 6.8999e+04
30427.3519 11.8185 6.7911e+04
30434.8219 10.2937 5.9855e+04
30456.7519 10.3559 1.1221e+05
30463.9819 10.2330 1.0454e+05
30466.7119 12.1478 1.0146e+05
30475.9319 10.9033 7.2168e+04
30481.9619 13.5859 1.5310e+05
30486.1619 17.2964 1.6018e+05
30498.7219 13.9539 5.7821e+04
30501.3219 10.6346 6.9730e+04
30503.2619 10.0803 4.4362e+04
30507.8119 16.4253 1.0006e+05
30514.6519 15.0623 1.2240e+05
30560.5519 13.7499 7.7076e+04
30633.0219 10.8383 1.0812e+05
30644.5919 10.8194 8.2631e+04
30645.2219 11.4195 7.4122e+04
30712.6019 10.1088 4.5110e+04
30817.8919 10.8394 6.6820e+04
31193.6819 13.7832 4.6753e+04
31337.5319 12.1418 4.5523e+04
31426.0319 11.6994 4.2811e+04
31509.7819 11.3674 4.5243e+04
31524.1919 10.7362 3.9086e+04
31665.7419 12.4061 3.5422e+04
31675.9119 11.6286 4.5120e+04
31718.9519 10.3386 3.9814e+04
31736.8519 15.7957 1.5475e+05
31744.2619 10.9619 1.6940e+05
31745.5719 10.5124 1.4657e+05
31755.3619 10.0963 5.0076e+04
31776.3419 11.2828 8.3735e+04
31778.9119 11.8136 7.7691e+04
31949.3320 16.5654 1.4525e+05
32391.1920 10.8924 4.4533e+04
32398.4420 10.7744 5.3003e+04
32531.2720 15.2022 5.6492e+04
32909.6720 10.1391 1.7641e+05
32910.2520 14.0286 1.7195e+05
32932.1020 17.2417 1.1855e+05
33013.4620 11.2931 7.8943e+04
33043.5920 11.2815 1.1907e+05
33063.3120 13.5723 7.5077e+04
33123.2020 13.7084 2.6518e+05
33123.8620 10.6073 1.9486e+05
33278.0520 12.8266 6.4189e+04
34007.3821 12.7926 1.6328e+05
34008.0121 12.8589 1.4777e+05
34008.4721 11.7666 1.6220e+05
34013.1221 11.3978 1.7013e+05
34055.9621 12.8882 9.2538e+04
34059.6321 16.1150 8.3215e+04
34073.4621 17.7625 1.2209e+05
34287.5321 18.4711 1.7224e+05
34333.3021 10.2972 5.5786e+04
34460.0621 11.8035 9.0670e+04
34506.0721 16.0289 9.3168e+04
34622.5921 15.5142 1.1955e+05
34633.5721 11.6867 4.7769e+04
34681.6421 10.2798 1.1632e+05
34995.7621 11.9674 1.6185e+05
35068.9521 10.2487 6.3423e+04
35095.9321 11.5733 1.3715e+05
35137.0421 11.3395 8.1042e+04
35142.8121 13.4410 1.2586e+05
35144.7621 13.8953 1.1684e+05
35157.1921 16.5889 1.5115e+05
35161.5021 12.8631 8.6166e+04
35173.7521 11.4420 1.0556e+05
35295.1022 15.1947 2.0298e+05
35414.1122 10.3282 7.3719e+04
35463.1422 10.6218 5.6658e+04
35541.7722 13.5482 8.5031e+04
35553.8822 13.2977 1.8944e+05
35566.6822 10.9081 2.3964e+05
35583.5722 11.2142 1.5974e+05
35660.9722 16.7984 1.0667e+05
35670.2522 11.6540 8.5145e+04
35678.9322 10.0514 5.1434e+04
35731.6622 14.0940 7.9171e+04
35737.9222 12.9016 5.1532e+05
35738.7122 14.0639 5.1058e+05
35739.2322 15.3890 3.7704e+05
35753.4522 11.0401 1.1921e+05
35760.3722 12.4566 2.5680e+05
35763.9922 19.0977 2.4822e+05
35816.9822 12.4340 1.2836e+05
35904.9722 10.2059 8.6694e+04
36649.2922 14.7045 5.0880e+05
36835.5722 14.0018 1.0921e+05
36969.2123 13.1819 9.1089e+04
37060.4523 10.1725 1.7892e+05
37084.8823 11.1960 2.1419e+05
37225.6823 19.4473 1.0411e+06
37227.0823 11.2987 5.4443e+05
37392.4723 10.3422 1.6358e+05
37607.1823 11.1779 4.3327e+05
37706.5723 11.4891 3.3233e+05
37929.4023 10.4007 1.3553e+05
38282.9523 10.1689 1.7313e+05
38546.5724 13.5247 5.8204e+05
38562.9024 12.2619 4.2357e+05
38712.0624 11.5216 2.7725e+05
38726.3224 10.5129 4.5279e+05
38759.4124 13.0552 2.2201e+05
39477.9024 10.7544 6.9461e+04
39834.9124 11.2500 1.0696e+05
39925.7824 10.5353 8.4343e+04
39952.0624 14.1996 5.6944e+04
39970.2624 13.6925 1.3521e+05
39973.9624 15.5783 6.1990e+04
40000.9524 12.1481 8.1702e+04
40012.8224 12.4860 7.6529e+04
40026.0324 10.3967 8.9265e+04
40069.6224 10.7188 9.0677e+04
40296.5425 11.5970 3.6435e+05
40709.3625 14.6743 7.3445e+04
40927.9625 15.0927 1.1267e+05
40964.0625 10.0865 9.4664e+04
40976.1525 10.2615 6.8157e+04
41004.2925 11.8005 1.1569e+05
41152.8425 13.5525 9.0167e+04
41160.8725 14.2134 1.4063e+05
41184.7025 12.2333 1.0013e+05
41204.0025 11.6400 2.4942e+05
41225.4925 18.2081 1.3523e+06
41254.9225 10.6541 3.5115e+05
41335.4625 16.8031 5.3861e+05
41372.1825 12.1583 1.9143e+05
41733.4225 13.5252 1.3489e+05
41756.2525 12.2608 1.5148e+05
41765.0025 12.5041 1.5971e+05
41782.3126 10.3329 4.7388e+05
41802.2226 12.1634 1.7822e+05
41820.4826 16.0482 1.0387e+05
41830.7726 14.1942 6.6277e+05
41832.4526 10.3726 6.5563e+05
41851.9926 10.8604 2.3401e+05
41859.8626 10.1876 3.7541e+05
42094.6626 11.5072 9.1537e+04
42200.4726 13.0524 2.2534e+05
42207.1026 11.9850 2.0872e+05
42527.9326 14.2421 2.2971e+05
42743.5926 10.8421 6.1204e+05
42818.8026 13.1031 7.1265e+05
42870.8026 12.1098 5.9018e+05
42888.1026 11.5233 6.4591e+05
42933.5726 19.0251 5.6554e+05
43069.5726 15.4744 4.3548e+05
43107.2826 10.1345 1.6806e+05
43371.0226 12.8370 2.8252e+05
43906.9327 10.4181 2.6956e+05
43917.9127 10.3424 2.9016e+05
43922.5427 15.3188 5.2311e+05
43930.4427 12.0763 4.4690e+05
43940.1327 13.2124 4.5570e+05
43943.2127 10.2421 4.0288e+05
43953.2527 13.2260 3.0171e+05
43959.3727 14.4458 4.5181e+05
43962.8727 11.4715 3.0748e+05
44101.4527 11.2679 1.6491e+05
44310.6527 19.6789 5.3293e+05
44497.5127 10.0060 3.5056e+05
44518.5127 22.2778 3.4224e+05
44542.6127 15.5318 1.1752e+05
44562.0027 16.6566 1.4449e+05
44584.3627 14.2521 2.7209e+05
44731.3427 11.0058 2.1157e+05
45098.7628 11.6955 8.6530e+04
45443.0328 12.3154 1.7571e+05
45644.4928 10.3442 7.1483e+04
45859.7328 11.9957 1.3816e+05
45981.4828 11.0446 5.4737e+05
46112.1528 18.4142 9.1877e+04
46341.1628 12.1217 5.3640e+04
46496.3728 11.6193 3.9994e+05
46808.6829 16.3418 9.0062e+04
47042.5829 13.9295 7.2124e+04
47057.3129 17.3129 2.9139e+05
47061.9229 12.3892 1.6651e+05
47067.9829 10.6114 2.3330e+05
47078.6429 10.3555 1.2617e+05
47107.7429 12.3979 5.9888e+04
47153.3229 14.4084 2.4337e+05
47204.4829 10.4526 5.5050e+04
47314.7029 15.3140 2.4518e+05
47350.1929 10.7215 3.5489e+04
47356.8629 12.0404 1.5744e+05
47397.1929 13.8941 5.7682e+04
47567.6929 11.0814 4.5438e+04
47672.5729 12.9765 4.0364e+04
47873.7129 13.3201 5.0453e+04
48129.4529 10.4754 4.8815e+04
48149.1929 13.8063 3.4713e+04
48316.2329 10.7156 4.7271e+04
48348.0730 15.8060 7.9900e+04
48373.1130 11.8561 4.1002e+04
48376.3730 10.5397 4.3857e+04
48840.0030 10.5148 1.1088e+05
48880.1130 13.6933 9.0772e+04
49027.7430 10.2139 8.4518e+04
49133.6430 15.5230 5.8387e+04
49372.3430 12.2870 5.1494e+04
49887.0730 12.9462 5.4670e+04
50261.8331 10.2188 3.3356e+04
50289.8531 12.2555 3.3837e+04
50324.0531 11.8009 7.7517e+04
51121.8131 14.0567 3.0429e+04
51155.8531 13.9476 3.6928e+04
51164.3831 12.4216 4.1302e+04
51545.7131 13.3459 1.4400e+05
51790.4832 10.7777 1.7964e+04
51821.8632 10.2625 1.8057e+04
52064.6332 12.9574 2.6144e+04
52099.1832 10.9900 2.8026e+04
52163.2432 12.7792 1.0350e+05
52163.7932 14.6356 9.3697e+04
52183.9232 10.7379 1.5977e+05
52345.1332 11.2352 3.2886e+04
52527.6232 10.0555 2.5241e+04
52771.1732 21.4899 1.1936e+05
52783.0832 13.3068 1.9023e+05
52787.4832 21.3166 4.1286e+05
52788.6432 10.9083 6.1556e+05
52791.4332 10.9722 6.6769e+05
52793.6532 13.6016 5.7538e+05
52888.8232 13.1560 5.3527e+04
52988.3232 11.8247 4.9126e+04
53001.3032 17.9407 7.4979e+04
53053.7732 12.7936 4.1328e+04
53082.2132 15.0658 5.2277e+04
53373.1333 18.2770 6.2719e+04
53490.2933 13.7279 3.7380e+04
53807.6133 11.3756 9.8497e+05
54404.6533 12.2898 1.5216e+04
54550.5833 11.9765 2.2802e+04
54748.2733 10.5766 4.0624e+04
54814.7133 10.7370 7.4604e+04
54875.6933 10.4617 3.3901e+04
55064.3334 11.5825 3.5372e+04
55134.1934 10.7819 1.6477e+04
55164.6634 10.5350 2.5207e+04
55224.7334 12.2321 3.1600e+04
55252.0034 11.7985 5.4731e+04
55252.5034 11.6891 3.8803e+04
55342.6234 15.7867 7.0504e+04
55429.7834 11.4552 1.7315e+04
55459.4934 11.5870 2.3475e+04
55853.0734 10.9011 2.0797e+04
56053.0634 17.5126 4.4698e+04
56077.6734 12.2526 4.0219e+04
56112.4534 10.5434 3.6740e+04
56154.4634 10.8657 2.4867e+04
56179.2534 11.6697 5.5115e+04
56179.7634 10.1362 4.5885e+04
56190.5834 12.7181 4.7800e+04
56198.7034 16.0332 2.0822e+04
56371.8134 11.2165 5.8736e+04
56373.0434 14.8768 3.1572e+04
56471.8534 11.0309 1.8015e+04
56805.9335 12.8406 3.5474e+04
57064.2935 15.4811 3.2288e+04
57082.5135 11.7957 2.9163e+04
57094.6735 10.4678 2.1117e+04
57334.8235 10.7565 2.9129e+04
57349.2435 14.5369 4.0245e+04
57349.7335 11.3857 3.0919e+04
57362.9335 15.8853 2.3895e+04
57370.9435 15.7536 7.1463e+04
57409.4135 14.2696 6.3943e+04
57565.2235 11.5194 1.6842e+04
57618.6635 13.1248 3.5255e+04
57622.0035 13.8129 2.8852e+04
57630.9335 11.6319 2.6530e+04
57663.5735 17.7947 2.7201e+05
57690.7635 11.4086 6.4920e+04
57703.0635 16.0018 6.2308e+04
57716.6135 12.5307 1.9947e+05
57717.0635 17.0318 1.9947e+05
57854.8435 10.7407 3.0053e+04
57869.6935 14.3567 4.2594e+04
57883.8435 13.2333 2.4885e+04
57976.1235 10.1657 2.6059e+04
58143.7635 12.1256 3.3009e+04
58203.6936 11.5322 2.7506e+04
58317.8936 14.7453 1.6419e+04
58334.8536 11.7699 4.8869e+04
58338.7636 10.6957 5.4241e+04
58379.7136 10.3989 4.4170e+04
58399.2936 13.4536 4.7594e+04
58436.6036 17.4697 2.1630e+04
58453.6436 14.9313 2.3190e+04
58466.4236 13.0268 2.7370e+04
58634.8536 12.8606 1.1400e+05
58745.4536 10.2462 5.7904e+04
58866.2936 10.7859 1.9486e+04
58898.1836 10.6357 2.5229e+04
58973.6636 13.7635 6.5388e+04
59068.2436 12.0866 1.7410e+04
59162.7636 10.3695 3.5523e+04
59282.6536 11.1920 2.4390e+04
59310.5236 10.6450 1.3179e+04
59346.2436 10.7168 1.9058e+04
59563.4936 11.6648 3.8715e+04
59831.1837 11.9868 1.2140e+04
60005.6437 10.3017 1.5991e+04
60044.6537 15.2479 4.0152e+04
60082.5337 10.0146 1.8076e+04
60147.0537 11.6191 1.8913e+04
60166.7137 15.4535 1.2051e+04
60683.2637 12.6105 3.4378e+04
61029.8937 14.6266 2.9561e+04
61055.8437 12.2766 5.7450e+04
61101.9637 13.2828 2.6670e+04
61213.7837 10.5481 3.0021e+04
61363.6737 10.2096 3.7925e+04
61435.9437 15.0170 3.1257e+04
61589.8238 10.6005 3.2578e+04
61718.6338 12.0381 3.1781e+04
61750.3938 10.9436 1.2394e+04
62100.2638 10.2735 2.4314e+04
62270.0738 12.2721 4.5410e+04
62766.6238 10.1262 2.1134e+04
62815.1238 11.9279 2.7078e+04
62939.4138 12.2343 2.2068e+04
62962.3238 14.6282 3.1686e+04
63105.6739 10.9755 2.1440e+04
63274.2139 10.9976 1.6690e+04
63515.4139 11.7917 9.6498e+04
63516.1439 12.3454 5.3165e+04
63697.8939 12.9332 1.9802e+04
63723.0339 10.2589 1.1736e+04
63771.0839 11.5166 8.6871e+04
64065.7539 10.2945 3.5118e+04
64100.6639 12.1416 2.8601e+04
64316.9039 12.7231 1.9416e+04
64590.2339 10.4444 1.4434e+04
64634.3539 18.8494 3.3912e+04
64720.2440 11.0078 2.9958e+04
64824.5340 11.4642 3.5757e+04
64979.0040 11.3598 3.9154e+04
65045.7940 10.9422 1.4685e+04
65055.7740 10.3335 1.4888e+04
65071.0640 15.1691 2.1683e+04
65173.5940 14.8590 3.8547e+04
65262.6140 19.5449 5.6469e+04
65334.1040 10.0281 2.1196e+04
65432.9940 10.9969 2.3923e+04
65494.5840 13.9514 3.2474e+04
65529.6940 14.5547 3.7484e+04
65637.3640 16.5012 3.2904e+04
65668.0140 16.0825 2.8169e+04
65756.3540 10.8058 2.4496e+04
65777.2640 15.3284 3.1607e+04
65884.0840 13.3432 2.8043e+04
65984.1640 20.9711 5.4724e+04
65984.6440 11.5737 4.6261e+04
65994.4240 11.1393 3.5360e+04
66209.7240 11.6235 2.0448e+04
66299.2340 10.2880 2.6987e+04
66312.9740 12.5588 3.5966e+04
66663.2941 10.5875 2.3742e+04
66706.3341 12.4145 4.5643e+04
66802.2341 13.1291 3.1525e+04
66820.9841 11.4012 2.1727e+04
66857.7941 16.6646 3.7754e+04
66903.4941 10.9072 1.2384e+04
66909.1141 11.0742 1.4787e+04
66946.1441 13.7155 3.8425e+04
67020.5841 11.1914 1.0894e+04
67027.8741 17.1507 1.7015e+04
67047.1441 10.8948 1.3469e+04
67097.4541 10.9883 2.6147e+04
67113.9041 11.0676 2.6386e+04
67329.3841 11.3866 1.1429e+04
67340.3641 10.8342 3.5317e+04
67343.6241 12.6716 2.7895e+04
67362.1941 17.6111 2.4040e+04
67385.1041 15.4150 2.7857e+04
67709.0141 14.5096 3.5647e+04
67836.0141 12.2284 3.3878e+04
68016.2942 12.9055 2.2560e+04
68021.3142 10.3586 4.7352e+04
68021.8442 10.3833 3.0568e+04
68051.2442 10.0771 1.8208e+04
68058.9442 10.6835 1.8232e+04
68288.8742 10.3761 8.7136e+03
68322.4742 10.3181 1.2030e+04
68367.4242 13.1993 1.8664e+04
68441.5642 16.3284 3.1650e+04
68751.8842 13.4770 1.3135e+04
68798.3042 12.3984 1.2670e+04
68836.4042 12.4283 2.2655e+04
68878.7642 13.8421 2.7506e+04
68882.6742 18.2302 1.8077e+04
68905.7842 12.4332 4.3580e+04
69165.7942 12.6273 1.7273e+04
69245.3242 11.2597 2.6257e+04
69630.6942 14.6752 4.1455e+04
69708.8443 15.9868 1.7877e+04
69950.4943 12.2497 4.6643e+04
70148.8443 12.2126 1.6673e+04
70318.0143 15.1412 2.3415e+04
70357.8543 13.5848 4.4818e+04
70369.5743 10.4542 1.4456e+04
70629.3443 11.4673 1.9745e+04
70874.6843 18.1980 4.0779e+04
70905.6543 10.7261 3.6090e+04
70977.0043 11.7344 4.0094e+04
71147.9143 12.6760 1.0703e+04
71329.6844 11.6940 2.0166e+04
71341.1344 10.7143 4.2701e+04
71379.8944 11.5324 3.7147e+04
71446.3244 11.0999 2.2104e+04
71507.8744 10.0906 2.1010e+04
71537.0744 12.1295 2.7275e+04
71565.9244 11.5773 4.6141e+04
71623.0344 15.6884 5.1391e+04
71743.6144 10.6974 2.1181e+04
71850.8544 11.1701 2.3234e+04
71947.1244 12.4109 4.1746e+04
71997.0444 12.2920 3.2576e+04
72013.5644 14.0585 3.3880e+04
72022.8544 15.3338 1.6404e+04
72156.2844 10.6115 1.2982e+04
72206.1444 16.0193 1.9682e+04
72212.2944 13.9495 1.5842e+04
72421.8944 12.0667 1.3909e+04
72505.0344 10.6874 1.5707e+04
72665.1744 15.7690 3.3928e+04
72786.1344 15.2710 4.6273e+04
73024.1845 10.6578 2.0745e+04
73121.6445 13.0831 3.1752e+04
73124.0645 11.2704 3.1752e+04
73215.6845 10.4900 3.7818e+04
73620.3045 12.6801 1.9119e+04
73717.4245 16.2169 5.2811e+04
73720.3945 13.4207 4.8994e+04
73733.2645 16.5997 4.7715e+04
73736.6645 10.5107 3.4100e+04
73816.3745 12.2557 1.6811e+04
73829.4245 10.5708 1.7362e+04
73861.8245 16.2379 4.4790e+04
73931.1445 10.7412 1.2661e+04
73989.5645 14.1990 1.2964e+04
73996.0845 10.0793 1.8988e+04
74023.4545 10.3557 1.0607e+04
74136.1545 12.4090 3.0336e+05
74302.2145 12.0871 3.5181e+04
74409.8945 12.7021 1.4461e+04
74537.0645 10.5983 1.4557e+04
74644.5646 14.1061 1.3303e+04
74735.1646 13.6803 4.0228e+04
74851.8546 15.0872 3.2637e+04
75003.2746 10.9689 2.4029e+04
75380.8346 18.5413 2.5689e+04
75475.2746 11.1338 7.6119e+04
75475.5546 22.0602 7.6119e+04
75650.2746 21.7075 1.0056e+05
75652.1846 14.5531 1.0056e+05
75805.8146 10.7749 1.5222e+04
75858.5246 15.7949 4.5154e+04
75915.2946 14.5446 4.3661e+04
75998.9046 12.4575 4.0767e+04
76043.8646 10.6143 1.4179e+04
76055.7746 15.2509 3.4115e+04
76131.0246 11.4552 3.3059e+04
76191.7847 12.0554 1.2296e+04
76238.0847 20.2519 4.9287e+04
76246.3447 12.8836 3.5108e+04
76246.8247 10.6037 1.9982e+04
76281.9747 10.2457 1.3449e+04
76310.2247 11.7873 1.5362e+04
76334.0647 11.9664 2.2880e+04
76648.4147 13.5192 3.5386e+04
76709.3047 11.2855 5.7411e+04
76779.5947 11.2553 1.6689e+04
76869.5447 14.2738 5.9284e+04
76926.2547 11.8560 2.8319e+04
76996.4747 11.8466 4.6038e+04
77621.7647 13.5870 2.4516e+04
77638.9647 14.0817 1.8106e+04
77661.0047 14.2817 1.8570e+04
77845.3148 13.5106 4.2995e+04
77997.6548 10.7214 1.9118e+04
78160.0048 10.4593 1.1279e+04
78304.4248 11.2419 1.0802e+04
78315.4448 12.5860 2.5915e+04
78329.4548 12.3267 2.1995e+04
78386.4048 15.8753 3.4266e+04
78411.9348 12.2423 3.6873e+04
78446.8748 12.5211 1.7472e+04
78479.3548 10.7498 2.7447e+04
78680.0948 11.5386 1.8162e+04
78723.3348 10.5945 1.5159e+04
78732.9048 15.3888 1.6512e+04
78759.1748 13.5667 1.5636e+04
79372.1948 12.3953 1.6715e+04
79384.6748 16.6890 2.8592e+04
79465.3349 10.6453 2.1153e+04
79583.6049 14.1512 2.3254e+04
79591.3349 16.1454 2.6332e+04
79702.9949 12.9826 3.1371e+04
79863.4049 11.4159 1.2769e+04
79909.1549 10.3303 2.9862e+04
80041.0049 10.8054 1.2048e+04
80088.4249 16.5132 2.2514e+04
80126.3949 10.7264 1.4784e+04
80189.4149 10.0521 2.4586e+04
80447.3949 10.0790 1.9632e+04
80458.0349 15.6677 1.2213e+04
80561.2649 10.0124 1.1843e+04
80770.1249 21.0826 7.0032e+04
83397.0551 12.1853 4.0755e+04
83439.1851 21.5396 1.3405e+05
83491.1251 10.0309 6.9308e+04
83496.7751 11.0389 1.1145e+05
83551.1651 12.1988 1.1758e+05
83635.8551 10.5159 4.4146e+04
83758.9151 11.6500 2.0236e+04
83920.8151 11.3995 3.1999e+04
83957.2851 10.0149 6.1717e+04
83961.0451 11.5007 5.6434e+04
83984.8251 10.9658 4.0232e+04
83993.1751 10.0655 4.1226e+04
83997.3551 16.7297 4.0575e+04
84138.7051 15.5527 5.2572e+04
84386.3152 10.5293 4.1822e+04
84394.9452 11.8079 1.1491e+05
84395.5952 17.7738 1.0940e+05
84416.6352 10.2233 2.3167e+04
84466.3452 17.9881 5.5194e+04
84500.4152 13.1807 7.2270e+04
84965.2852 12.8406 1.1464e+05
84970.6852 13.4474 3.6770e+05
84990.2252 11.9334 1.0329e+05
85032.3352 23.8962 1.4039e+05
85062.1252 13.4705 2.4311e+04
85067.5352 17.2058 1.0085e+05
85121.5852 10.5601 3.4920e+04
85135.2352 11.5854 5.1102e+04
85143.0152 10.0578 1.0704e+05
85166.3652 11.4480 7.3595e+04
85204.5852 11.7326 7.6593e+04
85208.1152 17.9631 7.6593e+04
85322.0352 16.9065 1.2805e+05
85326.8952 14.1928 6.2687e+05
85327.3752 10.7532 5.7784e+05
85358.8652 11.8096 1.2586e+06
85388.3652 10.6890 2.0119e+05
85388.9352 15.1929 1.3923e+05
85438.5752 10.3583 7.0806e+04
85607.3952 16.5506 6.9102e+04
85658.8352 16.2566 1.0936e+05
85659.3052 10.1016 9.3417e+04
85668.9852 10.3168 2.1513e+05
85669.6552 17.4288 2.1513e+05
85672.1152 11.7209 6.6550e+04
85683.6552 20.0559 8.8618e+04
85689.9652 12.8351 1.0844e+05
85976.5552 16.3819 7.1775e+04
85985.3552 10.3284 3.5480e+04
85999.6452 11.7331 4.4671e+04
86082.2353 11.0160 1.1551e+05
