3191.9101948187376 8.977278153656917 44900.66573112583
5045.980307982197 7.923328159022346 46269.07868889374
5092.170310801411 6.7000536709337375 37204.43070436194
5122.390312645893 6.502982993493355 180379.72969199525
5126.990312926655 6.2736456123451685 224370.64432029775
6806.920415461451 6.40923942821296 1487772.3408314397
7613.030464662504 6.29100309687279 35509.173424484914
7813.010476868315 6.302460820555098 45099.082439552556
7947.710485089751 6.036100744363324 73303.80291997368
8117.460495450469 6.279705600749534 53014.606904173386
8199.560500461457 7.973256570988214 34242.68533447939
9828.550599887121 6.559537088549016 27829.629311737044
16628.01101489325 7.516129197815239 71385.13977126165
17625.64107578376 6.523774665018878 34258.66565319875
19219.00117303474 7.756563814366051 188992.2226784136
20205.32123323494 6.432228097172328 58155.07572344651
23342.591424718714 6.253176167126578 94459.74389999373
27881.45170174876 6.158806983241058 73061.10515639365
28312.38172805064 6.690453248065282 48162.66425555564
29154.001779419053 7.700285725848244 109609.47112430313
29593.451806240955 6.652519330956137 54529.8582521318
31898.371946922114 6.022335070091808 61988.7243521833
32433.031979555173 6.457959925989771 53580.05222299049
32521.431984950683 7.844099502272738 677009.9251540311
32628.54199148816 6.141535749045712 289807.5519188423
35029.542138033576 6.442653312610175 186662.5192227878
35878.91218987501 6.585243331574803 58235.23501451912
35906.962191587045 7.316676020379919 91663.9738041143
36316.3222165724 6.522938577474377 178091.42245286654
37956.2623166664 8.460976029361763 154522.67033267487
40205.83245396927 6.620021000521145 132480.01978718804
40937.87249864944 6.000237300572576 63406.62334218841
41143.95251122757 7.971101203686042 188588.56329366524
41253.29251790116 7.949822046884874 157001.31702177608
41735.0925473079 6.551394574326282 147746.12586125446
41854.59255460159 7.4791732712130425 176618.03955514176
42042.40256606461 7.633056978169788 300219.2132474581
42161.01257330399 6.046801207710034 233146.25679628222
42471.64259226334 7.64106826536947 1076727.4712322452
42746.31260902787 8.73233919740787 569267.7616239014
42821.282613603675 9.111159535067001 439180.9330221723
42868.75261650101 9.13236159943989 402967.2740041133
43285.81264195634 6.8635179900482415 167450.50382349954
44221.692699077925 9.230941990996785 157666.0846127633
44235.9626999489 11.205471445274277 514844.2593380098
44718.68272941179 7.913946752349449 331385.39918471617
45384.64277005876 6.941642634043063 44631.66539642325
45441.52277353044 7.487967940086508 144795.92189843545
45614.34278407854 8.154302302434939 50536.829158467306
45667.90278734758 6.327868161035553 146559.83968613975
45762.56279312517 9.048118357781732 124332.54282591569
45857.912798944875 7.271923865933397 106579.85124351694
45978.612806311816 7.299174809321484 294492.8855700248
46350.082828984545 6.105620407964239 19049.791805983703
47724.95291289996 6.201129791212704 27957.366498464304
49555.38302462055 7.2030173532322985 47101.86231236172
49712.17303419025 7.798260605763497 32343.820907841844
50491.65308176594 10.404518466288788 72175.07735797875
53509.57326596516 7.020831324232514 16555.551149628755
55221.103370428675 6.175155030454406 12899.882228404353
55840.60340823996 6.273134843340666 10776.756130676062
56934.49347500571 6.753813976390965 12895.290183403122
57066.15348304159 7.9702148773846675 17070.770022806406
57204.673491496185 6.388922891490427 8420.698389166175
58629.46357845847 7.821199197154354 69550.83217482505
60174.503672760235 6.5261330128446335 10264.34970990584
60664.33370265709 7.259172047841871 17283.430269063094
61252.0837385305 6.484406039150737 7246.066620033968
61388.36374684837 6.097292360196784 20192.655034703905
62800.95383306603 7.0418590253354765 15087.704418737798
63766.26389198388 9.112612528254164 16361.889414023366
65491.24399726831 6.095989533771146 8869.471914296311
67572.0741242721 6.750436312224135 10340.699242717492
67612.14412671779 6.259510179344659 5578.587980448882
68155.63415988979 8.772544131177536 18702.341234250154
71469.8343621725 6.254257785473156 8171.013104433447
72121.06440192043 6.8588262057124485 13740.894744528772
75650.47461733854 8.907327983021649 62412.52537041191
75652.36461745389 8.276749267847848 62412.52537041191
76528.34467091947 8.16252945073251 10731.033815974226
77106.48470620635 6.559813666750929 12270.215774588369
77189.82471129301 6.124406176229665 6373.5181379542855
77786.29474769866 7.134573859228285 15286.922530809516
77991.624760231 6.989146696313524 7229.944671807297
78446.85478801603 7.159739334515689 18651.61924896644
78753.11480670866 7.332136778379292 8729.260816478647
78985.59482089813 8.059917313338469 10571.981620506285
79013.95482262908 10.792003151720758 48473.26045119015
80229.79489683807 10.42234386869529 46347.965977829415
80243.22489765777 8.255332672593344 109958.66002042766
82829.21505549409 6.891506019927988 16208.802734873267
83217.32507918244 6.235312498664036 10714.592902187049
84839.9351782187 6.212028423880603 22038.288559371445
85258.125203743 6.834585895575676 54357.00039344323
