        1  85.575830   27.664632     1.731    -1798.4     1320.9    -2344.0    294.0    502.8    396.6 2023  4 10 11 32 20.730  7.8   1
        7  85.563216   28.342446     0.399     4054.9      -87.9    -3676.1    287.6    383.5    696.8 2023  4 12  1  7 48.290  6.2   1
       10  85.517098   28.630237    13.742     6575.1    -5238.9     9666.6    402.7    374.3    273.0 2023  4 12 21 41 29.320  6.5   1
       11  85.573031   28.200944     1.971     2829.3     1008.2    -2104.4    237.2    227.2    212.2 2023  4 12 22  2 19.160  6.1   1
       14  85.550081   28.955943    10.129     9368.9    -1555.4     6053.5    375.2    520.1    357.8 2023  4 13 13 30 17.720  6.5   1
       15  85.575415   28.272048     2.027     3442.0     1274.5    -2048.1    422.5    305.6    487.3 2023  4 13 14 50 23.720  5.8   1
       16  85.568205   26.880617    10.631    -8569.5      469.0     6555.0    572.3   1051.4    537.4 2023  4 13 22 13 20.840  5.8   1
       17  85.572542   27.917098     2.011      379.8      953.3    -2064.6    476.1    375.5    252.2 2023  4 14  1  4 21.030  6.1   1
       18  85.576701   28.332145     0.810     3959.9     1418.2    -3265.7    355.2    456.2    582.1 2023  4 14 10  2 49.420  7.8   1
       19  85.571989   27.830884     3.682     -364.3      891.7     -393.2   1215.9    458.7    268.4 2023  4 14 12 30 44.500  6.6   1
       21  85.507454   28.883183    12.913     8781.2    -6315.6     8837.1    167.3    167.3    135.9 2023  4 14 17 47 38.000  6.4   1
       22  85.557633   28.170109     2.119     2567.6     -711.6    -1956.6    453.2    210.3    349.9 2023  4 14 17 53 12.480  6.3   1
       23  85.559692   28.148901     1.860     2383.7     -481.9    -2215.5    406.0    252.3    352.3 2023  4 14 17 57  8.880  6.0   1
       24  85.509294   28.593486    14.529     6261.4    -6110.5    10453.6    469.5    401.5    306.4 2023  4 14 17 58 37.160  6.3   1
       25  85.564771   28.114254     2.082     2083.1       85.7    -1993.4    426.7    188.7    282.8 2023  4 14 18  8 13.760  5.9   1
       26  85.506893   28.903121    12.789     8955.1    -6378.4     8713.7    183.0    198.2    153.1 2023  4 14 18  8 43.180  6.3   1
       27  85.570907   28.294462     1.617     3637.2      770.5    -2459.0    373.5    341.2    388.3 2023  4 14 18 34 50.180  5.4   1
       28  85.509115   27.129256     9.995    -6465.4    -6130.9     5919.3    618.9    585.8    523.8 2023  4 14 19  1 36.280  5.9   1
       29  85.506104   28.883276    13.019     8783.4    -6466.5     8943.6    106.6    105.7     86.1 2023  4 14 20 30 24.560  6.4   1
       30  85.588346   26.860620     7.813    -8722.4     2718.8     3737.1   1020.4   1536.1   1174.8 2023  4 14 22 44 32.560  5.7   1
       31  85.585571   28.027494     5.148     1330.6     2408.9     1072.7    764.1    609.5    400.6 2023  4 14 23 20 27.640  5.4   1
       32  85.506722   28.825122    12.639     8277.1    -6397.8     8563.2    131.1    175.5    122.7 2023  4 15  1 13  5.380  6.5   1
       34  85.525903   28.823167    10.249     8242.4    -4255.1     6173.8    312.3    343.3    264.6 2023  4 15 18 51 43.480  6.2   1
       35  85.575285   28.369659     3.570     4284.2     1260.1     -505.5    338.6    472.1    367.6 2023  4 15 18 52 26.400  5.8   1
       36  85.590438   28.228060     1.291     3057.3     2952.1    -2784.8    540.6    696.6    941.8 2023  4 15 19 15 46.160  5.5   1
       39  85.568180   27.986505     2.511      979.3      466.1    -1564.9    461.7    346.0    344.5 2023  4 16 21 25 50.780  5.4   1
       40  85.587826   28.363470     3.745     4224.8     2660.7     -330.4    352.1    570.3    386.3 2023  4 17  1 33 19.320  5.7   1
       41  85.575610   27.612073     2.463    -2251.9     1296.3    -1612.1    316.5    298.1    311.2 2023  4 17 17 20 26.160  6.2   1
       42  85.575635   27.628786     2.538    -2107.7     1299.0    -1537.4    303.4    307.2    299.1 2023  4 17 20  9 51.580  5.8   1
       43  85.575708   27.676756     2.906    -1693.8     1306.8    -1169.2    318.8    351.4    315.7 2023  4 18  1 34 31.100  6.9   1
       45  85.585994   28.400073     2.399     4541.1     2456.0    -1676.2    373.3    498.0    498.9 2023  4 18 13 31 54.370  5.7   1
       46  85.565088   27.996358     2.405     1064.7      120.9    -1670.9    413.0    228.0    175.8 2023  4 18 18  5 27.380  6.9   1
       48  85.561157   28.123582     2.189     2164.6     -318.2    -1886.6    382.7    241.4    258.9 2023  4 19  0 14 52.130  6.2   1
       49  85.571102   27.862874     3.487      -88.2      792.9     -588.7    506.0    342.0    197.8 2023  4 19  1 35 18.100  6.0   1
       50  85.573543   28.019163     2.950     1260.5     1065.5    -1125.8    401.1    199.4    150.7 2023  4 19 15 35  2.250  6.7   1
       51  85.526758   26.600358     9.286   -11040.7    -4159.7     5210.3    180.0    240.9    211.1 2023  4 19 18 38 33.960  6.2   1
       52  85.524569   26.784975    11.268    -9441.5    -4404.9     7192.0    187.2    215.9    179.4 2023  4 19 18 47 28.920  6.2   1
       53  85.525024   26.686941    10.038   -10291.6    -4353.9     5962.0    179.6    232.2    191.9 2023  4 19 18 48 40.860  6.5   1
       54  85.554810   27.440855     8.702    -3737.8    -1027.4     4626.0    787.6    848.7    548.9 2023  4 20 16 14 13.180  6.1   1
       55  85.559229   28.417908     9.090     4708.9     -533.3     5014.6    386.3    482.5    266.5 2023  4 20 20 22 20.020  6.0   1
       56  85.580827   27.981616     1.786      935.7     1878.5    -2289.4    350.1    287.7    302.2 2023  4 20 20 57 12.680  6.7   1
       58  85.509391   28.057943    14.386     1606.6    -6099.2    10310.7   1043.2    422.6    322.9 2023  4 21 14 19 56.980  6.7   1
       59  85.561979   28.494720     7.482     5371.2     -226.2     3406.2    513.4    730.0    444.5 2023  4 21 16  9 42.890  6.4   1
       60  85.561621   28.487730     8.559     5311.0     -266.3     4483.4    491.6    742.4    395.5 2023  4 21 18 39 34.600  5.9   1
       61  85.605241   26.678286    10.349   -10273.5     4605.8     6273.7   1058.4   1941.2   1121.5 2023  4 21 19 18 16.720  5.7   1
       64  85.532804   28.500220    12.141     5436.5    -3484.3     8065.2    455.1    514.5    311.3 2023  4 22  6 52 37.680  6.8   1
       65  85.568587   29.031185     9.424     9999.1      512.1     5348.3    354.5    552.8    374.2 2023  4 22 11  2 42.640  6.8   1
       67  85.559375   27.162417     8.833    -6142.4     -516.8     4757.5    640.8    902.1    567.0 2023  4 22 18 20 58.960  5.7   1
       68  85.559155   29.002338     9.551     9760.4     -542.1     5475.6    345.0    564.9    364.9 2023  4 22 19 50 41.560  5.9   1
       69  85.583195   27.428300     0.008    -3834.1     2143.3    -4067.8    361.5    611.8   1449.5 2023  4 23 11 35 32.840  6.7   1
       70  85.562459   27.710640     2.440    -1403.6     -172.8    -1635.1    329.6    324.1    355.2 2023  4 23 21  0 49.920  6.3   1
       73  85.561808   27.794759     2.401     -676.9     -245.5    -1674.2    281.3    204.5    273.1 2023  4 25 14 44 19.700  6.9   1
       74  85.529451   27.203178    10.705    -5809.6    -3859.1     6629.9    599.1    614.7    461.8 2023  4 25 15 10 40.610  6.1   1
       75  85.589396   28.246442     3.161     3216.0     2835.8     -914.9    353.3    748.2    351.4 2023  4 25 23 15  1.720  5.8   1
       80  85.587272   28.185567     4.797     2692.3     2598.5      721.0    522.5    605.8    365.7 2023  4 26 18 54 26.360  5.8   1
       82  85.588631   28.503101     1.956     5427.3     2750.7    -2119.1    560.6   1034.3    868.0 2023  4 26 20  9 19.000  6.0   1
       83  85.505811   28.634332     9.610     6619.0    -6499.4     5534.5    506.1    473.4    425.4 2023  4 26 21 59 35.720  5.8   1
       84  85.567098   27.569596     1.113    -2620.9      345.0    -2962.2    279.8    386.5    554.1 2023  4 26 23  8 52.080  6.2   1
       86  85.512687   26.596503     8.678   -11091.6    -5731.2     4602.4    178.1    255.4    248.1 2023  4 27 14 53 48.060  6.3   1
       87  85.542879   28.846399    12.164     8427.9    -2359.8     8088.9    284.0    362.5    231.6 2023  4 27 18  1 59.640  6.2   1
       89  85.558341   27.985822     3.374      974.4     -632.9     -701.3   1304.2    927.4    314.4 2023  4 27 20 33 18.600  5.9   1
       91  85.575399   27.966420     2.912      805.2     1272.5    -1163.9    378.6    152.0    191.7 2023  4 28 20 59 28.120  7.1   1
       92  85.505762   28.204218    14.204     2879.2    -6504.9    10128.5    733.5    414.9    327.7 2023  4 28 21 13 18.800  6.3   1
       93  85.594360   27.615892     3.950    -2214.3     3390.6     -125.9    340.8    534.2    302.0 2023  4 29  1 52  6.670  5.9   1
       94  85.584570   28.267096     4.091     3395.7     2296.6       15.0    460.6    469.6    366.1 2023  4 29 12 31 32.840  6.5   1
       95  85.572998   27.830562     4.274     -367.0     1004.1      198.0   1138.3    482.5    404.1 2023  4 29 13 28 28.830  6.2   1
       96  85.567936   27.650203     2.196    -1924.6      439.0    -1879.4    366.8    288.4    378.9 2023  4 29 17 26 26.440  6.0   1
       97  85.530623   26.975189     7.672    -7785.7    -3727.8     3596.4    417.0    549.5    440.7 2023  4 29 18 15 48.040  6.2   1
       98  85.570386   27.592462     1.971    -2422.5      712.7    -2104.2    203.2    284.3    293.3 2023  4 29 23  8 50.160  6.1   1
       99  85.573462   27.981437     2.377      934.9     1056.0    -1698.9    458.2    341.1    286.8 2023  4 30  6  5  9.520  5.8   1
      100  85.576538   27.633313     2.221    -2068.4     1400.0    -1854.9    210.8    241.0    191.9 2023  4 30 17 27 16.540  5.9   1
      101  85.485189   28.563558    16.087     6017.5    -8803.0    12011.0    659.6    470.0    373.0 2023  4 30 21  3 45.260  6.2   1
      102  85.557503   27.712830     2.097    -1385.5     -726.4    -1978.2    411.1    400.3    383.0 2023  5  1  7 29 28.270  6.6   1
      103  85.579395   27.721771     4.617    -1304.9     1719.0      541.7    564.6    421.9    393.6 2023  5  1 13 23 42.050  6.1   1
      104  85.558968   27.872451     1.652       -5.6     -563.0    -2423.5    516.0    324.9    330.8 2023  5  1 15  6 26.100  5.8   1
      105  85.554395   26.734127     5.983    -9849.7    -1073.6     1908.0    423.0    616.2    651.3 2023  5  1 16 50  5.400  5.8   1
      106  85.539364   26.922386     9.421    -8235.5    -2751.9     5345.8    368.1    501.3    364.4 2023  5  1 20 29 55.380  5.8   1
      108  85.595939   28.336550     3.399     3989.2     3566.2     -676.6    449.8    587.3    490.1 2023  5  1 22 32  4.940  5.7   1
      109  85.551758   26.833148    10.994    -8996.0    -1368.1     6918.8    503.1    808.9    480.7 2023  5  2  9 33  6.900  6.6   1
      110  85.580046   28.007949     2.589     1162.8     1791.3    -1486.8    406.0    175.9    168.8 2023  5  2 17  4 59.360  6.7   1
      111  85.590902   28.400901     4.379     4545.7     3003.6      303.5    527.3    699.3    492.9 2023  5  2 20 20 18.440  5.6   1
      112  85.578573   28.086019     1.287     1836.4     1626.6    -2789.0    419.6    369.6    429.7 2023  5  2 21 22 24.060  7.6   1
      114  85.551725   27.905009     2.221      276.1    -1371.6    -1854.9    526.4    381.9    330.6 2023  5  2 21 42 14.000  6.0   1
      115  85.579875   28.231187     1.911     3087.9     1772.2    -2165.0    312.7    391.0    356.5 2023  5  3  2 27 36.850  7.0   1
      116  85.567513   28.034418     2.701     1393.1      392.2    -1374.3    364.4    190.6    158.6 2023  5  3  3 38 27.220  7.3   1
      117  85.558643   28.159229     2.612     2473.3     -599.3    -1463.7    359.9    386.5    270.9 2023  5  3 17  0 11.600  5.6   1
      119  85.575692   27.555676     0.535    -2738.4     1305.3    -3540.6    230.7    297.3    623.3 2023  5  4 19 23 53.920  5.9   1
      121  85.579842   27.685738     2.743    -1615.6     1769.1    -1332.5    266.7    233.6    197.8 2023  5  4 21 35 33.080  6.1   1
      122  85.574756   27.658213     1.495    -1854.0     1200.7    -2580.7    431.5    402.2    439.7 2023  5  4 21 36 45.960  5.5   1
      123  85.531169   26.704510    10.401   -10132.2    -3667.5     6325.9    155.7    210.9    168.6 2023  5  4 23 45 54.240  6.3   1
      125  85.565739   28.258687     1.903     3330.3      193.5    -2172.8    275.7    456.1    379.7 2023  5  5  8 13 44.490  6.2   1
      128  85.558854   28.837575    10.966     8336.6     -575.6     6890.5    291.3    427.4    260.5 2023  5  5 19 58  7.160  6.1   1
      129  85.500073   28.727806     9.119     7436.6    -7140.6     5043.7    477.7    473.5    444.2 2023  5  5 21 44 59.640  6.2   1
      130  85.574219   27.757231     2.768     -999.7     1141.0    -1307.2    322.4    288.3    292.1 2023  5  6 15  8  4.530  6.6   1
      131  85.564103   27.881468     1.790       72.3       10.5    -2285.5    411.1    215.3    283.0 2023  5  7 17 56 32.660  5.8   1
      132  85.575627   27.996596     2.192     1065.5     1297.6    -1883.5    368.3    233.3    217.7 2023  5  7 21 44 11.680  6.0   1
