310.3900 16.0729 2.5715e+04
732.0400 12.1149 4.8478e+03
768.4600 12.4943 4.2861e+03
1478.4901 12.0454 3.8988e+03
1756.2701 10.0106 8.3005e+03
1858.6801 11.3645 7.3076e+03
2409.3301 11.0328 4.1852e+03
2468.5402 14.2800 8.2404e+03
2476.6902 10.0987 6.4501e+03
3711.3602 17.9707 8.5379e+04
3723.3502 10.5273 1.3370e+05
3768.1902 21.7720 5.4484e+05
3791.4702 12.4717 1.3736e+05
3801.1502 16.4303 5.7053e+04
3909.7802 10.5442 4.2351e+04
3931.3102 18.3476 5.7276e+04
4241.5303 12.0564 2.4498e+04
4256.4103 10.4982 6.0222e+04
4260.0403 11.8375 6.0222e+04
4371.8603 16.6076 2.4302e+04
4458.2903 10.9103 2.0260e+04
4487.9603 11.1608 1.8428e+04
4566.3703 11.4864 1.1931e+04
5040.5503 13.7648 3.2557e+04
5059.5203 13.9967 2.5874e+04
5153.2003 13.0017 1.1715e+04
5178.5203 10.6203 4.1436e+04
5191.4503 10.7282 3.3055e+04
5197.1803 16.0409 7.0463e+04
5237.0003 17.0849 6.1594e+04
5246.3303 12.1285 7.6244e+04
5270.7303 11.1448 5.2596e+04
5286.1803 18.9982 5.1007e+04
5293.5103 11.5194 1.0250e+05
5307.7503 13.5520 5.0344e+04
5341.2503 10.7461 1.8412e+04
5623.2303 11.9593 1.6448e+04
5759.3204 13.6518 2.3959e+04
5934.2704 11.7565 2.1248e+04
6109.9004 10.4272 1.0448e+04
6181.9604 12.1198 4.9031e+04
6184.7304 16.2468 4.7532e+04
6201.3504 11.6581 1.8767e+04
6344.3604 10.5696 3.2495e+04
6494.6904 11.5532 7.5335e+03
7083.0804 12.3525 3.0438e+04
7147.0204 10.4798 8.8822e+03
7159.6304 11.2178 7.5551e+03
7196.6104 10.9724 1.0684e+04
7294.8404 10.6840 9.1262e+03
7317.7104 10.1224 8.1932e+03
7358.3604 11.2575 8.3662e+03
7408.6505 10.2779 7.5025e+03
7449.4205 12.0496 6.7539e+03
7474.1905 11.0067 8.4900e+03
7495.9005 12.2945 7.1442e+03
7529.8105 10.1530 6.1165e+03
7712.0905 11.4328 7.5650e+03
8091.0905 10.3857 8.5972e+03
8171.1305 12.2830 8.1187e+03
8201.8705 11.8781 8.6151e+03
8665.0105 13.3052 7.8393e+04
8672.0405 19.7560 3.0361e+05
8692.3205 25.7104 6.0600e+05
8704.4005 25.0315 1.5179e+06
8726.8705 21.2955 9.7291e+05
8744.0705 10.8464 2.2835e+05
8765.3305 12.7161 1.0408e+05
8784.8605 10.5405 3.4301e+04
8795.2205 12.1001 4.5163e+04
8956.3605 10.2030 6.0445e+04
8975.2305 13.8864 5.9840e+04
9171.1706 10.0206 6.3606e+03
9208.1906 11.0963 9.8286e+03
9213.2706 11.1353 1.0710e+04
10472.5606 10.1241 9.0087e+03
11370.6807 13.3481 2.1739e+04
13801.7208 11.3434 1.1204e+04
13900.6608 11.1028 1.0062e+04
14333.2909 10.2236 2.9477e+04
17764.0111 12.8113 8.3141e+04
17764.8811 17.6600 8.1735e+04
20602.2413 11.7219 1.1838e+04
21308.9313 25.1585 3.8265e+04
24214.3615 12.9450 2.1858e+04
25006.4815 11.1353 3.3656e+04
25056.0815 13.3546 4.7602e+04
25445.2616 16.7189 5.6936e+04
25574.6716 13.7856 6.7037e+04
26531.3016 22.6655 1.0864e+05
28321.7517 10.9364 7.7411e+04
30354.7619 10.5899 8.8419e+04
30555.0419 13.3541 1.2765e+05
30707.9319 10.1697 3.8853e+04
30720.4519 14.4573 7.2534e+04
31156.5619 10.0997 1.0031e+05
31989.8620 11.2069 2.7447e+04
32025.5220 13.0867 7.7349e+04
32176.5220 14.9404 3.2367e+04
32890.1720 11.5926 2.1290e+04
32915.3120 12.7236 2.7438e+04
33232.6420 15.7056 4.6891e+04
33346.5620 14.5088 4.6766e+04
34030.3721 17.2425 3.4008e+04
34165.1721 14.5145 3.9558e+04
34191.4221 15.7216 8.4900e+04
34291.1121 15.2213 6.7720e+04
34561.2721 13.7340 3.8193e+04
34605.5121 10.4836 3.6485e+04
34912.5821 10.5503 1.7519e+04
35020.9621 10.7088 1.2030e+04
35051.6621 10.6237 3.2983e+04
35082.7521 14.1550 9.1299e+04
35182.4421 12.0881 1.6271e+05
35711.1222 12.4980 2.6001e+04
35747.4822 11.2493 1.2595e+04
35824.5722 10.8566 6.3672e+04
36085.0922 10.1445 2.4767e+04
36366.3722 10.5370 3.8419e+04
37145.1423 12.9304 8.2768e+04
37222.4023 13.4939 5.4415e+04
37260.2923 11.3747 3.2479e+04
37281.1523 12.9273 6.9818e+04
37431.1923 10.9575 2.8742e+04
38096.2723 13.9052 1.0350e+05
38113.9023 10.1269 1.1715e+04
39461.5724 15.1058 8.5740e+04
40655.8125 13.3910 5.0864e+04
41717.3225 12.7238 6.0021e+04
42830.6526 12.1875 3.0950e+04
42975.4326 10.2810 2.1291e+04
43192.3326 11.9570 1.1518e+04
43336.9626 11.5363 8.5153e+03
43710.4627 10.1503 2.4740e+04
44351.2727 10.4072 2.3508e+04
44669.1427 14.4264 1.0895e+04
46721.9429 15.3664 3.0974e+04
47237.7129 10.5381 2.5120e+04
47399.2829 10.6878 6.9360e+04
48117.7829 14.6662 1.7063e+04
48651.3130 10.6068 1.9067e+04
49865.4930 18.9089 4.7114e+04
50206.8031 10.5851 1.9200e+04
50317.4331 12.6072 1.2049e+04
50652.5631 11.7157 1.0024e+04
50752.6931 10.2886 4.6845e+04
50918.9031 10.3205 3.3832e+04
51031.1031 14.2018 2.8386e+04
51588.2431 10.6999 1.6384e+04
53670.9233 13.1810 4.7811e+03
53747.3733 10.8061 3.0912e+04
53965.3133 13.7273 6.4930e+04
54089.0433 10.2670 2.7363e+04
55117.2934 10.2148 4.9803e+04
55137.6434 12.4347 5.5510e+04
55142.3834 10.2506 4.9142e+04
55358.9634 17.1722 2.8130e+04
56094.6934 10.7174 3.0289e+04
56330.5534 12.9459 2.7433e+04
56710.5935 18.3310 3.2233e+04
56824.1635 10.8783 4.1735e+04
56853.2835 11.2234 6.4132e+04
57237.9435 13.1550 1.7477e+04
57399.0735 21.3785 8.6831e+04
57805.4335 10.3688 2.9106e+04
57943.2035 12.9664 5.0171e+03
58005.7835 10.8337 1.6074e+04
58102.9535 12.1106 2.8351e+04
58276.7136 10.0600 9.7436e+03
58439.8836 12.0518 4.4372e+04
58815.8736 10.3657 2.7550e+04
60023.2337 17.6066 4.1704e+04
60696.6337 25.6116 3.4509e+04
60729.8137 11.3282 4.9892e+03
61440.1838 20.1914 1.5891e+04
61442.7938 10.2767 1.4492e+04
61524.0338 10.8248 1.8862e+04
61542.1338 12.7501 3.0986e+04
61548.1538 10.2021 4.0383e+04
61606.7438 10.9685 6.0265e+04
61669.0538 12.1860 2.4062e+04
61719.6738 10.2286 1.6741e+04
62369.5538 26.2113 7.9241e+04
62375.1038 11.0177 7.3015e+04
62446.0038 10.5165 2.9498e+04
62550.4438 11.0987 1.5079e+04
62593.9638 10.6672 4.1700e+04
62688.5638 15.2533 2.1054e+04
62798.5538 13.8970 5.0171e+04
62846.7538 12.1658 4.7556e+04
62913.6238 18.2428 4.8250e+04
63141.9939 20.2754 3.8328e+04
63155.4539 16.4732 1.1369e+04
63361.6639 10.3661 1.6041e+04
63533.0239 12.0746 1.4304e+04
63814.5039 10.4325 2.7457e+04
63832.2639 10.5523 1.5215e+04
63847.7839 12.1234 2.9264e+04
64225.8739 12.0762 1.5879e+04
64231.8839 10.0390 4.0464e+04
64263.4639 21.2648 1.1180e+04
64585.3439 16.2643 1.1117e+04
64703.4739 10.9260 2.2819e+04
64728.4240 11.7203 1.4824e+04
65079.2240 10.8075 1.8341e+04
65130.8340 18.9004 6.7384e+04
65259.5440 13.7239 1.6144e+04
66226.2240 10.1671 5.1253e+04
66259.1940 12.1728 1.7153e+04
66389.1441 12.1018 1.7524e+04
66392.3241 10.1315 3.5410e+04
66403.2341 11.3553 2.8954e+04
66598.5341 13.3331 2.8648e+04
66722.3241 17.8053 7.2454e+03
66902.7541 19.2576 5.1703e+03
67232.7841 11.1608 2.5162e+04
67922.9241 11.0620 2.3811e+04
68354.7042 10.9045 2.2406e+04
68381.4242 10.6475 7.2452e+04
68524.5142 11.5534 5.3763e+04
68764.3342 10.1931 3.1819e+04
68829.4242 13.7725 3.6073e+04
69056.7242 14.5982 1.3163e+04
69148.7942 12.8258 6.0565e+04
69224.2642 13.9731 7.5121e+03
69410.9642 21.1090 7.1981e+03
69609.8742 11.3960 2.3580e+04
69779.5843 10.4869 3.3857e+04
69971.4543 10.6959 1.7665e+04
70005.5643 10.7442 8.1808e+03
70064.4343 13.3219 1.5453e+04
70498.5643 15.5379 4.0940e+04
70516.0543 12.5112 6.9362e+04
70632.1243 16.4242 6.0517e+04
70839.8343 12.1216 8.3070e+04
71183.0743 19.3039 2.0822e+04
71370.6944 11.0522 3.0948e+04
71397.7444 10.2062 1.1387e+04
71474.8144 12.4078 2.8485e+04
71499.4244 11.8153 1.7188e+04
71536.0044 12.5735 3.1776e+04
71554.1844 20.8030 8.4190e+04
71624.6644 12.5163 1.7579e+04
71708.4344 25.4568 4.2319e+04
71797.7744 11.7925 7.9685e+04
71798.4444 10.1252 9.8229e+04
71889.1244 10.1235 3.7549e+04
73305.3045 10.2011 6.4528e+03
76121.9046 19.0069 1.4393e+05
76123.5446 12.7626 1.2138e+05
76135.5546 10.5713 2.3053e+04
79682.3149 12.6457 1.2904e+04
79965.3149 12.3567 3.2944e+03
80849.5749 10.3786 3.5364e+03
81546.7750 11.7909 8.6784e+03
86059.0453 10.6008 9.3195e+03
86117.1853 17.8106 7.3725e+03
