733.6800447802761 7.445544596923441 24231.291697813263
990.4100604498328 6.095959467205561 47397.84750857912
1404.72008573731 6.204946305826178 27534.839154393572
2583.2601576696875 7.129016348346149 87589.949640459
3859.670235575576 6.36078932194829 660298.963409415
4884.420298121356 6.403255953529908 134332.62706449302
5068.340309346942 6.117620617071439 956821.6666351318
5856.540357454855 6.925763713377281 748768.0726982212
9174.64055997562 6.038809071007997 234318.0644514911
10523.860642325479 6.591450856058228 838503.670766535
11504.470702177166 6.044677972504483 583325.8546495237
11811.590720922286 6.897083493912069 817987.7773742771
12923.610788794604 6.3045539092123 686845.4133381156
13014.300794329882 6.832264388505534 619225.5191171354
15635.850954336605 6.015653172494842 545533.0175275775
16342.650997476258 6.272101373245294 27554.32672641823
16372.760999314025 11.0449634402144 111945.62972037277
17847.141089303044 6.012618696373653 223653.78671210108
21887.811335925984 6.1406060490740915 402706.0309663297
23686.88144573251 8.78594662627339 79301.42636275268
24911.721520490817 6.277453218709435 985455.5650370336
25244.111540778293 6.314706608593757 892090.3171406467
25847.231577589817 6.4145166189746785 42219.41784945077
25944.691583538304 8.082474880869787 62062.563113745484
26530.311619281714 11.356415816848939 659516.9940435458
26532.14161939341 7.854877631508104 618388.7464453605
28283.231726271468 10.606679610395465 122210.19475484875
30502.25186170971 6.872906218336219 314672.7951717948
31382.8819154591 6.071861575728936 873663.4729655522
32895.86200780408 8.530285006508523 117319.35591215707
33479.742043441285 6.52727698559886 843616.5814194005
33687.19205610303 6.413397392752289 97626.39767030523
36762.10224378065 8.35106539618669 97629.33323599621
38919.08237543228 6.423982998508222 65212.85491976833
38920.59237552444 7.068343139422165 65212.85491976833
39993.382441002344 7.6240924035096995 377313.28324216173
41065.252506424105 6.312907257323726 86141.13565948914
41518.26253407364 6.681840517188134 66432.8634857259
41533.66253501358 6.53399132537107 45498.80601476039
43338.45264516923 6.072101556582634 22525.746979266925
44425.30271150529 7.522086839698516 328214.8696076956
46471.03283636675 6.875247281824909 86178.14824761979
48119.242936965515 8.169851406659767 41297.287323532415
48867.74298265033 6.282531284143805 37478.967883249126
49805.64303989521 6.36638986011495 172535.60565587008
52091.273179398995 6.161255737746683 36896.844044317884
52428.1331999593 7.135239776139044 44275.24471509841
52578.56320914082 6.795395657431141 222594.01642518328
52752.00321972676 6.447233707129952 2185617.349100286
52805.63322300008 6.352239020025856 1439651.4372005004
52842.983225279735 6.016431640439189 4777400.314224791
53619.04327264668 6.20267907988197 18332.699636627076
54014.503296783645 10.83334506610292 119593.12526428941
57944.79353666953 6.389505425575856 12192.964276541425
60696.603704626694 8.67121665964776 128119.91784620665
60698.213704724956 9.664082647783383 126622.08977948244
61439.12374994652 10.078738625448887 87931.60232132823
61615.76376072777 7.248198812907848 32398.71858453782
62368.70380668358 11.635577047717142 247870.0645702532
62376.683807170644 6.845675668683093 247828.74891465536
64265.043922426994 8.80523661783518 41094.175870601204
66723.8940725033 7.008702675974311 25456.625269857825
66904.10408350245 7.08918323655406 21891.150980556507
67921.62414560694 9.178961313008028 65522.049260234635
68874.41420376064 6.0005033204352 15120.771730251665
71708.38437673244 10.149426062831624 216090.24012893846
71710.01437683194 9.760811507061316 211526.28869937666
73093.45446127042 7.217059965154118 24644.351642130572
73303.88447411405 6.495759958666896 18286.486852581533
76122.97464617765 7.759371675824142 26887.97802325967
77149.66470884184 6.37560032897628 42397.52462578532
77151.174708934 8.291616680605546 41602.72752517732
77279.20471674834 6.614418809066922 28167.626698205848
81283.284961138 6.048685221235306 254406.3308825389
85347.36520918977 8.837962640567534 77838.35163469451
