5903.000360290549 6.047922905324668 25092.557934890116
7225.910441034573 6.10118165660945 40249.83254902849
7247.660442362087 6.029077380071763 26721.121247179493
8122.650495767242 6.0378372783646475 29864.082640334138
8382.690511638824 6.84661516189152 55486.795296143566
9643.430588588293 6.434899977532942 36762.54957459273
13054.240796767626 6.659528610072017 39030.33956775779
13075.810798084156 7.258535813773955 36770.13242805399
14592.790890673272 6.690086994613064 42732.32219614058
14598.780891038872 6.7949466517038895 42390.21972338454
14774.160901743218 7.956047499037604 76587.19240328182
14845.440906093805 6.0260641964504265 22678.244517358486
14994.990915221613 6.356086861546709 40038.00262170218
15011.38091622198 8.526226004723231 86040.4083743582
15015.610916480158 7.540470905674593 81777.69379362391
15047.260918411921 6.5183262883172315 170820.89731418382
15048.33091847723 8.359724189718694 111586.63849709007
15061.570919285334 7.479744723379613 101945.52788520957
15067.800919665584 7.577006932160842 100501.68570090178
15085.34092073614 7.3217625676589355 70312.25031419322
15168.10092578741 7.989166641949392 51309.351574837034
15199.870927726497 6.314256850985734 41361.72929432188
15218.350928854426 6.773540514779033 48954.62107149442
15241.240930251523 6.53948318815849 22841.11977580975
15262.980931578426 6.575070661250766 31555.919128999307
15360.700937542782 8.361056602248029 67324.63803145697
15494.630945717221 9.352287724680219 53049.31703577613
15523.05094745184 7.930234352615097 65681.37353889098
15580.980950987607 10.263927315346953 91446.37986436373
15635.780954332333 7.6914889393102275 102378.3321007953
15637.290954424498 7.547648418697143 58708.18142580031
15642.54095474493 7.589182091618901 50979.71516566676
15693.210957837582 7.886116498711425 82739.58700659891
15706.710958661557 8.931072294734989 73689.45549350111
15711.35095894476 6.425480771998665 32432.1051426303
15727.930959956724 9.327144085488577 61571.21392074782
15751.290961382505 6.252517320119058 25290.07990299064
15756.700961712706 9.110207652510173 92073.44420724199
15810.630965004331 6.825130277248921 85181.6876481665
15822.81096574774 8.90632359433195 97494.2375209989
15831.3709662702 7.078242404065864 82295.17790668645
15845.880967155821 6.792941648160951 53991.02070255348
15885.640969582579 7.484320349292544 28868.867973417837
15906.930970882016 6.1052445324752505 113326.45245375103
15956.560973911191 6.601817503081352 59055.37683727243
16049.880979606993 10.676619294668313 91479.51453322917
16055.570979954284 6.582522659272973 99436.90912540314
16086.330981831725 6.272044655088962 42999.23449314197
16106.050983035339 6.931749664594049 53931.02795589027
16115.010983582213 7.176023201062742 59409.26479597134
16126.560984287169 6.177731323141006 34690.07914437065
16140.630985145934 8.583713117769939 59687.31156005939
16151.6109858161 6.192993776140165 62239.976259372736
16208.540989290832 8.487648336915315 73410.75492676717
16242.880991386779 6.8329582440017465 43189.880185305585
16247.250991653504 8.241380157262714 131154.04815880538
16289.180994212707 7.697825820478351 40594.37118328299
16299.610994849303 7.278577667388388 30094.693368699503
16307.780995347961 7.871168262616512 58958.865824377375
16366.600998938049 10.1888950057975 88163.73349049229
16420.451002224792 10.566195296257293 105767.03425493832
16437.18100324591 7.080588934786132 42653.90225773682
16464.341004903625 8.668341595791276 47881.51580186559
16484.451006131043 6.359181547201783 38288.4091523951
16501.041007143616 7.750228295635268 65753.60559958495
16514.53100796698 6.658297301371924 62977.344390324164
16649.64101621344 8.134287663829294 77991.06198563981
16679.351018026795 6.017208610603385 60864.56659974402
16682.781018236146 6.0399085550386475 64307.624033272245
16693.99101892035 6.314476107199483 189732.1186610149
16697.05101910712 6.738565804820337 239955.05675704818
16705.02101959357 8.156337002242696 744695.1327637282
16710.531019929873 9.545601558707528 348314.8047023242
16714.871020194765 6.330867910618868 284448.3905702291
16729.391021080995 7.554650859072878 150833.85315947182
16758.8610228797 6.929252629248418 111393.12220129608
16787.441024624088 6.336606869376826 106820.11004418737
16815.73102635077 9.083904938540213 589506.9527361421
16816.58102640265 9.34010097299906 244544.1956114917
16847.451028286807 6.621597012845959 507617.72806687426
16848.44102834723 8.152935912926402 218726.97292848027
16859.051028994814 7.597395608902514 229524.11856055664
16865.351029379337 9.342029623156371 352736.5917055193
16901.32103157477 8.218095795880794 120218.14480648593
16944.531034212097 6.271439619505744 116513.50569818926
16985.901036737123 9.342683671452507 210677.60973660598
16991.601037085024 7.6098793983442725 139475.22344143898
17002.541037752748 8.335514724208382 228928.3404436746
17014.78103849982 8.578585504243515 231777.7953870928
17017.581038670716 8.04851354485623 284229.19445810106
17026.721039228578 9.366283645750038 303979.4572335756
17043.361040244203 7.847728534169678 136018.02144353493
17053.831040883244 8.543631895785705 594495.0862572092
17074.161042124088 8.004354143232062 187705.15487360244
17080.2610424964 6.012703470911473 274602.44880550803
17092.571043247743 6.849727803699238 633613.5584846678
17145.90104650275 7.885797490733838 292952.4026483534
17181.021048646304 6.453370547199709 385611.8273662524
17203.031049989688 7.1959600624017925 447202.40764811955
17208.131050300966 6.8116055092770535 127372.19080936137
17272.141054207827 9.157949646175307 793282.642258542
17298.751055831974 7.783744674343091 326936.7024947588
17315.341056844547 9.199444273188146 654901.9850310743
17316.87105693793 7.588947557000611 343206.025798202
17340.11105835639 9.634524712679529 556767.4224033008
17340.771058396673 8.716851953291979 347831.2415131935
17386.141061165836 11.478045219694586 1259920.5549335885
17432.401063989324 8.739042613979622 194735.2545262463
17467.461066129217 6.418520441899687 231634.93102132247
17468.021066163394 7.3085912040486685 274540.62516601506
17470.80106633307 6.234072109576721 941314.635473948
17471.411066370303 6.350640209845763 757351.7025083773
17491.011067566593 10.184542820702285 240795.78633412745
17506.721068525454 7.259051160155749 164053.3388854817
17526.38106972541 9.108320556868195 1864193.3760730673
17528.921069880438 11.971291965286875 1831645.0298407862
17545.101070867986 9.138520612644491 363192.5653373461
17550.751071212835 10.893411843303817 1285896.5674252547
17556.62107157111 6.7061662077769615 465990.31600899046
17574.141072640447 10.413159196869465 327990.4758778505
17581.531073091497 6.032423720204079 339534.1540234567
17642.131076790225 6.458306241164425 69899.83973430494
17667.691078350286 6.252201764828778 66209.84879212081
17804.92108672614 8.187684324451418 55277.434210560416
17821.201087719794 7.384061323742316 48561.427179478
17825.311087970647 6.546278485191578 122221.20157751259
17846.681089274967 10.813371923671165 202156.07750087546
17848.11108936225 6.466712896923095 104950.4488770369
17856.70108988654 7.841214117735883 79724.53786376143
17880.31109132758 7.607502396183999 282059.1279346431
17881.591091405706 6.434989484138639 105882.35660397493
17889.06109186164 11.461586868524352 688738.2182944779
17959.801096179268 6.618901723314458 40222.184123598585
18037.58110092658 6.599144566306006 105660.6517447793
18055.001101989812 8.773181506892978 94528.57802660749
18070.411102930364 8.802373762937252 68319.21779445697
18074.741103194647 6.544653207065061 137754.85707594844
18093.111104315863 6.432845879380222 103717.22981321227
18099.79110472358 8.659337233883255 369982.2277049365
18142.661107340155 7.079197969952483 80906.4762673888
18229.82111265998 8.348906770413299 79552.08427124507
18286.44111611579 6.427195307196749 105011.11213354851
18318.53111807441 8.762608858924729 449966.5408689483
18325.88111852302 10.889148460735132 533426.2124236649
18332.981118956366 7.535876412296319 248136.41010352518
18342.621119544747 6.4039243056410715 336427.4371582121
18343.131119575875 9.935766625612892 310182.1322076694
18354.93112029609 11.816097448752398 401158.1572429998
18363.661120828925 9.352514158699952 168118.66487797283
18380.321121845773 6.8341243365599205 44563.230159940766
18399.191122997505 6.366333936113293 45373.52861708146
18455.37112642646 6.90304811375702 27155.28417429568
18535.441131313546 6.472389898500755 181673.28838640882
18551.571132298042 7.453053455019551 56507.72230044211
18572.81113359443 8.282282010528677 60970.82084771003
18621.721136579657 8.819242433625268 118885.95494238923
18623.44113668464 7.200784004270405 114835.40296363717
18649.191138256294 7.714071758566595 31028.26185932369
18652.82113847785 8.931336407250887 173964.98634385288
18653.361138510812 8.073918390756896 154568.23147181256
18705.671141703562 6.8565411067398 18636.78774366722
18714.651142251656 7.462729661693603 35661.938872219514
18724.46114285041 6.404793882659792 290505.43183328974
18732.14114331916 6.875881629270709 124813.78168125775
18744.95114410102 11.854339212370691 484351.56986447837
18752.441144558175 6.656843281763234 196170.4243688398
18760.55114505317 7.629602631228412 226509.15206669815
18791.471146940377 8.717237583757088 57532.96174116516
18813.271148270946 9.495592498912906 107736.86605478366
18834.901149591136 7.592957775600317 144628.6711522882
18835.551149630806 9.456727328219264 143566.7680188765
18851.78115062141 7.316903458620851 16236.995499606728
18858.601151037667 6.410216734657039 22397.47173328935
18864.6211514051 6.246740064643167 205942.07841523876
18865.291151445992 7.950485771839198 210742.434681195
18936.03115576362 7.177328982387682 41452.77831387388
21311.241300734942 6.173400290202948 18813.168476310355
26184.80159819346 6.2360345788222755 32930.064532443015
26271.751603500463 6.40118916198568 44060.89250454854
27821.99169811961 7.2365051650642656 36489.87374626889
31642.411931299557 7.537267033426574 31353.307768908984
35509.272167313975 6.173257871248571 95547.94019512791
42644.672602824256 6.008510744868154 14983.321568289657
42765.55261020218 6.3717999711401445 34790.20287401956
43383.06264789201 6.311228616776107 18591.515678978107
43981.63268442582 6.819913393384205 34879.849893134764
46721.73285166827 6.265590541552184 22784.202443587754
58003.73354026694 6.7577831429719595 94700.79296548218
58086.78354533591 7.907845743483283 767086.589130233
58195.56355197531 8.46939797851084 108033.44939752689
58207.993552733984 7.672066433003049 418406.9947450057
58234.69355436362 7.068766423758624 116226.33527008483
60697.03370465294 7.106745103499708 32033.305124759543
60698.983704771956 7.971265109603805 31950.8766736437
61442.73375016685 6.25161954663821 15637.588783154439
62370.42380678856 9.9010289264915 45825.458048830245
64265.81392247399 7.906054375149864 11808.96910804996
64587.68394211938 8.08666153002713 9251.056901587586
66724.6640725503 6.853245693962649 9294.001101071082
66905.14408356592 6.095323127429358 5432.380470850907
67921.3941455929 7.557746683313758 6478.195862612093
71708.77437675625 10.119626767791546 58145.64530529971
71710.7543768771 8.58932660336349 58093.387198646524
74806.8945658505 6.6494163603946586 11162.265726913816
76125.58464633695 7.658051708789691 17823.002776186517
77150.27470887908 7.42017189340939 11394.171046062995
77152.31470900358 7.136458453118012 10499.647639015979
77281.6847168997 9.069047415947527 10267.68107580044
84755.34517305574 7.552470257527147 8959.374484626125
85073.68519248567 6.866388738258452 18823.123477441804
85435.60521457551 6.8125065701999015 42005.91253491062
