2359.1401 12.6614 6.7712e+04
2401.6501 12.3723 1.7442e+05
2743.5902 13.1413 1.8994e+05
3174.7002 10.2688 5.7110e+04
3215.4102 10.2873 1.2336e+05
4141.3803 10.2117 3.1470e+05
4786.8303 10.0830 1.4419e+05
6942.0504 10.7641 1.4704e+05
7428.5605 10.4142 6.7236e+04
7972.8505 10.8089 5.5434e+05
8442.8905 11.5202 2.2856e+05
8443.6405 12.6957 2.2856e+05
8453.2105 10.3585 1.7349e+05
8454.0105 13.4153 1.6702e+05
8562.4605 11.8024 1.6837e+05
11348.7907 11.5529 2.5875e+06
11689.5307 11.8510 1.7814e+06
14456.8009 11.5293 2.4159e+05
14613.0409 10.0912 1.6864e+05
17752.5211 10.3017 1.3924e+05
18058.8411 10.3209 1.4212e+06
20235.4512 12.2009 2.9663e+05
21963.3213 10.6520 1.8479e+06
22602.2814 12.7281 1.5134e+06
23648.8914 10.3280 2.6119e+06
25358.4115 10.5809 1.8538e+05
25935.5416 10.4291 1.1560e+06
26684.0116 10.1821 3.4420e+05
27234.1817 12.5680 7.2306e+05
27427.9317 10.2548 1.4310e+06
27989.4417 10.8645 1.1510e+06
30412.8919 10.3783 1.9395e+05
30988.5219 11.2902 2.1860e+05
31383.9919 10.1949 7.7835e+05
31399.1419 12.0028 1.3657e+06
31814.1619 12.2340 1.7486e+05
32143.9120 12.0270 1.8561e+06
32613.8320 10.6216 3.6588e+04
33751.1221 14.2207 2.1359e+05
33981.7121 12.6478 1.2442e+05
33991.3721 11.7987 3.1117e+05
35686.5022 10.9855 7.4124e+05
36935.7723 11.5479 1.6263e+05
36936.1723 10.7441 1.2901e+05
36939.1623 10.8508 1.1812e+05
36961.1023 10.0423 1.9183e+05
36987.5823 12.2577 1.7198e+05
36990.9923 10.3417 1.1491e+05
37020.3723 15.1330 9.1489e+04
37034.6023 11.7337 1.4549e+05
37045.5123 12.3790 2.0332e+05
37072.0623 12.6473 9.9629e+04
37092.9123 10.6253 8.7609e+04
37820.3823 10.1533 6.6414e+04
39013.7924 10.8551 1.2722e+06
39545.5624 12.5487 1.4388e+05
39874.9024 10.5753 9.5571e+05
40149.3125 12.2722 1.8794e+05
40345.6925 11.2421 2.7534e+05
40714.9425 12.9640 1.7367e+05
40997.3925 11.3428 1.7724e+06
41652.4425 10.8104 9.7000e+04
41870.3126 16.5988 9.4551e+04
41933.6526 12.1124 1.3158e+05
42864.7626 11.7057 6.7664e+04
44444.5127 12.1866 3.2817e+05
45367.1328 13.6442 9.2603e+04
46520.2528 11.3935 8.3238e+04
47018.3829 14.2591 1.5783e+05
47237.0129 10.2796 1.4586e+06
48038.3229 13.3446 8.8798e+04
48050.9029 11.5120 6.9643e+04
48057.7929 10.6030 5.8716e+04
48767.1230 20.4190 1.9168e+05
51316.2131 10.6485 9.6300e+04
51355.1131 16.2006 2.1859e+05
53456.4033 10.2191 1.2765e+05
55456.7634 10.4268 1.1491e+06
56397.7534 10.5425 1.7889e+06
56607.4435 12.3089 1.9884e+06
56656.8435 12.6457 1.1136e+06
56661.3935 10.8797 1.1623e+06
56758.9235 10.4862 1.0340e+06
57576.2135 10.1226 3.3480e+06
57718.3535 12.4857 2.5608e+06
62351.7438 10.0569 1.5873e+06
62717.6138 10.2258 1.4763e+05
62869.0538 11.6391 1.5288e+06
63294.5439 10.1399 1.6346e+06
65505.7940 10.7882 4.8158e+05
66473.8141 10.0670 2.3031e+06
67621.1641 10.8678 2.7011e+05
72468.4944 17.1886 3.3432e+04
72480.1244 11.9185 1.6211e+04
72691.6744 11.0144 1.7568e+04
72749.9744 14.5221 1.8449e+04
72777.3844 13.5392 1.2334e+04
72802.4744 10.0702 1.4329e+04
72825.8644 10.0991 2.2114e+04
72827.4744 12.7727 2.8179e+04
72846.8344 11.3761 2.0009e+04
72849.6644 10.5126 1.8847e+04
73186.1645 10.5516 2.2634e+04
73270.5645 12.4137 1.2495e+04
73317.9645 10.0882 6.1566e+03
73430.3945 13.0204 8.0978e+03
73504.1845 11.3415 1.9078e+04
73527.9745 12.0128 1.7632e+04
73549.8645 12.9440 1.6195e+04
73570.6245 14.7959 2.1500e+04
73606.3345 13.8190 1.3251e+04
73678.4645 12.6402 1.0737e+04
73681.2545 10.7109 1.0831e+04
73913.6045 10.8180 1.9308e+04
73992.4345 10.7685 2.1146e+04
74072.3245 10.8278 2.1629e+04
74210.3245 14.2851 2.3486e+04
74978.0946 10.0173 1.5996e+05
75512.6946 10.7642 2.0990e+04
75634.3446 10.4521 2.6805e+04
75635.2846 16.0218 2.6805e+04
75846.9846 14.8396 1.3000e+04
76003.8546 11.1403 9.3071e+03
76097.2446 13.2368 1.7606e+04
76139.4846 10.2476 2.9991e+04
76410.2947 10.6430 1.5632e+04
76411.0747 10.3492 1.5632e+04
76422.9347 10.3076 1.4864e+04
76455.9847 10.4388 8.9655e+03
76552.0247 12.5118 8.8524e+03
76565.5147 12.7284 9.3414e+03
76715.6747 10.4674 3.0795e+04
77386.8847 14.1797 3.3513e+04
77478.8747 21.5918 3.1004e+04
77491.8047 19.0212 2.0707e+04
77519.6147 11.7803 1.0050e+04
77729.8947 11.3587 2.0295e+04
77762.6047 11.4822 1.5907e+04
77829.6848 13.3188 1.4944e+04
77994.6848 12.3991 4.6623e+04
78143.7748 10.8912 3.3585e+04
78427.5848 10.1723 1.2012e+04
78539.5848 10.3116 1.2741e+04
78562.3448 10.2585 2.4546e+04
79678.3949 10.5058 2.6053e+04
80701.1149 10.7259 1.1306e+04
80746.7849 11.1874 6.4366e+03
80753.9649 10.6728 8.6840e+03
80767.2849 10.8549 7.3610e+03
80820.5949 16.4067 1.5786e+04
80894.4549 11.0111 9.5062e+03
80902.1049 12.3930 9.8642e+03
80989.9049 10.8267 2.2965e+04
81021.4249 10.8525 1.7610e+04
81050.1649 11.9354 2.2599e+04
81051.1449 10.8731 2.2599e+04
81091.3649 10.3514 6.9858e+03
81637.2250 16.6560 2.7248e+04
81955.1350 11.0583 7.1690e+03
81973.9150 11.3191 1.1981e+04
82044.5950 12.3498 1.3174e+04
82058.6750 11.6563 1.3612e+04
82179.2450 15.8375 1.5880e+04
82233.4550 14.3975 1.1685e+04
82328.6350 10.3890 4.6977e+03
82345.6250 10.1593 1.1677e+04
82352.0050 12.6146 1.1548e+04
82383.4450 13.4406 7.0567e+03
82425.9350 16.1868 1.0952e+04
82432.8750 11.6745 1.0368e+04
82440.9050 12.9353 2.1196e+04
82458.5350 12.9493 1.8629e+04
82468.3650 10.4491 2.0006e+04
82480.9450 13.0501 2.2412e+04
82508.2450 16.2423 2.3781e+04
82549.7250 11.4055 1.1667e+04
82757.4151 14.3215 2.5244e+04
82758.9051 10.6035 2.5244e+04
84767.3252 10.2718 1.3301e+05
85674.5952 10.3717 6.6762e+05
85995.6552 11.0519 2.3211e+06
