210.4400 10.4474 6.0749e+03
1208.4401 14.9479 6.4516e+04
3010.1702 12.2699 2.9196e+04
3027.3202 10.7404 1.6189e+04
3139.5602 14.0468 2.9876e+04
4348.3003 10.9847 1.1164e+04
4562.7103 14.6358 1.1025e+04
4627.1503 12.4007 9.2775e+03
4903.9603 15.9998 2.1516e+04
5200.5703 13.5283 2.6594e+04
5207.8503 15.8924 4.2060e+04
5231.6503 10.3919 2.3911e+04
5261.1103 12.4919 4.0714e+04
5288.4003 11.4085 2.7873e+04
5309.4103 16.4496 1.3058e+04
5404.3903 19.0611 6.6869e+04
5470.3503 20.3123 1.6549e+04
5489.0503 14.3770 2.4113e+04
5512.4803 19.9383 2.1358e+04
5545.2203 19.8613 4.9601e+04
5577.2603 10.4515 7.6826e+03
5874.8204 11.0687 6.0243e+03
6759.6104 10.5459 4.4711e+03
6849.4904 13.2571 7.3755e+03
6885.4604 13.5201 5.7432e+04
8215.8705 20.0010 2.3434e+04
8218.2105 12.4083 2.1527e+04
8252.8605 12.3614 6.9009e+03
9732.2806 18.0288 2.6026e+04
10266.6106 12.3417 1.0266e+04
10293.5506 11.8578 1.0661e+04
10505.3006 10.8815 6.0181e+03
10833.1507 10.3902 4.0111e+04
10845.7507 10.6971 8.7577e+04
10848.8907 10.6156 1.0672e+05
10864.1507 22.8867 4.0354e+05
10867.2507 13.4987 1.6681e+06
10871.1107 23.0708 1.6681e+06
10906.4607 16.6222 1.4832e+05
10950.2807 14.5413 1.9190e+04
11194.7607 11.3178 9.3601e+03
11954.6507 15.9928 6.7008e+05
12087.8207 18.9448 9.4093e+05
12425.3508 12.6635 2.9688e+05
12611.9708 10.0597 8.5718e+05
12617.5508 14.6489 2.0044e+06
13363.5608 13.5163 5.0528e+04
13409.7208 20.6149 4.2325e+05
13488.2508 16.5153 4.4294e+04
13715.3608 10.2841 1.7782e+04
14189.9409 13.7860 1.9299e+04
14318.5009 10.0934 1.0895e+04
14897.7409 15.2778 2.1131e+04
14907.3309 10.5817 2.2035e+04
14930.2609 16.8814 9.5655e+04
14944.2909 10.9112 4.7458e+04
14976.7209 13.1659 7.1448e+04
15010.5609 16.6432 4.1768e+04
15092.9609 15.5735 9.6150e+04
15716.5510 13.0843 1.7905e+04
15827.3810 11.0478 2.8541e+04
19000.8112 10.7843 3.7635e+04
19565.6612 11.0389 5.5648e+04
19616.4112 13.8367 8.8908e+04
19677.7712 10.8193 2.5634e+05
19694.0212 13.0946 4.3546e+05
19729.0512 11.0956 9.0058e+04
19740.9212 10.2906 3.4262e+05
19746.7712 11.8723 8.2346e+05
19757.5512 12.0242 3.9491e+05
19765.4512 17.9418 6.0625e+05
19996.8812 10.6590 2.6694e+05
20018.2712 10.1094 8.3081e+05
20021.5112 17.6706 8.2513e+05
20057.6712 18.7778 8.4317e+05
20061.4312 11.1346 8.4317e+05
20121.7912 11.7543 4.0770e+04
20416.2212 11.0408 8.3029e+04
20433.5212 12.5296 3.5315e+04
20516.9213 11.1149 9.4122e+04
20573.1013 15.2522 4.5578e+04
20576.4313 10.2190 4.4560e+04
21309.7213 20.2224 3.5806e+04
21891.8013 10.0060 5.7435e+04
21892.6713 11.0623 5.7435e+04
21901.5113 10.9562 4.9100e+04
21933.4513 19.8155 8.3137e+05
21934.4313 11.9764 4.9333e+05
21945.1613 10.8328 3.6340e+06
21947.7613 12.6554 1.1646e+07
21950.3613 21.0529 1.1646e+07
21992.2713 12.4470 7.5900e+04
21999.5413 14.7785 2.3494e+05
22026.1313 10.4516 5.5857e+04
22141.5214 14.8976 2.1554e+05
23246.7714 11.4753 1.9120e+04
25180.6315 11.4743 9.5877e+04
25204.1315 11.5703 8.1628e+04
25209.9915 15.7592 2.2319e+05
25252.5415 11.4439 3.3230e+05
25254.0915 10.5033 3.2282e+05
25274.7115 12.6376 1.6130e+05
25301.0815 15.5342 2.9005e+04
25486.7016 16.9065 3.1728e+04
25496.8516 10.2573 5.3835e+04
25497.5916 12.5416 5.6169e+04
25500.4916 14.9389 7.7282e+04
25523.0216 15.3273 3.7999e+04
25945.3316 12.4915 1.7356e+04
26531.7016 15.5071 9.9803e+04
27015.3416 11.7684 3.9286e+04
27396.5217 10.1916 1.2869e+04
28018.8417 14.7844 2.6630e+05
28122.8517 13.9300 2.1120e+04
28399.4717 12.4930 4.4791e+04
28412.6717 10.2302 6.4662e+04
28682.8618 14.2082 2.2925e+04
28824.7418 12.1312 7.1721e+04
29697.6518 12.1944 9.7738e+04
29707.9618 12.9530 2.8040e+05
29831.3918 14.5438 3.5027e+05
29888.0918 11.3893 2.9091e+05
29888.7918 11.9702 2.9091e+05
30118.1918 11.3668 2.8216e+05
30120.5718 13.7373 2.2466e+05
32187.7520 16.0699 1.2114e+05
32203.6020 10.4865 3.9534e+05
32204.9020 11.7174 3.9534e+05
32239.7920 13.2038 2.6705e+04
33136.8620 14.5315 3.5395e+04
34310.2521 11.2389 3.7594e+04
35461.3222 10.8103 1.3012e+04
36673.5522 10.5372 1.1417e+05
37432.8423 11.2708 2.6700e+04
37488.1023 11.8980 3.1282e+04
37727.4723 25.5714 5.0092e+05
38377.1123 10.5336 5.1215e+04
38421.4723 10.3688 4.3005e+05
38423.0423 16.3318 4.2522e+05
39199.9824 13.6907 5.9395e+04
39273.4224 12.5024 3.0112e+04
39425.5924 10.0852 4.6598e+04
39754.6024 14.3260 8.8055e+04
39795.5724 16.8253 1.3343e+05
39841.3324 10.1308 2.8962e+04
39958.6524 16.0235 2.9792e+04
40058.4524 15.8589 4.0995e+04
40349.1225 17.3873 2.9366e+04
41326.8225 10.6951 1.2454e+04
41425.6325 11.1518 1.3193e+04
41802.0726 11.7963 2.2418e+04
41928.7326 13.6955 1.4628e+04
42101.6426 12.4624 1.5469e+04
42737.5526 16.1668 2.0526e+04
42795.8026 10.0363 1.0112e+04
42906.2126 10.0546 6.8420e+03
42992.2026 11.6859 1.6528e+04
43239.1526 10.9000 1.2282e+04
43406.3326 10.7646 2.3659e+04
43474.8827 11.8867 4.0017e+05
43612.0727 12.1437 1.3410e+04
43692.5427 14.4664 2.2566e+04
44348.3727 15.9256 3.4193e+04
44727.1627 12.3898 1.4310e+04
44950.7027 11.1505 7.5773e+03
45025.5427 10.7777 7.5095e+03
45034.4427 10.8061 6.3713e+03
45115.5328 17.5716 2.0819e+04
45292.5628 11.9899 2.4591e+04
46722.1929 10.1754 1.1122e+05
52830.5732 11.8682 3.1921e+03
52961.1032 20.9796 1.4128e+04
53167.6632 15.2424 3.7127e+03
53185.7332 10.0852 3.7377e+03
53451.0033 13.0646 9.2658e+03
53577.5533 16.9801 1.3897e+04
53822.6133 11.2335 3.9599e+03
54012.8533 21.3429 1.2616e+04
55359.6434 13.0033 3.1637e+04
55525.1534 10.0200 3.3798e+03
57480.8635 11.1614 2.0892e+04
57549.3235 16.1534 1.7789e+04
57703.3635 13.5728 1.7563e+04
58016.1135 10.5895 1.2315e+04
58439.5836 11.5053 6.7633e+03
58616.2736 10.0077 2.9324e+03
59676.3136 10.0027 3.2985e+03
60103.1337 12.1593 8.6192e+03
60132.8937 19.0084 1.5757e+04
60188.2237 13.2152 3.0991e+03
60217.2737 12.6466 5.7809e+03
60529.8437 13.7084 8.9794e+03
60581.5137 10.7456 5.9249e+03
60697.3037 24.9215 2.3649e+04
61329.3537 16.8069 1.1425e+04
61440.6138 11.0274 1.7959e+04
61536.4538 12.5376 6.5541e+03
61680.4938 11.3721 3.6998e+03
62101.7638 14.6322 7.4639e+03
62191.3638 11.8626 4.0180e+03
62246.0938 14.7549 2.3811e+03
62369.7438 25.0392 5.9722e+04
62375.7738 15.7117 5.2625e+04
62571.2338 16.0530 1.0846e+04
63156.1639 17.6178 6.4090e+03
63996.1539 14.0171 9.4739e+03
64264.1339 22.7858 8.8783e+03
64412.9739 13.2322 8.6444e+03
64586.2239 20.2215 5.3607e+03
65487.1940 17.2595 5.7113e+03
66530.1741 13.6385 3.2541e+03
66722.9841 19.1025 6.1749e+03
66903.3741 15.7584 5.3892e+03
66944.7941 11.2869 3.8399e+03
67146.5241 13.9196 6.0481e+03
67862.3441 11.1169 3.1977e+03
67921.0841 11.0264 1.4004e+04
68580.8842 14.5373 1.0347e+04
68685.3742 10.3633 3.2292e+03
69411.7042 13.6444 4.7536e+03
70876.2943 11.9344 3.2161e+03
71024.4143 10.0640 1.1130e+04
71256.4543 10.9690 1.8521e+04
71689.6544 11.9130 6.0066e+03
71709.0944 26.4546 3.5675e+04
72297.2444 15.1647 8.9645e+03
72456.2644 10.2589 3.6031e+03
72476.9144 21.4485 2.3731e+04
72536.8844 14.1050 4.8573e+03
72611.9244 16.7553 1.3277e+04
73750.6945 15.9920 1.5421e+04
75608.1746 13.0139 2.2860e+04
76122.5746 23.2759 3.8983e+04
77150.5047 10.1542 1.4440e+04
83023.5151 21.5376 4.7575e+04
83422.6051 19.2489 2.6186e+04
83934.7351 11.4778 7.4828e+03
85167.6652 17.5192 1.1923e+04
85177.7452 14.9041 1.4592e+04
85179.3952 11.4963 1.3751e+04
85189.9952 21.5264 2.3992e+04
85760.6952 11.6841 8.9230e+03
85768.0552 11.7765 1.2346e+04
86194.0953 11.2506 1.2827e+04
