35.2900 11.7852 7.6481e+05
653.3900 13.5618 5.1885e+04
1022.4701 11.9001 2.7762e+04
1481.0701 10.2166 1.2955e+05
1930.9401 10.2985 7.2093e+04
4376.1003 11.3898 1.0333e+06
5341.3003 10.2681 1.0831e+05
5424.7203 11.6451 1.1766e+06
6605.6104 11.0918 1.1970e+05
6683.3504 11.1409 3.3035e+05
6923.6904 11.3196 2.7326e+05
7613.6405 12.2491 4.3421e+05
7686.4805 10.4643 5.4848e+04
8421.5505 10.1131 8.4471e+04
8431.3205 10.3648 7.2187e+05
8496.8605 11.2772 3.1192e+05
10159.4606 13.1660 1.1379e+06
11069.8207 10.5845 2.4729e+05
11337.7307 12.3012 2.1104e+05
11682.0907 12.1181 1.9417e+05
12386.1308 10.0861 6.8040e+04
13180.2008 13.6320 1.3465e+05
13235.0208 11.1329 1.7418e+05
13251.8608 10.1124 4.7071e+05
13273.6908 11.5971 1.5522e+05
13279.5608 13.3013 1.9174e+05
13435.1308 11.6598 1.2297e+06
13788.1208 15.4365 1.9791e+05
13788.6308 10.7001 2.0348e+05
14196.6209 15.1548 1.4504e+05
14212.7309 14.1705 1.5006e+05
14227.6809 10.4123 2.5839e+05
14229.9409 10.5283 2.4692e+05
14239.1509 12.8050 2.5981e+05
14252.7509 12.1037 4.0610e+05
14264.7209 17.3880 3.5487e+05
14338.6809 10.7015 1.8339e+05
15134.9009 11.8300 3.9533e+04
15313.7309 11.5109 5.3427e+05
16061.2510 12.8151 1.2843e+05
16198.2410 12.8888 4.1613e+05
16214.2310 14.2804 3.0936e+05
16457.1910 10.0419 6.7231e+04
17526.1711 10.9120 2.0789e+05
17615.6611 11.4541 2.7902e+05
17836.5211 11.4330 2.9031e+05
18608.6411 11.8711 1.3578e+06
18612.3611 12.4960 1.5448e+06
18696.1911 10.0156 5.7074e+05
19337.8612 10.4050 3.0537e+05
19855.2812 11.8656 1.9358e+05
20889.6813 12.9008 3.0765e+05
21219.3113 10.1494 1.0915e+06
21286.9513 10.1062 2.7064e+05
22467.0914 11.4491 1.8891e+05
22957.2614 10.3798 3.7271e+05
24672.5915 11.8571 2.8657e+05
25010.9815 10.2952 2.3139e+05
25426.0016 10.0419 1.1154e+05
25492.8316 10.0405 1.1218e+06
27578.9417 10.0586 2.4417e+05
28151.1717 11.1798 9.2195e+05
29298.6818 10.9074 2.8516e+05
30096.3818 10.0281 1.3729e+05
30192.4318 11.7308 7.4101e+05
30218.7818 12.1408 1.2953e+06
33480.0920 12.9472 1.6817e+05
33483.6820 10.3399 2.0140e+05
33634.5721 10.1091 9.6651e+04
35917.8622 11.5923 2.7940e+05
36035.5722 13.0714 2.4132e+05
36683.7622 10.1528 1.4384e+05
36701.5522 10.2777 1.7803e+05
36705.8022 12.0937 1.5693e+05
36711.2522 11.6994 3.2344e+05
36738.7022 10.2775 4.2734e+05
36739.6322 11.4506 3.5196e+05
36770.2722 21.2631 1.0044e+06
36791.7222 11.0579 1.3094e+05
37326.1023 10.1203 2.0092e+05
38435.8523 10.0484 3.7761e+05
39412.1524 10.2324 5.9481e+04
39440.3924 11.0576 1.1972e+05
39485.5924 11.4873 9.2524e+04
39526.9224 11.0588 2.2500e+05
39550.7124 13.7882 4.6327e+05
39555.5524 10.6397 6.1286e+05
42561.4626 10.9566 2.9429e+05
42931.8726 11.4534 2.4257e+05
43007.4726 10.6949 2.1596e+05
44692.7127 11.2414 1.1434e+06
45266.5228 12.3831 2.7635e+05
47126.2429 12.2919 1.3425e+05
47678.2929 10.2981 5.5658e+04
48568.2030 17.4433 4.4373e+04
50581.2631 10.1459 1.8487e+05
52626.3432 11.9717 2.7086e+05
53391.3833 12.3724 1.3871e+04
53731.5033 10.2604 6.6474e+03
55358.8634 22.9047 4.6636e+04
55439.0634 11.0141 1.4755e+04
57094.6435 11.5730 1.0476e+04
57944.8035 11.4883 1.5142e+04
58296.9436 11.4866 7.7687e+03
59299.1036 12.6590 1.6293e+04
59676.4636 12.1533 1.7816e+04
59681.4036 10.8815 1.2597e+04
60696.5837 15.3341 1.1148e+05
60698.2237 12.0443 1.1148e+05
61439.4437 13.8898 4.7168e+04
61441.2438 10.6576 4.7168e+04
62369.4338 23.3375 1.6238e+05
62376.7038 11.3439 2.3208e+05
63157.1739 12.5282 1.9077e+04
63305.0239 10.3096 7.4134e+03
63374.7539 12.0163 1.0927e+04
63596.9039 11.5892 2.2609e+04
63787.0539 16.7159 2.2938e+04
64033.0139 10.5513 7.8562e+03
64263.4539 12.1132 4.0522e+04
64265.0539 13.0297 4.0522e+04
64914.3840 12.8469 1.6433e+04
65100.8640 10.6598 1.5693e+04
65718.2540 10.0531 7.5121e+03
66201.1340 10.4416 7.2069e+03
66399.1641 12.8667 1.1806e+04
66723.9041 12.4825 3.0522e+04
66904.2741 11.4744 2.4824e+04
66904.6941 10.4331 1.8154e+04
67720.0741 17.9279 1.5391e+04
67920.5441 11.0730 2.2888e+04
68186.6442 17.0367 1.2839e+04
68199.8842 12.5346 1.8298e+04
68666.8742 10.5307 7.8477e+03
68686.5642 12.0909 1.3500e+04
68703.5842 11.7251 6.7581e+03
69121.2642 18.0360 1.9136e+04
69132.9142 14.1059 1.6332e+04
69287.0342 11.2721 1.0396e+04
69307.8142 10.2685 1.0621e+04
69572.7642 12.5533 1.5517e+04
69618.9142 13.6219 8.7194e+03
69682.2943 20.0901 3.5403e+04
69683.0043 12.0797 2.4215e+04
69699.0343 18.6398 1.1967e+04
69709.7343 13.1246 8.3187e+03
69856.5043 18.3316 1.9225e+04
69866.5443 10.0747 1.8653e+04
70030.0043 12.0227 7.3733e+03
70092.8643 14.5398 8.6236e+03
70172.3243 11.1232 5.7418e+03
70338.7543 10.7861 1.0470e+04
70404.9143 10.4657 5.1470e+03
70424.7643 12.6389 9.2676e+03
70431.2243 10.1383 9.2409e+03
70545.8643 13.6109 9.6875e+03
70635.6043 12.0737 9.6423e+03
70693.5343 16.0569 1.6935e+04
70732.4843 17.8011 2.8887e+04
70812.3443 15.3240 1.2784e+04
70826.6343 20.4033 8.8404e+04
70871.8543 16.5425 7.0750e+04
70894.4143 14.0720 2.3277e+04
70900.5543 18.7915 5.2212e+04
70939.1243 16.2167 4.6855e+04
70956.9243 10.5429 2.6111e+04
71044.6043 16.5313 2.6460e+04
71107.1543 22.3149 4.2501e+04
71120.6843 16.1675 4.1024e+04
71160.4143 14.7170 2.5257e+04
71242.8543 12.6669 1.3779e+04
71374.0744 11.1461 5.7604e+03
71708.3544 24.9837 1.9153e+05
71710.0244 13.2237 1.9153e+05
72067.7944 14.3335 3.2472e+04
72068.4444 15.9053 3.1337e+04
72323.6144 11.7338 7.0171e+03
72557.3044 11.2815 8.1756e+03
72871.2544 13.6191 1.0517e+04
73092.2145 12.3420 7.8440e+03
73100.7045 10.9687 6.7391e+03
73308.6345 11.1934 7.4595e+03
74219.0945 12.2091 1.0886e+04
75224.9346 10.8931 6.7076e+03
75462.4446 11.2872 4.8966e+03
75474.1746 10.3341 6.5377e+03
75953.7946 10.5646 8.5505e+03
76008.7346 12.9053 1.4519e+04
76407.2947 13.5654 1.0388e+04
76486.7647 12.1655 2.2884e+04
76488.1747 12.8894 1.6497e+04
76614.0047 17.4669 1.2705e+04
76689.4247 10.2878 7.7545e+03
76795.6747 12.8079 1.1153e+04
76937.5747 21.3754 4.6245e+04
76993.4147 10.5264 6.0695e+03
77052.3047 12.6125 9.7274e+03
77062.1647 14.8869 1.9416e+04
77065.8347 12.6352 1.7592e+04
77082.5647 11.3144 6.0023e+03
77151.3547 13.2482 4.4896e+04
77279.2447 11.7037 3.0236e+04
77346.6547 12.9556 1.6514e+04
77403.6547 15.1550 2.6327e+04
77425.0847 12.0418 3.7391e+04
77427.7247 12.5775 3.7391e+04
77496.7747 18.4417 3.8093e+04
77553.2447 15.8751 1.3274e+04
77566.0847 13.5035 5.5042e+04
77588.0147 17.6149 3.7365e+04
77602.4447 13.9513 1.2961e+04
77690.7547 15.9814 9.9511e+03
77758.4547 10.7627 9.7309e+03
77804.0947 11.2715 5.9024e+03
77884.2348 12.3306 1.6105e+04
77942.1248 10.8335 5.3299e+03
78022.3948 12.9485 9.5113e+03
78478.6348 13.0009 1.0506e+04
78501.6648 12.8102 2.1127e+04
78513.3648 15.3834 8.5756e+04
78516.6348 21.2589 8.5756e+04
78539.2048 12.5408 1.3359e+04
78558.2248 12.1055 1.0534e+04
78558.9148 12.0746 1.0534e+04
78571.4448 24.3974 7.1218e+04
78597.0448 16.2389 1.9343e+04
78600.5448 14.6755 1.1730e+04
78734.1548 15.4821 3.8308e+04
78752.3248 10.3297 7.3129e+03
78861.5848 19.8733 1.1967e+04
79167.4448 12.1564 6.1808e+03
79555.9849 10.3567 5.9118e+03
79610.8049 11.2009 7.0226e+03
79695.8249 10.5120 1.3944e+04
79710.4449 10.8525 1.1049e+04
80287.9149 10.5704 2.9697e+05
80543.8649 13.8656 9.0128e+03
80581.0349 10.0645 5.4158e+03
80625.9049 10.6330 1.2432e+04
80784.6549 13.5263 7.1355e+03
80843.4949 11.3008 1.1707e+04
80869.2849 10.3273 1.7283e+04
80872.8649 10.1926 1.4372e+04
80988.4249 12.4725 1.9768e+04
81329.5850 16.0209 4.1559e+04
81380.2550 11.2977 1.1640e+04
81451.0150 10.1870 5.1556e+03
81609.0050 10.3849 6.2987e+03
82205.4450 19.0090 1.1122e+04
82310.6450 17.3333 1.0749e+04
83075.0151 10.1558 4.6597e+03
83817.0951 11.1037 1.2256e+06
84121.2651 10.4680 1.2176e+04
84282.9551 12.1636 1.6788e+04
84332.3351 12.5258 1.5837e+04
84367.0851 10.1437 1.8776e+04
84639.8852 12.5278 2.0152e+04
84930.0252 14.7706 1.5156e+04
85016.7552 10.8459 1.0912e+06
85128.6352 11.0116 1.7127e+04
85459.8552 11.0316 1.6967e+04
85684.7652 10.0305 2.2759e+04
85775.6652 12.1649 3.3025e+04
85989.0252 10.7144 2.2782e+04
86119.1153 13.8454 2.2849e+04
86261.2053 10.1090 2.0725e+04
86283.6253 16.0223 3.7914e+04
