166.71001017517153 6.948697509556016 153302.0655634745
379.010023132936 6.113644458196529 80369.57541444806
490.160029916994 8.535411662377905 104136.49904056881
700.7900427728298 6.085013480080959 86112.05469791901
745.280045488284 6.055042583488252 96533.24751540685
778.9200475415068 6.086372553195116 106945.36541214357
796.9500486419707 7.582882918744124 139572.61248156326
815.3400497644074 7.492300975888493 162559.84419648148
856.3600522680696 6.728611640972013 140375.8349355226
1021.6100623541298 6.365670723625285 90656.9967636227
1294.910079035039 6.42095363594905 151806.8179521123
1509.500092132574 7.110155568583098 245127.99248028747
1520.3500927948055 9.289902328778199 405475.41918624315
1523.1400929650936 6.644567273726523 350102.62436674477
1542.3900941400204 6.085275193931231 123907.41294869162
1546.8100944097957 8.289092413910486 302613.56215904176
1561.4300953021298 6.546556542906187 123484.92910070425
1589.3500970062314 9.739319660134473 396633.3652638037
1617.920098750006 6.965925473954628 154314.1823278291
1640.0401001001037 9.213835015889558 232906.73130094307
1648.380100609137 6.3765603095743195 181616.58475208783
1695.2301034686343 6.0632991467518735 127744.17036881814
1905.830116322639 7.445781817203727 127462.07150846455
2064.8701260296707 7.990498625416726 387808.2144918391
2066.8301261492998 6.225281109374101 216395.38806190135
2074.630126625374 7.915874687407058 298290.8799075161
2128.0901298883136 6.769164263447726 376965.99906460586
2199.810134265755 7.209116855652288 122120.43885631429
2208.050134768685 7.611233828126251 192738.2260891566
2312.2201411267174 7.8569494855600395 474456.68494916847
2426.280148088388 8.266404279986068 255574.28830963347
2436.4201487072846 6.786553790191722 238262.2392505971
2492.690152141733 7.392063960012818 335611.52015570976
2524.980154112558 6.602718148193303 154978.0620236933
2869.280175126964 6.421492896553262 417744.30830562016
2878.0601756628525 6.491587214748995 298443.6334736706
2880.4401758081162 6.250508958349376 297403.77080604096
2884.9201760815536 6.831614385741799 474516.80191968614
2899.9001769958604 6.154396126778497 400889.4207804574
2925.7601785742295 6.70054945507649 496512.82605628006
2961.7301807696645 7.376573073405812 297911.1214804928
2983.7401821130484 6.045371686370895 109957.99040233648
2986.940182308361 7.230867153720504 137789.62309100878
2993.040182680675 8.687140892062367 354601.0616684092
3042.8501857208366 6.605752420653357 633149.6221512473
3066.9201871899527 9.188093412159255 459170.1366794625
3087.800188464367 6.6899199798410445 342721.23110329674
3093.86018883424 7.001372255042733 206275.30980246284
3107.390189660046 8.240361050630712 426004.0953070331
3144.5201919262813 7.351824089275945 376538.72026468156
3147.0501920807 6.222555639595204 314631.8345278673
3158.1501927581903 7.3785318572287935 822608.8386933323
3183.540194307873 6.964200412192673 510988.11555789993
3197.7101951727414 6.1868232143898965 689911.5537606997
3237.370197593396 8.160844828944816 275490.5751310756
3255.850198721326 6.4667615303196175 115574.29748365133
3263.8101992071656 6.030045510613018 143408.656102348
3288.6902007257204 6.546691442490353 164746.35458148248
3312.0602021521117 9.654266280787391 332201.7674175262
3429.790209337781 7.793544339292196 552931.8132259058
3460.120211188978 7.075554553467401 162627.17937547297
3876.8702366253806 6.986787882195522 171958.9137203403
3892.550237582412 7.508732643199753 144889.19205426096
4593.260280350359 8.183541784191847 231330.35101354678
4598.350280661028 9.90652632344204 767147.9048060867
4630.770282639788 6.128268503233454 246237.34578211527
5656.800345263693 6.071363362774351 132917.24835737934
5985.630365333885 9.624959705281526 533862.9641527898
6041.040368715843 6.181350269857283 338727.9244183982
6180.750377243065 6.448397184837289 123373.40874432684
6184.780377489037 7.079047215219352 169397.7132746568
6193.660378031029 6.052567560766338 169484.29064258665
6302.890384697899 8.7518890586014 211348.95137225173
6370.580388829369 7.4707726560883385 210148.93259833945
6380.990389464745 7.71013295333039 265868.82972113154
6452.730393843408 6.768660205631054 534470.2218244878
6496.230396498438 6.285518059802881 250987.06006820776
6505.280397050806 8.30883829439862 1507438.2742197067
6586.220401990991 6.338648505348182 207826.709296371
6593.740402449976 7.4188140392731174 253444.36085720285
6713.910409784571 7.989120594357736 278308.91669941
6894.390420800197 8.239981919787013 441451.7699501813
6895.880420891139 6.866612384017151 321031.83651544055
7523.340459188261 7.13865391553599 131783.47827403247
7579.610462622709 6.365471970115026 109115.22687571927
7662.870467704496 7.289519594713816 149120.9997343591
7684.760469040556 6.296309250264572 154409.10996190607
7722.060471317168 7.702364886177182 268428.3223085851
7853.300479327422 6.048859027202412 198878.63462561573
7877.44048080081 7.726835169007785 383350.58160943096
7885.240481276885 6.426893483162185 286766.0661178056
8124.130495857574 7.860120532347058 356338.85138322396
8607.980525389436 6.142773153794932 146977.78307304016
8641.94052746219 8.822199491662635 235473.19975681536
8668.180529063753 6.343500698511949 187961.0160537472
8679.520529755891 6.7843250463614595 222409.15817043436
8747.940533931918 6.490569771832509 465096.0751570526
8966.610547278477 6.2312476141508215 156087.99948880414
8986.320548481479 6.064897307742174 258686.93613489415
9465.450577725254 7.989667987037688 644155.8964225011
9514.860580741002 6.01744069563369 278153.5342324001
9526.030581422765 6.019644722286639 301492.0120336046
9563.880583732946 6.15448812824552 195140.9061673675
9701.61059213932 8.157649307011399 276533.3273749766
9825.350599691808 7.04586974851235 206914.31021089433
9969.390608483314 6.654020234167967 119662.37555219444
10010.320610981482 11.280008896931749 1456163.6279815882
10020.250611587562 8.151579728254887 515931.1743132125
10039.090612737464 6.844653017620043 563960.5039498988
10162.590620275307 8.919608045462178 242734.49072375236
10302.720628828163 6.428475826868393 166788.80294622367
10437.490637053872 6.615156961739674 225003.6755462219
10440.220637220498 6.072132878212478 217261.31295226727
10450.160637827188 6.281635532432586 233802.88910923922
10459.740638411904 7.310024531802372 336313.2561400397
10475.54063937626 6.461655716098012 297500.93117768515
10510.990641539956 8.89600089243769 306964.50178411923
10550.850643972817 8.078509394179097 333638.91679751384
10572.390645287514 6.5434429803444445 211332.84885089405
10617.240648024941 7.81871540315185 218951.38408635705
10637.91064928654 8.512357307115094 292980.0745203414
10699.770653062174 7.002897743935818 192667.29628679878
10709.370653648111 8.420594799386105 208540.9675814292
10720.840654348185 6.818818746239576 282327.19232514343
10786.910658380777 6.086769429940652 113280.56232920085
10835.710661359293 7.386222065880185 217529.4455064877
10861.190662914469 7.352095249860396 235197.87904164632
11148.050680423015 7.312703251997633 220642.82624000532
11275.120688178753 8.756265310412342 352998.4178169614
11295.040689394573 6.4003468637361856 100596.18755552401
11326.750691329999 8.692958874798405 430353.7096166673
11397.89069567204 7.3992183466028045 267867.53734096943
11574.55070645451 6.022114893413031 109085.94519604107
11757.580717625777 7.856578392954686 427571.8703551902
11798.64072013188 6.552462181466944 288403.914776077
11856.600723669479 6.919882202574448 361814.7295712659
11872.890724663741 6.0816380444204245 159774.53105703427
11883.880725334517 6.187656007300521 263004.2386701432
12174.08074304692 6.506113739430582 389271.5759334579
12230.64074649907 6.245019526220442 276913.6730602377
12475.330761433763 6.330048329660287 1070145.8627067043
12506.26076332158 6.979947017749841 334045.5344863211
13054.63079679143 6.5911540918650475 385412.0557505347
13516.950825009206 6.298627291829287 213905.3804792663
13534.750826095631 7.4349885005908805 242862.00752960882
13559.140827584279 6.3565267784233495 205104.75403592188
13603.970830320486 6.435179582554859 80507.02802591544
13620.070831303152 7.4381232601504506 124049.07665895314
13650.660833170217 7.171123512401131 178541.87975553313
13708.600836706593 7.2414209461031325 359522.4751594642
14364.420876734672 6.1208347596153265 232577.19071926197
14676.300895770319 6.344344402574045 253028.25937694227
14748.080900151423 6.8596292604506495 416960.6748381187
14768.290901384942 8.318531586799315 239424.48106264867
14830.170905161798 7.502100386624962 277224.77524039196
14836.660905557917 8.019600432928348 312015.44294653815
14851.83090648382 7.768831980315115 148637.91127170413
14859.620906959284 6.088350531731123 221027.93546487266
14951.140912545221 8.55209777568194 228804.11426632758
14978.580914220027 9.552754570405579 358450.828883801
15117.090922674006 6.4452292523239985 159296.69950515637
15150.350924704037 7.627682500788771 192598.33690485376
15176.740926314755 7.163856299569969 223259.51022528092
15795.870964103453 6.42427108563296 229393.7563292718
15888.390969750426 6.197041930869058 112630.49975917254
15953.12097370123 6.112699715304337 147148.32978448077
16374.650999429383 6.722699938496692 254709.88051344655
16652.651016397158 7.4769012990727735 248712.0164525668
17229.181051585758 8.333836593977678 316335.5416480955
17244.191052501894 6.129148355663659 457243.7214715619
17254.951053158635 6.572194348175609 292541.86499368766
17596.16107398444 7.6137795556817816 892594.3632542397
18629.511137055124 6.109168440054526 831977.1688991053
18653.211138501658 6.253440891916985 822236.581079269
19465.26118806526 7.1121453664362475 230922.51907479027
19800.551208529738 6.626651162511696 116749.45793745953
20691.69126292061 6.9836722707223435 86112.54387984911
20720.681264690018 8.458531444752301 178664.1558007127
20747.351266317826 7.4569615762119135 110336.94020236071
20773.95126794136 7.696775311123005 86579.44872372584
22052.36134596932 9.881584277713625 330066.2786613076
22153.321352131432 7.016719848880409 315870.7887418608
22660.43138308297 6.204996850266672 106719.54375702063
23314.761423020107 7.665023769788385 657768.648341807
26016.51158792185 6.2812712849470165 82526.0055873801
26121.19159431101 7.304041849254803 81534.79442360887
26532.931619441628 9.34433571674814 426548.9972234004
26813.051636538796 7.163850043860484 193373.46935732831
27399.26167231822 10.403339324114974 2210991.7807248775
27530.861680350445 6.953097633879459 201582.6699794593
28256.171724619857 6.596652216239067 415470.47072841716
28347.33173018382 6.788746617532281 107866.86214584492
28460.45173708812 6.653368729527776 142670.75987148748
28656.5417490565 6.015916332879991 64000.292305575895
28692.941751278184 6.306767369427135 122217.67440787602
28777.59175644481 7.891771664294043 157290.10576923192
28833.841759878036 7.236445018203202 115701.14216868687
28846.751760666 6.394647782161744 101408.14938135023
28877.531762544662 6.978811935761391 115134.45392388338
29073.40177449962 6.0319489354391616 81717.80350628821
29237.17178449535 6.390015579542981 123253.7975295198
29406.461794827992 6.212908478195724 141161.04796665348
29449.211797437245 6.702786566692656 165832.85348589247
29991.971830564686 6.36602372151788 104640.17555940276
29996.3318308308 8.895650831711414 222390.57888279212
30205.791843615225 6.151799437763585 126391.39536464609
30611.85186839916 7.129599192713383 116656.20147014307
30742.57187637768 6.201364896119663 76989.95916840142
30909.641886574824 7.95550862387439 133940.72423436472
31281.60190927746 6.432089179514257 187580.02657377237
31426.58191812634 6.488389189123647 119797.86782590454
31440.60191898205 6.59467406706754 122112.725180743
31525.28192415051 6.010107336450103 151497.62079349338
31683.621933814815 6.561237041293814 112006.7621080529
31746.07193762646 6.003244010475779 111056.25664355262
32059.7819567738 7.8122055345332635 166999.8733066607
32334.041973513304 6.366065602643189 303648.97028178937
32368.41197561108 6.294375369984473 190443.40555027133
32425.2319790791 8.801959174429639 308379.0220060868
32673.46199422986 12.22081615919403 6257583.069173955
32996.702013958864 8.47483980952041 1472951.4693196244
32998.262014054075 8.122625062037907 699003.6626948203
33528.70204642957 7.777167732881675 3200738.9123306903
33825.12206452161 7.929479410748906 231033.40701978692
34152.55208450635 6.362578617701152 240492.13161959103
34317.382094566776 6.299942304156588 175479.32203832918
34434.682101726205 7.948808370967838 293282.341136073
34535.79210789747 6.7954133892344295 191505.60722570447
34880.56212894056 6.0012782910921505 292626.55027672375
34970.98213445936 6.333503137892428 153795.32582187207
35046.69213908033 7.021457413162382 252430.14712986883
35054.242139541144 9.428031359928244 591772.9244457794
35238.00215075697 6.0723056808780544 114044.76514542998
35460.55216434034 6.324772780151018 102777.15804431023
35479.14216547499 6.812288923415714 119431.97666472217
35505.872167106456 6.225504507393332 125320.37292761877
35534.38216884657 6.207748877272244 92405.20102143114
35640.33217531324 6.125156962859018 98391.36467007067
35648.72217582533 6.064979400319725 132287.4568174065
35739.87218138868 7.172069754357928 228525.30335743172
35754.88218230482 6.346497913375465 144442.6962435105
35766.53218301588 6.259486735290749 173780.75466501093
35810.42218569471 6.28773538018426 192528.85520520655
35993.452196865976 6.0229635328611275 169215.07466322603
36041.98219982802 6.1401590884968575 567170.2749759163
36056.86220073622 6.1056174950795 237707.72928253488
36085.90220250868 7.453208928221674 240224.86742712796
36101.192203441904 9.084950958406049 1289280.4553361146
36354.92221892836 6.152279352250509 401688.55354392476
36355.94221899061 6.360082545811048 317411.48284311563
36410.01222229079 7.196325011577343 576476.3186744549
36546.02223059218 6.203001613366132 637005.3932249228
36548.09223071852 7.498871542874424 467389.28875996574
36795.712245832045 7.458321006781017 694011.9602237093
37382.47228164504 6.612088131580156 128403.66284401361
37414.35228359084 7.135241429753595 224595.52159709128
37847.01230999831 7.092835286891665 168835.41075162205
38200.59233157912 6.533563554733055 118270.59821685632
38224.03233300979 8.95890780516449 323293.68511901965
38264.98233550917 8.297256479581964 292530.66059845896
38276.77233622878 8.233196263716376 852518.2829924233
38305.34233797256 6.470454160193305 92182.83710585232
38308.3823381581 8.44038974351938 379697.8237329793
38311.35233833938 6.887820594527101 462395.43542216584
38357.422341151265 6.642119670864869 57536.83322773653
38426.49234536696 6.990126407179581 167514.63678758772
38453.302347003315 8.089349996545666 599159.5720881985
38655.88235936782 6.999376586794811 170433.63081649898
38844.962370908346 6.903578558038368 252370.41548592344
39770.372427390896 6.3660620646544315 135316.39559025873
39798.89242913162 7.523424216852956 355899.09565254085
39851.922432368316 6.420186081399191 222209.45923057638
39867.64243332778 8.936900554492599 341413.7500812845
39961.40243905044 7.677162232419968 467349.0835841313
39984.54244046279 7.08078327861491 512715.75781236106
40008.022441895904 8.441707383775636 1161586.0335779693
40104.182447765044 6.320845254692304 770083.7523198669
40549.52247494644 7.836308610506448 243434.21857471945
40579.252476761016 7.288337651951801 129530.37112595454
40639.50248043839 8.098136895754948 154935.2753703398
40647.76248094253 6.195688522990549 246991.63960411775
40683.42248311905 6.990841642905519 266273.10743757273
40767.93248827713 9.703728896557893 417715.0266557979
40783.522489228664 6.85256306187914 142134.49450211832
40795.902489984284 6.286784316380787 119566.25349089957
40847.012493103786 6.508897996886995 149189.9848068097
41231.13251654861 7.004140252932077 143452.26011693644
41247.86251756973 10.005177996315654 607912.4318540129
41259.252518264926 6.74576063861594 125156.21192683511
41446.162529673005 6.375231479817482 146694.92348323512
42109.91257018509 6.54621677320271 155189.7312103488
42177.102574286044 6.302728861644798 307691.7095690641
42269.85257994706 6.037582880656858 100343.84991743036
42635.45260226151 6.156200835775306 198475.4168130158
42811.192612987834 6.106188983485249 269965.9418091113
43219.34263789933 6.157785855943305 1597161.8738054167
43285.11264191361 6.709921107302063 276288.6249183119
43413.04264972184 6.139176704158115 304607.01171337307
43516.89265606034 7.470725203730488 444283.678823272
43586.10266028459 7.436812329523447 244900.74552267382
43745.20266999528 6.783174889520824 235029.88041769838
43773.172671702436 7.077688396164805 153668.9277035783
43778.86267204973 8.701928662100011 231418.68795696986
43930.84268132585 7.634192667237384 337189.9193759743
44119.90269286515 8.2521255347662 338145.1423755265
44147.40269454362 6.231947512167535 300932.27018233837
44258.02270129533 8.187765991387312 268330.62024890457
44276.84270244401 6.027499774812464 473907.2337981739
44333.57270590654 7.306531725969909 222591.77380720826
44376.48270852555 7.449997026537109 315239.6993947991
44480.872714897014 7.643207326467275 305337.59256761696
44703.90272850969 7.846007637736437 198895.73074715794
44718.3127293892 6.241183079448033 116789.6698748606
44892.24274000505 8.901218773850479 195782.86317076924
45158.15275623491 6.596972010172551 509808.8088534396
45221.25276008623 10.246357857661993 776040.5213107008
45479.7327758626 6.065634718620668 118824.52465535654
45672.80278764665 6.5953411821655115 408574.7180947182
45747.12279218279 7.739120273801256 169549.99010020748
46134.02281579729 8.392860886628055 390345.40895614255
46166.5828177846 7.755907948202699 107282.65274943931
46260.032823488335 6.027067695040042 71627.99562040958
46589.162843576836 6.1498508779707075 679184.0402244007
47011.742869369074 6.150771158340797 148335.45200054772
47089.61287412188 7.766896118823594 145455.68178295065
47462.572896885555 6.484645456248807 184018.03492473194
47556.16290259783 11.58221923803588 896652.1205141951
47572.30290358294 8.526068363945448 544535.3748792218
47735.692913555475 6.489060805682232 126972.81223460635
47832.342919454524 7.773801170740841 118897.9194429534
47997.96292956317 9.065866020695518 656433.2408510596
48013.46293050921 6.444318672388544 462636.8728787648
48558.272963761774 6.93100909000278 177484.9662693852
48568.19296436725 9.23886361980773 218005.2108016949
48571.79296458697 6.338270522074269 173585.2556296162
48595.452966031065 8.7568981261209 1712666.4094500123
48849.68298154803 6.086923815135708 240892.2232260241
48934.53298672687 7.500135633589364 180624.63607179144
48999.15299067096 7.19218489837418 147173.99190936337
49009.44299129901 6.555088511218838 119042.09412998176
49092.71299638141 6.158816285397532 96385.50538515838
49383.123014106626 6.184262678778327 112267.55701573401
49520.68302250263 10.531121653976365 459174.6470501482
49737.3430357265 6.313066172358881 250866.79464151833
49987.443050991395 6.045155530556032 162168.56122910546
50351.393073205145 6.525506380118934 622645.162535411
50357.79307359577 6.869610017309724 1347735.2273712712
50490.95308172321 6.548769261393844 83909.35420464292
50526.48308389179 8.536587280263337 86896.98930587815
50546.793085131416 6.601956172032435 80254.73944182691
50744.34309718891 6.846605607798839 79829.61199800784
50773.3130989571 7.121578814530898 97813.11090833278
50789.14309992328 7.237421530344989 76620.91226499603
50873.52310507343 6.149070788437622 1112910.097608135
51052.26311598286 10.069403846274817 149725.1682202433
51250.9231281081 9.115927328407652 161359.84326956724
51259.1331286092 9.963517464110568 165113.05729032887
51309.88313170673 6.192034799250605 54527.121719814204
51412.71313798298 6.734490624667693 38508.663888531024
51427.473138883855 7.061785727307922 134283.8307526656
51428.08313892109 6.123904111606519 94484.1359577229
51453.10314044819 6.6126147442824665 60267.87495650334
51473.94314172016 6.4930123537982745 76534.35974381353
51531.08314520771 8.449934327514796 154497.9610847386
51555.143146676215 6.433140226377166 103624.7412575637
51654.053152713204 6.336003270449786 48137.638245048896
51846.3831644521 7.824445162544434 91183.37850616501
52583.10320941792 7.066273970665463 118056.89475135219
52613.60321127949 6.310134577482633 112214.58695197517
52640.52321292256 6.276609477116407 121066.85515279716
52723.3532179781 6.488246932847241 63146.582399871404
52739.273218949784 6.623489721694813 65209.5874720971
52777.42322127827 7.878877682656362 125722.6554617453
52796.24322242696 7.142513773908308 100754.64700181493
52921.37323006428 7.052087988565151 52763.83383580476
52931.35323067341 7.799969872083411 132354.983925445
52931.90323070699 6.696394465765801 132354.983925445
52933.833230824785 6.1584551191539445 158219.75535398722
53062.483238676956 10.719117365259178 92520.73249942076
53163.463244840284 6.419918242918485 94418.38927295567
53177.0032456667 9.22374313233656 139079.45235550567
53235.98324926656 6.448938709007518 28999.885656434068
53246.833249928786 7.461499201227299 82445.69495564554
53260.583250768024 6.133324808680243 80375.67810625475
53262.97325091389 6.225356206345766 92367.59199234504
53413.5832601064 7.759081546198756 131358.1345721899
53451.30326240865 7.612264946602317 79890.93898181585
53514.00326623555 6.864183500537643 46961.39204535015
53519.62326657857 7.306611775329812 113763.18884588046
53546.66326822896 6.959413143089306 82168.5456086191
53584.73327055257 10.426064204144502 99984.79162229413
53599.453271451006 7.987713471391402 115789.43735669262
53683.03327655233 7.647382669898232 42574.110927386246
53691.76327708516 9.06814820354654 152410.8949451807
53719.033278749586 6.761270280485451 60396.71434174309
53798.1632835793 6.243119169380748 102317.60104206965
53810.69328434407 7.973836278714492 179533.4914790713
54186.05330725423 6.714562629101407 111783.12376857108
54197.30330794088 9.86642730466683 89974.25843599513
54273.42331258687 8.189554446726868 61121.19178374093
54302.41331435628 6.083002505103153 64434.60441001042
54385.25331941243 6.146597123839862 51204.392916476914
54491.73332591146 6.731570094947557 47117.80523025455
54494.5733260848 7.914843821028182 159107.5346215244
54495.13332611898 7.616745914462098 147783.3213807901
54553.663329691364 7.263585432645282 69548.32369231472
54571.55333078328 7.954196287346356 248250.75080947144
54640.433334987385 7.080532015667206 60342.846706218894
54744.95334136678 7.249036318729955 80967.43780890005
54788.69334403646 7.2129707872037 37968.18103711632
54822.943346126915 7.917017688935379 40192.74792963255
54891.6133503182 6.668980597992216 54051.0976510444
54908.51335134969 6.9170454748047465 59612.167691912415
54964.0733547408 6.932292795190785 74115.56351925177
55011.45335763265 6.509189292709857 88763.22135802367
55168.97336724691 6.498522262069944 28650.486546620425
55836.94340801657 6.179241653029997 34385.3688795777
55854.093409063316 7.011533978730002 61072.917591462035
55959.853415518395 6.485908987949427 55122.376574297436
55970.63341617636 8.051579388172815 139305.9677956616
55972.05341626303 6.613316739066571 113927.92428867011
56153.09342731283 8.054267425889586 67968.36241645565
56197.33343001303 6.192596265176717 49398.71446681128
56362.12344007101 7.8570454463364 65932.33803280607
56588.40345388205 6.28010506362512 29872.85250520809
56606.86345500876 9.316266230759455 131929.72777490717
56967.41347701498 6.289903226769474 49053.0428542497
57074.30348353903 7.15008531479655 45816.33856198144
57168.18348926901 6.00539758198144 62248.038186989375
57226.12349280539 6.645928409683963 27762.3498933851
57408.643503945525 7.2569494213494 36673.14907353085
58128.963547910374 6.13884330243635 57420.53997227153
58202.85355242026 6.119453017032512 38877.57681864431
58234.863554373995 8.716068848909657 39307.88873559733
58327.54356003073 6.517616457522141 32001.72386680404
58446.623567298804 6.356066427047193 22655.14500395079
58453.76356773459 8.256097694280212 42158.77409869327
58469.96356872336 7.764631330543745 141526.9189547032
58731.27358467246 6.892318674041282 24900.053117917076
58881.54359384422 6.2678898437157935 41628.530716314046
59051.4536042147 6.945951368693246 37859.01387000159
59064.05360498374 6.131581289908131 51327.717795398945
59160.31361085898 6.596768175445881 20644.801671986697
59494.383631249 6.60033246505211 34114.1193609483
59859.81365355308 6.467872078402301 90233.92915702864
60232.70367631248 6.875144234394396 32167.00803030765
60252.443677517316 8.60174336839523 60165.46504888981
60400.123686530984 6.56768030095111 40187.76230672945
60545.87369542686 6.896967431674519 55263.306778469145
60791.153710397564 6.39624060011202 30243.923913495666
60853.28371418968 6.076444391086557 31554.791032568326
61012.333723897325 6.624084114504915 40023.91007565416
61077.073727848736 6.652223310235079 25647.950063184795
61372.72374589378 8.530824699230271 38307.18182010429
61394.90374724755 9.440741461167649 54021.86540739195
61413.29374836998 6.055808640456607 20071.17647252036
61441.623750099105 7.327140717038362 48195.14842334051
61507.513754120715 8.028158062328005 32634.397265849344
61737.24376814232 6.098998556994228 30542.288736251536
61766.83376994835 7.0838008130894625 72971.74014421126
61819.26377314842 6.527546373836756 96776.42579023265
62067.10378827538 7.042346571841239 31530.631772289176
62072.80378862328 6.575536420545149 28580.573733125715
62147.583793187485 9.261432389896482 86770.50899783998
62158.11379383019 6.995986816094968 42475.28274169103
62193.95379601769 7.033953922102979 31813.725966525362
62197.74379624901 9.554741712968285 136593.55323910425
62219.57379758141 7.076942401833856 32739.885330753383
62232.773798387076 7.512907827478919 109688.31768185849
62233.353798422475 6.353738824080726 100971.62852990678
62369.37380672448 6.593339791401308 269934.5506920902
62371.693806866075 9.982578306220498 269934.5506920902
62433.37381063073 7.218369535986375 81925.71230848036
62658.84382439232 8.75747176518408 66212.33799557388
62860.98383672997 7.0766709761207744 32828.395571418296
62899.99383911095 6.7633310485221045 63471.48265618905
63325.473865080196 7.376441272911945 135205.17712335853
63353.273866776966 7.986331152941658 96996.23286552112
63513.12387653344 8.555164790058567 131248.67216174537
63642.7238844436 8.583011128599432 112523.23958843532
63731.77388987878 6.906436198662283 78952.50982356629
63841.58389658105 6.21209640950119 36269.20492424453
63846.88389690453 6.9598265932909555 47797.56718104648
63869.90389830957 7.533212082391805 92116.63996268706
63882.713899091425 6.585759923456329 102430.90154937639
63897.253899978874 8.597372842435776 118472.46760470707
63905.60390048852 6.762069082300663 134184.96623661282
63959.623903785636 6.583715380888883 54467.362723715174
63966.74390422021 7.253485395471586 102771.23686458622
64003.77390648034 6.1292175996978475 65914.51842317874
64034.28390834252 9.761877838645484 141868.15536798773
64053.453909512566 6.017565174628821 58724.442115022095
64106.3239127395 7.156896151155423 30412.950559533376
64138.23391468713 9.754443600720533 78921.07298755289
64164.15391626916 8.248692548299482 32260.07176996702
64474.07393518517 6.62258252003094 43101.880184701346
64641.4139453988 6.05817754343342 13945.20834020909
64714.22394984277 7.704506514721914 63226.39280734586
64745.293951739135 6.91827913670297 32539.593143719692
64980.62396610254 6.725131296084096 25898.37562879623
65084.373972434936 7.776386804595168 40558.01932517459
65189.61397885827 6.408297538255759 29255.954618487125
65209.08398004663 6.031845507277857 22076.400849599857
65618.3640050271 10.874355511723483 95557.29454949479
65950.06402527247 7.00880389915658 31430.756344682246
66001.71402842493 6.039628752087332 19535.15002241973
66031.1440302212 8.48577924575581 51427.95187927887
66117.59403549768 6.646129609769887 26448.798805988758
66383.51405172815 7.223517062771439 30290.24295629122
66521.17406013026 8.28049526669412 149621.94792068267
66650.2940680111 6.825420973014515 27187.066304115793
66739.2540734408 8.783443827149348 48247.144829104116
66806.284077532 8.54640504233473 54472.38460624446
66927.26408491602 6.133988740758152 56412.10592319582
66942.73408586024 6.844452359244117 28879.126533043087
67351.35411080043 6.175570417793836 24503.929448450926
67390.67411320032 8.431693407888833 36826.42140942576
67455.51411715784 6.5204568805210315 24311.130127271306
67460.14411744043 7.652351904952777 48902.43697849777
67481.77411876063 6.4762870604042915 57258.33141250899
67483.31411885463 6.439378031330256 53932.98035925098
67493.6241194839 6.664411208087793 37693.10344763079
67496.7241196731 7.065776653876787 61950.6286752798
67499.17411982264 7.7733168590531045 94937.33755611524
67529.92412169947 7.336555232529258 39076.50514489722
67600.30412599513 7.622186901970972 61035.89538127011
67681.714130964 6.918156541438205 23402.59638402877
67715.26413301173 8.133664296818292 35970.761070057924
67742.99413470423 6.053505012126933 25003.48703124423
67770.77413639979 9.249295722669334 42516.56284566765
67777.19413679163 8.411538728410187 60836.346105939985
67922.70414567286 6.019393266651951 37882.8137645555
68131.15415839564 7.015589277217095 40017.51944092162
68138.35415883509 7.858115171706864 33678.05774240084
68215.72416355739 6.433489758358882 62470.89602134793
68216.92416363063 7.5114906865839 53565.826838811554
68242.84416521265 6.350820462465755 66383.39436805717
68243.9541652804 7.31524165677827 56460.71869381731
68265.08416657007 6.114957274854875 22942.32840242619
68339.31417110072 7.33990605396663 29067.571153132863
68451.66417795802 7.719884690179082 36803.12545114861
68789.67419858852 10.066324740613165 71646.00510604105
68928.53420706386 8.16722672609819 36809.19893653854
69395.00423553493 6.644049160750221 24216.502027513245
69564.26424586574 6.588508528113989 17609.405719341154
69593.73424766444 6.058458603606298 26985.543841514766
69626.96424969264 7.55155122698339 34972.53237929521
69679.38425289211 6.4108383289220265 49183.063204265134
69945.60426914088 6.79266100958956 22872.134767864925
69954.57426968837 7.046206907661864 131511.39686900575
70148.54428152736 6.558177844504011 23096.128108749326
70255.85428807704 6.4136949396216325 42105.56730532835
70370.22429505763 6.478697045423148 24117.39861336779
70415.64429782986 6.539815832288335 35269.61732768673
71021.17433478848 8.37260620512631 39228.434060445106
71031.40433541287 6.340873699501618 37129.570396598465
71057.9943370358 6.586625963816929 23496.898159566743
71066.51433755581 7.5754568607977 32561.516414515198
71183.05434466884 8.160742958658066 26767.26800883006
71657.49437362637 6.884931134006458 35029.84093761213
71709.85437682217 8.174198252862524 151782.32026172412
72048.2843974783 7.940722589628813 71549.07476346273
72212.24440748562 8.589085746948598 41135.785405740164
72415.63441989956 6.092833249883771 34085.77240629361
72560.02442871242 6.834146030050433 16016.026929159338
72790.02444275051 6.046289830451178 22578.347717700846
73041.17445807949 6.187138938643272 43091.779747703105
73221.38446907864 6.4450786957301975 29277.603879868202
73647.01449505704 7.090240268764154 25281.906886321303
73651.47449532925 7.455110566892495 89441.00704343396
73874.98450897122 6.458106907462989 36459.41373088081
73890.93450994474 7.610023647047141 59317.13174221338
73919.4045116824 6.209935716348696 58389.08648615951
74142.66452530911 8.526882329382802 62215.11974179672
74341.71453745816 7.471647822794845 35538.065726198394
74464.01454492276 7.589449479694863 72969.12727413108
74486.49454629484 6.114306867396739 17799.750841000423
74572.59455154996 6.123230508801858 30094.320007761497
75001.15457770719 6.532901640695985 28586.690580494556
75141.98458630277 6.122420288568906 64835.46245214184
75144.83458647672 8.490375337127707 50116.04241990338
75269.98459411527 6.233806163745657 22975.71704304312
75448.27460499723 6.34089776041125 18543.21383368224
76003.54463888823 6.774585235928549 25243.43534179501
76233.60465292998 7.40615030550133 31252.69222816223
76295.59465671354 6.119864965701858 43306.79854552988
76548.82467216947 8.1623418004307 62916.97424469983
76750.48468447782 10.10704978003295 72031.77165888023
76762.16468519071 7.5419728220489946 23209.947877974257
76777.81468614591 8.422191686494102 45182.21664478461
76809.06468805326 6.978937716794305 48465.917478652605
76820.85468877287 7.284808052160205 26346.45819084196
76850.04469055448 7.743904737537214 37908.068171761566
76864.09469141203 7.464375585360618 21260.003360082927
76872.73469193937 9.863293637320973 58331.617107475344
76935.1646957498 7.303276152666114 19535.980254129772
76962.7046974307 6.242623957345548 20568.86617190433
76991.24469917265 6.80487423414755 19835.958378161733
77002.46469985746 6.505823808855056 26605.80942598394
77011.29470039641 6.959070218113029 31152.581853136868
77151.25470893888 6.532264981110898 25604.629239895294
77203.98471215727 6.112630485782304 16042.936035616229
77226.06471350492 6.3614694058824135 12388.013207059013
77234.31471400846 7.67891135022055 47072.84907831645
77244.02471460112 7.47577291543352 43147.36099903513
77387.39472335172 8.199557137239202 54068.41796448405
77421.7547254489 6.395859327800378 28006.397536979486
77470.4547284213 6.7210072626112 22919.53177804314
77803.37474874113 7.235413937984254 32156.518634762408
78120.61476810393 6.597385402600739 31088.39776049726
78146.33476967375 6.6773920275512895 30770.986613491135
78415.3247860916 6.933593859819942 34316.8866864288
78447.31478804411 7.111355038476145 46303.08859638502
78473.82478966216 6.185529860375725 37912.967098239504
78499.2647912149 6.178928964254365 27201.35454011575
78568.85479546234 7.704458136731895 34536.570135653616
78601.07479742888 7.13790671570685 38399.62280579106
78683.2948024472 6.00142439057605 18871.916731670175
78745.84480626494 6.19152294652152 50130.81021641284
79004.90482207671 6.460726256490184 15387.151227024317
79085.33482698577 6.966763767771115 41691.05819371901
79088.27482716521 6.017691450210013 52906.624683796064
79104.80482817412 7.400526197886419 32007.58227064003
79112.33482863371 6.550377405453472 23140.48414793207
79153.364831138 6.1328088718756275 18322.81657297843
79165.46483187651 6.669094149404836 32896.64345789663
79261.29483772551 6.653911050526141 28840.604722747077
79277.61483872161 7.202844149169805 22449.773461548313
79400.63484623015 7.0253804836724045 58866.042783748926
79462.82485002594 6.343640318750745 42398.99084438685
79497.55485214568 6.669163100683657 34224.14724109695
79501.91485241179 8.095444852364698 98284.61167697152
79553.0248555313 7.521617793549393 109482.85363707438
79599.23485835173 8.51606839499 80745.78866111716
79609.02485894927 7.62578203012574 34945.74481495931
79677.1548631076 8.819616625117023 79502.60631691672
79759.76486814971 7.990862719720983 44537.59155506639
79911.3348774008 6.373028030678098 19747.116415786397
79958.63488028778 7.343825015515177 21834.52246387919
80002.82488298492 6.685133035959816 54175.08719577002
80069.0748870285 7.08082115062092 70779.15020789855
80229.99489685027 9.57873883052613 63735.55264468847
80294.82490080719 6.008477467618824 37041.050362565584
81127.30495161773 6.517753385349765 36996.826786865444
81129.08495172637 6.016213990829545 23089.351512061752
81328.43496389374 6.275003012624828 31322.35779106041
81349.86496520172 8.73352085404329 43349.18844144552
81420.99496954316 9.350119460552856 68770.49115625376
81508.38497487702 8.490170917731788 33323.25206893137
81592.32498000031 7.892593632777343 46127.63983569485
81760.63499027313 7.832989668084659 69803.45366218593
82197.97501696624 9.955706369125624 77272.17015312376
82226.89501873139 6.462295987052064 22472.88710773786
82311.85502391693 7.275959157825855 35868.76490844887
82360.09502686127 6.3013245072020485 12330.864847304234
82408.5150298166 6.0664153560846765 18628.36323315919
82433.39503133515 6.104342140340992 56265.54220275458
82457.80503282501 7.425276944405513 30514.71299715038
82464.77503325044 7.776469685450258 64407.12427843256
82467.71503342988 9.539812117342972 212269.26511571146
82486.71503458954 7.062190387963718 102037.30977140595
82597.13504132905 6.28277296030801 52202.01951288809
82751.42505074615 6.953780687615969 25265.513255621558
82804.36505397737 7.058047925487656 58496.15905890382
82934.94506194734 7.748970706911949 37744.55441834658
82999.46506588532 10.615741193126706 208798.57437975443
83001.3850660025 6.091836900995204 124992.59095219737
83059.01506951997 7.784283545845649 99764.15073617327
83077.14507062653 6.0140299904812915 52946.28348544251
83081.40507088654 6.826599143445255 157646.60378474233
83176.86507671296 7.563031293770321 72648.1771020091
83193.68507773957 6.0499020256786356 79193.87525476473
83221.42507943268 6.278730939179389 114114.15439506802
83304.86508452546 6.932684081889884 130256.8024381361
83327.3150858957 7.019378969173859 172858.57916915903
83503.31509663789 6.529608928421421 75097.65118107581
83536.98509869294 8.272836015738193 55603.561720985075
83553.52509970246 6.0939393970973175 41684.97540091323
83584.44510158966 7.223137455151744 68174.04227088958
83635.78510472321 8.94342757206895 72202.16455521647
83773.88511315217 8.658557785270562 34718.11992626755
83864.90511870758 6.400562655911445 27547.15360921864
84061.8851307303 6.158733639980975 278124.83871356037
84121.10513434479 10.482807800292308 169295.8813574586
84164.93513701997 6.276834842160681 54882.93954300372
84198.25513905365 7.685103799627108 96089.9439177325
84328.00514697297 6.81877701400946 50541.73187059206
84406.93515179047 7.492731517984706 98526.1795266884
84927.80518358186 6.458797356191472 32051.770679661906
85363.97521020357 6.094518416225327 63470.10917345547
85542.00522106966 8.109578247605508 49994.064541223546
86190.75526066622 6.394311659241763 267828.84493003256
86226.9752628769 6.512368172685773 137072.36734950732
