1379.9900842279103 8.409370440583258 18453.188004360094
1485.50009066773 7.54462566565367 42453.26242467576
2088.1901274530105 6.157966396771205 279275.38833498856
3549.140216622328 6.5868567163161575 21416.589143773806
8135.510496552154 6.2782040639797625 417630.53235477925
8856.550540560946 12.51086627807913 1504907.964724515
8858.490540679355 8.906822022748386 1390045.7142670227
9838.530600496253 7.371912258839541 14820.018847012656
11734.07071619084 7.73785346030997 27838.892390845238
12455.120760200241 6.204043307760908 17899.809904099606
12512.080763676804 8.211330066938293 20916.704205159072
13107.430800014086 10.298232637241595 780294.7140670037
13108.870800101977 9.12370490169621 567112.1320932154
16792.13102491034 7.338412546845243 32242.48343185397
17119.351044882267 6.456229977045835 129773.3264823828
18879.99115234321 6.503480299749633 21743.046412404205
22363.52136496102 6.003317152100995 54841.919642769135
23234.251418106167 6.8248212556347685 32535.47625234563
23761.931450313197 6.795003844214621 19840.78966528224
24840.231516127413 7.5485004933092315 16660.92030063029
26322.83160661814 6.123084768026501 38873.56328512545
26928.571643589577 6.141153757355327 166627.8623750895
27330.961668149517 6.690644348348874 14467.01153974
27416.10167334605 6.5892289761109275 31704.025007013377
28187.041720400495 6.642708410268706 20550.235264615836
28972.18176832164 7.945137463905588 46687.6379071177
29029.121771796985 7.636317133354559 68677.78791900774
29038.38177236217 6.345253690046217 71542.92454663345
29631.621808570668 7.030926332906601 28376.84802413115
29721.8818140797 6.689386967168373 79398.59484218719
29747.72181565685 7.95523032332766 26269.70038166284
29828.861820609243 8.266241119174177 44220.45746578705
29876.36182350841 8.494409850435716 32682.103709385516
29901.87182506542 6.626398157749005 23398.297490118886
29912.591825719715 7.386034574892825 43790.78910853949
30428.29185719555 6.85354754119466 76970.36169660425
30448.27185841503 6.988616139329533 68327.87880335478
30565.711865582998 6.499918287303995 60357.25510897164
30649.86187071911 6.443654689268663 29701.363558296063
30723.331875203363 6.362175808785062 55968.209413589
30756.611877234613 7.444294190799722 78934.71439868234
30792.541879427605 8.15239006041717 74458.29883886444
30920.041887209587 7.404624765057129 94662.70576601928
30948.27188893261 6.341468930079842 122984.21522205281
30994.111891730463 6.096323677401101 186505.77135990578
31010.751892746088 8.990253658213087 96230.03812336837
31044.63189481396 6.256785472895134 115035.81508997647
31056.501895538448 7.262904911408335 115860.4651324044
31109.061898746455 7.720593190573831 99256.40849537615
31127.491899871333 7.021516180220652 75268.03188297464
31139.421900599482 6.139663417593868 130619.67228676625
31170.751902511714 9.575337924796692 138802.79623476646
31270.301908587764 8.633064513654512 59064.28200507096
31337.2819126759 6.004320885399838 38971.16244532805
31364.181914317745 9.112032110906869 58053.92891292708
31468.081920659297 6.447862111839295 55196.46042562882
32010.50195376599 7.889671467792607 56294.85996093188
34384.38209865613 6.674125808552107 25259.330319601446
37116.992265441426 8.168265585305774 44116.022618272
37930.832315114276 6.09811629039593 286183.0643070572
38491.48234933364 6.270080364046312 11031.073203994882
39141.15238898635 9.17600673389791 96448.66933016438
39232.36239455337 6.775381536294092 18579.427640004196
41949.202560376136 8.532084871574869 49958.22156822256
42124.342571065834 6.550433235557164 26758.305765311554
42302.80258195817 8.8569697879176 38270.57954412207
42332.042583742834 6.509813804318305 16373.513674943644
42401.72258799576 6.7816911789204575 32808.924639319965
42460.36259157486 7.214769537420611 17702.50542400976
42591.38259957169 6.441452909348027 29278.883814861238
42657.57260361161 7.660838257133313 11994.001121849862
42843.7226149733 6.177337063376956 11630.593513563263
42869.96261657486 6.6062248821354705 23479.63602027736
42944.10262110001 10.408726826093936 24480.098749769448
46743.64285300554 7.443567925136916 35985.78085244811
47320.39288820757 6.747960047694834 21717.234864566955
49093.21299641192 6.788003067861641 11035.550697851559
51546.0431461208 7.610909793622822 6227.13113459528
52255.003189392286 6.3419527478698505 8485.648170519058
53360.073256840406 7.238531779426661 4539.154531929275
54134.373304099936 7.437184200480083 4032.0535036021975
54201.653308206376 10.130794063470281 12781.522792549309
54654.44333584249 8.537058613868886 10024.950335409765
57250.533494295254 6.8401057354222266 4139.801821518336
60059.863665763165 6.207451388129837 6280.9128140817
61213.59373618126 9.850000940515791 18118.93646698433
62804.65383329186 8.305273184506241 8267.509862306122
65001.933967403194 6.126483515502153 21827.964992578272
66172.55403885218 8.380042383413592 22848.85618301906
67041.32409187769 6.827505039945766 42192.93234885424
67087.95409472375 6.133746542610515 17032.88462493333
67414.09411462977 6.9940806900640915 21206.717886579674
68920.57420657802 7.077727184295884 29139.44511987829
69541.28424446315 8.352198349656788 30246.76157181325
69682.52425308376 9.649246952088086 32537.765550153097
71130.51434146205 7.172265733353257 12321.527921413535
71542.04436657985 6.3619246888098795 30417.341676047436
72293.9544124728 7.2109687326538285 24810.646645042627
74295.5645346414 6.508604597364097 11811.096471328963
76135.34464693266 7.158476911422094 7715.905944208604
79004.66482206206 8.520323588155756 10816.275391915693
80225.98489660553 6.5395396518689095 4379.634094357599
83119.73507322602 10.458325338771802 62585.3780987649
84662.59516739473 6.529643579086544 10846.45634924988
84694.6551693515 7.8926023575954956 14567.219584126264
85091.1051935489 7.344121959358429 12835.238944211824
