1952.8401191919017 6.972841190701239 62607.31436046371
1971.220120313728 6.392417298780516 107211.33425653068
2890.3201764111436 7.321411850777615 44119.421635307095
3154.800192553723 6.980353195203021 62216.78396105145
4015.6302450946196 6.9405665436768595 76491.23583075771
7806.450476467925 6.313762497388728 32173.783633291194
8856.330540547518 9.80676912346047 2151305.3820183077
9712.280592790563 7.633828432014448 39996.28738306906
9865.890602166175 7.038412437501209 80795.1766764204
13107.970800047045 11.486240156123458 698382.4032230022
16429.74100279181 6.188932053136926 35448.89772894054
16586.361012351135 6.54699307040389 33633.503965408505
16633.861015250306 6.745952709189848 33616.4099474436
21968.601340857014 6.0968023669777995 32935.357793316645
21984.541341829918 7.516418124027733 41364.16196645711
22088.571348179405 8.450255251005972 254793.6871976068
22114.491349761436 8.65079144484955 188280.52507229487
22486.071372440878 7.418143316736368 43018.93854581095
23234.68141813241 6.188996706591105 62457.05829480756
23711.231447218717 6.873287525554536 24152.80288554792
26832.871637748514 9.432915892398784 476729.2696435835
26906.291642229713 7.504576554408619 774094.061829937
27547.751681381327 6.132863876102531 144711.95710592173
29929.301826739615 6.124147620056058 32148.357470761126
30579.01186639477 6.615701475663283 33567.02536549494
30811.301880572624 7.8363796064988955 77704.63997377522
35451.81216380689 8.733179959048565 101467.76951367625
40341.32246223892 6.934470478700791 55871.086303263866
43649.62266416154 6.215745774676499 158967.44769503982
44399.422709925704 6.938904908254406 362628.166265538
44553.42271932511 9.282900170217149 100447.01421536737
44600.642722207194 6.485362648912125 56945.813169081244
44751.80273143327 7.053507588749011 41586.19284094763
47558.39290273394 8.648451804873757 50780.1287085535
48393.682953716 6.371782579670627 33249.21788192897
49814.773040452455 6.113805826635882 26260.88475377251
49817.893040642884 7.4026036750114255 78862.37573298428
49879.11304437946 9.234420625697084 73098.72032127748
50385.29307527423 6.963346792562816 31711.16185611625
52693.20321613789 8.247927511349202 29137.13188775453
53917.33329085286 7.739527159891289 70047.57950155681
54820.59334598348 9.125852568823818 150887.44862921073
55335.07337738485 6.80256068953124 29171.3590942834
56391.53344186606 7.551360363501954 20071.204864956584
56470.20344666769 6.60518838390064 38125.247391101526
56717.08346173605 6.085965599858339 22325.549662912294
56767.9434648403 7.4168001560177235 24974.24727588602
56805.38346712546 6.052479931831844 14926.811052115077
56956.06347632223 8.415631189197686 45191.305804813834
57036.97348126059 7.5381703685091175 35311.81316991524
57172.43348952841 9.871586409669938 42857.53221473786
57191.02349066306 9.667910918120244 346374.0116694991
57498.05350940268 9.855637708205538 37731.927595430585
57535.01351165854 7.629880879174349 20463.69048071587
58104.41354641196 7.287362637527156 17823.84955917066
58230.70355412009 7.324239304531285 34240.55454002472
58301.123558418185 8.65605237983387 45420.90801978791
58503.69357078208 6.725868473477506 13763.91344667335
59554.283634905005 10.442101564009864 128865.12660350392
59634.32363979026 9.645872911253809 15600.976561078973
59755.16364716575 6.750908259405638 27218.86684744933
59781.34364876365 6.426251810012872 35425.785466714246
60228.573676060405 7.121330003518034 21690.066314471544
60487.23369184776 6.937425276084815 7914.545092474987
60557.213696119 8.079032170400701 27657.41692102408
60608.69369926109 6.395460794358917 17641.913563352737
60618.463699857406 7.73047354045589 9663.162814726174
60666.7637028054 9.44646888070737 15178.83810745268
60709.15370539268 8.328096939392859 24395.167492852266
60758.0537083773 6.040787765022147 20562.661243227456
60775.74370945701 8.555430403490638 109975.37388316804
60975.04372162132 9.903445088057898 62152.37307404538
60983.46372213524 8.08914218119302 173705.73906033757
61011.793723864364 6.549731841554636 141556.1906547058
61012.373723899764 7.263958808864221 141556.1906547058
61012.86372392967 10.273303613630922 138437.637799262
61029.53372494713 7.114613599724259 42952.826266482574
61048.08372607933 6.790253847295861 113087.187753002
61056.38372658592 9.31515012193429 54389.23529228727
61065.043727114484 9.737375749655063 166940.40040219185
61105.98372961327 8.442845341952475 23346.566784950548
61129.34373103904 6.9497930895899085 47490.936289750694
61154.263732560044 6.9363292799726946 37785.42715798187
61168.9037334536 6.594788024067959 76097.96970213621
61176.893733941266 6.875011087056067 52949.57994114939
61186.423734522934 9.806855290917833 311093.22619917156
61283.29374043541 7.238686756305357 26483.898678477468
61437.15374982628 6.945417755666428 9494.074287010815
61566.0437576931 8.118139343326837 16283.186076665925
61633.39376180382 6.432687451288604 26419.150716346772
61718.34376698876 6.533803882371981 11680.865872109489
61913.1337788778 7.100932973161982 14686.370496372223
61976.6037827517 11.717171387376375 105870.32757779192
61999.06378412255 7.184521265330578 33623.44533163315
62060.6537878817 6.700626045716514 15964.107636421837
62098.02379016259 8.500988721286038 27506.827007209355
62137.67379258263 9.678510421497421 28824.079902221234
62146.98379315087 9.05638809409612 29535.995384200287
62183.86379540184 6.021814947773122 8393.870960790915
62282.433801418076 9.681236973602394 23620.729799640478
62392.66380814598 6.750408702480518 22760.870023590443
62411.57380930016 6.06027066843827 15700.154301492761
62433.943810665514 9.031897014670687 122861.31571986352
62459.89381224938 8.028344997195278 87537.90371477742
62485.3238138015 6.681374074755592 12947.40561938591
62516.76381572045 6.335738908223205 16277.17285908184
62553.67381797326 10.642674274516958 69326.80419154445
62600.34382082176 6.671085421406867 72773.7459798588
62629.323822590566 6.266456925082064 78867.32077449281
62656.933824275744 7.09768040675273 77018.14280862463
62668.99382501183 9.620911135512888 603959.2496299148
62694.153826547474 6.225610380573435 22271.564972220225
62717.6538279818 9.525903306527109 117103.05628848645
62746.83382976281 10.38349829486819 40305.07499080747
62766.7238309768 7.323943179084052 24901.117801703625
62802.973833189324 9.240645709585623 35663.68929052564
62904.5838393911 8.005302833550296 50225.62815327612
62922.07384045861 6.443722229328395 14575.633473120546
62939.17384150231 7.480874556115065 28429.277929892414
62967.233843214955 10.394360678186953 47340.27387332175
62979.1538439425 8.049907007628162 47991.07814450733
63035.91384740685 9.199643610596642 77447.41994998042
63312.90386431298 7.232714225574866 23249.84232718195
63322.183864879386 6.860512958499093 16435.542607635965
63423.703871075675 6.50994278023404 16823.13311747927
63563.263879593746 7.862434885097415 49925.5697481824
63724.6438894436 8.701893545239832 20311.398152039397
63776.533892610714 7.237877832634765 26299.60207568222
63803.44389425317 10.229638610840873 46882.61195843445
63812.29389479333 9.719632727594384 87428.24897027033
63852.20389722924 6.068776976697321 20685.46199794105
63905.43390047814 8.998045972688184 40229.05968993021
64378.433929347775 6.439937276661894 21857.201517804308
64636.99394512903 6.829377870181499 28241.59068732773
65856.41401955653 6.562484705201965 49095.04945000619
67408.64411429713 6.125354762806902 18595.376902386186
67695.51413180628 6.5498895987074635 27806.59364700084
68412.67417557826 6.309410673686387 15651.317932858456
68889.12420465847 6.082508056397315 22633.113699838814
69465.51423983852 7.751267177501279 27779.578333488927
69579.08424677028 6.635781688319113 17711.380165506434
69753.74425743068 7.219857228666848 15396.764976312386
69916.07426733851 6.3332327656565885 14682.52866801263
70222.5842860464 6.813197969372657 39391.555208083424
70236.75428691127 8.678106864455852 38382.77774107915
70370.59429508021 7.273407232712749 223640.4221758808
70412.73429765223 10.684726028963647 124116.7553288983
70423.6242983169 10.594445503542348 149607.7368642878
70428.24429859889 7.053984544383728 79600.85549767526
70466.64430094264 8.667128752159094 63977.25220362051
70481.36430184108 6.141879818930753 28956.092355167577
70484.28430201931 9.735870283438574 143121.52020126855
70489.71430235072 8.000620023712374 123435.43001383549
70664.4443130154 10.152905939650468 140582.15583503543
70918.61432852871 10.476950833030712 363442.5558161446
70981.34433235745 7.951487652081185 55543.92906145712
71044.99433624234 6.0379430962968055 22619.61906234969
71161.92434337917 7.657903845838815 66761.00625978435
71377.77435655361 7.032383980741601 17740.306948837482
71439.09436029628 7.464765899268564 19458.470088242884
71451.49436105312 6.498910695528583 24420.21284340347
71560.67436771694 6.251263731398744 17600.46095913405
71576.51436868374 6.221626007439108 22102.75561473081
71614.46437100002 6.335325444548307 35753.337777991044
71778.63438102017 6.694068621547562 64990.5615228854
71870.07438660122 7.4535853002145425 32315.578707932487
71902.02438855129 7.036561778629269 25371.679247808144
71983.90439354886 7.377461216533291 43667.822303658526
72173.55440512417 6.319153590464331 22888.07090952663
72504.95442535123 6.345454795399412 17520.721572203005
72569.48442928982 6.412500375666235 20546.17018930896
72725.5744388168 6.600482964158025 29551.564996571502
73037.8844578787 9.578034250866336 56075.09758832831
74728.554561069 6.210036238429394 12016.166239919767
74822.5445668057 6.167051984278495 8798.258740931427
75165.34458772856 6.4153636730958095 16422.17369397131
75247.78459276029 6.059709216538421 8121.154557686616
75385.70460117827 6.439660251673989 13396.838041657762
75399.44460201688 6.593846134937085 21154.189301092792
75407.9646025369 6.525832781709848 30189.184883189766
75465.42460604398 7.566923193354952 28301.942258568055
75505.26460847563 6.0338542069936585 20693.55952014787
75528.97460992276 7.607152051785496 19181.42039883738
75703.39462056852 9.171176738543947 37794.08092483023
75760.5646240579 8.915851270648025 48767.874900361494
75883.29463154875 6.439055676569146 12182.909039173903
75891.1746320297 6.029427305656141 19896.912243489034
76542.83467180388 7.984250930068764 19824.726662706973
77024.8147012216 6.396333789282665 12336.554997143741
77349.54472104154 6.067328338076554 16432.928790618447
77360.73472172453 10.657942985695586 57265.49411453405
77487.26472944731 6.385017760903432 22643.249251685193
77494.8847299124 6.428598262313473 45294.0885048388
78409.16478571562 6.405650136492729 14021.2962088044
78489.16479059844 7.59729267821231 14559.602753418669
79484.51485134978 6.017749751825877 15166.071996587763
79775.72486912383 7.713545391661006 30724.665604734455
81228.0349577658 6.5823951843031345 11038.473433948166
82123.1650124002 8.767795413861197 148260.89982334303
82277.94502184723 6.202322798212712 11096.301523014054
83120.72507328645 6.649592430502039 28614.104112162397
83203.53507834076 7.770066304053807 22442.089249833974
83772.4751130661 6.281863443344716 18133.734125720952
84292.63514481415 7.824949412203798 34548.78773829349
84370.32514955598 6.565201230150923 18952.769844188788
84376.56514993684 6.161409255144267 24358.2789234573
85291.50520578034 6.3807653670854485 41059.536923756015
85340.00520874055 6.134131913597543 32378.177802894847
85400.65521244233 8.20586310346394 49629.736430694036
85482.82521745759 8.07407139353189 119985.90645917896
86234.72526334993 6.146934894581299 25871.3336835794
