846.7500516815217 6.94619235594727 30010.813772680744
890.2100543341097 6.286470046648701 18186.568673011094
1007.4500614898719 6.6184467811675765 6841.798121789294
1025.4400625878945 6.400273364685574 6541.033465508783
1877.13011457093 7.468009221497174 14403.277331908354
2145.8301309710773 6.0117501109809774 7768.697514352068
3496.130213386854 7.716990452311717 14473.2820758546
3512.060214359144 9.352910407199024 28170.56879189166
3543.740216292738 6.942406863073703 8226.046396920257
4019.150245309463 7.091218521124199 16190.587361040187
4063.910248041397 6.097662128794941 15001.226319399551
4079.770249009415 6.9913686920480025 11543.564812342729
4297.300262286393 7.266928772676175 8124.210508681032
5816.210354993308 6.901658030030771 23962.77465832225
6342.070387089257 7.1873951189767675 26023.785152408615
6559.970400388818 9.224045617667157 46828.109218528385
6566.0004007568605 6.124640707868125 25041.686942180862
8857.420540614046 12.530734220873883 1132130.7140485013
8859.990540770907 6.91181725635348 1132130.7140485013
12757.96077868413 6.789814821749998 5824.653004078293
12834.110783331957 6.776187674329134 27169.5577921277
12836.290783465014 8.442021787575326 19862.74588545784
13095.900799310351 6.344135304692943 9414.803958545976
13108.160800058642 11.249163112283012 967022.9524208048
13110.130800178882 9.691857769089781 964022.251408309
13225.860807242481 6.6211368337063465 13334.624743327875
13240.810808154956 7.883547644487776 26915.99968481422
13263.66080954961 8.711194165970372 34994.44137833247
14750.56090030279 6.8528188469707425 35300.77585936213
15660.320955830137 7.767690849848373 9885.952689508538
17201.33104988593 6.470997413441395 11455.546666186752
17227.051051455754 8.976665472025646 19896.465619653944
17893.99109216254 6.7630059756458145 68687.22680961556
17899.971092527532 9.826042361307401 68687.22680961556
17912.231093275823 10.799845471045101 333876.9853873876
17923.281093950263 7.533987231451536 87603.7554969962
19178.411170557323 6.854871974666906 5311.747963259655
19650.7811993885 7.715041862971769 8799.338581690017
20132.80122880867 6.601067687842803 6581.420489777494
20162.601230627515 7.684049398141023 11554.637393443449
20167.501230926588 6.8058144765088615 16182.209534579708
20536.061253421707 8.615742617133213 28787.779657184918
21675.161322946857 6.216624924331159 9816.762927217298
21953.08133990975 6.059838886448174 12834.551597806418
21984.4313418232 6.868461569985773 14636.123582350137
22030.291344622274 6.723587194137062 14764.951672112833
23235.381418175137 7.679630617484452 37051.99858859783
24402.511489411103 6.5955120879734235 7475.877353390669
24666.061505496917 6.639739979012517 16887.451723773687
24914.08152063486 6.353185513165238 154586.85302157435
24950.501522857758 9.554124476746795 319664.6534405358
25010.111526496064 8.622532960346698 162875.87045224564
25114.551532870577 6.193194439873309 285260.58988136105
25194.32153773935 7.98433756127774 96199.40758641361
25324.631545692842 6.03037473141308 110500.33371331835
25377.821548939304 6.676978641099549 324019.38724486425
25531.041558291112 11.102407779344691 178358.29213694728
25775.86157323374 6.030394199888722 33880.84966286461
25940.03158325388 7.4979015229363455 29527.581226193415
26300.541605257666 7.252096541272976 54432.8301927791
26448.5716142927 6.3674818741935875 56242.971941093005
26653.681626811624 9.297978824838733 106837.052937244
26855.23163911326 9.944155444591637 123531.08078779075
26883.63164084666 9.609581558809193 92145.83055336446
26984.95164703074 11.31611602933537 210136.7173478432
26999.281647905373 6.962503660288255 252787.44623326874
27384.51167141795 10.030751832484611 149144.45778241009
27569.97168273753 6.618924092961481 231610.3934120444
27591.64168406016 6.647812187035391 57369.41961862454
27828.891698540752 9.67476064070179 509234.73307021265
27886.2217020399 8.026843694343412 168235.70741132207
27984.891708062238 6.152607697570584 247147.08069950432
28060.5917126826 8.234405360981386 85754.46558759296
28106.751715499984 8.798366822463812 371085.61855527206
28185.971720335187 9.927848286342417 155136.0661332151
28211.281721879986 10.0729431208361 114547.18785907155
28412.941734188338 6.020275229337469 66203.44399127709
28574.28174403575 7.106766518557519 53682.994991942316
28584.531744661363 10.761585695088568 184453.09285679748
28695.371751426497 7.930439748560927 78271.6568302601
28962.47176772899 6.294974563007343 141067.63721688246
29136.461778348497 10.013815210985017 157040.72374970643
29330.23179017528 8.191137777608128 337314.97985860653
29349.621791358753 7.206405148113022 203146.01880092674
29503.021800721544 6.69864382002986 214298.59397036783
29574.091805059314 10.47896709132805 170984.94353338942
29853.691822124743 6.962999259855474 52972.29516051114
30360.32185304699 9.24303155187127 140888.74853484554
30455.551858859366 7.080437052186335 138577.08917150417
33295.372032188236 6.842553880834328 45188.764218824705
34897.97213000318 6.250751372783972 17913.08293965042
35070.56214053724 6.33340311747736 37044.0538001203
35465.37216463453 8.81236268765994 121978.0433600141
36862.792249926286 7.315553947926973 56375.81398586057
37448.69228568678 7.821061601324304 12127.64826238445
37459.83228636672 6.413764305718901 26579.63777888627
37508.792289355 8.828367843679974 23544.2688383572
37543.952291500995 6.151889127436178 39646.12683311262
37829.21230891188 6.3024104127061005 26872.882051743276
37883.752312240744 9.338342298612337 180004.61334002885
38313.772338487084 6.576591858535441 50343.33258494981
38684.452361111595 7.066660704266283 64846.756612543686
38807.35236861282 7.745068071555564 23391.720938622148
39002.52238052505 6.060307723386687 23304.735685622865
39151.72238963149 7.199484381575659 18859.862474321475
39578.562415683744 8.044221102239247 298295.8284747876
39862.91243303909 6.451833100906212 173791.46384836873
39975.35243990188 6.414025017546621 68270.56750288622
40537.182474193265 9.415715043948424 61068.78481879597
40555.872475334014 9.916477226393031 100154.96107501411
40567.70247605606 10.827154110247099 158451.1162875236
40596.262477799224 7.783292311941896 55400.345730409084
40994.29250209305 6.580346294832615 47571.10843281413
41017.4325035054 7.637981800193206 71851.25175071684
41231.99251660111 6.626657456685864 55953.49051427453
41287.74252000381 9.242632238616215 142453.4120736023
41372.58252518204 8.438396222357174 80827.16822844802
42735.97260839677 11.9862990736806 456080.26714660384
42989.25262385575 6.1491465740258615 406094.5675503929
43004.52262478776 6.100651813947563 186667.47123737715
43130.482632475745 9.72112979468458 243845.2650887291
43182.972635679485 6.591470030791827 421926.22811689705
43264.962640683756 7.860956076512534 249901.99783797027
43283.06264178849 8.474087434051302 184788.5884889824
43378.25264759843 6.671397038982482 126086.05741790493
43417.32264998307 7.561790712351704 150068.8241746505
43442.692651531535 7.989367925656403 327087.63356486283
43472.98265338029 10.334737142808013 185840.58207824902
43501.92265514665 7.444245785690471 78331.60994149184
43578.192659801796 6.033331790562303 99517.09618120117
43611.67266184525 6.349091892639607 100154.00798149011
43626.19266273148 6.606383068570491 131668.2420384258
43692.222666761634 6.156889070262425 70390.3941283767
43700.81266728593 8.491940493496235 128514.6529745962
43756.35267067582 6.926206501357174 143297.0680293348
43797.122673164224 8.274832260934444 145336.0393054884
43810.58267398576 8.464438376853995 127353.39618823065
43819.802674548504 6.392677053544512 131102.4551387654
43877.03267804154 7.5382919520095895 132448.68917896005
44058.64268912614 8.375710198670896 55448.501432463716
44071.602689917156 6.471189931568885 80664.30099500151
44094.21269129716 6.283810314100111 87123.16982623222
44250.39270082963 8.640620630753345 77753.49689566159
44428.392711693894 8.096108298149508 102158.87387226174
44441.33271248369 6.737621101868773 63300.45364348461
44596.99272198442 8.893463462759136 108970.67809348459
44688.75272758501 6.268396808210923 65495.65970916362
44794.87273406205 11.018504623048456 195164.06749297053
45050.0427496364 6.284911001210751 45220.96354277652
45137.892754998335 6.08342279426543 305676.09727785375
45203.96275903093 6.095573387490439 129604.9064012077
45339.562767307296 7.164865316278812 495371.4912774073
45396.28277076921 6.94693745905903 229316.40432791677
45411.90277172258 6.309401801369341 128845.55287224484
45520.03277832231 6.934603102374652 363506.833194262
45636.93278545732 6.11645666094946 198949.43914645677
45637.50278549211 7.07051634919575 195987.77137211387
45654.45278652666 6.10787602500489 490389.71614870155
45685.30278840959 8.651879910766343 173037.4993504895
45746.15279212358 6.421974484108258 197050.4420855797
45970.51280581743 7.14529412521137 189294.75724088744
46008.21280811846 6.7271607303620256 230675.72473956426
46060.56281131365 6.447403417463708 33671.649772402656
46128.76281547625 10.386529643173583 93049.52583898032
46181.31281868364 10.577258388051405 355366.56143143086
46246.01282263262 9.551606956188335 169549.5624669856
46319.532827119925 6.72716913878581 172012.83119004266
46354.842829275076 9.196519148619402 176130.26700538883
46515.40283907488 8.648461741219332 238888.57211835243
46623.08284564715 6.6943458899741675 431384.42002826155
46700.0328503438 7.929561576710531 289331.1949580831
46745.79285313677 6.784857240413885 229370.5941210963
46825.30285798968 8.099705475998475 123891.68470356207
46918.0628636513 7.167117953553461 166214.94777286277
47086.322873921075 6.1274292660484155 123817.65639775751
47697.86291124651 6.002551263994815 336280.309918143
47806.86291789935 7.660896415609326 151257.68421144705
47840.8229199721 6.218399194780773 120173.3029499134
47972.50292800921 9.15883648415762 175044.06513994
48062.072933476134 6.189186342008428 106902.7071265942
48291.912947504454 7.267919068997567 105599.93290192168
48805.77297886798 8.564444158884777 136923.09954731006
48821.76297984393 6.912305895186415 126859.1406100253
49266.26300697406 6.28765439135781 108403.67166837366
49283.67300803668 7.438947707681007 109507.2223912914
49297.37300887286 8.188355346545741 106806.84270684846
49999.18305170795 6.751830741869972 96254.8703193997
50093.94305749164 7.646238591163263 209969.16145498786
50585.75308750934 8.308057568506623 176480.9157864383
50639.2330907735 6.936321496671897 68276.65469891511
50645.35309114704 9.776343924105062 99547.0653179031
50975.8931113216 6.611351193076219 37219.94748132728
51075.09311737629 8.390868047579978 169365.53542937743
52370.86319646382 7.7476881125788655 77650.35291951157
52404.96319854512 8.796644282482339 263172.95850736386
64127.71391404504 9.366625695463677 274185.5749932368
64952.26396437158 9.231461244574913 82742.91880707398
64981.823966175776 6.48824963964397 97334.08950456486
64983.713966291136 6.736124560728941 120178.06353265661
65003.39396749231 7.3132292606393685 157351.55756824266
65091.61397287683 9.161286402844175 90084.42458884466
65591.10400336327 7.4316345331635185 172261.35375348903
65605.95400426966 9.135374078921968 162963.77400935057
65637.5940062008 9.203403829065703 170430.79450681646
65753.73401328943 10.141416401734997 100836.60817906547
65774.88401458033 9.241611993902296 120724.36507790288
65872.44402053491 6.471003689110484 84974.81867091123
65888.61402152185 9.7602617527763 255828.8534887147
65896.69402201501 10.541382131026058 282759.35468925117
66002.08402844751 7.471533350788411 445090.7743024914
66019.01402948084 9.504675857944466 274604.8194176699
66048.87403130335 8.05839545162826 493756.4473158353
66063.42403219141 10.137659702268104 434936.2816334792
66165.66403843164 8.647194798438836 589915.4753525006
66271.57404489588 8.108989251454396 219038.25618432564
66280.14404541894 7.543440052376131 116473.11707454995
66305.64404697534 11.029796802362144 219743.48994127984
66370.09405090906 6.512659343193334 249723.32606286544
66675.27406953576 8.62407228891922 268281.4833899157
66799.23407710169 9.144397269419207 175298.93448834794
66874.33408168543 10.486774080858233 163551.01962093232
67103.52409567407 6.560621506824927 169376.69115807101
67178.38410024317 9.58696393430892 161474.26018073797
67230.84410344508 9.754068738377086 213513.0155598739
67250.50410464502 6.731210064796588 72760.81523461416
67299.70410764795 6.536847765427873 144812.081806552
67433.34411580469 8.958361370674746 169988.3298944352
67462.36411757594 8.660530477786905 151815.18331449985
67780.86413701564 7.98043207936856 259634.5908524645
67795.78413792628 9.038324777357197 409094.34900535963
67831.09414008143 6.064882267465788 269226.83277567953
67938.7741466537 7.229647166400411 325293.45890189876
67961.03414801233 7.664137732828943 318632.13666470523
68076.2441550442 6.7315862158883 340134.1864012146
68090.1541558932 6.656197749907226 193346.9446864903
68223.9541640597 9.200831107147428 157194.56900105672
68835.39420137904 9.452660891604868 152435.9879711351
69291.49422921718 6.065706458874792 65917.59318910046
69392.64423539088 10.481327592436587 201144.42010466632
69651.67425120082 6.361401965867754 113778.17039397916
69702.53425430506 7.974189863850901 258038.0925536853
69747.93425707606 6.567358013319961 350623.844123033
69904.61426663905 8.514064715885073 245346.0473636335
69959.97427001796 8.059019323062484 303203.3750708654
69986.22427162013 8.003983934128096 92702.52594755792
70074.40427700222 8.528538564908693 353565.1860139539
70092.33427809658 6.559953799920096 155299.5073723259
70184.66428373195 6.170820243435138 120335.59605301636
70540.41430544521 7.54139177473166 130842.32581365612
70551.97430615078 6.352422599284935 315951.5409395533
70699.87431517788 9.405898323079555 466438.29914552125
70750.3143182565 6.4117072810832845 136730.9701700694
70946.48433022975 6.765990220092452 161790.25776860316
71013.41433431485 10.224886597661152 127054.87138394847
71019.88433470974 9.185639868208995 220442.28079297586
71080.97433843838 9.378741463158445 286132.2642729268
71168.93434380702 6.930464420589321 211297.89106468402
71283.1943507809 6.078218705331695 135311.84965933926
71300.32435182644 9.366515446866519 192346.25190277697
71388.13435718593 7.5265866159702615 147195.11712832795
71410.47435854946 7.9569152623137045 337924.72111022123
71642.97437274014 7.242412203096738 227258.09650595055
71695.8843759695 7.797283259052981 241800.69132527206
71734.7143783395 10.267835205820873 274427.2874685287
72110.58440128078 6.562161999905924 132248.83839012965
72619.5044323428 6.173480792738144 146683.47568396272
74646.00455603054 6.221903609763665 38428.289761404325
74743.12456195829 7.16994418851871 35066.77163654393
75144.63458646451 7.484486167061286 27721.004679521542
75489.3046075015 11.276662664254685 563913.3863990625
76052.18464185698 7.367910869818702 84410.8335143415
76655.71467869352 6.7458155284783645 105364.20979712108
76864.05469140959 6.3055990719473405 262617.63132313197
76882.63469254362 8.544717997762184 181201.94788070623
76929.78469542143 6.320813894856196 98147.4111370847
77097.7447056729 6.235083217422865 151591.42783415664
77137.62470810697 7.90496316787405 172299.86830007174
77144.00470849639 8.253412378751996 490099.2369437737
77178.10471057768 8.390852694837205 89403.85292098483
77195.84471166044 6.7725512338185805 143049.7448311428
77232.84471391875 7.21438452037987 114033.73585402124
77239.06471429838 7.05876643753242 49845.19555118438
77298.6947179379 6.835161441588264 173139.06126438297
77307.10471845121 6.304443753115323 171450.16593030625
77314.24471888701 6.736487799710885 85606.22657528808
77327.50471969633 12.008942231438795 265441.3877894682
77459.41472774748 8.394219800439314 148186.3466582892
77580.70473515043 10.864569854549451 217017.4998676594
77633.08473834746 7.280391296835491 84181.51361142678
77693.09474201017 7.08825084966178 208558.4648883842
77697.69474229094 8.671180791868073 276986.01204655756
77753.54474569975 8.019379526488356 275708.0942942006
77758.38474599516 9.057593025222168 193689.9449294444
77793.54474814115 8.057129614998948 114581.47779157374
77826.65475016204 6.3840543898503475 180548.20685124525
77838.86475090728 6.300728558301907 90500.80356832966
77929.74475645415 6.91568970956367 128317.31684000547
77971.914759028 7.732288197870486 113625.22762195268
77997.91476061492 9.582415884152146 163110.21034470486
78043.5047633975 6.255086171404071 96461.37044870242
78057.94476427886 8.257536095480223 270341.0634795258
78121.49476815765 7.6479392220476425 398869.3844528397
78206.21477332854 6.660369639704767 171633.20348617635
78216.11477393279 7.785547455515945 322737.6796499697
78266.22477699126 6.636547690371533 128780.12368399621
78284.8047781253 7.779281224804085 360164.3330260378
78335.77478123625 8.552676238570275 116356.61071561092
78364.63478299773 7.332231972152326 163473.72009619346
78377.71478379607 8.585222955959148 60259.65777984402
78453.41478841643 7.499426674538839 185513.37375220642
78575.88479589141 11.581044325377448 655294.5202061373
78694.21480311369 7.407087812481598 85621.73459060474
78774.6948080258 9.241501055646278 138889.99741120607
79019.51482296843 9.681744530657703 80420.20016438587
79041.05482428313 6.151167816468747 112558.6372634466
79221.58483530181 6.589259924147434 51103.69407631654
79441.64484873321 11.126179405318817 159641.85135059842
79464.35485011931 7.914822950834789 46888.18781894586
79936.90487896148 11.205967256293619 845004.5909948729
80219.1148961862 7.790955064075591 24534.187913977283
80305.17490143889 6.800328322217251 90019.79311953558
82198.48501699738 8.760605146211342 19190.205197022082
82397.04502911652 6.4114473297660926 24747.132430878075
83119.05507318451 8.730395395810685 24111.314164478816
83803.87511498261 7.07542575441445 66280.5493760849
84801.54517587557 6.633142997348234 36010.32714790566
85286.44520547151 8.425013680632789 27868.517385989555
