3320.600202673352 6.865745218373814 351603.9978263899
3606.7102201361217 7.4828618073955955 102361.33824536482
3719.57022702455 6.303455280255813 68227.48676049708
3911.880238762222 6.088621956324794 107510.97643103873
4130.460252103287 6.71215599187313 87278.79693022226
5599.750341781637 6.51419768532884 118342.095654514
6790.4104144537605 7.472952096741122 65836.45241121965
7320.180446788358 6.4544162058038275 44666.38848816772
7511.4004584595 6.575985966758355 59433.987167819425
7927.300483844024 6.055659522094053 93720.6748519148
7959.110485785553 6.0563476308714534 42249.58045330696
8635.40052706302 6.690856574810262 31056.729313600754
8856.010540527986 12.187778977831782 3595617.16426224
9255.230564894444 8.135228607566036 153270.84771161267
9672.000590332067 6.212797409560528 25722.288709060205
9762.110595831946 6.20642078130023 49768.339307675444
9764.660595987585 6.140241385701232 69497.02303564458
9834.550600253333 6.519833884727163 39027.426943123726
10133.600618505898 8.254142956192943 67779.13816001368
11274.080688115277 6.189310532806832 66509.40369288552
11673.110712470136 7.635320415149853 131632.10510612515
11824.890721734053 6.753584923150063 197032.4140483817
11831.990722167402 6.092075437832595 132704.68835245306
12209.110745184982 6.490119386953648 306833.6773819566
12288.010750000656 6.18178645037774 174405.7624547367
12289.51075009221 7.317156237798665 129005.4964126339
12303.49075094548 8.69679792892512 198808.1846559902
12473.700761334276 7.27107074464131 316432.93506840675
12714.21077601384 6.245629439354545 36499.9149320179
12840.860783743945 6.7611167254915845 172886.08789855937
12927.1807890125 7.941418302038553 162883.2750054004
12955.150790719652 6.350144570649485 122447.23276336146
13107.930800044605 11.216286275951443 1097406.6937156382
14083.730859602714 7.6236848212047015 189658.3797178597
15853.980967650206 6.317124591271494 197092.8700273846
16129.290984453795 6.53583751425724 274908.4178783811
16158.860986258605 6.204126959455386 65412.56310272188
16167.100986761534 7.024622688536456 424542.20849170315
16224.910990289978 10.46062065424554 612360.053979394
16252.990992003844 6.2062766564452865 179637.04452911025
16300.66099491339 6.714528793344063 134451.68618867622
16330.870996757263 8.270985684383156 129792.52987035633
16414.881001884827 6.270212068853121 251939.99904429514
17013.821038441227 7.159591044347319 39447.49860131888
17199.541049776675 8.409094043444938 117705.63705061187
17228.871051566835 9.250807839099883 209054.7179158133
17243.721052473207 6.232967694611663 116953.72073518712
17785.661085550604 6.221670837677878 39490.19652794272
19003.551159884715 6.406661727352292 114330.16291879787
19361.24118171638 9.802820283141237 168409.12092329733
19495.021189881663 7.123571425423736 90235.13807946791
19552.831193410108 8.31695786724797 91383.83034433346
19943.19121723579 6.91638199284155 51650.58462910666
20209.091233465042 6.627461498596252 68979.89973278467
20476.9312498127 7.357361966975949 42557.29040922973
20638.401259668044 7.577505194512791 125890.19181356042
21271.511298310015 6.4879537859859795 77004.19823974236
21475.88131078377 6.3445403191526015 32351.58670554021
21567.79131639351 6.234748035944758 89562.6775140457
21708.671324992145 6.760980018152802 76367.71307945113
21776.46132912972 8.189884545013982 81314.74138781145
23971.151463082973 6.573167651146084 95634.35483378968
24161.771474717498 6.123016429638674 144949.9182493885
24301.4614832435 6.651587449109038 64513.25058198502
25375.931548823948 6.9440283992955525 104917.88411477901
25405.951550656224 7.224130691031758 74202.55774968941
25412.181551036472 6.290451946501548 92135.49558547234
25495.921556147558 10.56517188332333 305297.94337900414
25539.04155877939 6.086942073451208 88862.45754433343
26700.051629641825 6.388268083053371 92465.57428291377
26900.061641849465 8.110631914161157 306825.63962865126
27066.881652031352 6.91650628714821 118718.2705842021
27615.851685537822 8.064751955731472 410038.6700741402
28535.06174164195 6.189381466074264 91709.33214153614
28789.35175716258 6.156538761828066 89836.91971158437
29014.691770916244 7.674121946116969 261569.0793846822
29123.061777530627 6.954604905050244 688561.3347428255
31093.811897815667 8.198679251566148 119458.81881247308
31357.201913891717 7.454012418117089 164781.73155915452
31639.811931140866 8.985033673539553 175660.1532277302
31890.911946466793 7.642906098187692 180453.26358681626
32234.731967451902 6.786170493843032 123368.57740594826
32302.181971568723 7.9595693620809715 211770.14063853805
32981.34201302136 7.002921922268695 88304.44306259752
33927.93207079663 6.218727930116952 95807.2040502147
34102.30208143934 6.744688617069621 185726.1000990198
34249.9720904524 6.43442122946546 254036.90440426825
34356.63209696241 7.19129261185572 158833.3183040758
34752.84212114515 7.61395493607705 107249.64529189897
34792.6921235774 7.263492931179497 103815.99775201283
35348.2621574867 6.919803334075713 438264.5120542819
35375.93215917554 7.189225917879016 374667.0109555768
35789.782184434946 7.885240598817872 610060.6129989052
35896.52219094984 6.5063001379387035 663345.4656329843
35898.692191082286 6.1122808546541085 449771.218171567
35913.32219197523 7.1815821543081775 142308.73323114554
36042.13219983717 7.8133513486481245 229963.52400088956
36219.18221064345 6.131265782838553 637414.5992044249
36357.23221906935 6.680006957488458 130688.93435611352
36380.09222046461 6.558767382050576 248427.3148154327
36441.38222420546 7.219394837085197 281529.18451919244
36512.1422285243 7.070394997949147 271520.2806759498
36591.252233352796 7.257359574675784 260522.5996924962
36661.25223762526 10.363110213407749 638454.4741082125
36671.52223825209 8.232494438407171 453917.4297964388
37423.98228417861 7.234846251633929 82168.9574057236
37875.662311746964 6.3632202919342395 279495.06581452413
37882.662312174216 8.453278012214092 465883.8272393822
39754.55242642532 7.036098813123465 77829.3703464071
40688.812483448026 7.143789925818846 144735.9851848534
40781.53248910721 6.161228785270601 56838.47970511383
40819.12249140152 9.692400462351994 489024.19336086116
40852.242493423 6.878194112043598 135589.54348006073
40863.422494105376 8.833907176334128 101514.20042017744
40932.12249829849 6.361515792005533 77134.41265595329
40944.02249902481 9.039118734861106 129409.5281827554
40958.412499903105 7.019245908637705 104864.21195154023
41011.49250314285 6.169175656011947 69416.38757749743
42013.312564289095 6.552063930384717 129183.52151436477
42116.82257060685 6.46398840970902 325899.3415563723
42654.1826034047 6.091070951016589 28018.81474989453
43997.03268536577 6.132831942567478 254896.63666849997
44817.182735423754 6.493096476599114 28307.281151209903
48077.86293443988 11.661668482444414 6531393.423334049
48298.252947891415 7.389617612132128 23171.744854598543
48408.96295464862 7.894026250786192 111732.09134163783
50277.20306867694 7.474325581515695 40050.74182374352
50631.07309027546 7.606746141470023 42893.31312184555
50972.77311113117 7.886834051683275 33611.22103763578
51302.853131277654 9.426266400490466 98121.10612194781
52808.793223192944 6.063868121673055 93238.02744912339
52907.11322919392 7.741523905862473 56264.55812079962
52916.303229754834 6.414097895525602 49275.70196860116
53005.79323521687 6.4833200512918365 15946.680830938934
53301.77325328206 7.587874234271881 18157.631600826102
53547.89326830403 6.782263916141564 9553.34128057659
53714.66327848287 7.929037263942705 64940.57220458345
53820.783284959914 7.091284640358138 50987.458328856235
53858.74328727681 6.710789077577831 21670.978739681923
54170.653306314285 6.026619657294073 15246.134327160295
54278.62331290425 7.660873489406296 20951.56978551802
54721.08333990987 6.778901104562249 17718.375424140042
54740.77334111166 7.123608863042746 23798.411455734637
56381.553441256925 7.037866133888382 21224.401042763497
56623.12345600119 6.13786427181031 17146.906811015
56882.11347180868 8.164664541400718 11475.779488961696
56899.973472898775 6.50885487583329 8117.317258219
58419.11356561972 7.156336395771309 10927.636459026984
58735.523584931856 7.17498571906032 10287.788359040162
58918.27359608604 6.38431130070098 7857.068003007624
59215.553614230565 9.043854978177214 24556.33443756309
59297.33361922202 7.40948396203311 19109.082942062625
59310.73362003989 6.005222811669909 19587.266884431956
59446.24362831077 7.535512228860741 24954.833928745564
59501.44363167991 6.829263138038747 7833.009893157108
59529.75363340782 6.479267227060882 12985.514014342953
59549.17363459312 7.350727996840222 18276.059093861062
59788.063649173804 8.040150481777793 15895.922394489655
60354.67368375694 6.971514299481707 9938.874847274095
60372.793684862896 8.63480525870049 21555.42547435917
60398.46368642967 7.97642097116134 17218.68330991661
60500.65369266685 7.263019642799006 13712.949156329907
61228.01373706139 6.186903091062338 25088.097276529814
61261.03373907677 6.93368241574548 48966.62640933024
61311.66374216697 6.196916604027991 29946.116407791425
61862.28377577416 8.02460142124155 25576.63762889923
62311.86380321434 6.467656262069844 8301.914325433361
63134.873853446894 6.049582387392685 25219.048902932544
63689.51388729943 6.128954578611882 67063.83907734041
63783.693893047726 6.359153914427876 14139.638411086333
65082.87397234338 6.964082086467427 14400.320328409176
65419.92399291528 8.986814053148365 20948.62431107514
65495.22399751123 7.6296393498501445 12384.013250202048
65514.85399870935 11.498720810469894 80560.22327783094
65569.41400203943 6.200293496520849 14116.138558200511
65823.64401755639 8.8283481281846 25947.904724422024
66021.91402965784 7.247803939399453 12792.481306285747
66301.01404669276 8.471854935155013 24368.60318709744
67899.12414423365 7.097674087561456 13489.362718378792
68104.19415675013 6.042597880441459 10734.165210067687
68118.81415764247 6.6840931288947525 15042.690163810754
68168.0141606454 6.024018631759088 36946.39050049905
68202.12416272731 6.734219849278594 21261.185073665645
68393.89417443202 6.481902608921438 7303.261715771695
68442.23417738246 7.309224117877031 12221.386330121939
68622.10418836086 6.329169936069118 15304.394267853371
68727.46419479152 6.536840987440586 12041.066450206878
68848.9642022073 6.6928311324241925 8893.96580081906
69473.63424033413 6.902451707385 15679.207742650766
69491.35424141567 6.11029417682095 9876.091584671894
69677.39425277064 6.062304334494221 7047.086098955413
69684.87425322719 6.263364320970279 11035.598480878993
69749.5042571719 6.215430748985339 8089.361193786116
69794.75425993373 6.335380404795957 6580.165026805647
69804.6742605392 6.703140679701398 12606.350650941487
70191.62428415676 7.396630134022697 20220.18358711704
70587.96430834744 6.174728029741501 11667.940424020895
70594.58430875148 7.3993631104886175 19245.15796520646
70657.03431256313 8.44492922027453 15987.219234219441
70802.59432144741 7.081824172270201 12258.07434854512
70913.44432821315 6.536555027484107 12309.339945962896
70947.1043302676 7.252730872946434 10584.44040891864
70975.8943320248 6.1892586205450755 7520.550882569005
70993.9543331271 7.308434636913227 15934.359471912383
71042.43433608608 6.796062018946815 20024.851307130706
71158.68434318142 7.058256314153276 47281.74268243464
71609.55437070034 8.613832507550155 15164.967523400832
71612.93437090665 6.067856874836986 19492.94828018211
71713.62437705227 7.653288987509618 10077.878366659843
74785.20456452665 6.79127089298825 10384.985937689038
76134.14464685941 6.085048281667819 19510.145847916356
76136.12464698026 7.02932565821574 19510.145847916356
76796.6346872946 10.036624849306266 16588.70552416078
77029.88470153105 7.054343708931451 8178.123607932834
77942.94475725981 6.210075785750166 11167.460137903976
80665.43492342743 7.935840742697051 60082.17009854599
81447.18497114166 6.170263802154373 46211.34629444765
81897.30499861481 6.322732079225471 27174.458925407947
83120.61507327973 7.53442640878661 35444.80693451661
83439.99509277314 6.22878811399296 11014.418434059202
83803.275114946 7.674721657398049 32980.23190915201
85133.37519612885 7.881807571389809 50003.78898130192
85279.41520504243 8.572784685461913 48094.23047979
86035.37525118257 8.096536760197752 45760.67789819366
86075.70525364412 7.617936841962745 67366.84081459232
86202.335261373 8.372835636233415 61087.725900561585
