5214.860318289814 7.832305227977826 40124.37531042231
6103.960372556175 6.422579193778506 122755.21755419442
6292.320384052758 6.08745245108607 106972.44621023716
8855.800540515169 10.968581513440201 2735577.2387617677
8857.470540617098 9.385167017651082 2735577.2387617677
9383.010572693516 7.1957626455870844 26264.390597916918
10010.150610971106 6.195900933656962 140557.9137081196
13003.71079368352 6.498409173859932 168070.5224516766
13060.390797142993 8.645374006993581 24636.085033019353
13107.940800045215 12.041717339971434 1077849.5847299916
13109.720800153857 8.21547653086418 1077849.5847299916
13240.440808132373 6.300258028376176 27249.644525724194
14235.750868881278 6.854098289931106 39489.62998195939
15964.770974412291 6.809203761630228 14998.632425861082
18373.901121453924 7.921968168197322 128418.550173326
23701.521446626066 7.1459657962985546 560836.4830259867
26460.101614996438 6.615528047806863 21317.38442985765
26536.961619687598 6.374335484812884 15576.237688397356
26743.43163228953 6.072912406117682 33376.29688658331
26763.35163350535 7.4000017760770165 28380.79232373175
26823.021637147318 11.223269140140237 243466.99241336115
28945.481766692003 6.875811723629023 60320.33329774457
29626.551808261218 10.594149305365741 54837.75339455089
29638.181808971058 9.232315055867886 50142.776262861116
29643.511809296375 8.750096178483847 654659.5258425691
30068.991835265613 6.65571551780286 45523.51467685287
30580.161866464958 6.141312330349202 66297.39817361241
30590.21186707836 7.218687529217029 69251.07745547916
31425.45191805737 8.589977267964265 32329.94848522199
31431.19191840771 6.06161131685565 48491.19122153551
31603.83192894482 6.206756028470483 13445.692179416665
32185.7519644624 7.400569595581041 121506.15675253107
33505.072044987304 6.855032120606576 146536.1990546451
33682.132055794194 7.235397254213791 471713.74583763053
34462.3121034126 6.479157137835776 161048.10831808488
37875.342311727436 6.661033592633327 51445.649516103724
39874.6124337532 6.596881966070294 534433.0862018625
41973.89256188309 9.055025097875996 25332.656273553832
42028.482565215 8.286512109516464 38445.45026271793
42033.212565503694 7.695737725359109 443661.6985083742
42707.09260663407 6.1206448099386455 17314.049139107527
42730.37260805497 6.614572768450007 16648.379604361708
42812.58261307267 6.126321214190208 17803.38429400222
44695.782728014085 6.072209224540655 102471.11933663639
45785.16279450456 7.426772771085143 14227.90187570045
45837.30279768694 7.081082598366083 20455.37799440681
45868.68279960222 6.630504170344229 104917.66802562245
47876.62292215716 6.923055181979711 12321.170254702547
48509.312960773495 9.784651466129157 24990.71689683623
49169.65300107745 6.3524679007667375 22232.403821971922
49238.8630053017 9.515379324695743 46302.324232490784
49350.09301209064 6.88448072877576 29249.506677921774
49351.123012153505 7.725228991942239 27118.966452659868
52066.243177871285 6.431268204133839 65063.31761567478
52586.783209642526 6.153055127957792 73224.9338087153
52809.49322323567 9.551274200263355 35728.10611004767
55343.90337792379 6.7157099993794 258432.88316521898
56530.09345032309 8.009939804613746 6241.562466950269
58001.53354013266 7.085098382597994 7853.876460628125
58703.11358295371 7.007072664969799 11057.92870373894
60780.63370975548 7.714100872288795 8538.61025766756
61212.63373612266 6.580078547298338 8048.514870316776
61545.5637564431 10.943063913980193 20931.443139551317
63504.44387600366 7.518278552076576 13953.660360263057
63819.77389524987 8.893043673597687 9830.993891675807
64133.77391441491 9.63794065214252 20284.196286922463
69893.1642659402 6.037024020135764 7233.7834951028235
70182.43428359584 8.259767063621219 7188.301501799206
72291.434412319 8.878511945046581 5702.601073006451
72818.57444449308 9.319922077344488 19566.726475140156
76796.48468728544 8.895504133292349 9012.99478680495
77793.1947481198 6.22241038287971 3282.563311343159
79204.74483427398 6.596456317186844 7100.123233839593
80226.53489663909 6.573334656506322 4837.715819580617
83120.59507327851 8.7327060945109 16761.06419242363
83803.01511493012 10.181038686917919 23486.32816568784
84784.47517483369 7.435413340887881 20480.1748705677
