7.300000445556668 8.159577785639645 58244.36980254873
29.57000180480968 6.497862867274495 20116.585703660374
156.3000095397955 9.19945697927344 46127.26680340223
369.70002256469866 6.8313022088555435 14210.6970656915
510.11003113464545 10.596356563340166 51526.37870409969
516.9300315509053 6.555791678763873 42541.923816153736
529.6100323248311 9.138909745501755 25966.968994538056
599.0800365649436 7.3640389223827745 18464.9986610256
680.7900415521266 6.676984097377168 11370.590217381852
785.410047937625 6.695138239554327 17724.74714628471
797.2300486590606 7.179222725884001 28295.70923992855
822.4200501965363 8.363311519049246 29429.28046280885
846.3200516552766 6.448623541622147 27601.386396240952
856.3400522668489 6.045301261175316 34359.419458051154
888.6400542382845 6.21261558544816 38382.079965903955
904.3000551940952 6.346613857199646 17354.100110400625
1138.4600694860883 7.393726100334535 16999.528478623495
1188.2800725268598 7.354635673557874 32420.952129643178
1391.2800849169973 11.53532235228034 75910.14299569186
1394.400085107427 10.430004521877674 211675.45818253196
1457.5400889611872 6.607525870586633 11649.708330532612
1692.2701032879702 6.665462906132779 21685.56626932574
1782.1001087707587 7.699423157573953 31468.443408899773
1789.3501092132635 6.758539449974034 23573.395807624238
1795.020109559333 7.291718042773067 44583.0196301994
1876.6601145422433 6.472572456583726 14197.911073119198
1895.1201156689524 6.158109704145217 9140.08545381447
1928.810117725227 6.65865483819906 26501.64500128124
1930.6101178350903 7.705972655379822 26227.889860649342
2044.2401247705154 7.309896351225427 12138.222857700068
2320.080141606454 8.535562012464917 22743.871252059766
2353.8001436645595 6.2910316438669724 20508.273998663746
2366.690144451303 6.992437028542449 58302.427200298254
2400.46014651246 6.741441950098057 38181.77506914433
2616.2901596856786 6.279424476896616 14728.337805471603
2666.2101627325537 6.550930984220025 18997.726218505173
2693.8501644195658 8.047522995474663 19297.37891693905
2882.1601759130967 6.782413970211139 14341.4495394852
2932.2301789691273 11.866017856079816 102004.60134275358
2940.1001794494737 7.384702275785902 74963.58471042299
2941.360179526378 7.562443659305469 66158.88892661256
3011.5301838092155 6.565888042423054 13591.538343959972
3038.600185461437 6.3374338078618075 14173.456363588353
3124.060190677502 8.696324626420079 31608.331861672526
3179.6301940692256 7.013435272260481 18025.76547570017
3204.5001955871703 6.311112461449316 18067.925534827966
3242.90019793092 9.178540798104649 79112.66639929035
3267.150199411023 6.618461783453895 51497.87092914913
3272.8301997577028 6.031822255161962 63375.414269676796
3284.900200494397 6.992562932439532 100837.2597258715
3328.650203164685 8.378281021957129 149777.9148024625
3330.2802032641725 6.982475560797241 90142.01381380722
3375.8902060479863 7.114422186361991 68043.46298780799
3391.550207003797 6.519529164235366 64251.136689369145
3409.9102081244023 7.06092413043218 59918.49840070807
3425.1802090564092 8.78667553832808 84908.35536770188
3444.420210230726 7.829625530384411 40992.441859122424
3447.11021039491 6.045596034529555 25818.481066590783
3500.7802136706673 7.2165228817554 36906.60832842978
3574.2702181561413 6.20402991300022 37208.72491428849
3666.3402237756486 6.510966452898839 49903.21249294911
3693.200225415053 6.703939560307774 32402.88194943507
3765.93022985414 6.8099321931524655 31978.501829616613
3786.470231107802 7.480233030211281 39343.71462564368
3803.4702321454 8.660643938115737 45729.68888814306
3818.2202330456685 6.891290634915185 22518.78034936734
3991.0502435943754 6.006556773900307 10919.936185131843
4016.900245172134 8.226493405995166 34341.91370689198
4037.4102464239654 9.410217753758568 25407.587679385488
4043.030246766983 8.213517500509294 27944.98404422628
4056.430247584854 9.853780449261475 47087.56433617474
4073.460248624283 6.123286430713526 17767.10992207986
4168.820254444596 6.220128653499619 16278.409023967544
4190.610255774552 7.002260190604851 12232.647803714159
4618.740281905535 6.744253077201143 18935.785897654627
4824.680294475115 6.9837861488797905 38241.7914048695
5075.850309805317 6.219420758490012 10924.027445838678
5145.220314039326 9.38090797746877 42095.29996570474
5254.170320689106 9.279453325188395 74631.14373394806
5270.290321672993 7.342722159416186 36307.077305839644
5283.910322504292 7.692073814576522 26776.90086444015
5427.390331261617 8.383764624367345 17460.3003135395
5463.070333439351 8.391418383036653 25405.187072729273
5469.170333811666 10.012697996674708 40178.94926215378
5472.9203340405475 6.84444569049485 20834.79127019094
5486.000334838887 9.475596216309967 52648.965493928445
5496.060335452901 7.61679286964276 35159.94651797226
5521.570337009908 7.267751765022055 9251.370211426127
5537.070337955954 7.0203433317018105 13149.015264301803
5561.890339470846 6.557680682809501 10587.545564383672
6377.110389227929 7.19518002234715 14124.14385853015
6399.290390581689 7.707239697845102 38447.69977036576
6454.010393921533 6.783100518339101 21409.03264022924
6486.710395917383 7.809393544170647 32286.099886874326
6706.5204093335215 8.865751453851182 41265.71646386566
6743.140411568628 6.026473351738739 10622.697649618369
6805.430415370509 6.537384638499106 16215.459929358112
6825.250416580226 6.3380337112712315 20699.907544846625
7185.140438546169 6.649909892957819 48834.65080321986
7210.3404400842555 8.607808059534548 79127.64801971965
7561.760461533231 6.779612858440846 26918.39634182687
7831.8504780182175 7.41029630807789 79728.44085074717
7845.040478823272 6.702647631016529 35796.821545538296
7978.68048698001 8.40963956101603 79896.31435852502
8857.030540590244 11.723116446115503 1992167.6853894868
8859.320540730014 7.211638733290977 1992167.6853894868
9049.79055235538 8.813702506640565 100374.30556095332
9126.31055702579 8.899228941414977 37463.395886217324
11485.970701048016 6.469368213000816 126862.12378222517
11574.330706441084 7.266677618213715 39203.209528887055
11597.310707843671 9.01781215128834 31503.20313140068
11653.90071129765 8.125518010524393 22128.94046291914
11905.33072664372 6.023270019066914 43765.713055020155
12776.400779809617 6.498421897516611 63677.52827675216
12872.250785659839 6.729069652514437 44184.26565415204
12889.130786690112 9.358868407212718 118596.64915670021
12915.070788273364 8.003674819287934 51858.74297914449
12920.190788585864 8.58772314503726 55659.1361161556
12924.33078883855 6.177398701561264 59354.548565507044
12936.85078960271 6.345773489717513 67628.12839253618
13091.27079902776 7.927563867504072 48733.43460175387
13108.070800053149 9.946563562197454 834110.6396613463
13109.930800166674 8.112527273233717 834110.6396613463
13191.270805131275 7.4706472274866105 46390.08416102294
13248.830808644458 6.184156291473961 45348.27021816852
13458.080821416066 9.530958235632758 3690385.2003688756
14200.450866726738 11.203978382895134 74971.30499677916
14213.520867524467 8.220431578510507 42091.731310103765
14233.740868758598 10.134378669601976 60471.98799631926
14256.910870172782 6.987135797119242 45415.42458950369
14281.58087167852 6.087009506053044 64481.46695113838
14358.12087635015 6.02286785643392 47871.79495309437
14942.490912017267 6.373451148257501 20621.142936234573
15271.840932119198 6.205423655680744 15529.480287447828
15503.600946264707 7.218452259610815 15465.20063812921
15513.200946850644 6.683553922647825 16707.03643948473
15567.780950181943 8.552467675319683 53837.61441230349
17495.99106787055 7.124437290197616 32640.75096848785
17562.481071928778 7.205248614255342 32245.303434197565
17731.261082230292 6.536493357857344 20054.657479375695
18364.161120859444 7.7571373773169965 17776.02814765853
19072.331164082712 7.427669497458532 53785.35480532086
19082.21116468574 8.71472302473766 93524.41570145504
19571.9511945771 6.719980029589139 26367.26298458547
20220.3512341523 6.302987266221765 30251.754448660507
20245.101235662918 7.58246030275311 28750.01157297104
20372.471243436965 6.746272576439167 27169.125162289016
20378.481243803788 7.2764105229660645 43272.638266253765
20471.131249458693 6.874795395004756 21671.08068465657
20482.67125016304 6.578296536952045 28998.127446264454
20488.88125054207 7.051213857289113 26788.896104934378
20755.001266784744 9.780486237101904 42692.30914648425
20758.461266995928 7.822134491282163 46265.29554791889
20772.331267842485 8.35210665624335 49705.24850581385
20875.97127416817 9.794013274370556 170022.82386089064
20921.621276954425 9.417257591489584 105311.227475737
20935.311277789995 6.651104674904264 69248.1557352717
20960.15127930611 7.175029908281744 30336.68110129516
20975.90128026741 6.628085098355429 26614.63267020707
20987.661280985187 8.210579283526554 78354.76239855133
20996.35128151558 8.656876860512522 74742.4134699018
21025.581283299638 8.833901766350492 42503.00926200195
21055.091285100785 7.932047301664296 70693.04643320775
21132.751289840777 6.7954471002101275 43724.28685864876
21184.38129299202 8.229567237326943 36098.71193330509
21211.681294658283 7.274185431517776 130498.48681221368
21212.851294729695 10.59981996525368 107344.88541655429
21315.061300968096 8.962309977041597 31626.558611316865
22560.461376981286 7.037724717182778 67449.5840177309
22662.19138319039 6.094137738331764 54712.192476189
23205.631416359338 6.855572087540829 47291.752566737916
23335.281424272547 7.741867786287444 57884.14795150139
23684.91144561227 6.577189712368988 23280.579599510824
24019.40146602792 6.365797460365513 48335.82754947503
24327.00148480234 8.872516828431417 175214.40592919014
24458.861492850432 6.244330550274446 37131.75664010083
24516.281496355074 7.388853425132692 43120.95336044359
24526.251496963592 7.151020352597078 31001.704702758794
25533.231558424777 6.571656625911112 22834.823721103305
25589.181561839694 6.223360386490806 22188.324551692058
25634.52156460703 6.8751312875067105 26518.526683443826
25761.911572382298 8.736614821119698 31440.88116997249
26470.851615652566 6.572820534805914 21690.261563821376
26848.04163867442 7.842729936944981 90345.89735532511
26864.791639696756 6.172150932956502 377101.1700316601
27283.791665270488 7.394500117633559 86008.50802318241
27299.801666247662 6.035950095522919 55933.1239586397
27636.921686823833 6.897518156213964 33764.537843681406
27654.271687882792 7.18914466412858 137211.16478639937
27745.39169344432 7.175178850251508 246249.84138343352
27771.08169501231 6.921786868493355 144424.39068961123
27872.421701197614 8.580112330421255 156005.12927761686
28004.411709253643 6.017923905087026 70914.63039213148
28048.811711963604 7.48474678173985 139446.57001013114
28128.411716822004 6.16149530883694 53015.99833296637
28262.581725011092 6.90834709066056 97994.13995617081
28288.41172658763 6.725737123671536 53151.840235160074
28331.281729204205 8.362887327296544 96142.5061640163
28344.331730000715 6.740438470534216 66118.57288092698
28405.051733706772 6.096174065911537 136007.73283629498
28406.851733816635 7.264640336302989 136007.73283629498
28463.461737271835 8.562030413969728 78623.57530802565
28521.141740792344 10.601120327111266 81074.08628156189
28526.841741140244 6.789387252492451 33262.95165153104
28647.95174853221 7.382103443400919 205137.4640049132
28937.511766205553 9.095563443605151 424132.5473734986
29243.7917848994 8.828121254919527 518243.2909699018
29297.84178819835 6.130038610844085 155570.98583809266
29316.701789349474 8.68931352148894 147191.36838826764
29342.941790951038 8.280565570284931 287253.1535820541
29571.361804892687 7.219813525819446 915191.1956706862
30224.211844739493 6.080622925657261 115128.85661914901
31353.83191368603 6.003045526392534 394729.82991164207
31497.611922461667 6.620787405442759 299064.00472019345
32486.751982833983 6.676275058209157 233868.8226138636
33283.9420314906 6.6957657865788756 260605.95200696916
33453.90204186414 6.81753595505132 562143.5469923596
33526.90204631971 6.202658980410794 294143.5816923651
33572.79204912061 6.133279224440969 235838.5468221935
33588.632050087406 6.269032569252657 575557.214410664
33634.62205289441 6.601446965576185 88692.31742320566
33830.572064854256 6.550562946272021 411314.3936760382
33850.37206606275 6.066624303150674 157595.23722544083
33874.58206754041 7.851583144744205 518432.0907836511
33921.152070382814 6.179722570019886 362456.8152850809
33960.49207278394 6.07963795571458 151028.79600184184
33995.56207492444 7.708205616300892 713162.3508984414
34021.48207650647 7.80129676035142 689007.1413729924
34047.81207811353 6.738358322153389 473189.6839880053
34074.652079751715 7.732723255804318 534912.6019985549
34102.16208143079 6.667303967531685 236302.27073854758
34109.43208187452 6.10161718573599 226817.43983096845
34130.18208314099 7.905588999660465 707176.7932169633
34158.54208487195 8.836403660431671 711505.8383070934
34187.402086633425 8.437859539575243 735415.7995294406
34216.5520884126 7.634860133797652 704301.0820149229
34246.35209023145 7.49035689928673 263873.8573564475
34276.95209209913 7.842202755232692 571424.0995989187
34308.21209400709 8.221871777147326 697335.3952884948
34340.12209595472 8.253671331041003 482838.0590246334
34372.8520979524 8.156282042335416 765846.359562858
34406.382099998904 7.927765198191976 528812.7963418863
34440.602102087534 7.677423422926819 765159.2516904818
34468.09210376539 7.408115165054214 416497.20165181125
34475.652104226814 8.0399142969221 731759.7660941664
34511.46210641248 8.194688747360878 499219.4618355016
34547.38210860486 7.887426340979412 487761.1742267333
34571.812110095954 8.536760374047292 243311.2492513067
34583.80211082777 8.526131881042984 665951.4766222342
34620.802113086065 8.956199561632987 725018.5298944481
34648.842114797495 6.185359937759715 266213.63799614034
34657.762115341924 8.379318498185706 540940.206111374
34694.822117603886 8.930564589718943 697114.6754032471
34732.322119892706 8.411546020189647 660426.8339824708
34770.34212221327 8.034968518572354 628530.1876954198
34808.71212455518 7.914055142905413 569400.251189803
34847.62212693006 8.060642732480035 693368.4540732681
34886.90212932752 9.196727005632074 716604.7789078946
34926.54213174696 7.5546239125578065 491228.69390084397
34966.552134188976 9.015391114086595 705429.5197987915
35032.73213822828 6.824132623923955 342618.0168091541
35042.84213884534 8.377071558463465 672442.6086899121
35082.81214128492 8.662500383528782 546695.7316871409
35123.57214377271 8.8118647169432 710947.4669455482
35165.13214630933 8.64276102470934 682120.646813892
35206.52214883558 6.6432324161513465 308699.41954850696
35240.41215090406 8.102334620572746 379744.9671234308
35247.00215130628 7.490938741456679 476380.9206629587
35276.78215312391 6.376429012389112 99966.29791875093
35288.88215386244 9.719591927653717 738138.733814242
35312.81215532301 6.540237097107414 110715.47046988537
35332.09215649976 9.047125412841721 729123.305458669
35376.55215921339 9.362138883209706 697563.7131897678
35421.24216194105 9.588920742613634 715374.1825641744
35430.5621625099 8.199952625748068 537021.8819885808
35513.17216755201 9.26001462789901 585119.5435225982
35528.06216846083 7.173760077476024 137840.67583041845
35560.452170437755 9.251461316802283 551334.7585426414
35584.46217190321 7.881190034595112 138106.6912219828
35608.722173383925 9.37604171226129 710234.0330146697
35658.05217639478 7.469801547516617 581814.92425616
35967.682195293106 7.98040186525262 620287.6265680543
36022.69219865065 6.809557000558461 388697.54693897854
36072.02220166151 6.531838071050816 275092.17478422116
36079.012202088146 8.188594300346562 539334.375666613
36136.38220558973 7.3292824262574365 633507.9281707675
36194.61220914381 7.856995633251566 530755.170737442
36253.76221275404 7.463711280280748 693971.1847985166
36313.89221642409 8.683671642357707 684514.391716918
36375.37222017653 7.286546908400683 545300.9845726767
36437.74222398329 8.33105843640689 671723.3831331742
36500.41222780837 8.136229587282374 518115.9385852104
36553.702231060925 8.538355291374979 293438.953731954
36564.55223172316 8.226530613456816 598956.8375150796
36630.642235756975 8.397938320145716 636592.440346946
36697.872239860364 8.588352667325644 612257.8591794812
36766.73224406325 8.79681644027611 705978.5003078696
36780.81224492262 8.379388585780298 398738.2322550414
36837.17224836256 8.487968154173423 518336.0692048066
36909.0822527516 8.375042839112007 550687.2319042182
36983.142257271866 8.790446303834697 642632.0004742823
37028.92226006606 8.453508330192061 363028.5982544022
37058.29226185866 8.106965182099533 547906.2198327283
37134.67226652052 8.642783831997253 659218.9761524621
37212.28227125746 8.89111380760812 637060.6099679864
37291.48227609145 6.364235105695024 519854.09317715984
37313.45227743239 7.686832499717188 314229.9601285768
37452.93228594557 7.54655739157172 476542.51480133017
37537.11229108351 6.645390682138354 534300.2352082296
37628.89229668532 7.504167941930944 541491.3158940392
37723.30230244765 6.715758384068731 519757.6769439953
37793.34230672255 7.790039436573942 18404.92284791599
37821.95230846877 7.034508355572215 519485.48499828426
37923.392314660174 8.289820322268987 633349.1705090048
38025.49232089186 7.060256758667441 423100.908585728
38035.20232148452 6.746043189428771 339183.418935838
38131.522327363426 6.867020229742271 580299.3002112346
38239.34233394423 7.128404103901005 277892.69654497504
38301.82233775771 6.626780173868458 254437.80731701982
38831.15237006545 6.285048618389167 448094.5857651217
38871.20237250991 7.093274891526049 236243.0680724312
38963.85237816482 6.161047203987077 191306.14015886356
39099.952386471705 6.923405941670154 255722.68958255704
39243.48239523208 8.467000715342735 381981.7368832895
39294.862398368066 7.015665721410926 55456.300494260875
39396.20240455337 7.394412795849784 363086.3360623616
39536.95241314407 6.119185311810105 366893.64172154374
39557.53241440017 9.405650975100363 382869.94378512196
39727.05242474685 8.724927415958016 266052.84846388845
39906.88243572281 8.717411027247426 491769.3409073069
39915.682436259915 6.035968447449374 232912.0087550338
40091.132446968535 8.008104801004366 427205.33701270807
40293.86245934219 7.957758001404634 501371.2198324528
40320.16246094742 6.734878285417215 295275.02248444775
40510.772472581324 6.092713968779925 17083.110390621718
40532.79247392532 7.488752148931235 51124.99974153992
40729.28248591812 8.830239981973273 305938.4122068811
40745.612486914826 8.410930914383254 311899.3314706052
40958.132499886015 9.295205486549873 494425.99458425865
40962.282500139314 7.101508824737588 28098.662971404006
40997.93250231522 10.026939653602367 59791.86223490205
41150.382511620024 7.297714211709001 326723.26241922396
41163.25251240555 6.413662397124165 14615.672435443968
41176.3425132045 8.144629659812354 353095.34908229037
41364.55252469193 6.157834910982213 19865.35371305275
41377.14252546036 7.150394303921912 419324.6417820649
41515.38253389786 8.060860574473153 211924.9291940464
41579.59253781693 8.666774485384419 401456.3060483449
41766.72254923844 8.993982565175076 354415.46771144465
41943.812560047154 7.464615362031423 260278.08052475963
42014.14256433976 6.4790018812465675 124111.35870753572
42109.13257013749 6.491449211278546 333778.49066531664
42416.26258888321 6.336168133026837 260910.12194002877
42478.47259268021 9.03303178862008 81416.97045498645
42561.092597722934 6.1355599325776575 310688.9641093318
42695.84260594742 6.833467620720768 87409.9896519625
42802.44261245377 6.850833565583874 46320.19441006558
42942.92262102799 6.375192394554617 244293.5910732121
42951.55262155473 6.842467563571976 102293.8797382664
43010.31262514115 6.847683665483743 272314.2077058129
43013.582625340736 6.298450457699927 93846.46981223318
43211.65263742997 8.639459460814672 123640.31215032162
43213.37263753495 6.391875445849559 119566.86214949268
43219.32263789811 6.073461461713031 162329.37664524943
43223.88263817643 7.381983205569077 163548.2404118954
43328.08264453629 7.247714470558094 95361.76278804097
43617.952662228556 6.780585189732975 121315.63125873687
43754.4926705623 6.571023078565749 388314.77540547145
43915.85268041093 6.598779854977766 302593.8600961971
43986.462684720624 8.836752115716354 49699.03470869519
44268.392701928264 6.182994477676015 346918.89348976983
44366.702707928634 8.6136652379401 58997.089965670144
44509.27271663042 6.365064196043465 234537.51624070664
44516.78271708879 6.835737994630417 61224.701913844845
44537.84271837419 6.811068043278146 191313.34242788036
44551.45271920488 8.958119960039953 145924.9195162816
44593.5927217769 9.625528328166931 73235.57161715456
44599.992722167524 6.381323711523127 55545.053037071586
44695.39272799028 7.295965826676842 61416.637141910105
44788.66273368303 6.869855168613429 51321.76317418039
44874.912738947314 6.389286301121623 346872.75484406285
44950.41274355546 6.10067336627953 253533.2255746008
44953.66274375383 6.183428021818143 189429.50248952236
45041.132749092576 6.777028203766302 290731.47057561757
45169.86275694963 6.656262715106449 484317.463561705
45243.58276144914 6.473964189638264 73190.80873053982
45252.20276197527 6.937171325915043 136529.4880188095
45371.97276928545 6.5758364418340545 337112.7755448092
45422.15277234819 6.314881921508856 289364.6318836377
46398.842831960625 7.072461160768421 882124.5556264598
48932.66298661273 6.171513351812195 567100.4234549778
49032.042992678405 6.313573930577008 272892.3950157496
50248.02306689594 6.8342226092692195 570014.6003934994
52022.79317521931 6.292296041334479 189692.01186814092
53668.00327563497 7.612712117829811 339664.5935703878
53970.8932941219 6.34593867170152 58874.64564395704
54077.14330060689 6.844392773055271 255021.94076130827
54387.98331957906 6.513836232044304 183505.82855244572
55840.853408255214 6.214826192276975 38393.49515865113
56040.24342042502 6.453847110006082 47519.95973288476
58267.563556369845 6.0212596677015044 51408.91414483039
58977.14359967918 6.491682777177223 144638.2576969304
60147.863671134255 6.5896175600286275 17803.48899223297
61212.133736092146 9.824997176356156 193371.384195923
61492.89375322838 6.0348699794128775 8295.462899077886
61826.70377360252 10.058055084930148 159122.2423238791
62273.38380086571 7.113382626009642 95003.28960107797
62406.45380898766 6.139973595387805 8965.854596480298
62620.393822045524 6.094741174816437 9277.548590600072
62640.603823279045 8.47072525081686 21479.20878828896
62680.77382573082 8.165412982213095 333378.5703258335
62690.79382634239 7.3084397629279145 24818.04907846576
62888.16383838891 9.8998951084345 148579.3735870978
63123.97385278161 8.665165926238997 184533.3452690107
63131.32385323021 8.060716599748835 203102.26784635938
63136.40385354027 9.50653097045667 376768.7714498214
63290.96386297387 6.445580507638071 175549.03797449454
64159.30391597314 7.122885774497189 194236.10199047334
65034.38396938379 6.1474847515161155 151558.1064705216
65448.713994672486 6.678869432254389 177610.0437615271
65650.93400701502 7.200845801924572 105039.55164964296
65937.96402453394 7.560289955695044 226882.41961937826
67937.2341465597 6.930939682382231 250858.96685403254
68041.16415290309 7.468545484623632 348393.3887478642
72785.43444247036 8.070652588813354 45993.35356154954
72887.0944486752 6.15837406037154 108183.88277834495
73818.4445055203 7.070395658590012 521623.43726099824
73949.89451354336 7.0992610140638925 150492.614437595
74791.48456490994 6.675722392191573 151321.87327028316
74913.48457235623 6.70859528829982 113304.75191582633
75101.77458384854 7.443336460364403 238679.27753492657
75165.52458773954 7.678638849298314 223262.77393096522
75181.9145887399 7.4867183929096015 166052.13096947328
75229.77459166104 7.337444148979731 235990.03213206702
75573.38461263334 6.451463732255585 212916.32341980722
75646.6746171066 6.358512721708179 270589.60064751975
75722.03462170622 6.444128650958847 195134.43386699347
75874.33463100187 6.327497134899612 220526.44292111666
75881.5146314401 6.455099140577581 216368.29379550694
75961.2146363046 7.297495049763579 209193.87514074874
76042.51464126677 6.774863839145999 202694.52192369432
76299.97465698088 8.15704928943874 178266.24019202226
76313.51465780729 7.628786199674982 206771.27002181535
76330.53465884611 6.213621294730023 33643.78950712691
76359.82466063384 6.724390480795067 30047.713061437636
76428.17466480559 6.2640120472747585 38095.33178463214
76473.5946675778 7.968008233431681 193294.08709978047
76529.96467101834 8.641032467778269 304379.73421443166
76655.65467868985 8.36453382857719 195891.39589872223
76747.00468426543 9.25083806095729 252390.5960608763
76842.7246901077 8.457381085263737 173905.2335480844
76938.57469595793 9.26823513060703 208846.39031849377
76963.91469750456 10.727256470260457 373234.15943400405
77034.44470180936 8.674124082374302 200191.43006182782
77127.35470748015 6.994462309651912 180356.62401882152
77177.42471053617 8.901491148579867 177754.98752349245
77220.93471319182 8.543348720218491 190857.0621509063
77319.81471922697 9.392885993039524 192255.20497156007
77398.45472402677 8.743812528623792 205336.68610975868
77422.17472547453 8.986196793342373 187500.60208167866
77628.56473807158 9.948683522095921 205010.7726786092
77632.71473832488 6.2367823872375325 167066.55404434586
77739.5847448477 9.237230977126167 188098.77246349858
77847.52475143583 8.393734324442626 169793.75838844714
77864.71475248503 9.412617091522048 223124.058065491
77957.34475813872 7.713698649178145 204318.71603609176
78006.32476112821 7.762158584342082 92791.00297014635
78070.17476502531 7.18336930340018 172439.86771012004
78111.24476753203 9.364884038685597 338704.4628645736
78185.5047720645 6.511746109977329 172971.92858153235
78304.48477932646 6.966763578006971 179642.87523004864
78365.53478305266 8.253065758337119 253240.97804661095
78424.97478668058 6.87204712476511 169947.93736672547
78442.8547877719 8.633131284511192 224591.66796173793
78612.32479811553 7.823409035814745 221588.34724310628
78763.81480736175 7.7452848653701984 47089.6834584675
78875.10481415434 8.466241249029201 227985.12550281084
78917.20481672393 7.090201318384735 155048.3983107223
78999.16482172637 7.113961844504735 34148.04912771721
79004.57482205657 6.251885893598102 45389.50799955467
79109.47482845916 6.553481063227644 105627.04529640572
79154.97483123625 7.524613516456792 252299.10019274944
79186.54483316313 7.17381989724092 175052.16624539645
79325.98484167388 8.475787190923828 166779.45538715945
79447.70484910307 9.7004005146117 251249.6620631797
79466.74485026518 7.3118003894320625 161086.9659189815
79503.80485252716 6.51726957417906 13834.240653290191
79613.07485919647 7.3283142526298 168007.9681517392
79753.53486776946 9.695244418776088 348656.1121948756
79765.20486848174 6.973268300011066 157543.84476583253
79919.99487792938 7.698671569780533 175298.080806304
80312.84490190704 6.114875789555086 27968.46796474592
80401.36490730986 7.687875198699213 238888.21889678983
80418.56490835968 6.7356581216539775 146161.00509026647
80596.12491919707 7.843977154720322 186117.75615290515
80644.97492217865 6.014535908089489 34331.67207912451
80749.28492854522 8.620301879135267 156572.93620224725
80789.70493101227 9.4472833922828 160537.48987466583
80962.70494157134 7.959572181608139 37109.68980068003
80993.35494344207 7.626951104578064 70547.55618566972
81124.58495145172 11.151330938943694 352288.34669507423
81196.47495583954 7.75377313811387 143416.70055695227
81402.06496838776 7.849962442852731 161668.26340419106
81501.56497446075 10.583931405952963 317330.6618987566
81616.60498148223 8.449542972451342 176309.02262492367
81838.38499501861 9.563306092086941 153685.29827249306
81887.88499803985 10.199601748860488 343862.46346779674
82069.7450091397 9.098079188651873 197382.23019671557
82286.48502236848 10.422956175776235 211183.54250917316
82312.38502394927 7.630696455441852 140934.87448521683
82355.86502660309 7.812754898228447 17152.858289632277
82469.68503355011 7.160403705482322 29110.120932745518
82478.11503406464 6.232267797862329 18645.45212356587
82497.91503527314 7.438781575335035 47768.37642203448
82568.495039581 8.050273823339737 162713.11411880655
82701.99504772919 9.710094172478328 317598.4866274237
82838.55505606416 9.311917012752684 157597.1667832552
83043.47506857148 7.224010879049837 35383.79465282259
83115.64507297639 6.425425176955046 191465.94727928744
83126.5850736441 6.359267526584545 252970.2947095613
83413.06509112947 10.396566889529785 161992.6241423214
83565.84510045442 11.73930224737546 343094.2316087493
83717.35510970185 10.356121595623645 169822.97994484956
83803.88511498322 7.436762523326813 32313.940260834384
84014.15512781708 11.035108716000517 323036.76014199085
84043.9251296341 10.062342573591335 140974.6255214826
84082.48513198762 6.1218505379799835 10050.42091768369
84103.44513326691 6.350861995499745 9330.508084395047
84128.8351348166 9.642449644515048 18152.731602719286
84249.18514216218 6.447666858373742 7688.454347810623
84391.57515085298 9.730557562780055 178351.99978791105
84468.12515552522 10.73776937971105 275971.629163459
84492.55515701631 7.262731207879654 13210.565266351325
84587.01516278168 6.275669563473474 9421.668935885735
84708.37517018891 6.336335387910283 245299.80316751904
84761.1951734128 8.85778728269952 146792.84655368555
84937.46518417147 8.486321526349236 229223.5681184888
85220.76520146272 7.1846386752120095 11787.214729523272
85516.03521948458 10.78641764507166 327138.45692182763
85978.35524770235 9.079395538553776 205182.8498944331
86003.28524922395 6.014595149615423 17276.36189293759
86014.78524992586 10.002785182668708 47466.52620762154
86023.70525047029 8.812632184141316 28743.769087388704
86143.54525778475 8.463527394650535 35643.112470764405
86151.87525829316 8.856503173351777 336920.4416215531
