585.9700 13.1967 9.0702e+04
2300.2901 10.6328 4.3008e+04
3098.8802 10.4683 9.2247e+03
4389.0103 10.1587 2.5764e+04
4609.1203 12.6890 4.2448e+04
4636.4803 10.9237 9.2263e+04
6074.5504 23.3152 9.9799e+04
7603.1605 13.5335 1.5369e+04
8800.1105 10.4028 1.8757e+04
9349.2106 14.4456 2.3273e+04
9472.1306 10.6195 8.9524e+03
9521.1306 15.7148 2.0957e+04
10440.7306 10.9896 1.2634e+05
11387.8607 10.3891 1.2165e+04
11448.2107 12.5723 2.0249e+04
11562.6207 11.6288 3.7033e+05
11908.4507 13.0640 3.2457e+05
12220.4007 10.0598 1.2258e+05
12500.3908 10.6680 4.2427e+04
12937.8108 10.0556 1.5276e+05
14345.9009 10.9574 1.4328e+04
14524.2109 10.0232 1.2730e+04
14806.4709 10.0559 8.9063e+03
15590.9710 13.4682 1.9265e+04
15968.1110 10.6188 1.3733e+04
17685.8611 12.7703 5.5669e+03
18740.9111 15.0992 2.4935e+04
18765.0111 10.4018 1.8074e+04
18771.3411 11.0812 3.5281e+04
18775.3311 18.1779 2.4360e+04
18797.1411 20.8548 1.4374e+04
20758.0513 13.2253 3.1973e+04
20871.1013 10.9448 2.4990e+04
20886.7013 10.5715 5.7196e+04
21652.5413 10.0728 6.6259e+03
22217.3714 10.6339 4.4720e+03
22603.0614 10.5097 8.7294e+03
22739.1214 11.3071 9.6411e+03
22780.6814 10.8121 1.2398e+04
24627.0615 11.7767 2.9192e+04
26102.4416 10.5943 5.4392e+04
28471.2817 12.8844 2.6957e+04
34888.3921 10.6729 1.1220e+05
38998.1924 10.9055 2.7413e+05
39414.7524 10.0459 3.6334e+04
42741.9326 11.3003 2.8162e+05
43833.1227 18.9809 6.0179e+04
54233.9933 11.2313 2.0774e+04
59049.2336 14.1031 9.1567e+03
59980.5637 11.2466 5.7785e+03
60798.8937 14.3319 5.7902e+03
60900.6537 12.8455 4.2155e+03
67946.9341 12.0716 5.9621e+03
69347.5742 12.1060 2.6468e+04
71928.5844 16.6730 1.9179e+04
71930.4444 11.0107 1.2660e+04
72655.0544 12.2309 9.8690e+03
73221.5545 11.3725 2.6014e+03
73236.1645 10.3622 3.1661e+03
73440.6745 14.2266 6.7134e+03
