637.4900 11.9318 7.9420e+03
775.3700 14.1469 1.7959e+04
2887.1902 19.0672 9.0450e+03
3123.7502 10.1430 6.9309e+03
3360.6202 12.6172 1.5817e+04
3633.4502 10.5361 9.5216e+03
4077.5802 10.1647 7.6583e+03
4109.5803 11.9843 1.9804e+04
4204.6403 10.2422 1.8967e+04
4387.0703 17.4357 4.7247e+04
4403.6303 10.7617 3.3655e+04
5542.4803 10.5770 2.9530e+04
5551.0003 10.4817 2.9858e+04
5562.5403 10.4904 1.2859e+04
6073.7904 26.0671 2.2385e+05
6578.1204 14.7825 1.0351e+04
6605.2904 13.8206 4.6437e+04
6665.4704 10.5824 1.4443e+04
8497.8805 11.7612 1.6004e+04
8745.5805 15.2058 6.3963e+04
8773.0705 10.7858 2.6017e+04
9117.4806 15.0537 2.6772e+04
9413.5806 11.7476 2.2000e+04
10411.6706 10.6228 4.4005e+04
10429.3506 11.6832 3.2742e+04
10438.3606 10.0884 2.9014e+04
10449.5706 13.5310 3.6450e+04
10482.3806 13.7530 4.5957e+05
10493.7206 10.2905 1.3849e+05
10517.7306 15.6583 1.4954e+05
10557.3006 16.1870 2.4858e+05
19279.0512 11.6074 8.8453e+03
20591.4113 10.0095 4.6079e+03
21236.5613 11.7987 5.0311e+03
21546.0313 12.7757 1.3410e+04
21630.4613 15.5793 5.2568e+03
23499.1914 10.1386 9.9449e+03
23722.1114 14.7532 1.5782e+04
27082.3417 13.5031 8.1555e+03
28077.6317 13.6003 1.0871e+04
28112.5417 15.0432 2.3972e+04
30329.8519 13.7126 1.3375e+04
30403.3819 12.7400 2.4118e+04
30475.1219 14.2222 2.7573e+04
30560.1119 10.4158 1.4140e+04
30597.0019 10.6918 2.4654e+04
30611.4819 17.0691 5.0953e+04
32335.7820 11.6023 2.3453e+04
32469.1920 12.2256 1.9704e+04
33622.4721 10.3689 7.2505e+03
33784.4721 10.3919 8.1006e+03
34408.6521 12.5540 1.3068e+04
34585.3321 10.4069 6.8012e+03
35170.5921 24.8806 1.0962e+05
35316.6322 11.3484 4.6692e+04
36446.4322 10.5960 7.6590e+03
36939.2723 10.0646 1.3975e+04
38393.5923 13.8779 1.5806e+05
38394.4123 12.0914 1.5806e+05
38579.3524 12.0271 1.7196e+04
38812.6324 10.9280 1.5904e+04
39701.8024 11.9576 8.1886e+03
39951.0024 12.9857 5.5888e+03
41635.8525 10.4607 2.0764e+04
42372.3526 11.1258 1.4418e+04
43656.5427 11.3139 8.6798e+04
43662.7827 11.6115 1.4790e+05
43756.9127 13.9121 2.1530e+04
43832.3127 14.6397 9.5651e+04
44332.0927 13.0202 2.0409e+04
45357.1328 10.3436 2.0628e+04
46513.1328 12.7234 8.6505e+03
47149.0829 18.9003 6.4001e+04
49732.5830 21.7329 3.7955e+04
49734.3630 12.0751 2.5988e+04
53966.0133 11.3671 2.6660e+04
54656.7833 10.2831 6.4997e+03
54673.0133 25.9804 9.2214e+04
55844.4634 13.4841 3.7065e+04
55885.4834 10.2174 1.9709e+04
56211.8534 10.5210 2.6345e+03
58460.9036 10.6063 6.2103e+03
62236.4138 13.0478 8.5971e+03
62262.5138 10.5697 4.0903e+03
62911.1338 12.7073 7.1243e+03
63057.9638 10.4978 4.9155e+03
63494.9639 11.7485 1.5581e+04
65851.5140 12.8339 4.0166e+03
65997.9240 11.5796 5.9424e+03
66068.7540 11.0965 1.4621e+04
66069.9240 10.0017 1.1860e+04
66475.1741 15.0699 2.6764e+04
67674.8741 12.6686 9.1211e+03
67904.7541 22.4885 3.3104e+04
69125.1842 10.7307 1.0802e+04
69229.6342 15.5936 6.4601e+03
70285.4543 13.6093 9.8128e+03
70483.5943 12.1737 4.9981e+03
71121.5443 14.3593 1.6315e+04
71148.3543 10.9116 5.7730e+03
71930.6844 11.4987 1.0808e+04
71967.2044 10.5829 4.6150e+03
72281.1344 13.7555 9.9327e+03
72358.0244 12.0931 4.2935e+03
72579.4944 16.1187 8.5345e+03
72655.2344 19.9192 1.0946e+04
73830.3545 10.5813 7.0833e+03
74383.5145 17.2671 9.9064e+03
74622.5346 14.1671 1.7029e+04
76601.8947 10.7071 3.6955e+03
77190.6347 12.5795 1.2588e+04
77948.7948 21.3905 2.3769e+04
81167.5450 11.0366 7.4107e+03
82084.5550 18.0166 8.5918e+03
84030.7751 12.1270 6.9424e+03
85487.3752 10.2888 3.9186e+03
86051.8653 12.4386 6.7935e+03
