851.9000519958528 6.9754695038137875 9891.245561538622
3666.7902238031143 6.762706235957217 20470.292709059675
4390.350267965715 7.2726111425361815 29972.777198827207
6073.800370715355 10.83316665421285 696412.588524932
6076.170370860008 8.06148076069507 696412.588524932
12886.950786557054 8.030437076084374 88846.91253291501
14332.580874791312 6.375200069571209 18344.991044087154
14437.41088118963 7.690249801902509 222703.2672240137
19280.941176815257 7.261183595931038 28644.480975514456
22428.541368929527 6.096356513599284 16762.432677836296
24165.681474956145 7.186496471214003 106631.73376336621
25036.241528090915 7.043953970466507 38164.434735696916
25276.44154275156 7.009809755552797 30404.574181664746
26758.711633222145 6.287419196570547 49856.385547070386
33065.26201814343 7.539863215649021 104393.72850214719
35171.082146672496 6.043784767684818 198504.6519791734
35172.802146777474 9.04964616268742 198504.6519791734
36755.87224340041 8.681264519933412 74157.51127110675
37130.07226623976 6.973589735598074 42512.14623494039
38172.192329845726 7.493648142053888 39164.42871321346
38539.80235228286 6.383317033597922 38504.658390513214
38862.1123719551 8.343494623182666 48117.89555008224
39116.21238746413 9.176569344872332 250696.7637013587
39395.492404510034 6.093276312320218 101493.75212139949
39529.17241266921 8.026789198547462 92493.47751691997
39886.74243449356 8.138448042613229 122735.88414265092
39964.87243926223 8.26584337676336 110569.16200760179
40019.24244258072 6.755132014990673 37523.042780424905
40066.492445464624 7.4590005313892505 52469.24219176077
40077.98244616592 6.643356284107796 117890.13070169206
40084.17244654373 7.154580068374392 119119.9276527583
40460.862469535066 6.967043684921466 406371.09081727476
40543.152474557646 6.50675626021655 41006.38359579138
40948.692499309844 7.8444330510153915 50855.02544953562
41766.24254920914 6.356326362644245 37018.10595064411
41946.16256019058 7.364023224203456 36154.46074011094
42747.84260912125 7.625046249559462 59388.44559456568
43230.43263857621 6.0295688827556875 33796.207005235985
44331.812705799115 6.328235449949929 48117.52255512464
45250.792761889206 7.448242545886783 406845.21292014694
45738.39279164995 7.564485930912995 37726.7331147666
45884.32280055681 6.2057454600269395 68262.91170988277
45938.7028038759 6.557719147939719 62866.422368900574
46414.88283293963 10.165595498574014 100100.0667233739
46486.122837287774 6.595336896089496 48222.156510628665
47797.53291732989 7.182092597209104 99126.54792842924
47844.82292021624 6.114161333558252 96034.38378858226
48138.77293815753 7.8560838704104246 51349.947932476
49735.323035603215 7.139183458904286 35825.29213951536
50177.45306258869 6.332012226027558 44565.01687133013
50184.65306302814 6.0667788142414985 137397.49069911108
50660.893092095524 6.548475310002907 19141.16871920634
51650.283152483105 7.478535886742157 56394.88785086947
53295.76325291524 8.081841871351584 34516.27972137547
53493.30326497212 7.679642708123077 23364.917269232414
54426.05332190267 7.906706183305957 40246.2587768361
54675.47333712606 8.138467421629883 78245.76295789532
56172.5734285018 6.010132276824452 43571.53028214441
56262.66343400045 6.048069955571893 12802.262667704681
57554.25351283285 7.909304233776218 83742.43550170772
57582.96351458518 8.57275193730662 23390.35637401042
57657.00351910422 8.867382017050817 92917.50999022093
57877.22353254538 7.0956743538080955 18404.900559329286
59808.19365040244 6.536132267509093 11896.51186129396
59888.02365527488 10.047735852889236 55595.24056655954
59896.29365577964 6.170158728982309 30941.186999769732
59932.263657975076 6.093291459077401 8864.28957490063
59935.7636581887 6.578157516772527 17456.41067425221
60019.733663313826 7.781161398018579 14711.61229802573
64416.8139316903 6.220887147988928 6521.842329461964
64630.23394471643 8.393755493978075 13003.406471704579
64711.6439496853 8.278833637594097 14649.393628907581
64717.01395001306 7.491984516919264 13593.507413441834
64753.38395223291 6.305653362818671 12916.56013520023
64767.203953076416 7.408985787201267 18441.99486437978
64947.04396405297 6.246007307749073 8531.977524669335
65300.833985646605 6.329558148892213 4853.158251254721
66070.92403264917 6.7340869980210725 9372.53329765844
67907.43414474085 6.320037607871292 16596.316735548236
67943.23414692591 7.379914686540456 7559.932487879985
67948.72414726099 9.408776348316113 40459.902972883676
68006.6941507992 7.949478928968483 13701.40497628427
69348.01423266689 6.527769942289592 35155.31725612942
69643.70425071438 6.121754245952214 10358.385444478388
69659.55425168178 6.538000750532952 12007.420812280698
69725.57425571133 8.389123958518645 30162.605486743574
69737.4342564352 6.963273412151914 17627.623445481953
69760.94425787013 8.50626684060308 30458.45933331227
69781.43425912074 9.663629989710797 43208.54841896894
69830.53426211757 7.211199424006748 9996.341592676967
69847.34426314358 9.714356004499974 29530.982881228243
69855.34426363185 9.579257373369284 24727.894578867337
69868.5242644363 9.335828717954364 35394.94130855951
69968.04427051051 7.4418663027527305 21356.94191970732
69994.04427209742 7.963538811121607 23591.66357329804
70290.42429018703 7.788768253225338 11260.286839823233
70385.1642959695 8.41994812510804 8860.410113309339
70664.47431301723 6.00760313040781 14064.75693732213
70708.7843157217 6.059062976471267 9990.98360514077
70736.1243173904 6.150193088318316 15811.712676295996
70741.71431773159 7.396405652481404 15839.728828193092
70775.144319772 7.573564212788893 20621.628259550063
70822.16432264187 7.69090577601919 15924.216175382344
70841.18432380275 8.640018459110568 44018.64409138281
70843.14432392239 6.582111119696474 20412.89927250934
70857.00432476834 7.407437821280631 35652.83155991311
70898.59432730678 9.137421685404245 34782.7698507424
71931.7843903677 7.379319197206337 17062.03957443244
72657.59443466763 6.691799881295585 12652.449561106967
74385.69454014249 6.865313914705286 14798.829445710648
74719.15456049527 7.6409857512750685 11683.495465303036
76987.57469894865 9.863733905957922 54770.02130428362
77660.42474001615 7.39294793010405 13677.159935100435
77793.73474815275 9.045641099700234 30365.486134064624
77810.80474919462 7.732753771423229 22469.365998949692
77813.05474933196 6.989843664560583 25245.105392824862
77855.5147519235 8.836618557164261 16156.081870833972
77969.014758851 9.820450480690688 35330.61017803875
77985.84475987822 6.231786830747004 14379.441832296183
78763.11480731901 9.755078112417399 73708.1533444619
78998.07482165984 6.86267436636096 10381.638417484659
79094.68482755644 9.365972023691985 26916.12983526777
79109.3148284494 6.996682043586778 14826.08944467696
79309.2948406552 6.253277216905398 12895.833435018925
79319.38484127105 6.498724872477531 12449.581670314416
80378.58490591949 7.437282517755027 17231.685158451233
80532.02491528472 6.186754994484381 20408.856775702992
80661.92492321318 7.035080366002348 11149.415069913053
80921.45493905364 8.40915037868618 14587.382021541303
81096.41494973235 7.335008434914018 36786.0624412388
81130.77495182953 6.023738062259377 25759.841669675596
81974.70500333892 6.426464160279239 12854.552665831332
82087.06501019683 7.44332468431269 13306.592711461799
82136.2050131961 6.110433481383599 10311.197963601273
83629.73510435395 6.4240746064686265 7950.299226913523
84033.6951290097 6.020000877012699 10230.530902716411
