2394.6101461554044 7.418009586539671 12291.912480466966
2937.8401793115345 6.199630341898236 5524.056685378895
4207.700256817642 7.080216962294496 15861.228641969286
4390.160267954118 7.57362174257963 32625.068317001194
6073.400370690941 11.198850172272774 163400.40341442364
14571.820889393364 6.755926614905368 9082.639633948449
16213.140989571593 6.481081202286539 8759.536258861743
16303.260995072082 6.903856876927425 15094.880021325294
18228.98111260871 6.321151902459016 14005.677416899085
18386.991122252875 7.931252089218406 20656.740377316648
20171.361231162184 6.213473756298246 141857.91737334972
29280.80178715831 6.016662089038582 20098.237937643436
31540.191925060542 6.889461270333262 76957.03874230686
31561.581926366085 7.680944915671049 13104.283317367113
31770.581939122432 8.406199297996565 40835.252759238196
35171.20214667982 7.130011612815499 83261.42271836674
37252.142273690326 7.8182226689473024 38433.87522047973
37446.7722855696 8.375589631540418 13972.661397879223
37504.122289069965 8.136669877820347 17335.46091890677
37719.46230221327 6.482546770495672 15715.182359893237
39907.67243577102 8.08400207723143 35677.11223238411
41862.86255510636 6.642256391820809 6813.449686256774
43831.72267527604 9.482185823920666 197226.55398524477
47032.28287062274 7.381662954589893 12676.852783004884
47148.54287771868 7.800696115210921 144383.66298520184
49060.21299439776 6.734562214470848 22944.478590599774
49498.273021134824 6.042735239613171 25750.74207289832
49514.02302209613 7.59734090569753 34872.38881899944
49734.973035581854 10.476516533763956 42513.12219455079
52620.12321167744 6.657603980309961 12033.416515021823
52622.90321184712 7.015312304010198 40969.017315656005
53508.22326588277 6.917781505369458 13042.60824871739
53756.17328101643 6.073629332456367 7778.942143943331
54018.003296997274 6.800460111686804 13163.989808992274
59533.52363363792 6.101154183815925 13213.028254080811
59575.97363622886 6.404017441715476 12529.25535108124
63494.813875415886 6.397283689661612 6477.648931876269
67907.2841447317 10.921553632684628 49267.54532648327
69335.2742318893 6.1011421416637885 8246.485787911372
71782.02438122708 7.624414657608923 12724.034116166395
71931.90439037503 6.716010501340923 9026.405908470064
75071.1145819772 8.015286218876877 10827.334239016904
75085.15458283415 6.973273219113707 12286.66203085528
84710.64517032747 10.70809532244766 12778.3892514697
84807.63517624726 6.274632918469329 6511.561542856731
85315.3252072342 6.264788586568485 4303.120105735421
85410.1752130234 6.391520412753287 4922.225464150944
86178.21525990084 6.0304986656544415 4798.012982233826
