1223.8301 10.9886 1.0602e+04
2889.1402 10.6978 1.2284e+04
4070.0502 13.0955 1.3544e+04
4081.0702 12.2362 1.1292e+04
4458.4403 12.1341 2.0482e+04
4618.0403 10.1429 1.2097e+04
4636.0303 14.9573 1.3095e+04
6533.6004 15.0209 8.1501e+04
6549.3804 11.5857 1.1710e+05
7357.8104 10.5494 3.8955e+05
9873.7006 13.1748 4.4353e+04
9892.4006 10.4049 4.6620e+04
10268.2306 13.4287 6.7519e+04
11182.4407 10.1081 8.6183e+04
11701.9907 10.9959 1.3911e+05
11714.0407 11.3923 4.1563e+05
12583.5708 10.3204 2.5551e+05
13486.5308 10.3677 1.2011e+06
14041.7609 10.5445 1.4076e+05
17011.0510 10.3658 4.1925e+05
17929.8511 13.6490 1.0143e+06
17977.3611 10.4196 2.9166e+06
18762.4311 10.4960 8.6974e+05
19441.8612 11.3223 6.3069e+04
21342.4513 11.3775 6.0158e+05
23867.4315 10.0260 6.9170e+05
27187.6317 12.3322 4.4414e+04
28672.5318 11.5075 5.8190e+04
28802.6718 12.2803 1.7270e+05
28806.2318 15.0602 3.1907e+05
28807.0518 10.8761 3.0255e+05
28878.1518 12.1863 6.2596e+04
28888.9818 10.1997 3.8402e+04
28897.3718 12.9779 4.0422e+04
28947.8918 12.5364 4.3817e+04
28974.7018 14.9772 4.2764e+04
28981.6218 12.3673 4.5996e+04
29002.8518 10.5566 5.1902e+04
29610.3418 13.9717 4.8670e+04
29719.2018 10.1829 4.4594e+04
29838.2418 10.0317 1.1857e+05
30052.1718 23.0306 1.5570e+05
30087.7018 11.2571 6.0622e+04
30090.1818 11.2588 5.5962e+04
30096.5618 10.8373 7.8176e+04
30098.7418 11.1976 1.9576e+05
30100.7918 11.9351 1.1239e+05
30120.8218 15.3040 1.0472e+05
30149.7618 11.4380 2.9041e+04
30157.6418 10.5230 3.6537e+04
30158.3918 11.3590 2.9138e+04
30167.9818 12.4927 5.0965e+04
30168.6118 14.6475 4.6176e+04
30173.3318 10.3879 3.3291e+04
30180.8818 10.4350 2.1341e+04
30187.5818 11.0654 2.4917e+04
30226.5518 13.2571 3.1174e+04
30233.1018 12.4884 4.6655e+04
30343.3519 11.4423 2.6468e+04
30360.2319 10.6987 9.7247e+04
30447.2319 11.5354 3.0391e+04
30470.6919 16.8220 4.1407e+04
30485.3019 18.8689 7.3909e+04
30536.8219 11.7749 1.9489e+04
30557.2519 16.4533 3.4421e+04
30600.6719 12.4701 3.2496e+04
30601.1919 13.3442 3.2496e+04
30622.1719 11.2500 1.9600e+04
30631.6119 15.7248 2.9886e+04
30725.7519 15.0127 1.7413e+04
30743.6419 11.7844 1.9998e+04
30936.4419 11.5698 4.7140e+04
31083.6219 10.4364 3.7604e+04
31103.3919 21.4648 4.5688e+04
31118.2619 11.6870 4.8614e+04
31344.7119 12.8447 1.4856e+04
31544.8019 10.7848 2.5718e+04
31611.0419 19.2908 2.7899e+04
31798.1919 15.4535 2.5254e+04
31812.8119 11.7247 2.7202e+04
31945.6019 15.7256 2.5046e+04
32624.0220 11.7252 9.0983e+05
32942.4920 10.7735 3.7792e+04
33079.1620 10.8058 4.4403e+04
33101.3020 16.8816 9.0090e+04
33227.2520 14.8580 1.0969e+05
33227.5720 12.0277 7.9792e+04
33253.6320 11.1024 5.3918e+05
33315.0620 11.4089 4.0451e+04
33327.6120 11.9489 3.3746e+04
33331.9320 14.1538 4.5294e+04
33342.0020 18.8590 1.0816e+05
33363.2120 12.8958 5.2500e+04
33366.0420 11.0734 5.0798e+04
33367.7020 10.4555 3.4244e+04
33663.4921 15.6957 2.6877e+04
33887.9621 15.4023 3.5138e+04
33942.1721 13.6860 6.3903e+04
33943.1421 10.9107 5.2805e+04
33959.3321 15.8833 6.1704e+04
33984.4621 19.4324 5.6183e+04
33989.5021 13.2153 6.7691e+04
34027.6121 15.5232 3.7930e+04
34036.8521 13.1573 3.3318e+04
34047.3021 13.0659 3.4823e+04
34063.3521 15.7423 5.8802e+04
34079.2621 13.2064 3.1562e+04
34091.8321 10.9713 9.6029e+04
34092.1421 13.4590 8.0549e+04
34104.6021 13.0347 1.5414e+05
34120.7421 10.1345 7.4057e+04
34130.1321 20.1824 1.0378e+05
34133.8721 10.1816 1.3134e+05
34139.9421 11.1570 1.6665e+05
34157.1421 15.6479 1.8986e+05
34157.5621 12.6613 1.7356e+05
34166.8421 11.1089 1.3274e+05
34202.1721 17.2117 1.5543e+05
34203.9121 15.1508 2.3798e+05
34206.7021 17.0378 2.3798e+05
34207.4621 10.1124 9.7935e+04
34217.8921 16.0669 4.4602e+04
34224.1621 16.0753 1.6829e+05
34224.6821 15.0378 7.1220e+04
34230.0921 19.0394 1.3544e+05
34244.4121 12.3803 1.9717e+05
34245.6221 19.8167 1.6125e+05
34249.2821 11.3763 8.1262e+04
34256.8021 15.5668 4.7158e+04
34266.1921 15.8993 6.3060e+04
34269.9021 10.5787 4.1747e+04
34291.3121 10.4458 6.1387e+04
34296.0221 13.6665 1.2710e+05
34307.0121 14.8268 5.5451e+04
34313.1221 17.7739 8.9557e+04
34328.0621 13.9457 6.7042e+04
34328.5821 14.9089 5.2896e+04
34335.2121 10.1776 9.3540e+04
34337.3021 14.1642 8.9693e+04
34343.0321 11.1715 6.9314e+04
34347.8321 14.7486 1.7227e+05
34367.4121 14.9104 1.1060e+05
34378.1321 13.1387 1.2207e+05
34382.3521 12.3877 1.4361e+05
34392.9121 17.2144 1.1814e+05
34411.9321 16.9109 1.0657e+05
34455.0721 26.5247 1.4496e+06
34491.1021 12.6045 2.4986e+05
34491.8821 14.0241 2.4986e+05
34493.3521 11.9160 2.4986e+05
34500.1721 14.5633 1.3025e+05
34512.5121 15.7911 7.4544e+04
34517.5221 14.6120 1.5861e+05
34520.8921 17.1168 9.8447e+04
34528.0821 18.0023 1.6292e+05
34544.1921 18.7596 1.1464e+05
34560.0021 15.7163 2.4219e+05
34578.0121 16.8627 2.1905e+05
34599.6321 16.4534 2.4474e+05
34737.6221 10.2825 6.1296e+05
35040.2321 15.3629 1.7566e+05
35042.6121 16.3793 1.5563e+05
35080.8721 14.1893 8.8432e+04
35097.0821 10.0534 6.3214e+04
35117.8821 11.1815 8.9877e+04
35141.6621 20.3382 1.2130e+05
35152.3521 10.0778 8.8773e+04
35163.1321 16.9609 1.0923e+05
35178.6021 14.4050 3.5471e+05
35198.6921 10.8087 2.3580e+05
35199.2521 21.8581 2.3580e+05
35207.1521 10.5146 1.3539e+05
35213.5521 12.0767 1.0589e+05
35233.7322 13.7875 8.1792e+04
35242.6922 10.0842 1.0986e+05
35298.1922 10.1145 4.6930e+04
35303.1922 13.6536 5.3397e+04
35338.6422 10.0747 3.4984e+04
35350.1022 14.4724 4.5215e+04
35358.6722 11.8234 5.5590e+04
35461.8122 13.4424 1.0287e+05
35502.3222 14.7552 4.3171e+04
35503.3422 10.5244 3.9708e+04
35523.5222 13.4223 4.2841e+04
35528.7122 10.2142 7.8293e+04
35529.3822 12.2945 6.3124e+04
35560.4322 10.4026 4.6385e+04
35565.8222 10.6750 3.2330e+04
35587.0522 10.9017 2.9356e+04
35595.6022 14.6993 4.1282e+04
35609.6922 12.0098 3.1767e+04
35614.1922 13.5858 6.0715e+04
35614.6522 11.4479 6.0715e+04
35637.0622 10.7999 2.5980e+04
35649.6722 18.5731 9.7197e+04
35668.9522 13.5970 4.2747e+04
35718.4722 11.1373 7.9260e+04
36004.6022 12.5686 7.4255e+04
36007.5622 13.2980 1.2537e+05
36077.0422 10.4265 6.0042e+04
36082.9122 13.3608 2.7472e+04
36120.5022 13.0771 4.2588e+04
36286.9422 18.8523 3.7680e+04
36390.7222 10.0950 2.2502e+04
36587.3222 10.8053 4.3215e+04
36613.2422 10.2837 2.3806e+04
36621.2422 17.3903 4.9883e+04
36623.9222 11.7133 5.5942e+04
37713.6223 11.3974 1.9826e+04
38611.4524 13.1149 2.8429e+04
40582.3325 22.2264 8.9516e+04
40598.3225 10.8160 4.3965e+04
40994.5325 10.5542 2.4972e+05
41327.4125 11.3108 2.2861e+06
42103.4726 15.1069 6.0120e+05
42755.1326 19.5935 7.1567e+04
42871.1826 17.1134 5.0395e+04
43111.6126 15.2198 5.0915e+04
43443.2827 10.3312 5.8915e+04
43593.5427 21.4273 1.0529e+05
43682.9927 15.2420 8.0533e+04
43708.0427 15.0929 6.3221e+04
43716.8027 14.7588 6.8339e+04
43831.2227 19.9763 2.9121e+05
44374.8127 13.4575 7.2091e+04
44528.6827 11.6452 8.8133e+04
44592.8327 14.6383 4.8735e+04
44643.9827 12.5224 3.8506e+04
44664.0927 16.8466 6.6905e+04
44942.0527 11.4226 4.9788e+04
44957.7527 17.2834 8.1737e+04
45058.4228 13.3887 3.1931e+04
45072.1228 14.5266 4.1461e+04
45799.4528 10.5883 3.7318e+04
47148.0229 17.4400 1.8079e+05
51905.0032 11.6949 4.0793e+04
52111.8532 10.6825 3.9323e+04
52332.8732 10.1256 4.1760e+04
53996.3233 10.4512 1.0022e+06
54675.3733 13.8323 6.8908e+04
62845.1038 11.0545 7.4920e+03
63495.8639 11.8250 1.5895e+04
63498.6639 11.9940 1.5859e+04
66298.8740 12.7012 7.0762e+03
66520.3041 12.0385 8.4984e+03
67948.8941 12.7720 1.4856e+04
68068.1142 10.1496 6.5059e+03
69347.0442 11.2480 5.2244e+04
72265.4444 10.0670 7.9154e+03
72507.5244 14.7402 1.3647e+04
72582.0844 11.1487 9.3790e+03
72657.8444 13.3768 1.1356e+04
73806.4445 13.3862 4.8516e+03
73839.7145 15.7066 7.8177e+03
74283.6345 10.5052 7.1695e+03
74293.8945 16.0631 1.0401e+04
74385.1645 14.6401 2.6882e+04
77952.1448 17.4607 1.2150e+04
78131.0448 11.2477 8.5837e+03
83867.1951 10.2586 4.0575e+03
83937.0151 10.2448 6.2950e+03
84027.7851 21.1187 1.1949e+04
84062.3551 13.2357 8.2312e+03
84126.6451 12.4237 1.2061e+04
84582.3652 15.4080 1.7149e+04
84585.0552 11.8677 1.2539e+04
