964.2300588519323 6.665552225940744 7351.180648888666
1059.8300646868936 6.4120781848781965 4808.532456077838
1137.0100693975871 6.162063241244057 14680.579140952328
1380.2200842419486 6.559657551351699 8178.6570150615125
1623.9700991192688 6.564915271430595 11307.627345019051
1707.3201042065493 6.380468489785767 6814.598967899933
2388.770145798959 6.589374837655079 11759.739534786846
2418.3501476043793 6.398649575011411 19256.406410342686
3100.9801892688106 6.715898059747219 7215.889691493975
3126.170190806286 6.699356614128002 7125.1548367149535
3482.9402125818 6.0566261073426375 30801.904430736828
3499.6202135998665 7.0903274771738465 118101.19176249107
3982.740243087173 6.158925442978537 6190.322822575306
4008.850244680801 6.633324651915063 9118.833768771367
4020.0902453668364 7.085558076517644 15664.794650240747
4390.49026797426 6.323225082780572 14623.33657164153
5160.820314991474 6.548250028681975 14791.329774257802
5350.150326547261 6.751908120810623 11268.612215875524
6073.460370694603 9.079880252580264 287730.53866148356
6761.430412684962 7.8725435790561775 384274.35467889847
6764.580412877222 6.565634624617853 353607.2212451898
6767.540413057886 7.224241587989101 43890.300741437975
6848.940418026148 6.228760249328104 20786.38848571606
6873.770419541652 7.004286293235508 13590.108704106346
6943.170423777492 8.725703366521323 50115.749167966496
6964.17042505923 8.24778562183086 30941.639097228788
6996.450427029445 8.341865053333906 1315944.019370571
7004.400427514674 9.115535587479256 261968.7906151076
7005.890427605617 9.888031948360148 298173.1535504168
7060.250430923488 7.715630675628512 1180779.7951859378
7062.6004310669205 9.871484927260566 253967.5299964902
7436.450453884915 7.926747421701028 117816.53293801015
7454.170454966458 6.844977891765681 32929.88450595513
7472.020456055936 7.756034076171047 19861.261622712052
7482.000456665067 7.34272870841478 17425.218145241673
7489.260457108182 12.496183379903265 1333445.49467085
7693.330469563627 7.337090814306046 10954.055776582343
9455.850577139317 6.011426458977974 64664.84741542807
9484.880578911168 6.305556233295408 7095.973964656037
9635.260588089635 9.474688673024646 32515.2268644216
9723.480593474158 6.318666661802075 19057.002205769695
10756.090656499673 6.996796554921688 9913.57537348001
11804.180720470014 8.916056104208424 16000.94870370745
11810.220720838666 6.688818177058954 11267.688594816544
20101.33122688789 8.984768667234327 42887.38766995493
20464.991249083938 6.121041972360643 10787.64620297603
20579.741256087724 8.114107345644562 14138.25380319996
21327.75130174263 6.693495261801455 93762.60914205792
22014.25134364327 10.023216942593127 32762.786937804023
37372.08228101088 6.385845194582232 27163.57773299061
37391.28228218276 6.068296507695974 100576.18366699049
38542.472352445824 6.071651762160582 89001.64417256042
42022.592564855506 9.047385798347612 38363.54473347601
42057.39256697953 6.463663492792993 13991.743552672402
43831.75267527787 6.792846520872585 168599.53712523213
43835.982675536055 6.027535754306476 168599.53712523213
43938.38268178605 10.356740185850642 183843.77293290815
43946.60268228776 7.328826159187819 36995.35224079211
43953.93268273515 7.5532256239133595 60942.58204204038
46972.072866947805 6.85750511337954 29654.72229237101
47152.82287797991 6.2890256644352736 130383.03859144705
48290.45294741534 6.87384382500216 15027.64152257441
49734.91303557819 7.705040665586183 16896.999018602488
52950.683231853225 9.867248634274542 22159.800475687887
53463.80326317158 6.733294588525422 9530.723302906792
54571.773330796714 7.053344863230645 7459.741584225079
54673.37333699789 9.89204197455526 29567.783554467424
55455.17338471517 7.000369302183723 5165.140758289356
56058.28342152609 6.326055121328324 6321.413307590824
61976.43378274132 9.275715758945358 17223.29851635853
62114.67379117882 7.527453919723503 4959.958793550146
62510.46381533593 6.717345683407072 5104.296119938206
62922.743840499505 7.356193076914762 8979.22034476221
63096.16385108422 6.777708935524849 4776.947676722262
63669.303886065914 7.5624719352498735 3030.825339979567
64081.34391121484 6.055385202508841 2846.21038475375
64419.97393188318 8.913500314291424 684401.0160110944
65020.68396854761 6.766532871972612 2823.7750013125433
65024.8339688009 6.7407492169682905 4334.284267319684
65448.70399467187 8.461780585767231 16361.067785029434
65644.4540066195 6.871397804362145 5169.0925777117445
65899.95402221399 8.201042204824178 10440.74391749082
66412.71405351038 6.683889005449835 5947.8508690642475
66460.57405643152 6.291687340815079 12572.456400162062
66465.83405675257 6.191258180797475 9767.833535363085
67584.56412503443 6.822959016664924 3114.6109355566637
67907.27414473108 8.048205004955891 11641.352917115892
69231.77422557215 7.915746982997993 5475.634119166881
69899.96426635524 6.377134173314394 6640.822290918753
69916.02426733547 10.32591952681079 140168.39591414397
69983.9742714828 10.327035732571398 70923.52410667902
69991.19427192348 8.324213239167012 111749.18758215575
69999.29427241786 6.891337674692468 217527.6242612248
70004.0542727084 6.2498374391200615 219895.94671409467
70008.64427298855 10.895736441520297 684930.1149892727
70012.60427323024 8.18233534026232 309314.79046237166
70037.51427475063 11.275174804763594 188553.63082921642
70043.36427510768 7.2696533876370495 51951.849628599564
70373.25429524257 6.338205905883298 13009.500910933884
70597.50430892971 6.825887862005708 17133.182289169643
70615.42431002346 6.36237281605747 15068.242395282618
72492.26442457669 7.496756188027576 3972.4777745521687
72769.95444152554 7.086886272105791 3398.0098788256814
73487.98448535062 7.531770838422429 3808.3754674170696
73536.44448830838 6.7242136182494345 3642.2433223878807
73539.47448849332 8.197845062034233 8529.101176248772
74093.64452231718 6.739908946229681 3317.5323842076423
74129.57452451016 6.025965086936805 5553.154393868963
74187.14452802396 7.236951115123147 3203.352596063747
74222.7345301962 6.833629446283683 6395.1993683291
74785.97456457364 6.568245591519712 16229.778218763066
74787.49456466641 7.790924301205229 16455.639231953475
74918.70457267483 10.796459892333583 33246.922783354275
75103.48458395292 7.31012768836823 9475.220446173314
75268.55459402798 8.759338190741795 35121.632880039964
75402.77460222013 6.282232216347873 21368.28436127386
75435.73460423185 8.659076084593103 90798.71065296806
75439.19460444304 6.073471564388416 72690.06843857562
75442.18460462552 6.032064796247839 95320.01830558154
75444.31460475553 6.881420489767185 34938.94547873867
75453.43460531217 6.2015449523094555 160689.70977905244
75454.66460538724 7.073745441799694 208204.79696627898
75456.21460548184 6.377841881011668 167111.91376771423
75457.24460554472 7.509618748110964 87887.59078619757
75459.53460568449 6.611138633455307 170927.10377952346
75460.43460573941 6.382635405403577 109621.12034070384
75464.7646060037 7.5033303671696965 87222.82542687551
75470.5546063571 9.248121753279575 915073.9316497718
75500.59460819059 6.918883370279347 99611.07204898972
76031.33464058439 6.841348529416896 9962.282100196386
76037.49464096037 6.662664686882152 6874.901836606248
76125.44464632841 6.5159984265100155 9035.557469499372
76223.54465231596 6.997967000281333 8546.920960566065
76405.28466340849 7.337507846541676 9087.577079056484
77466.70472819243 9.25011429501711 37004.994753931736
77493.87472985075 7.633689099913687 9719.495917889531
77654.89473967864 6.233739125542357 3721.6600919188077
77950.77475773772 8.349404694534456 18274.99781460062
78399.82478514555 6.286327765946388 33742.38617003023
78411.44478585478 6.0585893323700795 16325.773535262055
80629.1849212149 6.121842412231545 4636.277668937922
80822.04493298614 11.215828532827478 7270.829930033473
82180.41501589447 6.308228935937214 8810.337883208866
82977.72506455841 7.562732191846126 32261.81582304491
84158.8851366507 8.236288663785274 3693.1509187136653
84181.14513800935 6.692020361873074 3536.840999157099
84544.89516021089 8.723631581457692 8137.506057848454
