97.63000595886267 7.35010269069889 17205.014024857443
421.6900257379166 6.748762299868175 17524.154485884068
434.08002649414226 6.251663059597189 14258.463942692544
452.6300276263445 6.88952845061014 14619.694236466732
496.2100302862567 8.274161195699712 27097.649167369167
521.9500318573017 6.303616799037351 12413.624722573875
537.6800328173848 7.171726075996531 17971.83322814749
555.3700338970968 6.009498398138326 12906.688007959552
691.4400422021511 6.268467828567326 9509.441145598448
745.3600454931668 6.736607408312142 14596.318640933643
1085.4600662512248 9.215773911146709 66386.21934309791
1144.5500698577923 7.021298986419561 28159.0435104779
1180.290072039189 6.140535611358495 24358.944922921914
1225.4300747943162 7.84264874142032 18563.486297134692
1238.0900755670211 8.558330157199148 30866.33812732305
1304.0900795953419 6.067342767136143 26089.597417459834
1347.7600822607471 7.670585079262558 42640.25784177226
1363.450083218389 6.273898288224102 56374.44175468815
1384.3100844915823 6.639759661964756 108585.11917854374
1435.870087638555 6.586961887339099 24218.086321354367
1754.3301070758123 7.09500024090832 12225.575808458583
1757.5901072747868 9.096356246647598 44084.14177155432
1764.8401077172916 7.597290049278063 34996.012729282855
1773.2501082305973 6.262380852254833 27111.807824465937
1785.0801089526433 6.144405877216481 19755.439058647793
1803.8801101001043 7.057621751788054 42805.10088302282
1877.7401146081613 6.615041505409987 9099.503711964568
2096.9401279870685 8.65245935390035 62684.97972713484
2573.360157065439 6.993416287642091 18642.22000884839
2693.6001644043067 9.720575390769744 46120.476395244266
2717.6801658740337 6.087050353483073 26675.92350561512
2857.680174418956 7.3711101503667775 30592.40728965287
3151.7801923693964 7.635035132025279 11975.096911365432
4656.610284216937 6.796547140717231 104962.46960521044
5265.06032135378 6.103488571677046 564186.1987160243
5925.870361686423 6.051980998012174 133196.79510301977
6074.040370730003 9.858890812665537 445222.8462972744
6076.580370885033 8.74706626639351 445222.8462972744
6120.630373573631 6.2953123537802105 14166.682724865199
6130.710374188866 7.393583519126754 32337.15536020013
6146.630375160546 7.763416668142713 64261.403935151735
6655.330406209131 7.918028838800206 13647.788404112582
6773.780413438746 9.475540778726433 38410.57895665408
8152.430497584869 6.175243425633543 9988.329929962922
9478.340578511998 6.527531741821925 8900.987665131863
12027.660734110152 6.019308916365761 12068.461887594363
13820.490843535817 6.999734394908895 20509.006795920075
15746.700961102353 6.231469023061313 1691872.9610494177
16049.480979582579 7.636896545854419 17910.156126449805
16351.040997988342 7.188344168689405 12151.634673639126
16422.201002331603 6.098233858521221 16310.105870699403
16429.79100279486 6.7982320536459895 42500.69985131887
19735.971204588088 7.477890446214392 63796.744799399414
19904.921214899976 8.158680523472682 49832.550971616336
23115.131410835656 6.62663961282836 20747.345451086243
27536.261680680032 6.136109251262489 40916.962622342224
28439.93173583568 6.471165994589215 12147.22232857135
30323.3318507893 8.06459617906709 2371968.6956360065
31802.541941073116 6.263973316565918 14952.389958986514
35171.39214669142 7.547862366180202 69815.53476163375
35173.47214681837 6.50059983266066 53299.51349436031
36982.39225722609 6.399839698832482 20716.291986483775
37302.61227677077 6.054609132002829 1328779.5574589714
37380.43228152052 7.860679643148329 1401053.866001902
37536.49229104567 6.431528680765941 392927.1550100613
37556.89229229079 6.401034309938366 1235090.2027367977
37598.772294846945 8.78904886859271 136141.4380441775
38329.642339455706 6.3413972938941034 25276.78563071608
38398.15234363723 9.142174001060365 89614.29267315258
38419.78234495742 6.384259438949476 27410.162365646418
38424.71234525832 7.4129439192125615 44361.279279195405
38448.68234672133 7.118064516604181 52443.27891212511
38722.73236344802 6.394538913597677 2924584.845626504
39193.552392184596 6.444204835806344 15733.369296514518
43832.78267534074 7.505014870216628 153386.73602223033
43924.38268093156 7.140210403292882 2879916.3913795166
44072.56268997575 6.820542965266463 45319.85943257476
44558.38271962785 9.870731988453546 97243.50531281457
44602.66272233049 6.088555738017063 13311.21743923709
46569.302842364676 7.911334275867153 51912.57163205812
47052.93287188311 7.846184811489076 94954.70980691363
47149.56287778094 7.863748560182004 120047.57231891919
48582.5429652431 6.641250304211211 14145.463258941152
48711.48297311297 10.591191143566496 42649.80401410742
48726.42297402484 8.564382548527037 20132.683615945447
48765.43297640582 8.214880800719943 33405.74283678979
48781.0629773598 6.666485454612709 15602.232833644503
48791.37297798907 7.743796590461696 80901.89520238194
48793.40297811297 6.482306386919747 80901.89520238194
48934.182986705506 6.388618872031186 12023.017601927293
48947.59298752399 6.173227769921508 8834.27735289249
48957.80298814715 6.005688522332038 8020.13829637054
48963.872988517636 6.363356969302178 12043.77645890816
48967.112988715395 8.183497743687255 34200.921718887395
49034.19299280963 8.056935346557601 41755.35400360454
49046.15299353961 7.600035341501977 58362.43794146529
49077.66299546283 7.249438255778604 29422.428531109224
49095.362996543154 7.546870643818083 59841.204175652456
49171.1430011684 7.9693758515859106 57763.44240803783
49189.32300227801 7.054785989009756 31372.00903722525
49211.36300362323 7.793303230127117 97092.93634916507
49234.06300500873 6.327458066421455 15515.324222870482
49337.373011314274 7.032841455556223 17861.414591363686
49378.28301381122 8.388513893308094 220275.10002442068
49446.34301796527 6.203307075456668 14128.278739291449
49461.13301886798 7.187485692249121 12713.459476273438
49474.273019669985 6.304816885067583 25336.668144984887
49566.07302527301 7.374409072258743 26272.795089911502
49601.28302742206 6.383984606317102 20353.356157570048
49728.003035156435 6.634483796299665 10993.418083406335
49763.333037312805 6.931399258283557 27396.871437451435
49781.80303844013 6.339230384773149 19067.097429289814
49803.983039793886 6.361759653113513 25522.79839861336
49878.813044361144 7.404182630072561 26657.188421012095
50648.2130913216 6.615376493582446 16923.062381432672
50905.11310700153 6.941326274127973 15690.521850996369
50993.913112421455 7.612342637725268 14363.089112328673
51022.15311414509 6.3631935218641775 16561.997174275082
51174.45312344074 7.540329763689873 43234.78049617802
51286.42313027485 6.337238716894687 21049.4216557119
51452.70314042378 6.391420585682326 9044.87311840584
51456.54314065815 7.966258142638223 42059.83650538839
51541.113145819894 7.413425889143022 110310.62595780172
51570.60314761982 8.001199985571835 15263.960602084406
51729.99315734822 8.382212625806579 48577.83180836416
51843.093164251295 6.852424558925611 27212.101800082666
52078.37317861165 7.410860067320401 25735.756434050083
52165.173183909494 8.113544290521558 55620.068588577145
52426.183199840285 9.400920263574434 179401.73728405
52474.803202807816 6.231326717577139 6811.525937243666
53112.87324175252 6.512807682910684 15111.218096463253
53606.863271903276 7.9063797394432624 28941.17008227938
54131.803303943074 8.773944459907499 35952.112166185194
54174.93330657552 7.98371017334134 30426.690566108668
54247.1733109847 6.287054599122821 8493.593653843667
54553.16332966085 6.93015447663866 10244.980164150813
54608.553333041586 6.228637284292303 7409.205985296711
54637.9333348348 6.654787931263125 17999.60407125905
54673.6833370168 7.805479466585843 41441.54069648357
54768.24334278829 7.236441491714932 13481.567587392465
54775.74334324605 8.54751430110544 51230.64187556255
54804.70334501363 7.987676568351355 20915.300715839032
54977.763355576375 6.017939086275501 14467.383710622322
55027.25335859701 6.238977748551187 35982.42960089174
55154.573366368 7.390767808501003 16389.584706944646
55286.613374427085 7.693269685619647 13877.469698716137
55321.38337654928 6.764407834625033 39842.26125360424
55404.90338164694 6.704601723535476 22727.997321959076
55436.13338355306 8.907678148629358 24539.713986685903
55450.753384445394 6.280373430927686 12236.303767439327
55500.82338750143 7.4332052606680215 24901.356283259734
55517.063388492636 7.7486924654193565 10208.069726661952
55520.66338871237 7.435122683807355 17786.657432023796
55540.4033899172 7.645457219159426 15837.133558151778
55557.91339098592 7.9012714791741185 13786.147131973812
55575.03339203085 6.286899208445495 11577.313503742897
55588.27339283895 6.359288690197686 13465.391536798103
55653.30339680807 11.839307208760063 909291.9515412534
55677.52339828634 7.0755089565861145 32502.088555573315
57320.19349854696 7.448270144381532 15356.877224281374
58020.39354128379 6.54746299685805 13236.311654823041
58540.27357301475 6.582073746559444 8954.063190981215
58723.243584182346 7.308402396421675 7942.325407821773
58852.403592065646 8.120924442450661 9337.590122794945
58880.89359380454 6.343602028697725 10669.603022564273
61085.7337283773 7.989940551057482 30713.40194905958
61104.65372953209 7.228522862282859 18747.709814609865
61499.72375364525 6.2496026396442055 10601.161606215612
61604.903760064924 6.728222390484148 42077.974587506615
62288.79380180626 6.105927395952349 13748.835138535856
62384.073807621695 9.195262770769194 22973.55534466702
64000.30390626855 6.244443304829182 15132.385246343147
64561.72394053491 6.10468464155099 12282.797414428012
64813.77395591882 6.060050412872411 8646.273782479353
64926.01396276941 6.683348897371074 28306.437525351397
65576.2440024563 6.579224851550486 38457.1764045532
65590.98400335596 9.957208925887114 51893.224013453364
65611.87400463098 8.94810388834326 59752.46839847748
65638.46400625391 7.927109707656225 39215.99904113994
65661.7340076742 6.2075386004531 42585.7747471041
65812.61401688318 7.773527616198877 29554.83903990939
65829.3540179049 6.178816439911184 32676.764980450513
65843.81401878748 6.955850229152014 28818.880849606925
65884.13402124842 6.031804984949512 16976.42976978828
65889.56402157983 6.259045500286058 24060.71738838615
65903.50402243067 8.459664492182045 43610.21802952003
65905.754022568 6.479145825987463 43242.82830534778
65979.57402707361 6.236096558604822 26858.888085665054
65986.64402750513 7.069100041672362 83486.69187088392
66144.74403715479 8.788098060300685 41967.43435904226
66167.63403855189 8.406956244867166 38182.03344127861
66195.29404024011 9.02455950316912 74202.52689589364
66212.99404132043 9.129146261175752 87993.85815132277
66236.93404278162 6.7941436936562845 24522.313656175313
66240.61404300622 7.41829989864571 44895.43667657752
66258.24404408228 6.981891948483328 82087.64707749295
66260.61404422692 6.45025042102465 63189.90427142095
66273.9140450387 8.282737580887796 108163.00163893771
66296.15404639613 9.902776323712494 110277.08195628678
66314.86404753808 10.061350872341478 59600.915574740065
66327.05404828211 8.925584218485744 53219.908140413885
66329.40404842554 6.711919889836005 42942.100570961404
66378.13405139979 8.12717364477461 72584.38452687739
66389.72405210718 9.241283851542981 72658.02265498695
66416.86405376368 7.341760245351024 58857.04077461391
66428.21405445642 7.858140832484228 101968.32294723621
66443.96405541773 6.827938571260305 77094.46983597605
66466.60405679957 6.172506453304012 64885.5556662222
66484.49405789148 8.946535706071948 95232.95496033425
66494.05405847498 7.9759581372281865 72528.58320683926
66501.7040589419 6.509893949023382 85785.35468426796
66544.07406152796 8.914694247750363 58160.4550106808
66568.62406302638 7.372774249662203 48198.11789800902
66578.88406365259 6.455975781572284 43028.72661113804
66626.92406658472 6.834754111056147 64927.97832670753
66752.32407423852 6.082106895039723 25906.539956364497
66870.45408144861 6.402844454243004 13471.339210855127
67049.57409238123 7.142811122266155 42032.98280145371
67066.67409342494 6.201708802979613 48701.60642844272
67068.3840935293 6.51861947647961 43214.43190864734
67095.2440951687 8.740185258035686 79786.87444988782
67144.7840981924 8.111464498859364 46601.614940750536
67163.51409933557 7.338067598028162 24482.798248012572
67245.99410436976 6.373311468712033 10570.483602363176
67263.6141054452 6.631050341078737 10907.784813960952
67281.42410653223 7.308256598703598 20272.1523972839
67436.85411601893 6.97201016603884 11706.560723813845
67532.86412187891 7.104966151744332 11890.899566362184
67563.3741237411 9.603104904339558 22768.777600536843
67606.06412634668 6.925672268222987 11922.118014857226
67666.77413005213 6.490858025518112 11479.576930409628
67726.13413367518 6.254151642146821 7013.570141854346
67788.6541374911 6.971121674832456 6668.514196522077
67837.01414044276 6.461818953457378 12885.510441634857
67929.06414606105 7.537556319748513 13362.862738956319
68071.76415477076 8.43839486415905 34191.81108243845
68073.4441548733 7.084275292333336 34191.81108243845
68171.39416085169 7.449006757913718 26059.70526895133
68251.0041657107 7.058181705053894 11830.399002091537
68397.2541746371 6.816998847725651 23919.9966497622
68398.74417472804 7.1576606448955 22566.032437727365
68688.11419238978 6.955174684732547 9492.68790263184
68707.28419355983 6.337241135387529 7364.560882686424
68728.32419484401 8.063274589018295 10761.938301255497
68763.05419696376 6.704691938041976 9352.61135619139
68794.61419889002 7.772143790274196 9157.035222534294
69072.02421582179 6.039597039539517 8950.395695846188
69223.90422509181 7.2305756254765825 10244.489082799031
69398.54423575099 6.161809753030455 6926.211802857684
69439.56423825465 6.20668145769306 4460.5198802417
69542.0042445071 8.23028018960464 23560.040405249114
70916.07432837368 6.0055187054130785 4619.858659842397
72207.17440717618 6.257502863512021 12466.770053379663
72681.84443614773 6.01609214940744 9009.19470796408
73489.11448541959 7.122308206723986 4817.8432247023275
76089.52464413602 7.0669641296086185 13165.8697919409
77807.54474899566 7.65316605169304 105780.14374756577
77949.81475767912 9.087040030845587 23990.664336300462
78130.4347687033 6.723347976822538 5894.6175293650385
78791.16480903105 6.426041118907822 11879.86151785245
84338.7651476297 7.4906233754323726 13833.907716967458
84517.20515852082 6.576781830555758 8314.270289473123
84537.7551597751 8.074064996837363 13329.364691281811
84831.49517770356 6.1839722230418745 9393.77337353159
84925.09518341646 8.98167267273598 26444.198875652048
85611.00522528109 7.574125512299309 7803.397815385964
85635.21522675874 7.37940105311832 10377.957439717335
85659.05522821382 9.619411577120554 28065.505370038678
85714.9652316263 6.9629311297512855 12460.927291880766
85729.11523248994 6.79567633445637 24532.352130031974
85736.77523295747 8.058962704040782 36491.64500231924
85765.38523470369 6.501860823489439 8848.888843185054
85809.06523736971 10.22287414765494 42564.213670131736
85821.46523812653 6.436562951300364 10661.434138407232
86029.68525083527 7.420738635295376 17543.80692414971
86121.84525646028 7.4978719889111405 15116.967701789896
86136.2452573392 7.232272942592675 15520.55427229493
86273.84526573763 7.804391352123691 10899.938795097218
86386.40527260775 7.944395134643162 7267.613104870919
