37.0200 13.1343 5.4239e+04
119.9100 15.7295 1.1339e+05
155.6400 13.7561 1.0796e+05
158.8900 15.2432 1.2711e+05
162.9700 11.4450 1.3038e+05
209.3600 12.0554 1.1025e+05
209.9300 11.6625 1.2635e+05
210.6400 10.8386 1.2635e+05
211.7400 10.4899 1.2635e+05
221.3100 11.2330 1.7926e+05
222.7100 10.6690 1.7926e+05
279.4700 13.9267 6.2348e+04
295.3200 15.2168 1.0290e+05
320.5500 14.0962 1.0089e+05
389.9600 10.9969 4.7677e+04
411.3700 10.9802 3.7456e+04
435.5700 14.1035 6.9983e+04
436.3000 11.1801 7.3421e+04
441.5200 11.3984 1.3373e+05
451.7800 10.5269 8.2182e+04
460.8900 14.1314 6.5514e+04
461.7900 13.2379 6.4727e+04
489.9600 11.7766 4.4841e+05
490.7600 14.1088 4.4841e+05
491.5200 12.7815 4.4841e+05
493.8000 17.6130 4.3682e+05
523.6300 19.3750 1.7007e+05
524.3800 11.7836 1.5467e+05
532.7200 16.9344 5.1333e+05
591.7400 11.8951 1.8790e+05
716.5300 15.9867 1.5442e+05
718.0400 15.5225 1.5442e+05
744.1900 10.6694 4.5870e+04
753.2800 11.0917 7.8279e+04
768.9100 15.9546 1.2438e+05
803.2400 12.6983 1.4451e+05
805.5900 10.0226 7.3549e+04
810.3800 13.7300 4.3435e+04
870.6401 11.9104 7.5112e+04
871.3701 11.6538 7.5112e+04
872.2101 12.9194 5.7225e+04
877.9601 13.8942 5.8722e+04
878.4201 11.6960 5.7885e+04
916.8301 20.0656 5.9385e+04
919.0001 10.7739 5.7686e+04
925.1901 13.3054 1.3450e+05
937.1701 13.9851 1.1684e+05
953.3601 16.4781 5.5913e+05
953.9601 13.2959 4.7792e+05
965.7701 16.8418 3.4681e+05
997.7401 12.5453 3.8926e+05
1001.7801 11.1294 4.5307e+05
1006.5901 15.2468 5.4645e+05
1050.6701 14.7737 6.5502e+05
1051.2001 17.6530 5.1076e+05
1089.8101 11.7757 1.2856e+05
1137.7701 12.9564 9.3224e+04
1146.0801 16.3483 2.2114e+05
1146.7001 11.0312 2.1990e+05
1147.3901 12.5891 1.3502e+05
1291.0501 17.6638 1.3102e+05
1388.1701 10.4690 3.2751e+04
1434.2201 13.3225 2.6284e+05
1815.6201 11.2829 2.8251e+05
1817.4201 10.0592 2.7325e+05
1822.5601 11.0991 1.3433e+05
1835.2401 10.6365 7.2653e+04
1844.1301 14.0357 8.7060e+04
1844.9501 13.0213 7.5399e+04
1851.4301 18.5796 5.7451e+04
1859.3801 13.7093 8.6575e+04
1860.2501 13.1398 5.6065e+04
1873.6001 13.3507 6.4252e+04
1879.9901 10.9748 7.9433e+04
1914.2401 24.3206 8.7654e+04
1940.9201 19.2582 8.4035e+04
1941.8601 12.4956 8.0680e+04
1968.1701 18.5508 9.8317e+04
1988.6901 11.4069 4.0659e+05
2007.2501 10.6039 3.6674e+05
2010.1201 10.1021 3.3790e+05
2011.1601 19.1720 3.4705e+05
2027.8901 22.9611 1.9584e+05
2056.8601 12.1066 7.3837e+05
2064.6701 10.5254 3.1783e+05
2090.2501 11.1826 8.4608e+04
2314.2001 14.3920 2.3998e+05
2405.6401 12.4634 2.0553e+05
2406.1001 13.7354 1.8280e+05
2430.7901 10.5468 6.0032e+05
2431.5501 10.9223 6.0032e+05
2432.2201 14.7586 9.7718e+05
2433.6601 15.0832 9.7718e+05
2434.2501 12.4946 9.7718e+05
2471.2402 10.8212 3.0389e+05
2501.0902 12.9372 1.8753e+05
2501.8202 10.7135 1.4249e+05
2511.3902 14.8608 9.9543e+04
2517.7702 10.8263 7.8595e+04
2534.3202 10.9696 4.4940e+04
2555.2402 12.4954 4.4861e+04
2566.2402 14.8181 6.9706e+05
2567.0202 11.7188 6.9706e+05
2567.3402 13.6506 6.5123e+05
2570.3102 16.4445 6.5123e+05
2612.8402 14.6023 2.4719e+05
2614.1902 19.2779 2.2998e+05
2615.6702 17.8630 2.2884e+05
2632.2102 11.1544 4.9262e+05
2632.8302 21.2331 3.2029e+05
2643.7602 20.4506 2.2197e+06
2654.0902 10.9826 3.3797e+05
2657.3502 11.7320 6.3358e+05
2659.0502 16.1766 5.6831e+05
2666.7302 12.9115 5.6368e+05
2668.8802 16.8402 3.3959e+05
2670.1102 11.1176 3.8605e+05
2685.3002 20.6938 3.6474e+05
2692.9902 17.4644 2.8686e+05
2707.9502 13.1241 7.7463e+05
2710.1302 14.4001 1.0501e+06
2711.9902 13.0674 8.7257e+05
2736.6102 22.1622 9.5997e+05
2768.6502 16.8571 4.3049e+05
2769.3002 12.8134 3.0559e+05
2793.2402 18.7948 1.3446e+05
2803.8702 10.4268 1.9200e+05
2804.8202 14.4635 1.9438e+05
2805.5002 17.4260 1.8806e+05
2821.4702 16.1927 1.5000e+05
2842.8002 13.9729 1.3334e+05
2850.3902 18.9701 1.3815e+05
2885.2102 13.7615 1.9006e+05
2886.2902 19.8918 1.9006e+05
2887.0502 12.4840 1.4715e+05
2894.3902 15.5015 1.5624e+05
2897.4002 12.1043 2.1530e+05
2907.4402 14.7608 1.1186e+06
2908.0302 20.4437 9.2714e+05
2932.5802 11.5534 2.2151e+05
2933.7202 11.9308 2.3882e+05
2971.0102 15.4743 1.1943e+05
2989.1202 10.3035 2.0627e+05
2989.9102 12.4884 2.1243e+05
2993.1602 16.5883 2.0065e+05
3026.2302 12.6573 2.0283e+05
3028.1702 13.6051 1.6376e+05
3050.8602 18.7552 2.1481e+06
3055.0902 18.7143 1.1550e+06
3072.0002 17.5963 1.3171e+05
3111.6702 19.2513 2.2867e+05
3135.4502 15.8315 1.5472e+05
3137.7702 10.4741 1.4721e+05
3149.3602 12.4497 1.5172e+05
3150.9702 19.1620 1.7305e+05
3176.6802 13.6079 8.2383e+05
3178.9102 11.2895 7.8269e+05
3209.1002 10.7694 1.2656e+05
3212.6802 10.0405 1.5372e+05
3227.9002 18.8104 7.8121e+05
3233.8002 11.8038 1.2314e+05
3238.3502 10.9103 2.8544e+05
3256.0502 11.7269 7.6810e+05
3257.9402 15.6619 1.1680e+06
3262.1702 18.4701 1.1680e+06
3295.8902 10.1526 3.7742e+05
3300.1102 19.3060 6.5659e+05
3311.3802 14.3725 9.3868e+04
3317.3002 10.5926 2.9143e+05
3340.6602 10.3668 3.0799e+05
3368.4802 12.5980 2.1069e+05
3426.4202 12.2798 1.4071e+05
3428.5902 10.4740 1.8161e+05
3434.3902 10.1893 1.1904e+05
3444.5702 13.4107 1.4041e+05
3459.4802 11.7971 2.1478e+05
3463.8502 15.1321 1.6110e+05
3469.4802 12.2929 2.1528e+05
3476.2202 14.7971 1.4364e+05
3478.0302 11.8037 1.2607e+05
3483.8502 17.8351 1.2623e+05
3485.7202 13.7328 1.3163e+05
3495.1202 17.3297 1.6318e+05
3509.5502 17.5558 6.6216e+05
3510.1102 11.7734 3.2270e+05
3518.8302 12.9771 2.7960e+05
3522.6402 11.1406 2.1991e+05
3530.6602 10.0212 2.7257e+05
3548.5602 13.1330 1.2660e+05
3565.1302 11.1597 1.5253e+05
3586.5702 16.0556 8.7929e+04
3590.6902 10.1645 1.7145e+05
3596.6202 23.3946 8.0447e+05
3604.0602 13.7486 3.2321e+05
3624.6302 19.0179 8.7070e+05
3625.8302 15.3422 7.3383e+05
3643.6502 19.5154 3.0050e+05
3658.8202 17.9361 2.2053e+05
3680.1602 11.6937 1.2892e+05
3695.5802 10.2063 1.3329e+05
3697.5602 12.1533 1.8313e+05
3701.1602 10.8699 9.3061e+04
3732.3202 21.3351 7.6105e+04
3734.0402 11.3560 6.9455e+04
3745.8802 16.9233 1.3528e+05
3747.8902 11.6889 3.2981e+05
3771.8702 13.1357 2.3559e+05
3819.7402 13.2428 3.1855e+05
3821.3902 15.4153 2.9033e+05
3843.1202 18.2142 3.0890e+05
3844.2302 17.3100 3.1040e+05
3847.3102 14.7870 2.0926e+05
3861.5702 24.3320 2.9713e+05
3901.3802 13.7701 9.1928e+04
3920.4402 22.6850 1.0730e+05
3953.0102 11.6377 1.3613e+05
3953.7602 15.6245 1.3613e+05
3956.8902 15.0949 1.2013e+05
3994.7802 12.1307 1.1810e+06
3995.8902 16.8470 1.1810e+06
3998.1702 14.3201 4.7109e+05
4012.6002 20.0363 3.6445e+05
4043.1202 10.0132 1.6837e+04
4051.1202 16.0481 4.3234e+04
4055.4302 24.2519 2.2715e+05
4056.7402 12.7200 1.9262e+05
4062.7702 12.0570 2.0585e+05
4068.4502 11.4022 3.3171e+05
4069.2102 15.1167 3.1228e+05
4081.2502 11.5606 4.5507e+05
4081.9202 22.2283 3.3529e+05
4090.7902 11.7723 1.5499e+05
4112.7003 11.2260 1.5024e+05
4131.0403 10.1870 6.7780e+04
4147.1403 11.1074 1.2165e+05
4174.0103 17.1700 2.3317e+05
4193.2403 11.3433 3.4515e+05
4211.9403 15.9611 9.3248e+05
4237.4803 15.5387 2.3088e+05
4242.1803 12.1744 2.0105e+05
4270.8103 11.1918 3.6902e+04
4283.9803 14.0743 7.2004e+04
4297.1803 16.0838 1.1872e+05
4316.8903 22.0811 3.2589e+05
4363.5803 16.5945 2.9421e+05
4371.5103 20.2425 3.9654e+05
4379.6403 11.1930 3.9176e+05
4380.9503 13.7218 4.6749e+05
4389.3503 22.9223 8.5439e+05
4426.7703 20.4125 1.1719e+06
4427.2503 21.1988 7.9767e+05
4454.1203 11.3409 2.6050e+05
4461.3203 11.7793 2.3307e+05
4483.9403 18.5807 1.1887e+06
4484.7803 24.1502 1.0804e+06
4491.3503 12.5085 2.7017e+05
4596.8203 20.5223 7.4561e+05
4795.7403 14.5932 6.4334e+05
4847.5003 12.2417 3.9553e+05
4848.1503 16.7964 3.9553e+05
4904.9403 11.1431 2.1226e+05
4907.4303 10.5335 1.5413e+05
4942.8603 15.3868 2.0338e+05
4947.5803 10.3411 1.4744e+05
4953.8503 10.2855 2.7068e+05
4980.0103 13.6367 2.4592e+05
4989.4103 16.5126 7.3742e+05
4990.7603 10.2592 7.3742e+05
4991.5203 18.3671 6.9011e+05
5038.9303 15.2373 2.0508e+05
5040.0403 22.0964 2.0452e+05
5040.7003 12.6032 1.7819e+05
5055.7103 11.0180 1.9177e+05
5064.5503 11.6541 7.2799e+04
5075.6803 14.1857 9.9121e+04
5079.2303 15.4167 1.0812e+05
5086.1503 10.4378 1.3856e+05
5090.9903 11.7949 3.7188e+05
5093.6603 15.6928 3.7188e+05
5094.5103 22.6835 3.7188e+05
5109.5403 14.6440 5.9118e+04
5123.9603 12.8569 4.0099e+04
5150.7903 16.7834 5.4097e+05
5151.7703 26.2118 5.4097e+05
5192.1603 22.4236 1.1370e+06
5192.9203 20.4029 1.1370e+06
5193.6303 14.0342 1.1370e+06
5194.3403 14.1199 1.1370e+06
5195.7203 12.3070 4.7862e+05
5216.3603 16.9402 4.0669e+05
5234.0103 25.5682 2.9301e+05
5396.7603 11.3160 8.8664e+04
5397.5703 11.8029 1.2752e+05
5398.2303 11.5893 1.2500e+05
5506.8603 13.6728 8.6895e+05
5507.5203 18.2225 1.5250e+06
5508.7703 13.0148 1.5250e+06
5516.5003 11.2871 2.8111e+05
5517.1003 10.7987 2.0911e+05
5541.4903 21.1765 1.3475e+06
5582.6703 14.9861 4.7522e+05
5595.5803 10.5233 1.6501e+05
5601.1703 14.5734 4.9149e+05
5601.8103 21.0667 4.0243e+05
5619.1903 10.9676 3.9666e+05
5619.7403 14.5006 3.5282e+05
5638.1703 21.5824 4.6659e+05
5638.7603 10.3730 3.3157e+05
5643.6003 12.3270 5.4844e+05
5699.4803 14.8764 5.0063e+05
5864.3904 19.4446 3.3918e+05
5867.5704 12.0987 5.6820e+05
5876.0704 17.6087 3.5158e+05
5876.7204 10.8373 1.8182e+05
6041.3904 11.0349 4.3801e+05
6075.6204 14.7073 4.3658e+05
6142.3504 12.1405 1.4329e+05
6213.9404 10.9784 1.6458e+06
6214.6404 21.2162 1.6458e+06
6215.2404 16.9977 7.7866e+05
6275.4404 17.7787 4.1288e+05
6278.6304 13.4206 2.8742e+05
6279.2204 16.6822 2.6957e+05
6360.1304 12.8316 1.1769e+05
6398.9604 12.6612 2.2884e+05
6399.5904 12.7965 2.2884e+05
6513.0304 10.6633 1.6854e+05
6534.7704 13.6744 2.6930e+05
6547.3304 13.0437 2.3107e+05
6571.5204 10.2822 1.9901e+05
6615.5304 10.9223 1.8960e+05
6616.1304 10.0130 1.8774e+05
6635.3704 16.6736 1.7483e+05
6648.9104 10.9818 1.1792e+05
6720.4704 16.4061 1.7237e+05
6739.2104 10.7553 1.8075e+05
6742.7204 14.4270 1.9965e+05
6811.1804 10.8695 3.1520e+05
6851.1104 19.3747 2.0057e+05
6851.7804 13.9644 2.0057e+05
6856.6704 10.4416 3.4304e+05
6884.3504 23.4548 3.2059e+06
6932.7204 11.3034 2.7557e+05
6952.9004 20.3308 1.2944e+06
6980.5004 14.9965 4.0026e+05
6982.7104 11.2020 3.0374e+05
6990.6104 10.4295 2.0242e+05
7000.8704 16.5946 3.3285e+05
7026.2704 10.3691 3.3081e+05
7114.0004 11.1112 2.5693e+05
7144.0004 13.0983 2.5348e+05
7151.3804 15.8740 2.2519e+05
7183.6404 13.7530 3.6147e+05
7190.2404 11.7345 6.3990e+05
7190.7404 11.4710 3.0741e+05
7197.0004 10.9330 4.6008e+05
7197.7604 10.9386 3.8639e+05
7228.7104 10.5108 2.0552e+05
7246.9204 10.4322 1.2559e+06
7248.7404 16.1041 1.2559e+06
7249.4704 10.1089 1.2559e+06
7249.9104 12.3990 6.1256e+05
7268.3004 10.0572 1.3714e+05
7350.0304 14.1494 4.0454e+05
7416.6205 16.2560 2.6706e+05
7446.7505 11.7393 2.8726e+05
7509.7305 10.4789 2.7165e+05
7546.2505 21.9644 7.5469e+05
7600.6405 12.2821 2.2877e+05
7607.4505 10.4569 3.4493e+05
7696.4705 10.1038 3.0456e+05
7713.7105 13.3002 3.5637e+05
7738.5505 10.6931 3.9948e+05
7790.4405 10.1130 1.0779e+05
7921.3505 19.0092 2.6785e+05
7929.2105 10.8039 1.7085e+05
7945.8105 13.5455 2.7621e+05
7959.8005 13.0145 2.6317e+05
7972.5105 14.6035 2.6637e+05
7989.1805 11.9223 3.1941e+05
8000.6605 10.6444 2.7007e+05
8036.4705 11.2703 1.1995e+05
8094.3505 10.5742 1.4010e+05
8101.7205 10.8386 3.6459e+05
8137.5005 17.2117 3.4958e+05
8173.4405 13.2096 2.3420e+05
8179.3805 14.6534 2.7481e+05
8237.3305 11.7366 5.4722e+05
8274.5405 11.5508 2.0827e+05
8277.8205 11.1126 4.9195e+05
8323.1705 12.0962 1.7919e+05
8383.1605 15.0261 1.1280e+05
8396.2905 12.2773 8.1012e+05
8396.8205 21.2608 6.5957e+05
8408.2305 14.6544 4.4817e+05
8455.4205 11.5456 9.0585e+05
8456.7805 12.0870 1.4481e+06
8575.6805 14.1296 9.9155e+05
8577.0805 21.2127 9.9155e+05
8583.0105 10.3161 2.0477e+06
8590.8905 12.7146 1.3568e+06
8610.1105 10.3965 9.8211e+04
8619.6405 10.9724 1.3096e+06
8620.9705 20.5433 1.3096e+06
8638.9705 23.7582 1.7539e+06
8640.1105 10.0629 1.7539e+06
8640.8405 12.5747 1.5067e+06
8641.7405 14.1599 4.8081e+05
8667.3005 10.3717 6.7021e+04
8675.9305 18.2772 1.7570e+06
8677.6105 26.4053 1.6609e+06
8682.4705 11.1988 5.6829e+05
8701.3505 24.5353 6.4128e+05
8702.3805 10.7562 4.3295e+05
8722.4605 17.2476 1.2109e+06
8723.2205 13.6332 1.2109e+06
8723.7805 24.7661 1.2109e+06
8740.5605 10.0023 7.3266e+05
8741.6005 24.6967 5.9121e+05
8761.1605 14.2830 1.6362e+05
8761.7805 10.0716 1.6362e+05
8773.5005 19.9249 1.9134e+05
8804.0405 10.6663 6.8946e+04
8816.2105 11.7325 1.1343e+05
8816.9105 10.0475 1.2848e+05
8824.9105 11.2981 2.1622e+06
8825.8205 11.5246 2.1622e+06
8826.9705 17.7527 2.1622e+06
8857.8405 22.7618 4.4677e+05
8861.6205 20.6933 8.3175e+05
8863.4105 13.5311 3.4592e+05
8879.7605 18.3403 9.0989e+04
8889.6305 22.0599 1.1909e+05
8911.1105 13.3550 1.0343e+05
8938.3805 15.3061 2.4198e+05
8956.9005 10.5218 3.9032e+04
8980.6705 23.4602 1.2210e+06
8982.1205 16.8147 1.2210e+06
8983.1805 20.2862 1.2374e+06
9010.7305 15.8727 1.2513e+05
9038.3606 10.1806 1.2268e+06
9039.5306 19.2730 1.2268e+06
9087.7706 10.6457 9.6798e+05
9089.4906 24.9692 9.6798e+05
9090.1806 10.7327 7.5691e+05
9091.6006 11.6638 4.1519e+05
9130.9406 17.5179 2.2638e+05
9168.8206 10.3722 2.3163e+05
9174.5606 10.7663 2.8907e+05
9186.9906 11.4668 3.7169e+05
9189.4906 14.1300 3.1847e+05
9221.4006 11.7454 1.9398e+05
9288.9906 11.2990 2.1652e+05
9295.1906 13.1524 4.4511e+05
9335.7706 10.3562 7.6779e+04
9350.2106 10.8740 2.7466e+05
9366.6406 12.0431 2.2461e+05
9508.3506 11.2834 8.7013e+04
9612.2106 18.4764 3.7641e+05
9619.8606 13.6196 1.3213e+06
9680.0406 10.5349 2.8933e+05
9718.8506 11.4883 6.0527e+05
9724.0306 14.8267 5.9468e+05
9732.1806 23.1842 1.1323e+07
9733.2206 19.5494 8.8336e+06
9761.5906 17.4712 3.7912e+05
9946.3506 11.1695 6.7723e+05
9946.9606 14.0549 6.7723e+05
9947.3506 13.8605 6.7723e+05
9947.9506 12.3524 4.4103e+05
9971.0806 24.1979 7.8273e+05
9972.3606 12.1481 4.6552e+05
10016.7206 16.8586 6.2390e+05
10017.2406 13.7157 5.2535e+05
10051.4406 11.8320 1.1411e+05
10063.2406 25.2518 1.5878e+07
10100.4106 11.6936 6.9424e+05
10136.5906 13.0649 1.0170e+06
10138.9306 13.2254 7.9876e+05
10139.6806 10.0294 2.8459e+05
10157.8106 13.0271 2.2697e+05
10161.3206 11.5834 2.3900e+05
10178.2506 12.4959 2.0000e+05
10182.5406 10.5301 1.4669e+05
10230.0306 11.5472 1.1424e+05
10232.0106 12.4915 6.6126e+04
10237.5106 17.1470 2.1762e+05
10245.4606 11.5245 1.6641e+05
10260.9506 11.0538 1.5620e+05
10290.3506 15.2746 2.5526e+05
10303.4906 13.2313 4.3089e+05
10307.3706 13.1536 9.0068e+05
10334.6006 24.8471 2.9188e+06
10365.0706 14.6675 4.9289e+05
10373.7406 11.6612 3.3127e+05
10384.1606 16.0649 3.5667e+05
10389.1906 11.3184 5.9233e+05
10404.4406 10.1950 8.4637e+05
10405.7706 18.3243 8.4637e+05
10421.1806 14.3346 8.2821e+05
10422.0106 16.9181 7.4032e+05
10435.6906 10.3259 4.0963e+05
10437.0606 10.8234 3.0140e+05
10491.8706 15.4255 3.0171e+05
10557.0806 11.6965 1.3474e+05
10564.6306 15.4123 7.2102e+05
10569.8206 19.8269 2.6372e+06
10571.1806 16.5489 1.4072e+06
10595.9406 12.9319 1.4157e+06
10597.6806 21.4048 7.1516e+05
10651.5907 14.5564 1.9503e+05
10665.3307 11.5835 1.9563e+05
10690.5207 11.8323 2.2245e+05
10702.4807 16.0300 8.5558e+05
10704.4407 11.7786 4.4043e+05
10723.6907 23.0326 8.9955e+05
10733.3907 10.9199 3.7551e+05
10766.0107 11.1049 2.9902e+05
10786.2207 13.3080 3.9970e+05
10788.2707 11.3438 3.7875e+05
10831.9807 10.9081 2.7536e+05
10833.2007 13.6280 2.8879e+05
10900.4907 12.0548 9.6914e+04
10992.6807 22.7986 1.1764e+06
10993.9007 21.2030 1.0888e+06
11074.9907 16.2953 5.5274e+05
11082.8707 15.1475 6.3695e+05
11188.8007 10.2692 4.1655e+05
11189.3007 12.7418 2.4584e+05
11218.2607 18.1235 2.0178e+06
11220.5107 13.5234 1.4681e+06
11257.4707 10.4643 1.8379e+05
11296.3107 11.8021 5.2042e+05
11297.0107 16.2991 5.9611e+05
11297.7807 10.6220 5.9611e+05
11317.7307 14.7106 1.1666e+06
11420.3607 11.8082 2.3081e+05
11421.2207 17.0431 2.1249e+05
11452.0607 10.9009 2.4725e+05
11473.2007 10.7702 2.8657e+05
11473.5607 10.8188 2.5224e+05
11632.0207 15.2491 1.7408e+05
11634.0707 10.8538 1.7158e+05
11640.5207 11.1526 1.7104e+05
11806.2807 11.3278 1.8406e+05
11861.8907 12.0266 1.9781e+05
11864.0907 14.5407 5.5547e+05
11866.7807 12.4798 9.1718e+05
11867.6007 19.6348 9.1718e+05
11934.4007 14.3642 6.7416e+05
11936.3907 19.1267 5.2377e+05
11936.9707 15.3591 2.5673e+05
11957.7207 15.9754 1.9246e+05
11960.6307 10.9025 1.4274e+05
11977.4307 11.3032 1.5397e+05
11986.3107 13.0944 2.1083e+05
12043.1307 11.4039 1.4577e+05
12115.8207 10.6638 2.0253e+05
12122.0507 10.1042 1.2872e+05
12127.6707 12.9586 1.4975e+05
12139.4107 18.1515 1.7457e+05
12272.8307 12.7913 9.0092e+04
12281.2807 23.8918 2.0497e+06
12312.0708 14.7404 9.9576e+05
12313.5308 15.4457 7.0774e+05
12323.5308 19.3749 3.3626e+05
12342.7608 20.2425 4.4922e+05
12358.9808 10.5433 4.4430e+05
12376.8508 25.9554 8.9478e+05
12480.4408 19.4865 2.2858e+05
12499.9808 10.5869 2.7556e+05
12500.4908 10.8641 2.7553e+05
12510.0008 18.3797 8.6207e+05
12531.5908 11.3646 4.4817e+05
12535.2208 11.0244 2.7420e+05
12564.3308 12.1022 8.2765e+04
12588.3708 17.5297 1.7190e+05
12613.7108 16.2298 4.0081e+05
12625.5708 12.0387 3.2199e+05
12626.2508 14.0854 2.9009e+05
12654.5808 10.4857 2.4269e+05
12686.3708 18.9122 1.1860e+05
12697.5308 21.3125 9.0405e+05
12716.3608 14.1968 8.3410e+05
12719.7508 19.3868 6.6705e+05
12737.4608 15.4768 2.6789e+05
12749.8108 13.7046 2.2602e+05
12750.7408 13.0312 1.8259e+05
12757.1208 10.0851 1.5887e+05
12764.7608 13.6626 1.3775e+05
12771.4908 15.5505 1.6650e+06
12773.3208 22.4647 1.2260e+06
12785.1008 10.8157 4.0852e+05
12796.1508 13.6580 3.4958e+05
12803.2708 19.4432 9.3125e+05
12804.1408 11.1586 8.7729e+05
12805.0508 10.1026 2.9598e+05
12815.2808 10.3030 2.1728e+05
12858.6908 10.4433 1.4209e+05
13067.4408 10.0468 2.1493e+05
13143.9808 14.6360 9.0898e+05
13144.5208 13.5669 8.9764e+05
13145.3008 10.2888 8.3970e+05
13156.0608 12.0777 4.6169e+05
13209.9008 21.4204 3.7361e+05
13246.9408 11.7267 9.5491e+05
13247.9508 24.1135 9.5491e+05
13254.4508 12.8830 3.0346e+05
13296.6008 13.1796 1.3909e+06
13297.4108 10.3556 1.3909e+06
13299.3808 14.4871 1.2099e+06
13299.8308 12.8456 5.5110e+05
13311.3408 15.1504 8.8151e+05
13348.0108 16.3183 8.5129e+04
13356.9808 10.3417 1.1289e+06
13358.0008 11.7093 1.4723e+06
13358.9208 13.8958 1.4723e+06
13376.5308 18.1541 9.2733e+05
13396.5708 10.4129 1.6560e+05
13429.1508 10.1813 4.4034e+05
13432.6908 15.2962 1.7617e+05
13454.7108 13.9699 1.2707e+05
13490.9108 12.4800 7.2620e+04
13499.8708 12.4347 1.3340e+06
13501.4108 24.5238 1.3866e+06
13529.9108 12.2249 1.9891e+05
13538.6508 10.1120 1.4591e+06
13540.6208 19.6468 1.4591e+06
13551.2608 10.4955 4.5880e+05
13563.9208 13.7632 5.0848e+05
13577.1408 13.8237 8.3088e+05
13580.7708 10.8643 3.7402e+05
13603.8708 10.5188 3.0402e+05
13618.4508 17.0145 1.1871e+06
13643.2908 16.2274 5.9935e+05
13693.4508 20.0817 5.1087e+05
13855.0608 13.8902 2.6007e+05
13864.5908 14.2441 3.5667e+05
13870.1008 17.7593 9.8773e+05
13870.8808 13.1789 6.9134e+05
13887.4908 13.9410 7.3672e+05
13887.9308 20.4048 6.9771e+05
13896.4108 10.5864 4.0984e+05
14199.5409 10.0700 9.4624e+05
14253.9209 10.2032 2.4416e+05
14284.7009 12.6372 2.2384e+05
14724.3509 10.1220 1.9214e+05
15027.7309 12.0308 9.0960e+05
15031.4109 12.5787 3.7981e+05
15614.1110 11.1952 5.8265e+04
15634.6310 11.9719 1.7175e+05
15658.0810 14.7457 5.3483e+05
15669.4410 22.4249 3.3273e+06
15687.3210 20.1613 1.9735e+06
15716.0010 11.9425 3.4823e+06
15727.5710 12.1954 3.3276e+06
15728.5010 20.3520 3.3276e+06
15740.3310 12.0845 2.3920e+06
15749.9910 17.9981 3.9120e+06
15757.5510 15.5377 1.8895e+06
15767.3010 13.2898 1.6900e+06
15770.8010 13.0112 8.1232e+05
15786.8210 12.2060 6.1018e+06
15789.9510 21.8252 1.3403e+07
15826.2210 10.1689 8.3973e+05
15827.8210 14.0474 9.9539e+05
15828.5610 18.4247 9.9539e+05
15833.8110 14.7304 5.9609e+05
15852.7010 14.4637 7.1180e+05
15858.0510 11.9888 3.5917e+05
15868.8610 14.2302 2.8822e+05
15900.2110 22.6322 1.3430e+06
15919.1110 11.9898 2.7790e+05
15919.6910 12.1429 2.7057e+05
15941.2610 11.4326 1.7315e+05
15943.6210 10.1410 1.6814e+05
15957.8510 16.1995 9.1534e+04
15977.7210 10.3146 3.3711e+04
16005.4610 12.0020 1.8465e+05
16005.9810 15.5762 1.8465e+05
16006.9010 10.3648 1.8465e+05
16007.9910 11.2358 1.5920e+05
16024.1510 14.5681 1.6000e+05
16051.5910 10.1324 7.6600e+04
16052.2410 12.6166 7.7479e+04
16064.8510 22.7493 1.7863e+05
16066.1910 12.9865 1.2177e+05
16086.1710 21.7966 1.3680e+05
16090.8210 14.2400 4.0761e+05
16092.5810 15.7776 5.0330e+06
16096.5710 19.9173 4.3781e+06
16111.6710 16.1287 2.5855e+06
16114.6510 13.9117 1.6419e+06
16122.8710 17.7218 2.9346e+06
16125.4610 16.7436 2.7731e+06
16132.9810 19.2756 1.3115e+06
16144.0110 12.4003 7.1261e+05
16151.3110 21.5234 1.4021e+06
16166.1610 16.6732 3.4866e+06
16173.2710 16.5519 3.7964e+06
16265.4010 14.9991 2.9428e+07
16268.3110 25.1602 2.9428e+07
16295.5110 16.0612 5.1282e+05
16304.4210 10.0916 1.7412e+06
16365.9610 19.5904 2.2111e+05
16387.1410 11.6565 3.1037e+05
16391.6610 12.3730 1.6785e+05
16397.7610 17.3543 2.5455e+06
16398.8810 21.3155 1.5141e+06
16442.0010 20.4085 1.2568e+06
16442.4310 16.1207 6.4816e+05
16452.6610 11.0313 6.8510e+05
16454.9510 20.5915 5.2813e+05
16460.4510 10.0908 4.7156e+05
16484.7110 16.6956 3.4215e+05
16485.3710 10.9414 3.4215e+05
16486.1010 13.0808 2.8830e+05
16526.8810 12.9131 2.5128e+05
16584.9110 17.6143 8.2858e+05
16585.3410 16.9420 6.9683e+05
16593.4010 11.0318 4.5817e+05
16612.3110 10.2003 3.0317e+05
16635.0110 18.6991 1.6433e+05
16667.8510 13.1959 8.0217e+04
16670.9110 17.0603 8.6047e+04
16679.1110 17.1550 4.6164e+05
16680.1810 15.3865 4.5173e+05
16686.1010 14.9769 1.7240e+05
16699.2810 20.7966 2.3460e+05
16701.3510 15.4470 2.1898e+05
16870.9710 21.5296 1.4258e+05
16872.1010 13.3086 2.3598e+05
16882.3710 11.5012 1.8444e+05
16953.6610 10.8314 1.1239e+05
16967.1210 11.1498 8.0541e+04
17638.7711 10.0568 5.2953e+05
18085.2711 13.1401 4.5974e+05
18092.9611 11.2114 7.4861e+05
18125.6411 10.5282 1.7048e+05
18257.8711 15.4281 2.6736e+05
18336.2411 11.7328 8.7495e+05
18337.5011 18.9158 1.0593e+06
18350.3511 11.1684 1.8811e+06
18351.3911 15.3983 1.0152e+06
18371.4011 18.5870 1.5683e+06
18371.8511 12.6089 1.5240e+06
18389.5011 10.9069 4.6359e+05
18426.6111 15.1334 1.4277e+05
18437.9011 14.8120 3.8751e+05
18443.4511 12.0301 1.8805e+05
18453.3511 11.4914 2.7192e+05
18461.5411 18.9675 1.0289e+06
18492.9011 13.2139 1.2076e+06
18495.4011 18.2020 1.1302e+06
18502.6411 15.4377 7.4277e+05
18503.6311 10.5513 7.4277e+05
18513.7611 11.1524 3.1897e+05
18582.0111 13.2286 4.1707e+05
18583.0611 15.9001 4.0522e+05
18606.5611 23.0782 6.2918e+05
18625.6511 12.1645 2.4490e+05
18712.7411 10.4682 3.3082e+05
18715.8411 11.1212 2.8623e+05
18733.4011 12.5387 3.5111e+05
18854.4712 11.3955 3.5585e+05
18932.4112 17.0780 5.5684e+05
18944.5512 12.1966 1.9675e+05
18959.3412 12.4968 8.1867e+05
18960.5212 11.2791 2.9414e+05
19014.3512 20.8149 3.7782e+05
19031.5012 13.6678 3.8743e+05
19040.9912 13.7621 2.6340e+05
19046.6512 21.2807 3.7958e+05
19104.3212 18.5112 3.6048e+05
19155.8812 12.6492 5.7241e+05
19218.5512 10.9677 3.2822e+05
19358.4912 16.0599 1.3763e+06
19360.1112 12.7449 1.2426e+06
19389.2112 15.7711 9.5389e+05
19390.3312 10.4324 1.6047e+06
19463.6212 12.9989 3.9021e+05
19475.9712 14.1181 4.2714e+05
19528.6012 17.9767 2.4546e+05
19655.7512 10.5166 1.7965e+05
19806.7712 10.0154 1.3126e+05
19819.0312 13.7158 1.4484e+05
19822.6212 11.8604 9.2146e+04
19876.3112 19.6902 1.4732e+05
19877.9412 11.8102 9.9522e+04
19904.4112 16.7881 9.0930e+04
20078.8312 12.6767 2.5035e+05
20086.7512 15.1285 2.7994e+05
20091.7312 10.7644 5.0976e+05
20145.9212 16.3556 5.3104e+05
20159.8712 20.1374 4.0144e+05
20174.6512 10.3191 1.2290e+06
20269.2212 20.7274 1.0476e+06
20277.0012 10.5293 4.6127e+05
20311.8612 11.5870 2.0617e+05
20322.4012 14.1785 4.1061e+05
20365.6412 20.5177 1.1288e+06
20449.7712 11.6789 5.5407e+05
20451.0112 10.8181 4.6398e+05
20469.2712 17.4557 5.6753e+05
20509.1313 12.0119 1.0885e+06
20510.3713 11.0121 3.3925e+05
20529.2713 10.1010 2.9094e+05
20607.4613 15.7765 4.6429e+05
20712.5313 17.2569 9.9076e+05
20855.7913 20.0272 4.3874e+05
20898.2913 17.4901 5.2242e+05
20899.9313 10.9125 4.1682e+05
20955.4213 11.6446 5.9507e+05
20956.1913 18.2323 5.9507e+05
20970.5913 10.2095 5.7274e+05
20987.6913 11.5524 2.2702e+05
20999.0713 18.7699 3.6645e+05
21058.4713 15.5279 1.3577e+05
21100.5013 12.3978 3.7442e+05
21126.0613 10.1494 2.1351e+05
21129.2113 13.6955 1.9506e+05
21140.5713 18.2831 3.3332e+05
21167.2213 11.3243 3.5192e+05
21189.2913 16.1745 3.8762e+05
21222.7013 15.0258 1.9187e+05
21225.7713 11.6024 1.9512e+05
21328.4313 11.1112 1.4939e+06
21374.8613 14.4582 1.1837e+06
21389.5213 13.9567 5.6519e+05
21396.3013 12.4148 6.9370e+05
21427.4113 13.4633 9.6059e+05
21439.1213 18.9902 5.8632e+05
21468.8613 24.3233 1.2472e+06
21470.5913 13.5475 7.8079e+05
21493.2113 10.6794 5.8747e+05
21504.4713 15.4453 4.4562e+05
21511.7113 12.9232 1.6436e+06
21514.4313 13.2038 2.7143e+05
21531.6313 11.0776 1.9228e+05
21537.6013 20.3565 1.2499e+06
21556.1913 11.8084 3.5225e+05
21564.2013 11.2781 2.5866e+06
21564.7713 16.8479 2.5866e+06
21566.8313 18.2550 2.5866e+06
21567.3213 11.1098 1.7348e+06
21579.5713 11.4739 3.7880e+05
21608.1113 25.4493 1.1391e+06
21608.8113 14.8742 4.2235e+05
21785.0813 11.7666 2.0596e+04
21837.6813 16.0845 3.5464e+04
21871.6813 13.0267 4.8564e+05
21872.8113 19.2943 1.0035e+06
21888.4313 23.5789 7.6951e+05
21889.1113 14.3988 4.4717e+05
21938.0513 10.0548 6.1375e+05
21939.1913 10.3915 6.7492e+05
21939.6813 14.4329 6.4336e+05
21968.5513 11.0520 2.7831e+05
21970.4613 13.6140 1.7773e+05
21984.8713 14.4707 9.2897e+05
21986.2613 15.2824 7.3957e+05
21986.9413 11.3747 3.4715e+05
21997.7213 24.2796 7.6072e+05
22005.4613 10.7139 5.8787e+05
22008.6713 11.1393 4.1335e+05
22170.9414 25.0139 1.0395e+06
22172.0414 15.3380 4.7180e+05
22195.2714 10.0471 3.3597e+05
22196.0014 14.4563 3.3597e+05
22196.5414 11.4701 3.3597e+05
22204.5914 24.6175 1.7534e+06
22205.5214 13.2799 8.1887e+05
22220.4014 10.0210 3.0727e+05
22231.3114 11.2065 9.5742e+05
22233.6514 10.6228 8.8567e+05
22241.0414 10.0323 1.3254e+06
22241.7214 18.2575 1.3254e+06
22252.1814 11.6504 3.8842e+05
22253.6714 12.8752 3.1847e+05
22307.1614 10.8696 1.9886e+05
22307.7914 13.3548 1.9442e+05
22340.8814 11.4418 1.8171e+05
22348.5114 12.2930 1.5423e+05
22352.1714 12.3120 1.5491e+06
22354.6614 21.9360 1.5491e+06
22373.0114 24.3907 5.6207e+05
22379.3614 11.9145 1.7061e+05
22393.7114 14.5427 3.1276e+05
22409.4614 10.8819 1.4161e+05
22413.9514 12.6629 8.3792e+04
22423.5914 16.7417 1.6231e+05
22429.5614 10.2132 1.1401e+05
22436.2614 17.1220 1.3365e+05
22493.5114 18.6913 1.3014e+05
22494.9614 16.5759 1.0929e+05
22504.3614 18.2991 8.6552e+04
22514.0214 10.1093 5.6422e+04
22543.6314 24.1072 1.5912e+05
22551.2414 20.1010 1.6870e+05
22659.6014 12.4293 3.9467e+04
22796.5814 10.2442 1.6302e+05
22806.2614 12.1112 6.7451e+05
22813.0114 19.0376 4.2055e+05
22828.7214 16.0025 4.6389e+05
22876.5514 13.0647 3.0540e+05
22877.8814 15.2504 2.7233e+05
22902.6114 20.6077 1.4060e+05
22936.4314 10.4642 1.7596e+05
22939.2114 21.9796 1.7596e+05
22958.9714 18.4898 1.1526e+05
22964.0414 23.1997 8.8800e+05
22965.2514 13.5986 5.8824e+05
22974.7414 13.8325 5.8345e+05
22991.8214 13.6243 9.7137e+04
22996.1914 10.6152 4.4979e+05
22996.8914 10.5672 1.8948e+06
22998.3914 13.0165 1.8948e+06
22999.8114 13.5679 1.8948e+06
23000.6014 14.6143 6.6003e+05
23012.7014 23.6905 1.3988e+06
23042.1514 14.8175 2.9662e+05
23053.8114 11.4901 8.0593e+04
23070.0314 18.4257 2.0171e+05
23075.5614 15.2116 4.6362e+05
23078.7614 11.6772 1.5920e+05
23109.7414 11.8352 1.3435e+05
23130.5914 18.4421 2.3771e+05
23131.3714 10.5375 2.3771e+05
23132.3514 12.8601 1.6884e+05
23145.2514 12.4402 1.0520e+05
23161.7914 20.2027 3.6597e+05
23163.4914 14.4574 3.6597e+05
23164.5314 12.5775 3.5866e+05
23168.8814 12.6608 5.9326e+05
23169.5014 10.1667 3.9849e+05
23179.3614 11.0799 2.1949e+05
23219.6114 15.0782 4.0330e+05
23222.6314 17.5966 1.1203e+05
23231.0414 12.8846 5.7511e+05
23231.4314 10.4839 5.7511e+05
23303.3214 15.8708 1.4363e+05
23473.4514 12.6106 2.5584e+06
23505.1814 11.7473 1.1229e+06
23593.2614 10.9420 1.5737e+06
23596.3914 21.1608 1.5737e+06
23634.8014 11.7544 4.6064e+05
23650.4114 10.1704 2.2293e+05
23668.3414 14.5446 4.8557e+05
23696.3214 11.9523 2.5501e+05
23704.9114 23.1804 1.1718e+06
23723.3314 13.2201 2.1601e+05
23725.8814 23.7833 1.3935e+06
23726.4614 10.3612 1.3935e+06
23728.6014 21.2032 1.3935e+06
23746.4814 14.8626 1.3116e+06
23748.9414 18.9551 1.3116e+06
23749.6514 14.6360 8.6325e+05
23772.0315 12.1367 1.3339e+06
23785.6615 12.9014 1.5207e+05
23795.7815 18.3662 1.0793e+05
23807.6615 14.6516 1.1001e+05
23815.2915 14.8761 8.5746e+05
23816.2415 25.0768 8.5746e+05
23837.4415 18.7705 2.4691e+05
23842.8215 11.1492 1.0784e+06
23843.5415 17.0873 5.2891e+05
23848.2815 18.9106 9.3425e+05
23878.3415 11.7483 7.9151e+05
23896.5515 20.8257 2.2483e+06
23903.4915 12.9071 1.5096e+06
23910.9215 11.8917 5.0170e+05
23959.8815 17.5568 1.2181e+06
23960.8115 22.7326 1.2181e+06
23980.3515 14.6768 1.9273e+05
24005.7515 19.7099 6.0606e+05
24010.1815 16.1777 5.3505e+05
24019.4915 25.7570 6.5760e+06
24035.5715 23.2644 1.4691e+06
24069.7215 11.5956 1.1092e+05
24091.7915 13.8116 1.3843e+05
24092.6415 12.4793 1.2262e+05
24101.0915 19.3217 1.6685e+05
24145.0315 14.1722 1.2823e+05
24150.2915 15.8358 1.3340e+05
24151.6815 12.7454 1.3339e+05
24155.4815 10.6147 1.0907e+05
24162.8615 10.1882 1.2801e+05
24163.7315 13.1857 1.3139e+05
24168.9615 13.7891 1.1132e+05
24180.2415 11.3890 2.0478e+05
24182.1915 11.2704 2.1880e+05
24210.1915 10.5638 4.5050e+05
24224.7015 22.5742 2.3275e+06
24228.1015 11.9595 5.9420e+05
24238.3915 12.3557 1.3892e+05
24252.6515 12.3194 1.1489e+05
24265.3615 12.1633 9.8016e+04
24270.9715 19.4560 2.5225e+05
24277.0815 11.5669 2.5797e+05
24277.6915 13.4654 2.3935e+05
24290.0415 16.2844 7.5741e+05
24290.6515 15.1695 7.5741e+05
24304.7915 10.9591 4.8378e+05
24305.9815 18.9387 3.7742e+05
24320.3315 14.2551 2.2263e+05
24322.3515 15.1828 1.8280e+05
24330.9515 10.5010 3.4813e+05
24332.0815 11.5830 3.5315e+05
24333.1915 14.4016 3.5315e+05
24345.0315 13.8005 1.5561e+05
24372.9015 21.5846 1.7895e+05
24381.1815 16.8703 1.9135e+05
24493.1515 10.7808 6.9548e+05
24563.4215 11.6979 1.7132e+05
24658.1015 11.8290 4.1984e+05
24662.7415 16.1251 1.8325e+06
24663.4415 13.6523 1.8592e+06
24685.3315 10.7932 1.1632e+06
24733.8915 11.7365 2.6491e+05
24769.6515 11.3433 7.7134e+04
24775.6915 10.2433 1.1016e+05
24778.9515 10.1049 9.3714e+04
24790.5215 10.7351 1.6672e+05
24804.4915 13.3845 1.7811e+05
24835.1715 12.8718 1.8685e+05
24873.5015 18.5972 1.8083e+05
24886.6615 18.0179 7.3478e+05
24887.4815 14.6999 6.3810e+05
24983.7515 11.4021 1.3810e+05
25012.9115 17.5453 2.0539e+05
25101.5815 11.8372 8.3909e+05
25102.9115 13.6639 7.9283e+05
25186.4315 10.8136 1.3855e+05
25195.9015 14.8078 2.0519e+05
25249.3715 16.7657 3.1357e+05
25331.2715 16.2245 1.2261e+05
25331.9915 11.2981 1.2261e+05
25341.3615 10.2520 1.0372e+05
25363.5715 14.9072 2.3321e+05
25365.8315 10.7302 2.1838e+05
25401.4616 10.1505 1.0966e+05
25409.9816 10.1707 2.2331e+05
25500.1816 11.0785 2.5170e+05
25525.0916 12.6728 2.2655e+05
25526.6716 12.2143 2.2655e+05
25528.7016 13.8551 2.2646e+05
25569.9116 18.7270 1.7384e+05
25596.3316 21.2521 8.3398e+05
25777.3716 10.0426 1.8357e+06
25893.8416 12.7028 1.1981e+05
26056.6516 15.7371 7.4001e+04
26062.6716 13.1794 1.2454e+05
26094.4916 18.9930 2.0088e+05
26113.7316 10.4819 9.3036e+04
26115.3016 10.1504 8.5579e+04
26148.9016 11.4104 8.2437e+04
26278.3716 10.3626 4.1706e+05
26317.4316 11.1684 1.1989e+05
26443.5416 12.0821 2.3568e+05
26464.4616 10.4086 2.9891e+06
26464.9216 24.2834 2.9891e+06
26486.9816 19.7771 3.9120e+05
26503.4016 12.0852 2.1521e+05
26511.9816 11.8828 5.0156e+05
26513.2416 13.5136 4.7382e+05
26521.8616 10.3198 2.2674e+05
26543.7916 11.5485 4.8209e+05
26586.6216 10.6729 2.5297e+05
26603.0816 10.5954 2.0382e+05
26615.7616 14.1764 4.4346e+05
26616.7216 16.2097 4.4346e+05
26617.2916 11.3875 4.7397e+05
26621.1516 11.0466 4.8930e+05
26635.3716 10.8868 8.4247e+05
26636.5216 19.5039 5.5357e+05
26639.4616 12.1300 1.9797e+05
26653.9216 21.8762 8.7689e+05
26678.2716 17.5058 3.6532e+05
26926.6416 25.0161 2.8984e+07
26996.9516 15.7476 1.5597e+06
27008.8116 14.7908 2.0293e+06
27021.3516 14.5342 1.7354e+06
27033.9317 12.0652 3.0435e+06
27045.8817 16.3139 3.6553e+06
27112.7817 14.2677 4.4972e+06
27119.9017 13.0605 2.9370e+06
27147.9017 11.9082 2.5976e+06
27198.7517 12.7885 6.2145e+06
27238.0917 11.0726 3.6766e+05
27252.7117 19.9898 6.1235e+05
27276.5617 14.4385 4.1124e+05
27293.5117 15.1571 3.9004e+06
27298.0317 14.1201 3.4315e+06
27305.9217 14.5017 2.9893e+06
27327.8717 18.0130 2.5069e+06
27345.1117 14.1086 1.4898e+06
27362.3917 17.0132 2.6993e+06
27436.3517 14.1585 9.1434e+05
27456.5917 18.2662 2.0950e+06
27466.2517 15.1321 1.1731e+06
27479.8017 12.0909 5.6020e+05
27495.2917 12.1766 5.0077e+05
27513.6417 15.3545 1.1317e+06
27524.2817 13.7101 4.2582e+05
27534.3217 23.9905 5.1206e+06
27558.4117 16.0862 1.8883e+06
27571.0317 17.2939 2.0365e+06
27578.3517 11.5185 1.0415e+06
27583.6217 13.3619 1.8042e+06
27610.9217 13.0114 1.9214e+06
27633.6917 10.4386 9.0903e+05
27672.9717 15.6059 3.4347e+06
27681.6917 21.3042 2.7855e+06
27701.8317 12.5412 7.8149e+05
27752.6417 11.9791 9.0374e+05
27755.0417 12.6749 8.4425e+05
27763.7117 12.9814 6.5946e+05
27792.4917 10.9388 1.2517e+06
27811.1417 11.2059 5.5663e+05
27818.6817 15.3489 1.1247e+06
27826.5317 11.6556 6.0973e+05
27837.8717 12.5158 1.9934e+06
27842.8817 18.9266 1.7921e+06
27862.4217 21.1122 2.6165e+06
27889.4517 11.8079 9.6863e+05
27895.5517 11.5280 2.4704e+05
27907.5817 24.8326 1.8250e+06
27912.9117 17.1181 2.0001e+06
27937.3417 16.7831 9.4392e+05
27943.0517 14.1913 7.8854e+05
27989.4417 14.5851 5.7278e+05
27997.3217 12.4827 8.4382e+05
28002.8617 14.8283 1.6669e+06
28040.9017 11.9356 5.4489e+05
28050.4617 15.4090 1.2243e+06
28052.3617 12.2892 1.0577e+06
28070.5317 11.2306 6.4755e+05
28086.5517 18.1415 2.7097e+06
28089.9017 13.3521 1.8342e+06
28121.9417 13.5116 6.8133e+05
28148.6417 10.4859 7.9555e+05
28162.2117 10.7665 9.1684e+05
28182.8817 17.4140 1.4869e+06
28196.2717 12.8231 8.2636e+05
28251.2817 16.2978 6.7844e+05
28274.6617 21.3825 1.3068e+06
28331.8917 18.6454 1.2630e+06
28336.7617 11.3673 9.7709e+05
28359.1017 13.8539 8.8260e+05
28361.5717 15.3991 9.3251e+05
28372.4317 10.9327 4.6191e+05
28384.4517 10.7236 1.2994e+06
28386.7717 19.9471 1.2994e+06
28412.4617 17.2430 1.5701e+06
28417.9817 15.4636 5.0521e+05
28425.2417 21.0540 2.4718e+06
28445.2617 11.5713 2.3697e+05
28489.0917 13.4862 5.6655e+05
28505.7217 21.2885 2.0817e+06
28526.2817 10.0753 2.6143e+05
28554.0717 20.0442 1.9654e+06
28557.4717 13.0901 1.7178e+06
28622.8217 14.1454 7.0672e+05
28626.8517 11.5804 5.7489e+05
28638.6317 18.4236 5.7053e+05
28672.9318 10.4937 1.4437e+05
28690.7318 18.2250 4.1404e+05
28804.9718 26.5249 4.7812e+06
28810.7218 20.2977 5.2376e+06
28834.3018 13.8462 3.3571e+05
28840.6918 10.5821 5.2583e+05
28872.8018 10.4911 8.5513e+05
28916.8218 16.1099 3.2693e+06
29130.9318 14.2871 2.1938e+06
29274.9018 12.4185 4.4872e+06
29311.4618 18.1871 8.8376e+06
29363.4418 10.8611 5.0209e+05
29368.5718 23.4508 4.1937e+06
29397.1018 19.0888 2.4041e+06
29400.5718 15.5877 2.0668e+06
29415.5418 19.1187 2.2537e+06
29500.3118 13.8515 6.5597e+05
29525.5518 12.8955 8.1886e+05
29553.9518 13.6993 1.7150e+06
29577.3518 22.0164 2.2490e+06
29601.4118 16.1707 6.8066e+05
29619.8818 24.3806 2.7129e+06
29630.8618 14.3119 9.7292e+05
29639.2818 20.3371 1.3834e+06
29650.2118 23.2908 5.3605e+06
29694.5718 20.5244 1.9658e+06
29752.5118 20.4372 3.2554e+06
29774.2118 17.2489 1.2552e+06
29810.0218 15.5618 1.6758e+06
29821.1018 15.0003 8.7038e+05
29827.8918 20.9406 2.7342e+06
29841.8818 15.3338 1.9113e+06
29848.8518 11.7463 1.3424e+06
29878.1018 12.7479 7.2270e+05
29884.4218 10.2433 6.4389e+05
29914.0418 12.3009 1.2452e+06
29955.3318 20.2921 3.4058e+06
29959.2618 11.1317 1.5169e+06
30080.9018 13.3217 1.6077e+06
30195.9018 19.5332 2.1133e+06
30230.7418 20.0976 2.2664e+06
30320.1319 12.7142 9.1498e+05
30339.8419 10.0030 1.5628e+06
30343.7419 10.3416 1.4995e+06
30395.5819 12.4145 4.6922e+05
30455.9019 13.7278 9.5114e+05
30496.1019 10.5210 8.3777e+05
30508.7919 22.2234 2.4837e+06
30559.8119 11.0273 2.0243e+06
30599.2419 20.1981 1.9802e+06
30602.9319 10.9534 3.0923e+06
30604.4519 12.8478 3.0727e+06
30615.4719 11.9074 9.6019e+05
30675.0219 12.9158 2.2716e+06
30695.6919 10.5171 6.3167e+05
30739.8819 12.5807 1.8476e+06
30769.0919 23.9044 4.9178e+06
30787.3619 13.6936 1.9302e+06
30792.9619 11.3093 2.4204e+06
30812.1319 15.4387 1.2951e+06
30861.8719 15.7634 6.5437e+05
30935.7719 10.0341 3.8132e+05
30950.6119 10.3757 3.2264e+05
30999.4019 15.8982 1.9886e+06
31070.0919 10.3291 8.8081e+05
31084.6619 13.2641 6.3009e+05
31092.9019 19.0153 2.6724e+06
31126.3119 10.7938 1.2061e+05
31151.5519 11.5003 5.1233e+05
31171.0719 17.7060 5.1084e+05
31186.2719 16.6238 6.7519e+05
31195.4019 22.6310 2.5491e+06
31254.7719 13.2096 4.7575e+05
31261.2019 18.2619 9.3753e+05
31284.9119 15.3835 7.2972e+05
31293.9619 14.4728 4.4022e+05
31299.4519 13.3356 5.8852e+05
31311.0319 17.6315 1.3911e+06
31319.5319 13.0064 7.0867e+05
31337.8619 15.6169 5.3525e+05
31343.5719 14.0454 6.1647e+05
31358.5819 16.1863 7.4675e+05
31363.5719 11.7543 1.0854e+06
31371.0419 16.0962 4.3012e+05
31399.7919 13.3970 6.6396e+05
31409.1319 16.9352 1.0573e+06
31424.0119 12.0728 7.1294e+05
31424.7919 17.7323 6.7407e+05
31435.2719 19.6460 1.7040e+06
31440.1319 14.7994 8.2246e+05
31464.7919 16.0218 4.6348e+05
31500.2519 16.7886 4.0940e+05
31505.5719 10.6192 2.4067e+05
31536.3119 14.5640 4.3366e+05
31573.0219 11.4310 2.3250e+05
31830.9719 12.5274 2.0756e+06
31864.3419 14.5071 1.5864e+06
31903.5019 12.3409 2.7638e+06
31921.7619 18.6875 2.6139e+06
31967.4020 21.3011 2.2227e+06
31984.3620 16.4204 4.8743e+05
31990.0920 10.0762 8.6315e+05
31997.6720 11.3915 1.1450e+06
32042.4320 13.2619 5.8500e+05
32060.0020 18.6890 7.8808e+05
32071.7820 14.6182 7.8181e+05
32101.8120 20.8635 1.2246e+06
32152.4120 23.1320 1.5717e+06
32167.9920 12.8128 3.4465e+05
32189.1020 14.2973 3.9568e+05
32194.7820 15.6647 9.3177e+05
32206.5420 21.9672 2.0671e+06
32220.7520 22.5591 1.7481e+06
32236.0520 17.6850 1.0549e+06
32249.0120 11.6031 2.6071e+05
32267.3220 10.4668 2.3231e+05
32272.2320 20.5826 8.4108e+05
32300.0920 13.0286 1.9871e+05
32320.1920 14.7851 3.6130e+05
32328.1320 18.9096 1.8349e+06
32364.1920 13.4852 2.3470e+05
32376.2720 10.0008 4.7820e+05
32454.1520 20.1880 1.8854e+06
32462.6320 15.0823 9.3125e+05
32529.1420 10.7888 2.0764e+05
32544.6820 13.8773 4.6314e+05
32558.9420 11.8242 9.1879e+05
32560.4320 18.3841 9.1879e+05
32580.5420 17.3592 7.5415e+05
32661.5320 21.2278 1.2038e+06
32692.7520 10.5624 2.0820e+05
32711.8020 12.7968 2.9607e+05
32843.5120 15.5069 8.8103e+05
32855.1120 10.2001 1.8526e+05
32941.6220 10.2930 6.5898e+05
32970.3620 10.0282 6.3496e+05
33066.9620 10.1886 1.3146e+06
33102.0420 11.3409 1.8326e+06
33150.4120 16.2135 1.1353e+06
33155.4220 10.9291 5.5988e+05
33190.5420 12.7845 1.1420e+06
33228.4220 12.9174 9.8767e+05
33245.2920 11.5102 3.9486e+05
33250.9820 12.1412 8.5143e+05
33256.3720 13.4839 2.0804e+06
33294.2620 11.7161 1.6294e+05
33309.9520 11.5208 3.5362e+05
33329.2020 11.1590 2.9804e+05
33335.8420 10.9187 6.8501e+05
33348.3120 20.1907 9.9890e+05
33357.4420 14.6207 9.2850e+05
33368.2720 11.2822 2.9769e+05
33390.4220 20.2693 1.6413e+06
33410.1720 18.5492 2.4524e+06
33429.6720 12.0558 3.1466e+05
33447.3920 13.9884 1.7981e+05
33459.8520 13.9274 3.7811e+05
33460.4520 14.3155 5.1920e+05
33461.9920 11.4736 5.1275e+05
33464.3320 15.2361 4.6686e+05
33474.3220 17.8343 2.4265e+06
33475.0120 11.8548 4.5243e+05
33505.0320 15.6545 9.9147e+05
33530.2220 14.0532 3.7879e+05
33568.0720 11.6190 1.7458e+06
33569.6120 13.8712 1.7458e+06
33570.3620 12.7108 1.7458e+06
33599.7421 13.2989 1.0179e+06
33633.1421 11.7853 1.6960e+05
33646.5421 10.1835 2.2827e+06
33647.8821 13.8818 2.2827e+06
33648.3721 13.3294 2.2827e+06
33662.7621 22.6494 1.1848e+06
33761.8721 10.2048 9.9749e+04
33768.0521 12.7237 1.9832e+05
33776.6721 16.9651 1.6570e+05
33778.5421 12.0704 1.2422e+05
33811.8521 11.0771 3.4795e+05
33813.7621 13.4677 2.7061e+05
33888.7721 16.5382 1.2233e+06
33889.8921 15.6943 1.2233e+06
33890.4521 10.5647 1.2233e+06
33903.4321 16.9282 2.5636e+06
33904.0621 14.4423 1.2844e+06
33918.8121 10.6435 1.7287e+05
33936.5921 14.4181 4.0701e+05
33942.3421 12.8102 5.7299e+05
33951.8421 22.3414 1.7495e+06
34064.0321 11.5900 1.5494e+05
34112.1921 17.1997 1.7045e+05
34153.5721 10.1401 1.6168e+05
34162.4621 17.9444 2.4543e+05
34170.2821 13.9881 3.3602e+05
34402.6321 22.4501 1.4565e+06
34433.4221 10.8597 1.3621e+05
34461.7821 18.2796 4.5835e+05
34487.2521 11.1865 5.0332e+05
34487.8521 17.9936 3.9217e+05
34493.7221 17.6865 1.0280e+06
34525.6721 14.1148 5.3324e+05
34595.5021 12.0572 5.1859e+05
34604.3321 11.2432 5.8120e+05
34609.3021 10.3898 5.8120e+05
34806.9921 20.8760 2.8530e+06
35265.6822 16.4598 4.7450e+05
35266.3122 10.9795 4.7450e+05
35267.0822 11.0409 4.7450e+05
35314.4222 16.5556 1.9389e+05
35455.0622 10.2558 3.0522e+05
35530.4122 11.4320 3.5294e+05
35575.8122 10.9884 2.6686e+05
35577.6322 13.9464 1.9341e+05
35850.5122 11.9387 1.6209e+05
36194.7922 10.8608 8.5965e+04
36728.8922 10.8391 3.1030e+05
36765.3022 10.1635 2.4760e+05
36786.1622 10.1978 1.2073e+05
36998.7223 10.7663 3.9330e+05
37000.5923 12.6256 3.6097e+05
37457.8923 12.2119 3.5849e+05
37516.7823 12.8272 5.1145e+05
37518.9323 15.1677 4.0009e+05
37691.6023 10.0434 1.6920e+05
37699.3123 13.3174 8.3680e+04
37705.4623 10.6079 9.5890e+04
37720.9423 13.5355 1.8261e+05
37727.0523 10.6279 8.8907e+04
37738.2323 20.2194 5.2845e+05
37774.1123 11.3167 1.2605e+05
37781.3923 11.3340 2.1155e+05
37785.1523 13.5775 2.3872e+05
37785.6823 10.4288 1.8624e+05
37816.1823 12.3680 3.4428e+05
38665.0024 16.1971 5.5448e+05
38665.4224 10.2861 5.4387e+05
39319.4124 10.9497 6.7126e+04
39329.5824 12.1594 1.6091e+05
39332.6924 12.3478 1.3533e+05
39340.5024 13.0174 7.7197e+05
39340.8824 19.7914 7.7197e+05
39344.9124 14.9373 4.0884e+05
39375.3124 11.7748 1.9772e+05
39379.3824 18.8559 1.8848e+05
39394.7324 10.2013 5.6664e+05
39397.3724 23.0376 5.6664e+05
39415.0024 13.9149 1.1762e+05
39444.7924 11.9404 1.1088e+05
39506.1624 11.5216 3.2480e+05
39510.4624 10.8426 3.6767e+05
39543.4824 17.2261 3.6752e+06
39547.0424 23.6626 3.6752e+06
39574.3824 11.1114 1.8091e+05
39593.4324 18.9315 7.7217e+05
39623.1224 13.6648 4.4634e+05
39683.5524 10.7703 1.5269e+05
39756.3024 10.3359 6.8516e+04
39765.1724 10.4812 1.8094e+05
39774.5824 18.1486 3.3271e+05
39775.1824 11.3569 3.1886e+05
39775.7124 10.7812 2.6202e+05
39788.3424 15.9865 2.4848e+05
39822.2524 14.1143 1.7699e+05
39823.1024 12.1194 1.7699e+05
39824.6624 10.5894 1.6624e+05
39865.1124 16.7020 2.0510e+05
39867.7924 11.1448 1.9672e+05
39897.5024 10.5160 1.0201e+05
39906.1424 10.2344 6.7813e+04
39959.8624 14.1526 4.2032e+04
40007.0524 19.0945 9.6800e+04
40110.4224 10.5799 5.3587e+04
40161.5425 20.8048 1.1301e+05
40181.1425 10.0082 4.2287e+04
40193.5625 20.4867 1.0995e+05
40218.2725 14.2463 8.4675e+04
40276.8225 13.2168 8.7918e+04
40335.3225 10.2697 2.2654e+06
40364.5925 11.6635 6.6473e+06
40564.8625 12.9484 5.8799e+05
41048.2825 11.0681 1.8098e+05
41053.0425 13.2040 2.6922e+05
41096.2625 19.4464 7.6502e+04
41102.8025 13.3427 9.1450e+04
41112.0025 12.4716 1.6324e+05
41113.0625 12.3881 1.6360e+05
41128.1825 13.6297 1.9211e+05
41142.5625 10.3411 1.2914e+05
41321.2825 10.7497 5.6531e+05
41360.4125 10.2003 2.7138e+05
41487.5425 10.9214 7.1876e+05
41544.4325 11.4745 8.9492e+04
41564.1025 13.9148 1.6426e+05
41564.6725 10.7534 1.5700e+05
41627.4625 13.5880 2.0003e+05
41663.2725 12.4033 2.1712e+05
41709.2125 21.6573 9.6192e+05
41710.4325 12.3844 8.3637e+05
41743.7625 10.8944 1.8256e+05
41746.4725 11.9961 3.4511e+05
41749.4625 12.5701 7.7078e+05
41763.9025 19.5997 2.4438e+05
41789.3226 11.1847 3.2759e+05
41846.4526 12.9160 7.1526e+05
41847.0726 13.4745 7.1526e+05
41858.7726 15.6205 5.5624e+05
41859.3626 10.0084 3.6614e+05
41871.5426 12.6492 9.1855e+05
41872.0726 12.4583 7.5302e+05
42146.4626 10.3080 5.7793e+05
42224.5026 11.3788 3.4968e+05
42314.9626 10.1926 2.1831e+05
42725.1526 10.7185 8.6535e+05
43456.0127 16.5609 3.3543e+05
43463.8727 13.7183 4.1454e+05
43471.8027 10.2318 3.5776e+05
43487.8727 12.3189 5.3169e+05
43814.0227 13.2019 3.8095e+05
43826.4027 10.1908 1.9581e+05
43830.3527 11.0140 5.2519e+05
44063.1327 16.8913 7.8932e+05
44064.3627 14.0124 7.7515e+05
44064.8827 10.4386 5.1459e+05
44144.1127 24.3299 8.0574e+05
44179.2227 18.6067 4.1800e+05
44249.5527 10.6976 2.8871e+05
44250.1827 11.2785 2.6382e+05
44262.3727 10.7602 9.4545e+05
44263.5727 10.7964 1.0132e+06
44277.3827 15.0482 4.2557e+05
44278.2427 15.4192 2.4310e+05
44302.8627 13.3598 6.9542e+04
44400.5827 12.0573 8.3267e+04
44420.6927 11.3416 2.7684e+05
44431.5327 13.7981 2.8014e+05
44454.0727 15.4056 2.4793e+05
44461.3127 12.4443 2.6438e+05
44555.8827 10.0177 1.3328e+05
44644.1527 25.9660 1.4935e+06
44665.8727 13.8165 1.0831e+05
44666.8027 17.2013 1.0708e+05
44676.0827 13.3390 1.2707e+05
44738.7927 20.8558 8.6923e+05
44746.3727 12.8905 3.2094e+05
44756.5327 12.5670 1.2100e+06
44795.6027 13.6846 4.7321e+05
44796.5827 11.8012 4.7321e+05
44806.3827 14.8740 6.5366e+05
44807.0227 15.9168 3.4324e+05
44824.0427 17.6050 5.9787e+05
44875.5927 15.2811 1.4834e+05
44876.1527 11.2019 1.4795e+05
44932.7127 10.7131 1.0971e+05
44943.4227 13.6946 2.8379e+05
44950.8827 15.6733 7.6638e+05
44974.9527 10.9996 2.2046e+05
44980.1127 13.0870 1.2131e+06
44981.2627 15.2373 1.1805e+06
45015.9727 10.1339 3.1374e+05
45026.5527 15.5845 1.7666e+05
45103.7228 10.0742 1.5789e+05
45123.4328 10.9546 6.6067e+05
45126.6628 11.8835 6.3643e+05
45503.6128 10.3729 8.1119e+04
45882.4128 11.1732 6.9719e+04
45888.1128 19.1637 4.6001e+05
45918.3328 11.5204 2.3195e+05
45923.9028 11.9435 2.4831e+05
45936.3328 11.1524 2.3027e+05
45953.3428 17.9789 4.2822e+05
45971.3328 10.1337 1.1558e+05
45983.8528 11.0203 1.0438e+05
46005.3328 13.5303 6.1135e+04
46010.1428 16.4183 1.2274e+05
46010.8428 15.2522 1.2274e+05
46011.8128 12.4708 1.1377e+05
46072.9828 11.3761 2.1967e+05
46100.9528 13.0275 8.0150e+04
46113.7828 21.5617 7.5263e+05
46129.9628 13.1921 4.9147e+05
46132.0028 13.2991 3.5537e+05
46174.2128 16.5781 1.6640e+05
46179.9328 10.1784 1.4986e+05
46265.3928 10.7275 1.0518e+06
46266.3328 10.5907 1.0518e+06
46303.0528 10.9394 2.0909e+05
46310.7628 12.4427 1.8122e+05
46315.9028 13.7224 2.2122e+05
46323.3128 13.4537 2.1376e+05
46323.9128 14.0440 2.1376e+05
46355.5928 19.1708 1.1481e+05
46365.5528 12.0021 1.4555e+05
46375.3828 25.1021 3.9630e+05
46378.7428 15.2057 2.7728e+05
46430.8828 12.3585 1.3400e+05
46446.3328 12.6706 9.4406e+04
46457.0928 11.9258 5.1880e+04
46460.0928 16.5717 5.0772e+04
46486.2028 10.2266 9.2158e+04
46487.2928 12.1930 7.3688e+04
46505.8328 13.4034 3.2201e+05
46610.7228 15.3389 5.7454e+04
46646.1828 14.4645 4.9361e+04
46673.1028 16.1719 3.8645e+05
46674.8728 21.1829 3.3305e+05
46688.3728 11.4648 2.9415e+05
46735.8429 13.8301 8.1721e+04
46747.2329 18.9094 1.3818e+05
46769.6929 20.6198 9.5547e+05
46833.2929 13.1033 1.2304e+06
46894.7529 15.3092 1.5799e+05
46896.4529 10.9780 9.3554e+04
46913.5129 10.1493 9.6276e+05
46997.5129 20.8593 7.1888e+05
46999.2629 15.3505 6.4652e+05
47002.7729 11.0457 4.1068e+05
47070.0029 16.5656 1.5153e+05
47074.5429 18.6182 2.9542e+05
47076.3829 10.9949 2.4942e+05
47076.7929 10.6125 2.2006e+05
47082.4429 12.6611 6.4448e+05
47085.1729 10.1682 3.2754e+05
47195.5829 13.0753 4.2432e+04
47247.1729 11.4468 2.5541e+05
47248.0129 18.5697 3.0683e+05
47272.4529 12.4229 6.2333e+05
47838.8929 10.7858 8.1498e+04
47855.3629 12.0782 1.4588e+05
47856.7129 10.6076 2.7467e+05
47859.9529 16.8796 2.9020e+05
47878.5229 16.4052 1.2539e+05
47926.2929 14.6759 8.0098e+04
47932.4929 11.4229 1.5261e+05
47962.7629 11.1269 2.4015e+05
47978.3629 12.4391 1.2008e+05
47980.9229 11.8806 1.1856e+05
47997.1229 15.9377 1.7377e+05
48037.0829 10.7805 8.8215e+05
48088.0529 10.0107 9.3013e+04
48131.6329 12.0539 1.4495e+05
48147.6929 11.1327 4.2057e+04
48159.6629 12.6140 7.9968e+04
48160.2529 12.4931 6.8484e+04
48193.0729 19.8120 5.4676e+04
48198.4929 14.3311 1.5675e+05
48232.6729 16.8450 1.0186e+05
48237.4629 12.4757 8.5230e+04
48263.9729 15.4087 1.3993e+05
48264.9029 15.4695 1.4534e+05
48289.8429 11.1314 1.4361e+05
48291.0129 15.7253 1.4186e+05
48311.9129 11.1549 7.7825e+04
48414.4530 22.7861 1.4652e+05
48458.7430 19.3137 5.1409e+04
48480.9530 12.0562 4.5650e+04
48495.6630 15.1279 7.7056e+04
48513.4930 18.0857 4.6868e+04
48531.1430 13.1047 1.0275e+05
48556.1330 13.1893 7.9593e+04
48556.6430 16.3363 6.9190e+04
48611.5130 13.3526 3.3455e+04
48622.5230 21.9465 1.2130e+05
48686.9830 23.3606 8.9586e+04
48694.7830 13.7117 8.9179e+04
48742.2530 10.0498 7.8439e+04
48742.9630 10.6964 6.9444e+04
48803.8330 23.6950 1.2708e+05
48821.6730 14.9745 8.1294e+04
48828.0030 14.6719 2.8340e+05
48828.5930 10.1066 4.4787e+05
48830.7630 11.1386 4.8576e+05
48832.1730 14.3451 5.3185e+05
48832.7530 12.4260 4.5448e+05
48836.1530 14.4940 3.7725e+05
48858.9530 19.3939 3.2905e+05
48863.0230 13.7383 1.7353e+05
48868.0730 15.0332 2.2861e+05
48925.6430 12.3698 6.1456e+05
48926.8530 16.5925 6.7910e+05
48954.5830 14.0357 1.5468e+05
48960.9830 12.1328 1.7904e+05
48968.4930 24.9157 7.2320e+05
48990.4530 10.6934 1.2919e+05
49007.0730 18.3954 8.7876e+04
49044.1430 15.5451 6.0461e+04
49057.1930 10.1894 6.1905e+04
49065.5930 18.3815 1.1558e+05
49066.1030 10.6290 1.1402e+05
49081.2430 18.5970 6.5992e+04
49099.6530 11.9536 5.3078e+04
49107.9930 11.9820 1.7603e+05
49111.6330 10.9710 1.6409e+05
49120.6830 10.4692 2.0817e+05
49123.3930 18.6665 6.1667e+05
49124.8130 20.8966 5.9402e+05
49160.9130 12.0784 4.4604e+04
49165.1230 15.0717 9.1812e+04
49176.0730 12.4334 5.8540e+04
49187.4230 18.6047 7.2366e+04
49219.4730 22.2749 6.2403e+04
49236.0630 11.7327 5.0536e+04
49243.1830 13.7618 4.5089e+04
49296.4830 13.2913 6.1324e+04
49305.1230 16.3022 9.3345e+04
49315.5830 12.3664 7.1087e+04
49463.5230 13.9332 5.3581e+04
49482.2430 10.6648 5.5181e+04
49576.9730 10.2289 4.5941e+04
49593.3630 10.0991 6.0905e+04
49840.5430 13.6267 5.1204e+04
49918.7130 15.8477 9.5365e+04
49919.3630 10.8168 9.0424e+04
49965.5130 10.1959 4.0487e+04
49986.9931 10.5565 9.9909e+04
49995.8031 10.9061 6.1547e+04
50029.7631 11.0913 3.9226e+04
50088.5031 15.0712 4.5227e+04
50091.6031 10.1360 4.0959e+04
50115.7331 16.3756 4.7327e+04
50141.1731 14.2671 7.0509e+04
50144.1831 13.6943 4.5437e+04
50154.7031 11.0769 3.4687e+04
50161.1331 19.8146 8.7390e+04
50214.1031 11.8892 9.8030e+04
50214.6031 17.2775 9.7723e+04
50222.4731 11.2551 4.3271e+04
50249.1131 16.2482 8.7032e+04
50268.5231 12.0120 3.0525e+04
50289.9531 10.8112 8.8027e+04
50290.6331 19.6949 8.8027e+04
50302.5731 12.1968 7.4394e+04
50324.0631 13.2390 6.6501e+04
50355.8331 11.2208 6.0071e+04
50397.4031 22.0429 1.1936e+05
50410.7131 17.5494 1.0714e+05
50439.3131 10.4105 5.7033e+04
50451.7931 11.8982 1.1272e+05
50470.2431 14.9490 5.1627e+04
50479.1931 20.7776 8.5244e+04
50591.3931 16.2271 9.4721e+04
50613.3131 10.5112 5.4805e+04
50801.1431 12.6998 1.6181e+05
50811.0831 10.7585 7.3938e+04
50886.1831 12.0939 6.0922e+04
50926.1731 12.4297 1.8250e+05
50927.3931 10.5967 1.8250e+05
50940.4031 14.0696 9.8317e+04
51016.4331 12.5961 9.4367e+04
51017.0931 10.3614 9.4367e+04
51024.2531 12.4223 7.8524e+04
51040.9131 15.3091 1.2240e+05
51042.3831 12.5477 6.8601e+04
51085.6431 21.6440 1.0332e+05
51099.3831 10.9301 5.6863e+04
51117.8731 15.7708 1.1501e+05
51118.4731 13.5697 1.1974e+05
51125.7331 11.3439 2.0717e+06
51128.5631 10.7653 2.0392e+06
51192.7031 10.5229 7.6914e+04
51209.5531 14.2986 6.9737e+04
51210.1831 13.1183 6.9737e+04
51246.7731 16.2557 4.7898e+04
51283.5631 15.2179 1.2844e+05
51286.5631 16.6430 1.1852e+05
51299.7731 14.2398 4.3418e+04
51307.0131 11.9831 1.7144e+05
51319.9631 16.1521 6.5454e+04
51320.7831 12.9802 6.3887e+04
51330.3031 14.7898 7.1607e+04
51353.4331 19.0914 5.9757e+04
51370.3731 10.5788 9.4495e+04
51371.0731 10.2087 8.7267e+04
51412.8231 13.4376 5.2402e+04
51446.5231 13.4679 7.6222e+04
51476.1831 10.1595 1.1017e+05
51497.6531 19.8061 1.3708e+05
51549.4631 12.8963 9.0299e+04
51567.5431 12.7524 5.5597e+04
51577.5031 13.8637 7.1951e+04
51578.0731 15.2775 7.1545e+04
51585.9931 14.1874 6.0530e+04
51620.6832 11.5726 5.9071e+04
51621.1432 14.8340 5.9071e+04
51640.8432 14.2792 4.2874e+04
51646.2432 11.2390 3.7215e+04
51655.0532 10.4578 3.8377e+04
51680.9332 15.0132 5.9337e+04
51702.6632 12.7390 7.4651e+04
51781.9232 16.8580 6.0929e+04
51782.6132 12.0736 6.8414e+04
51785.3332 10.2497 6.8414e+04
51797.8832 11.1347 8.4241e+04
51801.9332 10.0300 7.0012e+04
51830.2732 14.7752 3.6280e+04
51835.0432 12.6176 9.2851e+04
51836.6632 13.4585 8.3448e+04
51886.9632 17.0899 1.0190e+06
51903.1932 14.3413 1.8892e+05
51920.2832 11.3707 2.0389e+05
51986.1732 14.9653 1.0085e+05
52016.8332 14.3010 5.0498e+04
52042.4032 10.3625 6.3743e+04
52049.9032 13.5788 7.5887e+04
52119.8932 13.7212 3.5075e+05
52121.1532 10.2848 3.4057e+05
52135.1232 13.4495 4.9751e+05
52138.5532 14.4656 4.9751e+05
52139.2732 14.1516 4.0471e+05
52175.9832 11.2174 7.6862e+04
52196.9632 11.1015 4.0988e+04
52205.2532 10.0281 5.9214e+04
52322.7032 11.5136 5.0327e+04
52387.8032 18.2684 8.6749e+04
52480.3032 11.4759 4.1227e+04
52559.6132 18.6469 8.9237e+04
52596.1932 17.4014 6.5608e+04
52646.5532 10.0827 5.9665e+04
52706.0632 14.7615 6.0615e+04
52791.2632 19.4507 5.3896e+04
52882.2732 19.2357 8.6411e+04
52890.8832 10.4030 6.6525e+04
52896.2632 12.4656 7.8454e+04
52900.9832 12.4393 1.4628e+05
52971.7632 21.4259 9.4354e+04
52989.4632 21.5256 6.8038e+04
53005.7732 16.5213 8.0408e+04
53014.3132 14.7908 9.7625e+04
53031.3132 14.0760 1.1196e+05
53065.5232 13.3971 7.3900e+04
53101.0432 14.5738 1.8200e+05
53101.7432 12.7005 1.8200e+05
53118.4732 10.6863 8.4084e+04
53119.8032 10.3046 1.0144e+05
53124.6632 11.3028 5.0242e+05
53125.1732 17.5221 5.0242e+05
53262.6233 10.1838 4.5198e+05
53300.2933 12.0509 1.5592e+05
53320.7033 10.2099 3.1397e+05
53362.0733 10.3538 4.2944e+04
53397.1533 13.1539 8.3422e+04
53403.0833 10.7735 1.0075e+05
53403.7933 10.0807 7.6819e+04
53428.7833 16.9008 8.1012e+04
53455.8533 17.5346 3.7101e+05
53477.1933 10.3814 1.1841e+05
53497.5633 12.4924 1.4412e+05
53525.8933 16.2490 3.3265e+04
53538.2933 17.9296 4.7070e+04
53548.9433 15.1240 6.3689e+04
53565.0533 10.2624 9.3349e+04
53568.0733 10.5217 8.7130e+04
53606.4233 17.6029 6.5890e+04
53642.7933 11.3752 8.7247e+04
53645.8833 12.6362 8.8575e+04
53646.5233 10.8989 8.6723e+04
53662.2733 16.6906 8.5806e+04
53673.2433 11.5169 7.8697e+04
53736.2933 10.4767 2.5569e+04
54114.6533 10.8369 8.7384e+04
54125.9733 11.2564 5.4019e+04
54149.0133 12.0707 4.3822e+04
54149.7033 13.4943 3.3746e+04
54164.5433 11.3587 4.8708e+04
54165.5433 12.2465 4.8708e+04
54177.1433 10.6135 1.0309e+05
54313.1833 14.8521 2.1991e+04
54396.5433 12.3374 1.8992e+05
54420.1433 16.7695 2.8882e+05
54452.2433 11.1568 2.2081e+05
54499.6033 11.0536 1.4199e+05
54517.4933 12.1325 2.2050e+05
54527.6633 16.6759 2.4509e+05
54551.1433 14.8574 2.0711e+05
54554.9033 14.7323 2.0400e+05
54580.7833 12.2248 1.8507e+05
54582.0433 12.2460 1.8507e+05
54598.2533 18.3107 1.2656e+05
54598.9033 13.1269 1.2656e+05
54609.2633 16.0556 3.8206e+05
54631.0033 10.0362 1.8088e+05
54632.9433 10.1967 1.8088e+05
54645.2533 12.8453 3.6625e+05
54646.0633 14.5965 4.2726e+05
54646.9733 10.7381 4.2726e+05
54667.1233 20.8484 3.1317e+05
54669.8433 12.7047 1.3536e+05
54673.6233 10.4471 1.5566e+05
54717.9233 17.8795 1.4838e+05
54743.4033 12.3483 4.5931e+04
54763.2033 10.3890 5.7769e+04
54772.3333 14.9748 1.0377e+05
54778.3133 14.7007 1.0964e+05
54796.7233 12.8375 1.8943e+05
54819.1633 10.3018 9.2143e+04
54831.9433 10.3173 2.6777e+05
54832.5833 16.9085 2.0409e+05
54844.1433 14.7685 9.5886e+04
54852.8533 12.4003 9.9277e+04
54897.4034 20.3278 1.7589e+05
54924.2534 14.8963 1.3883e+05
54925.3134 13.8217 1.3883e+05
54938.8234 13.9678 1.6441e+05
54987.8934 11.5594 1.4891e+05
54990.8434 10.3088 1.4971e+05
54991.6934 12.3534 1.3144e+05
55023.9534 14.5675 3.1805e+05
55024.5234 12.3435 2.9174e+05
55035.8134 19.1537 2.6750e+05
55068.0734 17.9759 1.3371e+05
55087.6334 13.2045 2.3375e+05
55100.2634 10.5247 2.2562e+05
55101.0834 12.6180 2.6490e+05
55104.5934 12.4384 3.1735e+05
55108.5834 13.1045 2.6239e+05
55117.9034 12.2699 4.9528e+05
55120.6034 11.3842 4.9528e+05
55121.3534 11.2388 4.6602e+05
55126.2534 10.2495 2.2998e+05
55138.6634 17.0382 5.0519e+05
55139.9434 15.0745 5.0519e+05
55141.5134 16.7918 3.5183e+05
55165.4434 18.1022 1.4258e+05
55167.2134 12.0853 1.2256e+05
55168.8634 18.5205 1.1618e+05
55175.6234 18.0910 1.6690e+05
55197.3334 13.5917 1.2696e+05
55198.0134 15.9225 8.3178e+04
55199.2434 10.5485 7.2607e+04
55206.9134 15.8341 6.4085e+04
55232.0434 19.0363 7.1174e+04
55241.6334 12.0627 4.3107e+04
55304.8234 12.8576 1.1729e+05
55305.2434 12.6251 7.1322e+04
55352.8234 22.7982 1.3810e+05
55379.0534 12.7309 8.1324e+04
55380.6634 16.6721 7.0878e+04
55391.8434 10.1268 4.4560e+04
55399.3234 10.1132 1.1808e+05
55400.1534 17.9563 1.1828e+05
55401.4734 18.8171 1.1828e+05
55402.3234 11.3202 1.1238e+05
55418.8634 13.8022 4.9862e+04
55430.5634 25.3621 1.8083e+05
55440.7134 13.9017 8.0960e+04
55472.4434 21.2057 7.2499e+04
55539.5134 13.0422 8.5565e+04
55540.5134 21.5241 8.4855e+04
55552.9734 12.9988 3.2717e+04
55556.5634 10.3453 1.6238e+04
55576.8434 23.6084 2.1312e+05
55585.6434 17.7933 6.4806e+04
55603.4734 22.3968 1.3534e+05
55622.4434 14.0810 3.8722e+04
55662.0434 13.3665 5.5620e+04
55697.6234 21.0481 1.9337e+05
55700.2234 23.9005 1.9337e+05
55743.7534 13.0649 4.3176e+04
55783.0434 11.6050 4.6181e+04
55862.3934 18.1125 2.4282e+05
55863.0034 18.0566 2.1383e+05
55887.4634 16.4178 4.7055e+04
55931.5334 10.4378 4.3673e+04
55934.1834 15.6942 4.2107e+04
55953.6134 13.1537 2.9285e+04
55972.6234 14.6652 4.5649e+04
55973.1034 12.5954 2.9681e+04
55995.2734 12.4530 6.2554e+04
55997.2234 11.9475 5.4610e+04
56022.1934 11.6373 4.6454e+04
56054.0334 12.1623 4.9265e+04
56076.7134 14.9966 1.4759e+05
56079.2034 19.1919 1.4824e+05
56080.1034 12.3966 1.2054e+05
56082.6234 11.1788 1.2536e+05
56162.9134 16.9924 4.8291e+04
56200.3834 11.2272 4.1064e+04
56218.0334 13.5173 4.7309e+04
56220.5134 11.4380 3.6283e+04
56244.3934 12.1843 2.4993e+04
56262.1034 10.2759 1.8282e+04
56266.7434 11.7853 3.7667e+04
56275.3134 19.0977 1.1152e+05
56326.1834 11.6849 2.0065e+04
56348.3534 17.7378 2.8800e+04
56381.5134 12.8268 5.3139e+04
56382.8034 13.4558 5.2416e+04
56418.6434 15.5473 2.0307e+04
56458.2134 11.1589 3.1097e+04
56476.8134 16.7656 7.4383e+04
56477.9034 17.8441 7.4383e+04
56521.8834 15.0337 3.5199e+04
56558.2735 12.5497 4.1247e+04
56560.2435 17.2398 3.4399e+04
56623.5535 20.4383 3.2209e+05
56627.7335 21.0848 2.6153e+05
56638.1635 21.5930 1.0421e+05
56654.7035 17.0116 6.2136e+04
56663.2735 20.5172 7.7135e+04
56673.2235 13.9351 9.3604e+04
56675.5035 15.8241 7.9449e+04
56682.6735 22.8317 1.4076e+05
56711.5235 17.1357 1.5141e+05
56715.8935 24.1147 8.9866e+04
56747.7435 15.7897 3.7495e+04
56773.4135 15.0284 3.9568e+04
56812.6035 10.8649 4.3602e+04
56882.9535 25.4283 1.0070e+05
56907.4635 10.5234 3.8588e+04
56919.7635 18.4743 6.6749e+04
56952.8435 14.3078 4.2597e+04
56953.8835 12.9884 4.2597e+04
56975.2935 19.3938 4.9529e+04
57016.0035 12.7958 2.5591e+04
57025.5435 20.1197 2.1630e+05
57026.3835 11.1547 1.5692e+05
57056.8935 13.0041 2.8585e+04
57071.7435 20.9175 1.4885e+05
57074.5935 10.5225 2.3672e+05
57095.5535 23.6018 2.1427e+05
57119.6735 16.0044 3.6926e+04
57138.2435 12.2511 8.0594e+04
57141.9835 18.1845 8.0594e+04
57148.8335 22.7307 1.1347e+05
57200.6435 10.7012 5.3478e+04
57201.4835 11.3787 5.3478e+04
57208.8235 21.4635 5.2742e+04
57217.4035 19.7428 3.8919e+04
57248.8435 12.6939 5.6129e+04
57250.9035 14.2279 1.4686e+05
57254.6435 24.1511 1.4686e+05
57266.8535 19.5996 5.1516e+04
57296.8435 16.5666 1.3399e+05
57297.9435 21.9777 1.1999e+05
57299.0535 11.4196 1.0730e+05
57336.8735 21.8758 1.0974e+05
57348.0435 21.5677 6.9635e+04
57353.2135 11.2332 5.2251e+04
57400.8935 11.0402 3.0864e+04
57456.7035 12.3082 8.6548e+04
57460.9635 12.4423 1.4531e+05
57464.6435 12.2287 2.3279e+05
57465.2935 14.1643 2.2812e+05
57481.6935 12.1216 4.8060e+05
57517.5635 14.1932 3.3678e+05
57530.0735 10.3572 1.5569e+05
57546.3135 10.8287 8.0655e+04
57567.3435 20.6835 1.5161e+05
57571.0935 17.8846 1.2851e+05
57589.3335 13.9958 1.1219e+05
57605.1935 10.8083 1.7872e+05
57624.6335 14.3233 3.6631e+05
57636.4635 10.2351 1.5419e+05
57637.1735 17.0852 1.4322e+05
57685.9135 22.3002 1.3173e+05
57697.1635 11.3626 6.6887e+04
57707.1035 10.0001 5.1734e+05
57709.2835 16.8855 5.1734e+05
57711.3235 11.8614 2.7606e+05
57723.7435 16.7741 1.7649e+05
57803.1335 12.9699 7.9184e+05
57872.8235 10.6822 1.2092e+05
57945.7435 19.7231 7.0015e+04
57958.4935 24.3325 1.8135e+05
57960.5835 14.1228 1.3652e+05
57977.6635 12.0730 4.6983e+04
57982.5135 13.7709 7.9090e+04
57983.7435 16.0460 7.9090e+04
57996.2935 11.5224 8.3216e+04
57999.1035 21.0682 8.0843e+04
58010.7035 11.9131 8.1432e+04
58015.3135 10.2296 8.0240e+04
58027.7635 16.9665 7.2897e+04
58046.3935 11.8399 7.7950e+04
58053.2235 21.3502 1.6150e+05
58099.1235 13.7003 5.6559e+04
58101.1735 19.0245 5.2584e+04
58108.8635 13.0785 7.8194e+04
58110.5435 10.8749 7.7669e+04
58129.6235 12.1736 2.2926e+04
58146.7635 10.6338 2.3001e+04
58147.3935 11.7605 1.8404e+04
58166.9236 12.8169 2.1883e+04
58197.0136 11.8661 5.3478e+04
58197.7836 15.3449 3.2389e+04
58216.9936 14.7411 6.3683e+04
58218.5436 17.8763 7.7202e+04
58222.0136 17.5253 1.0668e+05
58224.2836 13.7400 9.0908e+04
58256.5636 13.5773 4.0420e+04
58266.6336 15.6654 6.8227e+04
58277.5236 23.9352 1.5159e+05
58281.2636 14.6163 2.4587e+05
58283.5336 14.6901 2.0113e+05
58294.6936 14.6051 1.3687e+05
58331.0136 14.1501 1.9855e+04
58336.7636 20.5189 4.0428e+04
58347.3436 16.7553 5.8953e+04
58362.9136 10.5956 3.7554e+04
58371.2236 12.7781 2.2933e+04
58382.6236 23.4109 5.9150e+04
58394.3136 11.4600 4.2878e+04
58396.1036 10.2038 4.2878e+04
58414.9236 17.8764 2.7588e+04
58425.1336 16.4030 2.0567e+04
58429.9236 13.9736 3.0613e+04
58449.9136 14.9698 1.5678e+04
58461.7236 21.1909 3.9240e+04
58481.2336 11.6088 3.2502e+04
58484.6636 15.8089 2.8714e+04
58498.8136 15.3005 7.6176e+04
58501.8036 24.8334 7.1748e+04
58513.8336 19.1080 3.5229e+04
58561.5136 18.6143 3.3214e+04
58573.9136 12.1029 1.7607e+05
58575.4636 25.7420 1.5074e+05
58591.4936 24.5344 1.3291e+05
58606.3836 12.0252 3.9317e+04
58611.2636 12.3255 2.7203e+04
58620.4036 14.7193 2.3610e+05
58621.3336 22.0523 2.3610e+05
58653.0136 10.3584 1.7743e+05
58695.3136 24.9428 9.4210e+04
58707.8136 16.8395 3.8969e+04
58717.4936 22.0923 5.6575e+04
58738.7836 12.3214 2.0556e+04
58744.4436 12.0163 3.9763e+05
58746.4636 20.4727 3.9763e+05
58747.2736 23.4660 2.8991e+05
58771.2136 14.6684 9.7769e+04
58785.1636 18.9594 5.3142e+04
58789.3836 14.1332 3.4307e+04
58802.9436 11.1064 1.6689e+04
58818.4936 15.8889 7.4741e+04
58821.1836 17.3625 5.2586e+04
58838.4236 13.2142 4.3372e+04
58843.1336 10.6088 2.2356e+04
58856.3736 25.4197 7.1533e+04
58870.3036 18.7049 1.1502e+05
58871.8836 20.9456 8.8437e+04
58893.9636 17.3482 5.1726e+04
58906.0436 13.5317 7.0678e+04
58917.2836 18.9046 1.7040e+05
58920.6436 21.0956 1.6333e+05
58928.5936 13.8202 4.5628e+04
58965.5536 26.1905 1.3316e+05
58990.0036 13.9737 3.7113e+04
59009.2236 25.9561 2.2414e+05
59038.6836 11.6718 3.0108e+04
59077.3036 17.0117 4.9849e+04
59090.3836 11.1963 2.0774e+04
59101.0336 24.8523 1.3703e+05
59116.6936 19.2756 9.6094e+04
59123.8836 12.5451 2.7728e+04
59129.3136 21.7277 9.0328e+04
59140.4236 14.1079 3.8015e+04
59165.4036 13.0683 2.0013e+04
59183.9836 12.8517 1.9922e+04
59305.2636 11.7600 3.0110e+04
59329.2836 12.3425 2.2652e+04
59379.8436 11.1935 3.0632e+04
59385.1236 10.8322 3.4023e+04
59412.1036 13.2157 2.2070e+04
59429.9236 22.1146 1.1390e+05
59430.9336 10.9235 1.1390e+05
59432.9736 11.0369 1.1372e+05
59439.3836 15.3703 1.6397e+05
59457.1836 19.6650 9.9169e+04
59498.5436 15.1698 2.9154e+04
59518.2136 11.9937 2.3932e+04
59541.4436 17.1930 3.0315e+04
59544.5136 12.2910 2.0193e+04
59566.3936 18.9475 6.9215e+04
59568.5836 16.0382 6.9215e+04
59569.8136 10.9271 6.9215e+04
59570.5936 14.2387 6.0357e+04
59578.8936 13.1443 3.9559e+04
59621.4536 21.1372 3.0931e+04
59626.7536 13.1528 1.7525e+05
59628.5036 13.1252 1.7525e+05
59632.5436 11.8943 6.6797e+04
59639.5736 12.4949 1.0173e+05
59657.0136 19.0504 1.7773e+05
59658.6636 16.9713 1.7773e+05
59680.9836 14.5935 4.3798e+04
59686.5436 20.0094 2.0935e+05
59702.3336 15.5416 1.7869e+05
59703.8136 10.9747 2.0024e+05
59722.4736 14.8476 1.0495e+05
59723.5936 10.3780 1.0444e+05
59736.3836 11.5597 7.9548e+04
59744.7136 19.0458 1.1643e+05
59750.9136 18.5180 2.2578e+05
59764.3036 11.5065 1.8447e+05
59790.3436 14.4841 2.1349e+05
59801.2436 11.3226 1.1438e+05
59817.5437 18.8735 1.5312e+05
59832.7637 11.1064 2.3265e+05
59923.7137 14.3566 1.2239e+05
59949.8937 11.4994 1.1268e+05
59985.9837 15.9223 8.1156e+04
59987.3837 11.5953 6.7589e+04
60034.3937 16.6509 7.1375e+04
60035.5537 12.7522 6.9989e+04
60047.3237 11.2337 6.6236e+04
60055.5637 12.7552 1.5853e+05
60060.8437 12.0272 3.6652e+05
60062.5737 15.1172 3.8655e+05
60063.6437 12.6754 4.6325e+05
60064.9737 10.9254 4.6325e+05
60159.9637 12.7011 4.4149e+04
60221.9137 11.7123 4.0012e+04
60378.7537 19.7839 1.1452e+05
60629.6537 13.6465 7.7670e+04
60632.9637 10.4778 7.8407e+04
60721.3137 19.8351 4.4690e+04
60849.8737 11.6105 1.7026e+04
60937.0037 11.7164 5.4202e+04
60956.6537 10.2445 6.7101e+04
61112.4337 10.8203 4.3125e+04
61189.7437 10.2471 2.0101e+04
61373.0337 13.9115 3.9547e+04
61526.7038 12.2620 7.4944e+04
61531.3438 14.4347 5.2734e+04
61538.9238 10.7036 1.1551e+05
61554.1838 12.0973 2.1153e+05
61554.7538 13.0898 2.0361e+05
61592.6738 11.9638 1.3207e+05
61597.1238 16.9857 1.0147e+05
61604.3038 15.1189 2.7872e+05
61632.3638 21.7447 9.6494e+04
61638.7738 12.8523 4.9729e+05
61642.3238 16.6733 4.5400e+05
61647.8138 10.8680 2.5810e+05
62040.2038 16.0999 4.1611e+04
62041.3638 18.3462 4.1611e+04
62159.9038 13.7305 1.4147e+05
62162.5638 10.9553 5.9702e+04
62201.9938 12.2834 3.4280e+04
62599.5238 10.3242 3.5763e+04
62668.0238 11.9629 1.5126e+05
62768.8238 21.4452 6.9202e+04
62904.7738 12.6995 2.8387e+04
62915.6938 10.3692 1.9348e+04
62939.2638 13.8549 2.4277e+04
63033.7138 11.5103 2.9866e+04
63334.8039 12.0288 9.0284e+04
63337.6839 12.7939 3.8640e+04
63775.4939 23.2796 1.0869e+05
63867.9039 10.1793 2.6633e+04
64302.6439 13.1850 9.1322e+04
64351.8039 10.2232 3.1113e+05
64790.6640 11.0928 8.2641e+04
65050.1340 12.7096 6.2638e+04
65106.4140 12.1432 8.0983e+04
65147.1440 21.2022 1.0571e+05
65245.1340 20.8305 1.6355e+05
65291.5740 10.8616 4.6682e+04
65319.2740 13.9999 5.8724e+04
65674.8140 18.9248 9.5239e+04
65720.7640 11.2919 5.4341e+04
65799.2540 20.4006 8.1574e+04
65920.3140 12.2075 1.7130e+04
66042.5640 10.0573 3.4388e+04
66060.0740 14.7051 1.1927e+05
66217.3040 15.4910 1.9209e+04
66307.1740 10.5488 3.4185e+04
66414.0141 12.3348 8.4124e+04
66954.8741 11.3957 4.5555e+04
67077.3041 16.7248 8.9224e+04
67099.4341 12.2400 3.4638e+04
67132.1141 18.5064 4.8527e+04
67262.0041 20.1408 8.1091e+04
67288.0241 24.1024 2.0094e+05
67305.8041 10.5413 1.9127e+04
67352.2341 12.1830 7.5555e+03
67369.3741 21.8103 5.6538e+04
67414.8341 10.3915 7.2890e+03
67479.9941 12.8875 3.5215e+04
67507.3041 10.7263 5.3779e+04
67523.9841 18.6363 6.1363e+04
67530.3641 15.9525 7.6279e+04
67660.7741 16.4282 3.4363e+04
67948.2541 10.2940 2.1887e+04
68034.5642 14.5827 1.5238e+04
68715.8242 10.2426 2.8648e+04
68787.7142 10.2107 2.1433e+04
68903.0942 11.4455 1.0325e+04
68928.4242 10.6715 4.2724e+04
69042.1942 11.7703 1.1190e+04
69758.5843 12.6043 1.3336e+04
69922.0543 14.1988 6.2907e+04
69929.4043 11.7268 6.8194e+04
70144.2643 16.3640 2.6352e+04
70221.7543 10.5397 2.1531e+04
70229.6943 10.6967 1.6477e+04
70259.1843 20.0866 6.4390e+04
70737.7843 22.5714 7.0352e+04
70751.2443 13.9155 1.0093e+05
70767.3143 22.8363 6.5011e+05
70780.3043 12.4668 2.2420e+05
70795.6643 12.0213 1.3316e+05
70802.1343 16.2446 2.1465e+05
70806.6143 11.0607 1.4133e+05
70816.7943 11.0351 1.8044e+05
70832.5743 17.7466 9.5181e+04
70959.1843 11.9129 2.0061e+04
70985.4343 11.4025 6.8329e+04
71035.5943 20.8876 2.2165e+05
71037.1743 14.3105 2.2165e+05
71037.7443 11.8031 2.2165e+05
71038.2343 16.3141 2.2165e+05
71053.7843 10.9757 2.6011e+05
71158.4643 10.0581 2.5770e+04
71404.0644 12.0378 2.6516e+04
71475.6044 22.9651 7.8781e+04
71595.1344 11.2173 1.3928e+04
71608.8944 10.7602 2.4885e+04
71691.8044 10.4603 1.5156e+04
71748.9944 10.9933 4.5945e+04
71809.6144 24.9462 8.3173e+04
71866.9544 14.4566 2.4910e+04
71897.0244 15.5255 4.6944e+04
72219.9444 17.8234 5.1507e+04
72418.7344 15.7354 3.5173e+04
72486.1644 11.1741 2.5305e+04
72499.7644 21.5397 7.7719e+04
72544.1144 10.0134 2.6408e+04
72599.9144 16.0493 4.6690e+04
73030.5945 14.2802 5.0706e+04
73072.8745 15.6162 7.4893e+04
73290.6545 13.4519 4.5762e+04
73382.8245 15.9444 5.4535e+04
73413.8145 19.1511 3.7913e+04
74191.3745 11.7318 5.6986e+04
74215.2245 17.8244 1.1960e+05
74379.0245 16.5819 6.0010e+04
74554.8746 13.1411 3.4741e+04
74555.3346 10.1968 3.2614e+04
74721.2346 10.9647 4.2173e+04
74729.6746 16.3409 5.9722e+04
74809.7846 15.6608 5.3104e+04
74825.1546 20.0481 1.4062e+05
74834.0146 10.8303 3.1607e+04
74877.0846 13.6234 2.4383e+04
74958.6546 13.0173 4.4674e+04
75237.3246 16.5684 4.1884e+04
75243.0246 10.5797 1.6085e+04
75453.6546 22.0745 8.0287e+06
75522.1846 19.8300 7.8347e+04
75607.1846 12.7716 3.5799e+04
75717.8246 19.2548 8.4052e+04
76101.0046 13.0169 4.2757e+04
76172.2746 24.3996 8.3868e+04
76233.7247 13.9970 2.4563e+04
76403.6947 16.6542 9.2527e+04
76823.8447 11.7763 4.3656e+04
77025.0347 12.4526 4.0350e+04
77091.0647 11.3244 1.3296e+04
77230.8347 15.1491 3.6456e+04
77234.9547 10.4301 3.1312e+04
77242.9047 11.8032 5.0441e+04
77290.3747 10.3657 3.2149e+04
77357.1347 10.5932 1.4913e+04
77428.2847 16.3301 5.8489e+04
77538.0947 10.2152 6.2385e+04
77548.0347 10.2581 5.4384e+04
77548.7447 11.3814 4.5476e+04
77577.2547 24.7331 5.2834e+04
77590.6547 11.1941 7.5023e+04
77594.0847 12.8453 1.0005e+05
77595.7147 10.0872 8.6213e+04
77630.6647 15.8141 6.3463e+04
77640.3647 11.0587 3.6422e+04
77649.2447 22.4114 3.4902e+05
77670.5547 10.6933 1.0765e+05
77687.5347 21.3306 2.3325e+05
77709.9747 11.0028 7.4869e+04
78226.4948 13.2299 4.5364e+04
78819.4848 10.4999 9.5139e+04
79014.2348 13.9649 1.0666e+05
79550.8349 10.7152 1.3293e+04
79558.0349 12.5817 4.4063e+04
79599.9949 12.7407 4.2652e+04
79752.3549 13.7541 2.9468e+04
79889.6849 13.6134 9.3321e+04
79927.7749 19.6375 2.3602e+04
79956.2749 13.8781 7.0304e+04
79989.8149 14.2177 5.8260e+04
79998.8749 23.0195 1.2429e+05
80005.4949 22.1027 1.3026e+05
80022.3249 15.4839 2.8994e+05
80026.4749 16.8485 2.8856e+05
80063.6049 18.5094 1.1816e+05
80067.1149 23.9160 1.5312e+05
80084.7349 11.4524 7.8738e+04
80090.5049 13.0305 1.0004e+05
80099.3449 11.0780 6.3390e+04
80111.4749 11.1351 1.4483e+05
80113.0149 10.9031 1.4483e+05
80113.8249 10.9767 1.4483e+05
80140.6249 12.7245 3.2598e+04
80168.0649 12.4945 5.3793e+04
80293.0049 10.3972 7.5149e+04
80405.1049 10.3827 1.1982e+05
80406.0649 11.4825 1.1982e+05
80800.2549 14.7306 5.6614e+04
80803.6449 19.3841 5.6614e+04
81034.4649 12.5744 1.0424e+05
81038.3849 10.8536 8.7818e+04
81071.2449 10.9969 2.4840e+04
81261.8050 13.4424 6.1057e+04
81325.9550 14.7816 4.1604e+04
81386.7750 11.2998 2.6385e+04
81430.8650 11.0090 2.0111e+04
81813.5450 10.7538 1.0831e+05
81815.4250 13.9985 6.7429e+04
81925.5850 13.5650 5.0837e+04
82099.3550 15.4548 1.0173e+05
82100.0350 20.9935 9.9224e+04
82113.6650 13.9338 1.5709e+05
82117.1950 10.1849 1.0022e+05
82122.8750 11.9048 6.1229e+05
82123.6350 19.8577 6.1229e+05
82135.8450 12.2652 6.9361e+05
82137.3450 10.3020 6.9361e+05
82138.6350 16.1978 5.3928e+05
82179.8850 11.6286 2.6131e+05
82189.5450 12.4703 2.4980e+05
82243.4750 17.0384 2.4417e+05
82260.4650 20.5653 2.8271e+05
82266.2350 21.6249 6.4370e+05
82279.0850 12.1837 5.6366e+05
82289.4750 10.3334 3.9599e+05
82306.3150 11.5023 4.7168e+05
82307.1050 13.7962 4.7168e+05
82316.0350 12.9632 7.2508e+05
82375.1050 14.7819 1.3064e+05
82375.8650 12.7878 1.3064e+05
82376.5950 10.7428 1.3064e+05
82405.9550 12.6812 1.7961e+05
82406.8850 12.1975 1.6169e+05
82464.8550 13.4546 5.7814e+04
82502.4550 12.2293 9.1108e+04
82510.6450 18.6084 1.1375e+05
82525.8250 10.4179 4.3394e+05
82576.4450 14.9994 1.2762e+05
82593.8450 10.3691 4.9682e+04
82595.4450 10.2987 4.9682e+04
82604.7750 14.4409 6.1598e+04
82663.3450 10.3894 8.8749e+04
82715.2750 13.7936 1.0515e+05
82718.1750 12.0184 1.1915e+05
82734.2150 10.4415 9.1651e+04
82750.2351 13.1384 7.1101e+04
82750.9151 11.9573 6.7607e+04
82766.2351 18.2522 5.0048e+04
82784.7151 20.8241 7.3052e+04
82877.2851 13.6151 3.5141e+04
82895.9251 15.3887 5.5939e+04
82900.8551 15.5141 8.5284e+04
82901.5551 10.0307 8.5284e+04
82906.3151 11.2280 6.0977e+04
82914.6451 15.7666 1.5158e+05
82926.8951 16.2370 2.6203e+05
82928.3451 12.2257 2.6203e+05
82929.6951 12.0551 2.5211e+05
82940.7251 11.7399 1.6240e+05
82941.4751 15.3907 1.6240e+05
82942.2451 15.8829 1.5876e+05
82943.0351 10.5951 1.6081e+05
82950.7251 12.9686 2.6297e+05
82963.0451 10.7188 1.5969e+05
82978.9351 21.1257 1.0808e+05
83084.4551 18.1900 8.8528e+04
83115.3851 11.3781 1.0241e+05
83150.9551 12.3155 9.2828e+04
83151.8651 11.5781 8.1780e+04
83153.3951 10.8265 6.6049e+04
83172.4151 19.7869 5.8723e+04
83192.2151 17.1227 7.8902e+04
83192.9151 16.5745 7.7049e+04
83206.5951 10.4024 7.6472e+05
83225.8051 20.0616 1.2556e+06
83238.2251 24.1873 4.0029e+05
83241.6651 13.8983 6.2728e+05
83242.9851 10.4830 4.0961e+05
83265.9251 11.5571 2.8456e+05
83269.2751 10.7350 2.3493e+05
83278.4751 12.3062 2.7520e+05
83281.0751 10.5380 7.0008e+05
83283.7651 18.8397 5.8945e+05
83348.1651 12.8014 5.5269e+04
83367.2551 13.1569 9.6331e+04
83436.0851 14.0308 1.4870e+05
83466.1951 19.3103 8.7483e+04
83478.9451 15.6242 8.1475e+04
83494.9151 14.9919 1.3930e+05
83513.2451 18.0406 4.4103e+05
83533.7151 13.2833 1.3101e+05
83547.8251 14.0631 2.0226e+05
83560.9951 18.0755 3.9613e+05
83568.4951 11.7936 4.5821e+05
83571.5451 14.4872 3.2530e+05
83591.1151 19.6355 3.6333e+05
83640.8751 14.8301 1.0237e+05
83644.8351 10.2555 1.2337e+05
83645.7251 10.7669 9.8253e+04
83652.2851 11.2000 1.0423e+05
83829.0151 12.7983 4.4200e+04
84343.8351 18.2237 5.8714e+04
84827.9652 13.1050 9.6665e+04
84998.3952 17.8037 6.0546e+04
85004.0252 19.4405 2.7496e+05
85004.7552 12.7637 2.7496e+05
85158.1352 10.7107 1.0534e+05
85310.4052 14.5247 3.1486e+04
85333.5852 12.0581 6.7307e+04
85395.7952 13.1771 5.6895e+04
85537.0152 10.7338 5.5641e+04
85562.0652 21.8204 1.3128e+05
85576.5152 19.7622 1.0307e+05
85582.1352 11.2389 8.6685e+04
85647.3452 15.8424 7.7418e+04
85992.1052 10.9869 2.7249e+04
86334.0653 13.5253 4.1367e+05
86347.4553 19.8288 2.9563e+05
86366.5353 23.8711 1.4374e+05
86367.3653 12.0954 1.2258e+05
86391.4953 16.6494 6.9594e+04
