58.4500 12.3137 5.2637e+04
87.4600 10.9331 4.4586e+04
227.1500 14.6416 6.9316e+04
446.1500 10.1250 1.2624e+05
665.3900 10.6475 1.4946e+05
696.8600 14.2552 9.1880e+04
900.1901 10.7706 7.4118e+04
952.6801 20.0110 3.9854e+05
964.9601 17.6464 2.0907e+05
987.6901 11.6156 1.9533e+05
989.7701 13.0804 1.1815e+05
1126.2901 20.9238 1.8493e+05
1411.2001 10.2348 9.1958e+04
1467.8501 10.4822 2.0170e+05
1637.7001 11.2125 5.5911e+04
1767.4801 10.1435 1.1613e+05
1829.8901 12.0673 1.3223e+05
1869.8601 10.9571 1.2824e+05
1917.4701 18.8969 4.6383e+05
2402.8501 10.3656 3.8576e+04
2429.0701 11.9809 1.7134e+05
2603.4702 14.7853 1.4952e+05
3307.2902 13.8038 9.1248e+04
3332.6502 11.3575 8.2085e+04
3620.1902 10.5544 3.3327e+05
3620.7502 11.7103 3.2353e+05
3657.7902 11.6797 6.8522e+04
3926.5602 21.7701 8.4789e+05
3927.1002 11.4916 8.3696e+05
3941.1402 11.6882 2.7795e+05
3941.7702 11.7880 2.1885e+05
4081.7002 13.0308 2.5574e+05
4111.2203 10.8887 8.5757e+04
4186.2503 10.0979 1.1774e+05
4203.1303 11.9919 1.8358e+05
4231.0203 12.5185 3.6105e+05
4242.1003 15.3850 7.1324e+05
4263.4603 10.2300 9.2251e+05
4284.8003 10.8931 1.7006e+05
4317.2803 20.9356 1.1381e+06
4322.0703 10.8657 1.0962e+06
4336.9103 10.0744 2.2712e+05
4347.0703 16.1450 5.6327e+06
4347.3703 22.4935 5.6327e+06
4395.0203 10.8532 8.9793e+04
4430.5403 23.8452 5.0688e+06
4433.6503 11.1504 8.9911e+05
4473.8003 10.7306 8.4900e+05
4488.7203 17.3149 9.0687e+05
4500.6303 23.1123 3.3433e+06
4525.3003 11.0801 9.7789e+04
4546.2503 26.0019 7.9370e+06
4710.6603 12.3710 2.9806e+05
5069.8503 13.1468 2.6041e+05
5180.2103 13.4211 1.3686e+05
5287.1903 16.3761 6.6221e+05
5455.5003 13.3649 9.5254e+04
5905.2104 12.9480 1.2449e+05
5966.7904 13.2757 1.2838e+05
6026.1404 13.2679 1.3441e+05
6051.3604 15.2524 1.5841e+05
6073.4404 11.5515 8.1922e+05
6075.0404 11.1836 8.1922e+05
6098.6204 10.3688 6.5364e+04
6126.0104 13.6195 1.4385e+05
6152.4904 12.3610 1.5894e+05
6236.1504 11.4482 1.1865e+05
6271.2204 11.9469 2.0808e+05
6289.8504 19.6353 4.8899e+05
6392.7304 11.1138 2.7567e+05
6393.6804 14.1972 2.4833e+05
6423.5304 10.4303 1.1409e+05
6600.9604 16.2557 1.4213e+05
6698.0004 12.3965 7.8250e+05
6725.1504 11.3997 3.4306e+05
6834.4304 11.3432 7.9682e+04
6874.6804 15.9264 1.2174e+05
6900.4504 13.7515 6.9983e+04
6907.1004 10.3665 1.5211e+05
6907.6604 11.2081 1.2871e+05
6954.1904 10.6229 1.3426e+05
6957.4104 11.6309 1.1438e+05
6964.1004 11.2950 1.2863e+05
7000.9404 11.9777 1.4143e+05
7033.0004 12.1818 1.1898e+05
7196.2404 14.8472 1.1646e+05
7811.2205 13.2715 9.4742e+04
7823.7805 10.4596 6.4453e+05
7824.3405 14.1565 5.7993e+05
7853.3505 13.1591 1.6479e+05
8255.2205 10.4812 1.9697e+05
8456.9305 12.4411 1.3301e+05
8641.5705 12.3632 1.6088e+05
8665.2605 10.2111 6.9899e+04
8712.6205 19.9363 3.6060e+05
8761.5205 14.0388 1.1115e+05
9358.1806 14.5759 6.4433e+05
9369.4906 10.8901 2.2876e+05
9437.9006 10.4761 4.1899e+05
9438.3206 11.0361 4.0827e+05
9658.4106 10.0736 1.0061e+05
9670.9706 11.2669 9.8871e+04
9687.0306 10.2960 6.1743e+04
9749.2806 13.1622 1.1406e+05
9828.4206 15.2644 7.2407e+05
9828.7606 16.5440 6.0157e+05
9956.0706 10.5558 2.7761e+05
9959.5306 12.3370 2.0083e+05
9992.5506 21.2742 4.8490e+05
10012.4806 12.3277 1.4087e+05
10014.8306 12.0550 2.4073e+05
10018.8106 13.1628 2.0832e+05
10039.5106 15.3139 1.7085e+05
10076.3406 16.2101 1.0359e+05
10081.8006 12.4085 9.5661e+04
10102.8606 12.9675 7.8199e+04
10109.8606 13.0768 7.7422e+04
10161.4706 11.8635 7.7944e+04
10180.4806 11.7678 1.5619e+05
10188.3806 10.2187 7.5260e+04
10241.1206 16.6084 2.8196e+05
10392.9406 10.0767 9.6439e+04
10554.0506 12.3301 1.1176e+05
10598.2506 10.2598 3.0168e+05
10787.2707 14.0188 4.0888e+05
10816.1707 11.6160 1.1977e+05
10826.4007 10.1430 2.2858e+05
10838.4507 15.2471 2.0436e+05
10861.1907 10.3793 1.4608e+05
10903.7307 17.2051 1.8064e+05
10914.5107 12.8250 2.5775e+05
10941.3807 21.0587 2.2750e+05
10960.4007 20.6433 3.1512e+05
10992.5707 11.6599 1.7622e+05
11004.1107 17.9511 3.8960e+05
11016.3107 19.2559 2.4876e+05
11134.5707 10.9424 5.9705e+04
11147.6807 11.7084 9.9789e+04
11226.0707 13.7463 1.1034e+05
11397.1507 10.4275 9.0927e+04
11661.5207 19.6212 1.7602e+05
11666.0307 10.8178 1.2037e+05
11674.1107 12.0789 3.2445e+05
11677.3907 10.8047 2.5149e+05
11704.4307 11.5991 1.4408e+05
11748.5507 15.7722 1.3949e+05
12001.3307 10.4930 9.1929e+04
12229.9507 12.3770 9.6652e+04
12466.4908 11.8280 8.8450e+04
12480.9208 17.4765 1.0730e+05
12514.3008 10.8058 2.2021e+05
12515.0308 10.7682 2.2021e+05
12517.9208 10.8585 1.4549e+05
12643.1908 14.7748 8.6206e+04
12676.6308 13.0565 1.0507e+05
13054.4208 12.5318 6.4973e+04
13071.3008 10.6605 1.2115e+05
13112.5508 13.0670 3.0638e+05
13215.5308 10.1804 1.5273e+05
13639.4608 11.0865 2.3441e+05
13665.0208 13.0939 1.8864e+05
13728.0708 10.6090 3.5798e+05
13729.9308 12.3505 2.5644e+05
13754.1908 12.6035 1.0340e+05
13763.3808 11.9071 2.4762e+05
14079.9709 11.5992 1.5885e+05
14183.0109 10.0448 1.2693e+05
14188.9409 13.6815 1.2579e+05
14201.1109 14.4844 3.1657e+05
14204.6309 10.9668 2.4280e+05
14207.1109 10.0359 1.9360e+05
14212.6209 10.3504 8.9745e+05
14223.5209 16.3195 8.8810e+05
14231.0609 13.3946 5.7717e+05
14244.4309 14.8799 1.7684e+05
14254.2309 17.6977 3.7526e+05
14292.2909 15.2735 9.1651e+05
14312.4309 17.9954 8.9948e+05
14326.8109 13.2785 7.7778e+05
14329.9909 11.1087 7.1370e+05
14339.9109 16.1834 8.0091e+05
14345.2809 10.2112 8.8145e+05
14361.8309 16.7386 8.7455e+05
14384.0209 12.9591 1.0931e+06
14388.8409 10.5272 1.0961e+06
14437.8609 11.4039 9.8637e+04
14486.7109 13.9003 2.6612e+05
14494.0509 10.8575 8.1705e+05
14495.9409 10.4503 2.4308e+06
14530.1309 18.0401 1.1010e+06
14581.4909 12.1673 2.0750e+05
14609.5109 10.6765 5.3093e+05
14616.3009 16.2054 8.4963e+05
14642.2409 10.8954 1.7750e+05
14660.5709 21.8066 2.4813e+05
14683.1409 13.2473 1.3154e+05
14709.7509 17.8772 3.3501e+05
15095.7809 11.8302 8.7384e+04
15299.4309 13.3025 2.8728e+05
15356.2609 13.1565 1.3934e+05
15645.9810 10.9187 9.3319e+04
15660.0910 12.7847 1.1027e+05
15967.9510 11.5178 4.2922e+04
16064.2210 13.0664 2.2689e+05
16133.7310 10.0122 1.1189e+06
16136.0210 13.9642 8.0001e+05
16368.8910 12.5136 1.9538e+05
16543.9910 17.5399 2.5802e+05
16891.1310 18.0489 8.4168e+05
16945.3310 16.6547 2.2724e+05
16967.8710 11.0445 1.0798e+05
17005.4410 12.5560 3.4537e+05
17009.1210 13.9059 1.9998e+05
17015.5310 11.7499 5.7967e+05
17017.1410 11.7998 4.4593e+05
17507.9711 10.6935 3.0878e+05
17727.4411 12.3199 3.8078e+05
18019.7311 18.3932 1.0845e+06
18940.6812 14.7210 1.6962e+05
19107.6312 11.2875 1.2250e+05
19396.1712 17.4639 3.0060e+05
19825.9212 17.9638 1.0870e+05
19854.7912 10.3460 5.1096e+04
19873.8812 12.1509 1.8704e+05
19937.9712 10.9008 9.1642e+04
20179.5512 11.0932 9.4386e+04
20268.9312 16.3557 1.3333e+05
20321.8012 12.1402 9.5140e+04
20370.7212 12.1992 1.4118e+05
20467.1412 11.9776 1.3111e+05
20658.5213 10.4883 4.2713e+04
20696.1913 13.3502 7.2583e+04
20710.8313 10.6675 1.0378e+05
20712.1013 13.0565 1.0437e+05
20738.9813 14.0269 1.3132e+05
20920.5713 15.1334 1.0431e+05
21062.5013 11.3907 8.7402e+04
21114.4613 10.1109 8.4016e+04
21131.6713 13.2060 7.9801e+04
21269.2313 15.1677 1.3581e+05
21496.3413 10.0993 1.0783e+05
21530.7613 11.6386 1.1605e+05
21543.0913 10.2976 1.8657e+05
21568.2313 12.6680 3.1316e+05
21616.0813 10.0801 1.0762e+05
21638.6113 10.0410 9.7083e+04
21643.4213 10.7494 1.2046e+05
21712.2213 11.6407 1.7434e+05
21802.3613 13.9101 5.0222e+05
21836.9413 10.9601 2.6046e+05
21841.7413 15.5169 4.7987e+05
21870.6113 10.3990 2.4558e+05
21873.0513 15.0797 1.5666e+05
21978.5213 10.5236 5.1019e+04
21988.0113 22.1266 5.8446e+05
21991.7913 12.6818 6.5714e+05
22005.3313 20.7342 9.6040e+05
22006.2913 10.3117 7.2056e+05
22014.2013 17.4248 9.5019e+05
22015.1113 11.4293 6.9968e+05
22033.1813 20.5555 6.7477e+05
22130.0214 22.1617 6.7486e+05
22136.3714 15.2976 7.3581e+05
22144.4114 18.7884 8.0631e+05
22151.9514 10.6558 6.5266e+05
22159.2814 18.7000 8.7002e+05
22192.5214 18.6313 7.6655e+05
22201.3814 19.3761 8.1888e+05
22206.5514 13.4071 7.8882e+05
22207.6514 11.0721 7.1121e+05
22214.2914 12.9223 5.5768e+05
22218.8814 12.8089 8.0230e+05
22231.6314 16.6797 6.6959e+05
22237.6414 16.7177 8.1474e+05
22239.7414 11.2000 6.6596e+05
22245.5814 15.9128 7.8650e+05
22248.3314 12.9919 7.3864e+05
22253.2814 12.0133 7.7256e+05
22258.9314 12.1843 8.1352e+05
22268.6914 13.8008 8.0403e+05
22275.9014 16.3559 8.5141e+05
22279.2314 10.4134 6.1145e+05
22288.0314 16.6381 9.2396e+05
22291.7414 14.1616 8.5252e+05
22299.4514 14.9625 9.1949e+05
22301.2414 12.0569 8.8399e+05
22354.4214 10.5154 5.8378e+05
22357.9114 17.4993 5.4253e+05
22384.9014 23.3558 7.5408e+05
22441.0614 10.1925 1.8765e+05
22459.4414 13.2257 3.3649e+05
22460.0214 17.9353 1.9785e+05
22472.5714 10.6439 1.6055e+05
22662.7114 10.9096 7.1044e+04
22793.9814 13.9913 6.1461e+04
22795.6314 11.9682 5.6317e+04
22841.3414 12.2927 1.5166e+05
22998.9314 11.9270 1.1607e+05
23130.3814 13.2557 1.0635e+05
23220.6914 14.0901 1.6914e+05
23222.0214 10.2344 1.5236e+05
23486.4514 10.3672 1.8744e+05
23511.1414 10.4561 7.2541e+04
23520.1014 10.4816 7.3236e+04
23549.4514 11.2443 7.2452e+05
23550.4314 14.3425 6.7150e+05
23564.7014 16.3251 3.0761e+05
23603.8114 10.5641 1.3724e+05
23619.5514 15.0244 6.7526e+04
23693.4814 11.0953 7.1192e+04
23895.2915 11.6388 1.7179e+05
23952.7915 10.6829 8.6291e+04
24002.5715 10.8054 1.0366e+05
24054.3515 11.6588 1.0488e+05
24098.0615 12.0813 1.0995e+05
24245.8115 11.2692 4.4695e+04
24257.3015 13.9759 5.8784e+04
24295.6115 11.9731 7.3739e+04
24335.2115 18.6860 1.0006e+05
24417.1915 11.3163 6.9187e+04
24766.1715 12.0462 1.0428e+05
24805.0315 11.2000 7.6847e+04
24848.4415 10.2221 1.2347e+05
24858.8615 11.3266 1.1414e+05
24859.4315 10.1627 8.3211e+04
24877.9215 18.5988 7.7921e+04
24901.6815 10.8241 4.1953e+05
24902.4915 14.0325 4.1953e+05
24903.6815 11.4041 4.1953e+05
24904.2715 12.3846 3.8698e+05
24930.3415 12.3657 2.2077e+05
24931.3915 13.3057 2.1996e+05
24937.5415 11.4740 1.8033e+05
25012.1715 10.0829 9.9756e+04
25047.5615 11.8810 1.3702e+05
25074.6215 15.6343 4.9122e+05
25099.8715 15.4011 2.6714e+05
25118.6615 14.3480 2.3729e+05
25192.9115 15.1703 4.1653e+05
25234.4715 12.3218 3.6699e+04
25338.6015 11.0830 6.5154e+04
25436.2116 11.5545 6.5906e+04
25741.8216 10.4217 3.2327e+04
25890.7316 11.7264 5.6713e+04
25973.4416 10.6437 7.1159e+04
26004.2516 13.0948 9.3034e+04
26032.3616 18.3278 2.5260e+05
26128.3116 10.4525 3.2461e+05
26288.4816 10.2314 5.2214e+04
26444.7716 10.8837 9.1074e+04
26620.6216 12.4358 1.0072e+05
26628.6616 10.5669 9.8088e+04
26867.1316 10.3178 3.4258e+05
26868.9316 10.3085 4.3284e+05
26911.9316 11.0858 1.5224e+05
26916.9616 15.1709 3.9988e+05
26941.7416 11.3659 8.8257e+04
26948.3816 11.0005 9.7604e+04
27013.7416 12.7698 1.3922e+05
27021.3916 18.8134 5.7086e+05
27023.6016 10.4345 3.6650e+05
27052.6617 11.8813 1.1566e+05
27074.1117 10.5515 1.7269e+05
27137.1317 10.5362 1.0235e+05
27147.3417 20.7173 1.1531e+05
27173.8617 12.8507 3.3439e+05
27395.4117 10.9862 8.8535e+04
27403.2417 15.5282 1.9970e+05
27412.3817 15.8628 2.0502e+05
27546.3917 10.7140 1.1783e+05
27633.3217 13.0157 1.8749e+05
27800.2717 15.5254 1.0596e+05
27837.4117 10.5280 5.3198e+05
27838.3117 13.1364 3.7327e+05
28341.0917 10.9750 5.0979e+04
28589.9917 10.0333 4.0646e+04
29695.0018 13.9872 7.9067e+04
29747.5418 13.8080 5.7604e+04
29821.8018 11.3460 7.6109e+04
30039.5518 11.3601 1.2008e+05
30056.5918 12.8226 5.5880e+04
30206.7818 10.3137 1.7699e+05
30209.0418 15.5668 1.1173e+05
30238.9718 12.1780 1.1298e+05
30292.6818 11.8708 4.7859e+04
30301.5118 10.8642 7.1634e+04
30332.7919 11.9553 1.1830e+05
30333.6919 11.5441 1.1719e+05
30356.0519 10.6543 7.6084e+04
30388.2819 10.9664 8.0877e+04
30492.3519 10.9971 9.1108e+04
30512.3619 10.8491 1.1282e+05
30533.9419 10.7683 3.2763e+04
30543.5719 12.2381 1.0525e+05
30547.3519 11.2043 7.8863e+04
30568.6519 14.0889 1.7858e+05
30618.0219 13.9638 1.1842e+05
30651.5919 11.0432 7.7325e+04
30686.9219 10.1971 5.2716e+04
30763.7419 10.4513 1.0278e+05
30777.9819 10.9210 5.9971e+04
30784.3019 10.6672 8.9576e+04
31089.7619 10.0183 7.7834e+04
31156.2619 10.9755 4.8804e+04
31288.1919 10.6185 5.1453e+04
31296.1519 14.7326 1.7423e+05
31320.4319 12.6985 2.7787e+05
31336.9519 19.1884 4.7978e+05
31360.7619 15.9145 2.5655e+05
31399.6619 12.2276 1.3095e+05
31416.7119 11.4410 4.5735e+04
31419.4919 10.1209 9.4961e+04
31421.7419 13.9729 6.8761e+04
31427.0219 11.8048 1.4068e+05
31432.9819 10.4654 3.9233e+05
31460.6419 21.8563 5.6320e+05
31474.5319 12.4226 8.2338e+04
31486.2319 11.9553 3.9882e+05
31495.5819 12.7281 2.3004e+05
31555.8319 10.5918 9.9573e+04
31562.3119 12.3732 1.2200e+05
31572.8719 10.6049 3.9822e+04
31577.9219 10.8789 3.8082e+04
31582.5119 11.2171 5.1790e+04
31588.8619 10.1285 4.1560e+04
31620.3919 13.3370 1.2135e+05
31645.5519 15.5532 1.0812e+05
31709.7219 15.8899 1.5233e+05
31742.7619 15.4703 8.2642e+04
31775.0219 12.3441 4.7001e+04
31825.1419 15.1458 8.2946e+05
31827.4819 14.2047 8.2946e+05
31840.1919 15.4029 3.1985e+05
31845.2919 10.7980 3.0250e+05
31850.3419 10.2088 2.3430e+05
31856.6019 20.2840 1.2362e+06
31872.9319 16.7726 4.6734e+05
31878.6419 10.4369 3.5273e+05
31886.0719 12.7354 2.3612e+05
31890.6719 12.1300 2.2120e+05
31905.8919 20.9252 6.7406e+05
31925.9019 19.6985 2.9882e+05
31947.5319 17.7598 2.4765e+05
31957.5820 21.6637 6.5809e+05
31963.4720 13.0756 6.0959e+05
31977.0820 16.3713 1.2192e+06
31980.1120 16.8507 1.2192e+06
31992.0420 16.0148 6.1586e+05
32003.3920 14.3465 3.8331e+05
32036.1720 10.9249 5.2770e+04
32061.5520 20.7261 8.5220e+05
32074.2320 19.9336 1.4738e+06
32090.9420 10.4207 1.8975e+05
32148.9220 12.3483 1.1183e+06
32151.0020 20.5770 1.1183e+06
32167.4720 12.7075 6.3838e+05
32207.4220 21.5758 4.7538e+05
32214.5420 14.7312 4.3557e+05
32240.4520 10.4309 1.7449e+05
32244.3720 19.3557 3.3623e+05
32262.0520 10.8366 1.4453e+05
32300.6520 12.5942 5.5293e+04
32308.6320 10.0037 8.2212e+04
32546.2220 13.0412 4.6466e+04
32622.0120 10.3744 2.7626e+05
32665.9820 17.6416 5.5248e+05
32690.0620 12.8908 1.2312e+05
32713.5220 11.8776 7.6365e+04
32727.2820 22.4638 1.3553e+06
32848.1720 10.7841 8.6805e+04
32849.4520 12.9048 8.6805e+04
32850.3620 11.7821 5.3243e+04
32924.7220 11.8893 1.4795e+05
32975.6620 14.0680 1.1396e+05
33124.1320 12.9173 4.4602e+04
33139.7120 14.0760 3.4115e+04
33151.1720 11.6063 2.9760e+04
33219.3120 13.0461 6.9391e+04
33245.2220 11.9074 5.7980e+04
33301.8720 17.1629 1.1819e+05
33314.4120 21.5965 2.4643e+05
33319.8420 10.1130 2.6730e+05
33580.4920 10.9785 4.4459e+04
33613.3021 11.7167 8.3926e+04
33668.1321 10.7418 3.2216e+04
33713.3721 13.9591 7.1659e+04
33730.0721 10.9755 8.0395e+04
33731.4121 14.9343 7.3961e+04
33755.9621 15.2220 1.0437e+05
33778.2521 10.3335 4.5664e+04
33778.9821 10.3274 4.7869e+04
33821.2221 11.1288 6.2713e+04
33891.7121 20.0967 9.2337e+04
33908.7021 12.2583 4.3437e+04
33927.8521 10.4560 6.1928e+04
33943.8421 11.2866 6.2355e+04
34036.7421 11.7667 1.6086e+05
34038.7821 12.0754 1.5500e+05
34078.1821 12.1796 3.8337e+04
34211.5621 12.7769 6.0818e+04
34221.9421 11.7716 5.9853e+04
34272.6021 10.9853 1.3356e+05
34479.3121 15.2104 5.4154e+04
34623.4021 11.9000 8.2236e+04
34647.5521 20.0585 1.6196e+05
34699.1421 12.1280 8.7843e+04
34706.7721 11.5893 9.7233e+04
34750.9721 11.8931 8.1280e+04
34811.1721 10.6237 6.8637e+04
34818.9621 14.6125 9.4186e+04
34837.6421 12.0921 7.0289e+04
34858.7421 12.1777 6.5203e+04
35124.6121 13.6035 2.1901e+05
35172.5821 11.4735 1.8315e+05
35204.8321 10.6849 1.1636e+05
35239.0922 14.8203 1.2005e+05
35299.6622 11.6871 1.1363e+05
35448.4022 12.5480 6.2646e+04
35577.5022 10.4773 6.4381e+04
35601.1622 10.3576 7.9636e+04
35631.7022 14.1079 2.1184e+05
35952.1322 10.7303 7.6263e+04
35958.7222 16.7595 2.4516e+05
35966.1222 13.2364 1.1246e+05
36014.1022 12.8049 1.3632e+05
36114.2322 13.9490 2.4879e+05
36126.8522 11.7082 1.1358e+05
36155.4322 12.4534 1.2162e+05
36242.6722 11.4954 8.2212e+04
36345.0022 11.5388 9.8773e+04
36400.0222 12.3475 1.3861e+05
36519.1222 12.1942 7.4269e+04
36688.6022 11.5970 6.9502e+04
36757.7822 11.3018 8.6765e+04
36878.5823 10.0270 1.3611e+05
37209.5023 16.7078 9.9726e+04
37227.6423 10.6351 1.0597e+05
37588.4623 14.0279 9.5550e+04
37691.5123 10.1132 5.0464e+04
37730.2023 10.3631 1.4281e+05
37730.9523 10.3271 1.4281e+05
37731.4823 10.5875 9.7275e+04
37895.8323 14.2877 7.0371e+05
37898.4823 10.7746 7.0371e+05
37899.2023 16.6623 6.8591e+05
37900.0023 12.3406 4.9926e+05
37911.0823 14.2164 8.4591e+05
37911.7723 15.1638 8.3365e+05
37912.5723 10.0985 5.1086e+05
37932.8023 21.6570 1.9164e+06
37933.8523 21.0551 1.4175e+06
37948.8223 18.4014 1.1843e+06
37949.8323 18.9376 7.7079e+05
37962.3723 16.4488 2.3011e+06
37963.1723 18.8688 1.4862e+06
37981.6623 11.2789 1.7159e+05
37989.4723 11.3447 1.8823e+05
37997.8823 11.1449 1.1138e+05
38052.5023 14.1102 8.8031e+05
38056.3923 12.0131 2.1635e+06
38057.1623 20.2976 1.6526e+06
38076.5323 13.5782 1.1698e+06
38079.7123 18.4567 1.0616e+06
38192.8423 15.2487 1.9659e+05
38212.0423 10.5723 1.3352e+05
38213.6823 11.4535 1.1530e+05
38242.5823 10.7386 2.1263e+05
38255.5523 13.7513 2.5718e+05
38344.6923 14.1782 9.5669e+04
38455.2023 11.4094 1.1093e+05
38487.7623 10.4669 2.0086e+05
38490.6123 13.4858 1.9189e+05
38502.3123 11.5685 1.3491e+05
38503.0724 12.8027 1.7971e+05
38507.5224 10.2339 2.4069e+05
38514.1824 18.6994 1.0586e+06
38530.4424 14.0007 1.8126e+05
38538.4624 15.3798 1.7555e+05
38625.2624 11.5604 1.0949e+05
38742.4024 11.4357 5.1609e+04
38791.1524 10.5155 1.1135e+05
38810.2824 10.9286 2.1645e+05
38812.8024 10.0842 2.1410e+05
38823.2924 15.0096 1.6771e+05
39037.2324 10.9619 9.1745e+04
39121.2924 10.4963 2.7218e+05
39122.7924 14.2659 2.0465e+05
39155.0924 11.7447 2.1410e+05
39155.6424 14.0479 1.8658e+05
39299.0424 10.3819 2.1925e+05
39393.6224 13.7245 3.1951e+05
39398.2724 17.6720 4.9882e+05
39435.8724 10.9599 8.6345e+04
39448.2024 11.8690 2.2908e+05
39480.8424 10.2020 7.3025e+04
39502.3124 10.1370 8.7598e+04
39584.8924 13.4415 7.6071e+04
39637.7724 16.3415 2.0691e+05
39641.1324 11.8690 1.4383e+05
39680.0324 15.1777 1.9656e+05
39715.3724 10.4249 8.1465e+04
40305.7925 17.5876 4.6897e+05
40342.5625 11.8649 1.3822e+05
40405.8625 10.5572 1.2406e+05
40429.9525 26.1661 3.7497e+06
40480.1225 10.2579 3.0537e+05
40497.7125 12.3903 2.6737e+05
40563.6525 14.0666 1.6677e+05
40605.4925 13.8408 1.3544e+05
40650.0725 15.4601 1.3605e+05
40732.5725 23.8423 3.3699e+05
40793.8725 22.9849 2.7129e+05
40891.5025 13.4946 1.6850e+05
40954.7125 10.0310 1.0532e+05
41120.3125 17.6843 1.2427e+05
41131.8225 11.1831 7.7207e+04
41143.1125 10.3061 9.2102e+04
41148.1425 10.1952 1.8412e+05
41150.0825 11.3951 1.8412e+05
41157.0525 11.4653 5.6456e+05
41233.3425 10.7194 2.2556e+05
41268.0025 10.6531 4.0490e+05
41408.3625 10.9465 1.1385e+05
41466.6325 10.8121 2.3288e+05
41478.8325 14.5151 2.0445e+05
41494.8425 11.0119 1.4366e+05
41555.1125 12.7441 9.8980e+04
41559.2625 14.5041 1.5557e+05
41577.1325 16.8737 1.5294e+05
41929.6326 10.5249 2.2364e+05
42038.4326 15.8840 2.1706e+05
42087.4626 12.4819 1.0806e+05
42098.9326 14.4141 2.6982e+05
42117.4026 12.5399 1.4477e+05
42146.2626 10.0297 1.3163e+05
42160.0426 10.1192 1.5012e+05
42190.9026 13.4757 1.6599e+05
42281.2226 10.0966 1.1090e+05
42289.0026 10.0750 5.2917e+05
42289.8826 18.8712 4.5973e+05
42305.1026 10.3868 2.5122e+05
42317.6826 11.2537 2.4917e+05
42350.7926 13.3375 1.6247e+05
42427.3626 11.1060 4.3730e+05
42443.8526 12.4407 1.4979e+05
42560.9526 13.6838 1.8145e+05
42723.7126 11.2276 1.5977e+05
43041.6926 10.0153 1.4072e+05
43092.8326 10.8115 4.4182e+05
43316.3326 10.4711 1.4756e+05
43377.3626 10.0944 1.1511e+05
43427.5527 11.1312 1.8556e+05
43727.3227 11.8573 1.1995e+05
44028.8027 10.9798 9.9952e+04
44315.5827 20.4325 3.5180e+05
44326.5027 16.6296 9.2614e+05
44327.2227 21.3887 9.2614e+05
44333.4427 13.1173 5.2644e+05
44339.9327 19.1336 1.2256e+06
44352.6927 20.0858 1.6617e+06
44358.3327 18.0211 1.2173e+06
44423.7627 14.0590 8.0759e+04
44430.0427 10.4962 1.1172e+05
44431.2827 10.0226 1.1172e+05
44441.1527 10.4775 1.7166e+05
44444.5727 10.0905 1.5567e+05
44523.4527 10.6229 2.6708e+05
44524.6227 16.3129 2.2131e+05
44552.6727 14.0634 1.5883e+05
44562.3227 14.9470 1.5612e+05
44618.5727 10.0700 8.5387e+04
44717.0827 11.8306 1.8084e+05
44734.4527 17.9527 3.0799e+05
44769.2927 11.2399 1.6027e+05
44777.8127 10.2167 1.5194e+05
44789.0727 10.1892 1.8594e+05
44902.9427 14.2237 9.2674e+04
45242.1628 10.2368 1.6702e+05
47230.9929 10.9438 3.9175e+05
48309.2329 13.0316 9.6716e+05
50485.0031 18.3769 7.5780e+05
50562.5531 11.8341 6.3930e+05
51868.6632 11.4816 3.0717e+04
52105.9432 14.3724 2.8041e+04
52129.6932 11.1825 3.4155e+04
52157.1532 10.4929 5.1165e+04
52169.0132 10.6857 3.4689e+04
52179.2232 12.7892 3.0515e+04
52192.4832 10.0631 3.4419e+04
52353.4332 11.7110 2.1634e+04
52361.3032 11.3201 3.4680e+04
52554.2032 13.5608 5.1172e+04
52690.0732 11.7523 3.2200e+04
52844.0332 10.9681 3.6926e+04
52846.0732 13.9951 3.2754e+04
52925.6932 15.1963 2.9508e+04
53281.6633 10.1452 2.9990e+04
53320.0333 14.6397 4.6159e+04
54273.4933 13.7192 5.1180e+04
54291.7633 15.4870 4.1493e+04
54404.7033 10.0604 2.5969e+04
54470.8833 12.9122 3.8825e+04
54520.2433 10.0159 2.7981e+04
54767.3633 12.1618 2.4530e+05
54767.9633 11.5612 2.4530e+05
54789.1833 16.5642 6.3227e+04
54790.1733 13.1737 4.8786e+04
54824.2933 15.7462 1.8380e+05
54825.2033 12.8397 1.8380e+05
54826.8333 10.4538 2.4703e+05
54867.1033 10.1773 6.3335e+04
54884.1533 10.7951 3.5122e+04
55120.8034 12.7231 3.5443e+04
55187.3634 10.5768 1.9902e+04
55235.4134 15.4297 3.6760e+04
55254.2234 11.1257 3.8992e+04
55302.7134 11.1161 3.2190e+04
55363.0934 15.1191 6.5236e+04
55400.5934 12.1131 3.4274e+04
55888.1334 11.1143 2.2066e+04
56042.0934 12.3471 3.5599e+04
56058.9434 14.0017 3.6337e+04
56067.3034 11.9088 4.5477e+04
56117.5034 14.9226 3.2392e+04
56127.8734 11.8513 5.9564e+04
56634.9435 12.6222 3.8949e+04
56656.0235 15.7368 5.6990e+04
56764.2535 11.0827 2.1611e+04
56800.8135 13.5786 2.0286e+04
57247.0135 14.0294 2.1352e+04
58048.7835 12.2573 2.2700e+04
58568.0436 10.4613 2.9024e+04
58668.5936 11.7782 2.5760e+04
58794.2436 13.8505 4.1843e+04
58850.8936 14.1969 7.0968e+04
58867.9936 12.6678 4.2864e+04
58880.4036 13.4768 2.7134e+04
59004.2036 11.7334 3.9069e+04
59153.0836 11.5264 3.0169e+04
59174.9536 14.9510 3.0002e+04
59234.9136 11.0454 2.7981e+04
59391.7036 14.3070 3.5245e+04
59503.3436 16.9995 3.9766e+04
59631.1936 12.5095 1.9265e+04
59839.4637 13.1133 2.3964e+04
59902.2737 10.8346 1.8955e+04
60116.6037 12.3159 3.6540e+04
60144.7337 10.1655 1.9342e+04
60302.6637 11.8358 2.3146e+04
60492.5837 13.2536 2.4204e+04
60605.7037 13.1566 4.1258e+04
60622.0737 17.2562 2.8528e+04
60903.3937 12.4580 1.8477e+04
60903.8237 10.8429 1.5949e+04
61171.3737 17.0228 3.2601e+04
61206.5337 11.8421 1.4312e+04
61237.7837 16.0100 3.3707e+04
61435.1137 14.2986 2.6011e+04
61446.5738 12.0188 6.1499e+04
61601.2638 12.7437 2.0225e+04
61653.6038 14.1877 1.4254e+04
61687.6038 17.0012 1.9260e+04
61757.0438 11.4116 1.7817e+04
61768.4738 14.9304 2.5390e+04
61866.7138 13.2152 1.2770e+04
61982.4938 12.7217 3.2683e+04
62115.0238 13.6520 3.7286e+04
62128.1138 13.6470 3.7677e+04
62183.3538 10.0148 3.6916e+04
62406.8338 10.7931 3.0064e+04
62684.3038 12.9962 2.5806e+04
62716.0338 11.1662 2.5006e+04
62737.8338 10.4136 2.6758e+04
62753.2138 13.6760 4.8259e+04
62930.8038 10.5102 2.0836e+04
63329.6339 11.2436 1.9667e+04
63494.8939 10.1563 1.8545e+04
63813.7039 11.3136 4.1053e+04
63971.9539 11.2274 1.6988e+04
63982.6839 14.6029 3.8261e+04
64030.7339 15.4331 3.1674e+04
64055.1239 12.8961 5.6216e+04
64165.8139 11.8718 4.4768e+04
64232.3639 12.1453 3.1937e+04
64291.9339 13.6695 2.9840e+04
64346.0539 10.7946 3.0367e+04
64382.1339 15.0897 5.2470e+04
64409.6239 10.7265 6.2054e+04
64411.3539 17.3528 3.0722e+04
64449.8439 10.7676 3.1559e+04
64466.6039 12.5746 6.7189e+04
64589.7539 10.8008 3.6213e+04
64601.1539 12.4313 1.6120e+04
64626.2339 13.4243 3.1834e+04
64646.2739 11.2806 2.2888e+04
64976.9640 11.5558 3.0196e+04
65058.8240 13.0114 2.0945e+04
65353.6840 10.8994 2.2172e+04
65398.6940 11.9347 1.5948e+04
65493.3240 13.8935 3.2984e+04
65659.5840 13.6080 2.0560e+04
65796.9240 11.4890 4.8782e+04
65948.8440 13.1906 1.5872e+04
66031.1440 12.5072 5.1015e+04
66076.3240 14.0152 2.8450e+04
66124.6140 10.4555 1.7358e+04
66249.2340 10.1355 2.3186e+04
66273.7540 12.0494 2.4921e+04
66371.3541 12.5088 1.4146e+04
66391.5841 10.4611 2.4603e+04
66524.1741 17.8195 1.5968e+04
66529.4341 10.2715 1.9648e+04
66539.9141 14.2423 1.5856e+04
66555.1341 17.6099 3.2842e+04
66705.7441 11.3317 3.6659e+04
66707.9641 14.0320 3.6590e+04
67097.2741 12.7263 2.6857e+04
67109.3241 13.0492 3.7989e+04
67276.1741 13.6130 3.5890e+04
67297.5841 17.7171 4.0476e+04
67443.1141 13.7673 4.7601e+04
67465.0041 14.2374 3.1739e+04
67613.7841 10.2253 1.8596e+04
67812.9641 11.7467 5.1150e+04
67874.0641 11.1485 1.6696e+04
67948.4341 11.1840 3.6028e+04
67985.4641 14.4604 3.1244e+04
68227.2742 11.6793 1.4349e+04
68330.4442 16.1353 2.4246e+04
68352.5442 11.8762 2.7775e+04
68396.6942 14.8366 3.6495e+04
68415.3442 10.9352 2.4964e+04
68437.2642 15.3852 4.0104e+04
68579.0142 11.8980 3.1963e+04
68664.7842 12.3452 2.1341e+04
68925.6042 11.7550 1.7172e+04
69013.6642 10.2875 4.5769e+04
69069.1642 13.7552 3.5173e+04
69088.3742 10.8177 3.2261e+04
69110.3842 10.1078 1.8237e+04
69255.9442 14.3377 1.0855e+04
69374.3742 12.5417 2.9184e+04
69398.6542 10.9729 4.3788e+04
69458.2742 13.3284 2.9552e+04
69594.1142 14.5262 4.6342e+04
69604.6542 11.8435 2.7288e+04
69665.9643 18.3111 8.3176e+04
69703.8043 12.4735 2.4072e+04
70123.2043 10.9999 4.3552e+04
70180.9143 13.0635 2.4569e+04
70190.1343 11.2411 1.4340e+04
70325.9943 18.5539 1.4826e+04
70375.9543 10.6263 8.5926e+03
70535.2543 16.8299 4.5793e+04
70592.5343 16.1864 4.0909e+04
70660.5443 16.0346 5.5206e+04
70771.8343 11.9207 1.0040e+04
70790.2043 18.1713 3.2972e+04
71085.9143 18.5987 3.1559e+04
71094.6843 10.1468 1.7150e+04
71365.1344 11.3741 1.2276e+04
71448.8044 12.6718 1.9969e+04
71612.7044 11.3798 2.7072e+04
71691.5944 15.2758 2.1495e+04
71880.8644 17.5590 3.6218e+04
72029.1744 12.0962 2.0441e+04
72084.1444 16.7189 2.5442e+04
72118.9044 10.5763 1.7070e+04
72124.8744 11.5381 1.8103e+04
72143.3344 11.0084 2.0000e+04
72155.3644 16.8521 2.8517e+04
72184.0044 15.4689 4.0382e+04
72202.8244 11.0574 1.6609e+04
72238.1744 12.6486 1.9948e+04
72303.0444 14.2749 7.3393e+04
72619.0044 12.5917 3.7349e+04
72661.0444 14.3935 3.9690e+04
72740.6644 16.6132 2.3837e+04
72754.7444 11.4623 1.9162e+04
72834.2144 11.0766 4.3079e+04
72898.7844 10.7526 2.3228e+04
72954.5745 14.6680 4.3543e+04
72970.5945 13.7867 2.6566e+04
73010.6745 17.2761 2.2134e+04
73243.1345 10.1829 1.7538e+04
73278.3945 16.4017 4.3074e+04
73385.6745 12.4261 2.7154e+04
73527.9045 10.3686 3.0581e+04
73578.9845 16.5028 2.1976e+04
73753.9445 12.7975 3.3964e+04
73957.8845 18.1429 2.1540e+04
73979.4345 20.1053 6.7044e+04
74008.3245 18.8722 6.1600e+04
74016.9045 11.3110 3.4949e+04
74037.1245 10.2304 4.2693e+04
74061.3445 10.8169 9.5521e+04
74097.4545 11.1414 4.8693e+04
74352.6345 11.2969 5.0566e+04
74353.6945 10.2124 3.1924e+04
74582.4046 10.4328 2.2081e+04
74597.1746 10.9557 7.5238e+04
74607.2146 10.5979 5.2488e+04
74695.0346 11.0570 2.4845e+04
74730.9746 11.3710 3.5602e+04
74950.7246 10.4243 2.2690e+04
74974.2746 10.0966 2.9570e+04
75027.8346 15.5958 2.3232e+04
75082.0746 10.5379 1.9837e+04
75102.5146 11.1644 1.9407e+04
75173.7446 11.9785 2.4302e+04
75285.8746 12.3705 1.8784e+04
75305.7946 10.3587 1.5373e+04
75373.4346 16.7362 6.5651e+04
75403.6846 12.8188 3.0516e+04
75591.9546 11.2146 2.1106e+04
75668.2646 10.3821 2.1633e+04
75703.9546 11.6799 2.6716e+04
75745.0846 10.8136 2.1131e+04
76036.0746 10.7405 5.0702e+05
76177.2246 10.0456 1.9619e+04
76197.4747 11.1878 1.6649e+04
76266.8647 12.1809 2.4008e+04
76394.9847 10.2128 1.6011e+04
76479.5347 10.0197 1.1080e+04
76552.7747 10.4111 2.6163e+04
76555.8147 10.6342 2.2897e+04
76726.1547 10.4445 2.1809e+04
77244.8047 10.5374 2.6693e+04
77315.9147 12.8012 2.1518e+04
77334.2547 11.3661 2.2116e+04
77495.0647 11.1109 1.3341e+04
77539.1347 13.8783 1.8349e+04
77607.4847 10.4054 2.9053e+04
77643.5947 11.3191 1.9011e+04
78156.8948 12.2615 1.5272e+04
78198.9748 14.2180 3.1476e+04
78202.0848 12.6690 2.3758e+04
78589.4948 13.3853 1.7708e+04
78632.1448 10.8441 3.9590e+04
78679.7948 12.7661 4.3396e+04
78808.4548 10.8289 2.0912e+04
78824.9448 11.8745 2.1848e+04
78926.0048 10.1708 4.9556e+04
78927.8748 16.0719 4.9556e+04
78996.0648 21.6260 2.4433e+04
79193.8148 19.6244 4.6835e+04
79206.5248 10.0336 1.4486e+04
79294.0548 10.6182 1.7310e+04
79693.1449 18.4418 1.8261e+04
80182.8949 16.7201 2.1966e+04
80379.7249 12.1255 3.8302e+04
80405.9149 13.1748 1.9717e+04
80413.3249 10.0194 1.9791e+04
80899.2949 10.3444 1.4126e+04
81103.6650 10.5772 1.1260e+04
81332.6350 16.1692 4.4515e+04
81350.3850 13.8877 6.1850e+04
81351.5150 13.2093 6.1850e+04
81402.4950 17.1821 9.1402e+04
81412.0150 10.4018 6.2804e+04
81472.5350 11.1302 3.0754e+04
81479.3950 17.6567 4.8521e+04
81502.7850 10.2932 3.2415e+04
81528.0250 18.6623 3.8601e+04
81545.8950 16.1367 3.2539e+04
81619.7450 12.3207 1.7363e+04
81629.4450 12.5405 2.8284e+04
81662.3650 10.2618 1.5804e+04
81705.7850 15.4958 2.2191e+04
81724.8650 16.4946 7.2719e+04
82972.7951 15.8139 3.6467e+04
82996.1651 13.2300 3.1121e+04
83249.9951 10.0055 4.4648e+04
83513.7151 13.1265 4.9483e+04
83593.9051 10.4554 1.4820e+05
83595.5551 15.0465 1.4820e+05
83597.8851 11.3957 1.0552e+05
83639.2051 10.2184 7.6311e+04
83817.3951 11.9231 4.1100e+04
83919.1951 11.7783 2.3480e+04
84118.7951 17.2814 3.7935e+04
84648.8052 11.8797 7.1471e+04
84690.2952 10.1339 2.8018e+04
84696.4552 10.8931 2.4538e+04
84715.4152 13.2774 5.5499e+04
84781.3652 11.7953 2.9400e+04
84955.8252 11.5976 4.3919e+04
85035.2052 11.2770 3.5098e+04
85079.1152 15.5451 6.7227e+04
85101.7652 11.0338 3.3644e+04
85243.8252 13.1006 2.3765e+05
85254.2852 14.1067 1.7706e+05
85300.7552 11.2788 7.8808e+04
85430.7352 10.8488 4.3925e+04
85465.6352 16.8379 9.9665e+04
85471.5052 10.9642 3.1902e+05
85473.6652 10.6564 1.1210e+05
85551.2852 10.5274 4.1158e+04
85577.5152 22.7917 9.0132e+05
85860.0952 10.4475 7.5144e+04
85876.0352 10.2931 3.4219e+05
85889.5452 21.3060 3.5956e+05
85891.6952 12.8410 2.7576e+05
86116.3053 15.6274 7.2882e+04
86127.9453 21.1010 2.1292e+05
