6077.2804 19.3356 4.9596e+05
13628.1708 10.1181 2.5545e+06
13684.3408 11.7147 9.4115e+05
21252.9713 11.0326 6.2387e+04
21681.3013 10.0815 9.6936e+04
21692.5613 11.4349 1.3590e+05
28082.2617 14.8848 1.0235e+06
28728.1618 11.8496 2.4970e+06
28815.1818 11.1051 1.4646e+06
30689.7719 10.4831 7.6376e+05
30693.6619 10.5433 8.2505e+05
30721.7719 10.2076 1.0172e+06
30763.7519 11.3381 2.3859e+06
30770.2219 10.0085 2.2032e+06
31041.0919 10.6728 2.8758e+05
31757.3419 17.9763 1.5968e+05
31778.7919 14.9085 3.0959e+05
31780.5219 10.0720 3.1819e+05
31785.8819 23.5602 1.2694e+07
31786.4419 16.6267 1.2694e+07
31787.1619 17.9856 1.0366e+07
31819.5219 11.1454 1.8333e+05
32165.4020 13.2759 1.9202e+05
32168.9720 13.0727 1.5911e+05
32183.4220 17.2629 2.8062e+05
34023.7021 11.6675 1.0992e+06
34026.1321 15.4500 6.4946e+05
37478.7923 12.0702 1.1615e+06
39658.2224 11.1420 7.3037e+04
39661.3324 10.6623 7.7824e+04
39733.9524 11.7668 1.7736e+05
39773.2524 11.3786 1.6498e+05
40956.3225 11.2957 8.4064e+04
41143.9225 13.9368 9.1397e+04
41144.3825 10.7386 8.4674e+04
41169.7325 11.3613 1.5781e+05
41193.6925 13.0387 1.0744e+05
41194.8025 11.0615 1.0227e+05
41205.4425 19.7453 1.0330e+05
41211.8825 20.8879 1.9420e+05
41226.0425 10.3893 1.5136e+05
41227.1825 20.3868 1.5136e+05
41244.3425 18.2626 2.1498e+05
42371.7326 14.7857 5.8408e+05
43833.3027 14.7521 2.4279e+05
82373.4450 11.1659 7.3764e+05
