15.8200 12.9866 2.0495e+04
16.6600 12.8486 2.0495e+04
27.4800 10.8860 3.4473e+04
531.0300 10.6317 1.2122e+04
840.4201 10.1049 9.0184e+04
853.2301 11.0422 7.7606e+04
876.3101 11.2330 1.0705e+05
886.8801 11.7170 1.3729e+05
972.7601 10.2635 1.0484e+05
2131.4301 10.4424 7.3093e+03
2170.8901 19.2253 5.0369e+04
3713.1202 12.7408 5.7651e+04
3737.7602 11.5941 4.4062e+04
3763.9802 18.3906 4.1156e+04
3773.4602 10.4770 5.9538e+04
3814.1302 11.0944 8.3234e+04
3903.1802 11.0052 2.6221e+04
3914.9302 11.2804 7.5287e+04
4219.9803 10.4108 8.5748e+04
4387.6403 10.5246 1.3247e+04
6074.3304 26.0463 1.4841e+05
6818.6104 10.1626 4.4110e+04
6973.4304 11.6987 1.6469e+04
8846.7605 11.1374 1.7880e+04
9016.2506 10.6446 1.4595e+04
11871.8307 10.6602 2.1654e+04
12994.4208 10.8109 4.6618e+04
13017.1208 13.7053 1.1000e+05
13042.4908 10.3897 1.6462e+04
13049.3508 10.4887 9.3369e+04
13065.3508 13.9583 3.0724e+04
17117.0410 11.6333 8.5556e+04
17140.6910 10.6955 9.4088e+05
17763.8711 10.1899 2.3775e+05
17777.8011 10.6344 6.9369e+05
17841.1911 10.9985 3.4164e+05
17849.6411 10.1409 3.4764e+05
17877.0611 12.7133 2.4848e+05
17889.0511 13.4584 7.0667e+05
17979.4911 10.1694 1.7359e+05
17999.1611 10.7525 3.0635e+05
18017.7411 19.6033 1.9434e+05
18026.2211 10.8731 2.5180e+05
18972.2612 13.8439 5.5834e+04
18979.6012 11.4403 1.5232e+05
19023.0412 17.7269 5.9216e+04
19036.1212 18.7294 8.1002e+04
19063.0512 10.7334 3.9650e+04
19115.8112 11.0871 3.4545e+05
19133.7512 10.1365 1.9471e+05
19135.1512 10.4647 1.8943e+05
19139.9612 13.8382 3.1688e+05
19146.8012 13.9704 3.9496e+05
19208.0912 14.3084 3.8689e+05
19225.8612 10.0036 9.1988e+05
19302.3712 10.9481 1.9172e+05
20643.6913 10.9356 3.3722e+04
20668.2513 11.0571 1.7566e+04
20688.8213 12.0293 1.1199e+05
20689.2613 12.5557 1.1199e+05
20690.1813 10.5862 1.1199e+05
20714.7813 13.2137 9.0137e+04
20716.0413 10.8398 9.0137e+04
20735.2713 12.0260 8.2413e+04
20739.0213 16.1707 1.1614e+05
20769.5713 15.7759 2.2429e+05
20789.9213 15.7511 7.1384e+05
20794.4513 12.6339 7.5753e+05
20836.1913 11.2325 1.1991e+05
20897.4513 15.7675 5.7758e+04
21041.6013 13.6993 1.6838e+04
21137.2213 10.5837 2.1728e+04
30159.3718 11.2096 1.0122e+05
30167.5318 12.2651 7.5288e+05
30168.5218 14.2294 7.5288e+05
30282.3218 11.9475 2.6684e+05
30790.3219 17.5127 5.7506e+04
30810.5119 18.1530 2.5200e+04
30821.7819 11.8507 2.9922e+04
30852.3719 12.2390 8.0253e+04
30902.9819 12.1425 1.9788e+05
30903.6419 13.8056 1.9788e+05
30922.9519 10.5202 1.5894e+05
35171.2521 16.8158 4.2896e+04
36520.3022 13.0496 4.6268e+04
37040.1223 10.1055 9.3065e+03
37328.6823 10.8676 1.6375e+04
37534.2323 12.7255 3.0661e+04
37788.6723 11.8994 1.7367e+04
38222.6823 11.1631 2.1158e+04
39708.7024 10.1397 9.8629e+03
39855.2724 11.5682 3.1811e+04
39872.9524 13.8453 2.5012e+04
39887.6024 10.8353 1.5006e+05
39902.4924 10.6566 6.7747e+04
39907.4724 13.0909 1.7601e+05
39912.6324 12.4156 2.5471e+05
40122.1124 11.3673 2.8963e+04
40363.4025 11.3989 1.6407e+04
40506.4325 12.4183 7.6692e+04
40533.3725 14.3298 4.8329e+05
40587.5625 11.9194 9.0395e+04
40902.7625 12.1641 1.3004e+04
40911.4025 10.9312 2.0377e+04
40931.6925 11.1242 4.6771e+04
41041.1925 11.0319 5.0475e+04
41076.7425 11.2788 6.1045e+04
41081.8825 13.2608 2.2653e+05
41089.0025 10.2923 3.0219e+05
41099.2725 11.0955 2.2061e+05
41109.9525 14.5279 2.8958e+05
41291.6225 19.5815 2.0846e+04
41604.4625 13.0638 2.1544e+04
41683.9925 11.3002 2.7087e+04
42225.2526 10.2327 6.9528e+04
42272.6626 12.7879 3.1204e+05
42289.0826 10.6523 2.0364e+05
42291.7226 13.8011 1.7844e+05
42313.2826 10.8186 1.4638e+05
42354.8126 12.0060 3.9993e+04
43343.5026 11.0481 3.9628e+04
43415.6526 14.7697 2.6676e+05
43435.9127 10.0185 5.8547e+04
43832.8927 13.5268 1.1768e+05
43978.4327 11.5270 3.4739e+04
44095.3927 10.1142 1.7909e+05
44150.0027 11.7178 1.3495e+05
44181.1127 10.5220 1.1896e+05
44192.9027 12.1057 1.5036e+05
44397.4727 10.1897 1.1322e+05
44944.0627 10.1307 4.9891e+05
44949.1727 10.4171 4.4783e+05
46424.1428 11.1527 4.1374e+03
47149.7429 14.0053 7.3198e+04
47456.3429 14.6864 2.5987e+05
47675.9229 12.8437 9.7144e+03
49733.2130 17.3379 9.8581e+03
51286.9031 10.1059 2.6864e+04
51287.6131 14.2287 2.6864e+04
51299.6031 22.0677 1.9459e+05
51316.4731 21.3911 1.6970e+05
51317.2031 12.6164 1.6970e+05
51318.1331 16.6566 1.6970e+05
51322.8731 16.3300 5.9218e+04
51327.1131 10.9373 3.7479e+04
51332.3531 24.1617 1.9707e+05
51340.6831 21.8132 1.8386e+05
51352.6231 14.7321 1.6878e+05
51383.1231 16.6708 2.5451e+04
51385.2631 12.9517 2.0669e+04
51391.5731 13.8795 3.4691e+04
54673.5933 22.8508 3.4956e+04
54850.5733 10.1274 4.2511e+04
54993.5934 11.0276 1.5320e+04
60515.6237 11.4982 4.1485e+03
61648.0338 11.9929 9.6437e+03
63056.3938 13.0856 5.8671e+03
63264.2339 11.8281 5.9501e+03
63276.4639 11.4231 8.5001e+03
63344.9639 10.5900 1.7844e+04
63401.1339 18.7499 3.7272e+04
63494.7539 11.2678 8.9655e+03
67905.3641 18.6111 7.5265e+03
67947.7341 15.0947 4.9131e+03
68956.8442 11.7512 6.0445e+03
69346.6442 11.0946 1.8184e+04
69707.2343 11.3879 6.0220e+03
72357.9544 15.0325 1.3896e+04
77385.5847 11.5133 1.1927e+04
77948.8448 10.4113 1.9680e+04
77949.8248 13.1847 1.9680e+04
83981.7151 16.2714 2.0589e+04
85343.5752 14.1828 1.0791e+04
