6077.280370927757 6.418002601640766 495958.38128678646
30692.611873328362 6.586352162136883 834320.5261234598
30763.881877678337 7.122880815156645 2385939.518330958
31044.68189481701 6.119284344570558 306773.70714432147
31786.44194009045 12.084990112979604 12693909.523617266
31787.181940135615 10.728592660987957 9662342.330791268
34024.44207668714 7.101653411770006 645114.1229991846
34026.18207679334 6.140182914369157 547879.5918331547
40028.48244314468 6.903849495631206 5159301.957616108
41169.752512802275 6.120362263842672 119068.54983966904
41211.8925153743 8.327404068131042 194202.90499782967
41227.222516309965 6.796580280182106 144182.8900369631
41244.37251735672 7.45249140186564 152954.68042904531
43833.5226753859 6.23221231945954 116115.41652770416
47268.68288505144 9.171604263072705 2530322.531652346
