27.0700 10.6782 1.3909e+04
113.5000 10.6396 3.0600e+04
114.9700 16.2165 3.0600e+04
159.0400 13.6539 3.3789e+04
171.1400 12.4518 2.1452e+04
177.8200 13.7880 4.8053e+04
183.6400 11.0207 3.9557e+04
221.8800 15.3440 2.3474e+04
238.6500 12.7157 2.2898e+04
352.8600 10.8187 2.1785e+05
584.5700 16.1424 1.4388e+05
619.0500 10.1701 3.6289e+04
1127.2201 14.6732 2.0557e+04
1171.0801 10.3808 1.7165e+04
1173.8301 11.5025 2.3216e+04
1174.7201 10.1498 2.3216e+04
1176.8401 10.5231 2.2909e+04
1190.3301 10.0836 1.7496e+04
1283.0601 10.4986 8.5264e+03
1475.3301 10.9702 2.3521e+04
1731.4401 11.5327 1.9678e+04
1774.6101 13.1863 1.1145e+04
1947.2301 11.4524 1.5151e+04
1997.4601 10.0464 2.3490e+04
2058.8901 10.2530 1.2843e+04
2696.7702 10.1861 2.2297e+04
2747.3602 16.6668 9.0054e+04
2765.1902 11.8203 5.2854e+04
2785.1202 13.5632 4.5883e+04
2822.2002 10.4731 6.0289e+04
2823.4002 11.4933 4.5499e+04
3052.9502 11.0342 2.8042e+04
4068.3402 14.6433 3.3152e+04
5956.9004 12.9432 1.7455e+04
5986.5704 15.5249 7.0266e+03
6022.1104 13.1579 1.5659e+04
8061.1805 11.1148 2.2428e+04
8111.9805 12.3457 2.0146e+04
8133.2905 10.1340 1.5833e+04
8314.3605 13.5981 5.1498e+04
8708.0105 12.2060 1.0794e+04
10842.1507 10.1525 1.1626e+05
14557.1809 10.1649 1.4917e+04
15150.0609 10.6670 5.8128e+04
15906.7410 13.7676 1.9016e+04
15913.7010 10.8450 1.4834e+04
17875.9311 15.6461 6.9861e+04
17895.7811 13.6557 5.1612e+04
18747.9011 10.1115 1.6602e+04
18777.4611 11.5458 1.4685e+04
18784.2111 14.8474 2.7600e+04
19003.2412 12.2476 5.0040e+04
19004.7212 11.7534 4.4446e+04
19079.3112 16.7599 3.5743e+04
19081.0012 12.2132 3.3027e+04
19129.1112 12.4033 3.9654e+04
19596.4112 10.4407 3.9322e+04
20002.0412 11.0760 7.6311e+05
20608.0113 13.0120 1.8051e+04
20622.8413 10.2202 8.4718e+03
21123.4913 11.6221 6.0473e+04
21654.1713 10.9040 1.9843e+04
22723.1114 14.1606 3.4127e+04
22741.9814 14.5637 4.5846e+04
22752.6014 13.5818 5.1953e+04
22787.6714 11.6487 2.0041e+04
24132.7615 11.0373 1.7671e+04
24379.3915 13.2040 3.0371e+04
24764.2115 13.2648 1.7332e+05
25209.9515 16.9336 2.7518e+04
25225.3415 16.4194 3.8763e+04
25336.1115 12.9134 1.2992e+04
25406.4416 10.4950 1.2980e+04
25811.9116 11.3945 3.9412e+04
26175.6516 10.7499 1.1403e+04
26304.4516 13.9009 1.9295e+04
26525.8516 10.4687 3.7475e+04
26536.4816 10.2680 4.0053e+04
27423.0417 10.5144 5.6807e+04
27642.7217 20.0047 1.8531e+05
27653.5917 10.0540 1.3503e+05
27929.7617 14.1105 1.3737e+05
29412.4518 10.4720 2.2240e+04
29900.8218 10.4009 6.3258e+04
30549.1319 13.7396 3.3810e+04
30679.5719 12.9853 9.1529e+04
30956.2519 11.7975 3.5245e+04
32023.0920 12.6488 1.5882e+04
32410.7820 11.1239 6.3048e+04
32752.8920 13.4209 2.3510e+04
32826.4720 11.5767 1.5515e+04
33011.2720 13.6532 4.7761e+04
33522.7220 12.6658 7.6074e+04
34323.4921 12.9591 1.9032e+04
35097.7421 10.3011 2.2682e+04
35181.8321 14.6452 2.0171e+04
35405.9622 12.5806 6.3837e+05
35499.2422 10.1306 2.8821e+04
35512.0222 16.3300 5.6149e+04
35527.4822 11.8349 1.7001e+04
35713.3122 12.0255 2.6168e+04
35780.0522 18.3528 5.6086e+04
35943.6522 11.3683 5.4138e+04
35946.8022 10.9579 6.7896e+04
35964.9522 18.2170 1.4119e+05
35965.9922 10.2809 5.8883e+04
35980.1222 11.5917 4.2562e+04
36062.4322 10.6244 8.2365e+04
36099.6022 10.6804 4.0989e+04
36879.6923 10.4882 1.8158e+04
36928.1323 15.5575 1.9764e+04
38166.5723 10.5330 3.2198e+04
38531.5624 10.3384 2.1351e+05
38549.3224 11.1297 7.9975e+04
40142.8225 10.3898 1.0829e+04
40378.9225 12.7856 1.1609e+04
40464.6725 10.4586 3.2174e+04
40958.1725 11.2939 1.3413e+04
42501.9126 10.5972 8.8454e+03
42702.3226 12.2496 1.8592e+04
42795.7526 10.1151 4.6861e+04
43536.2627 11.5712 1.5209e+04
44132.9027 10.5286 1.6405e+04
44278.6627 10.0647 1.4511e+04
44297.2027 12.4068 2.9994e+04
44531.9527 13.1541 7.3722e+04
45245.5028 10.6740 1.1729e+04
45887.6228 11.4407 1.2163e+04
47899.1829 11.5849 4.5573e+04
47910.9529 13.3093 6.5633e+04
47914.8829 15.0342 6.6083e+04
47915.6329 10.9445 5.6842e+04
47926.5729 10.7620 4.9719e+04
47932.1529 10.6324 6.3348e+04
48159.0629 10.1505 4.3881e+05
48551.5730 13.1596 1.7129e+04
48581.9030 11.5074 2.5017e+04
50414.3231 11.1618 6.1596e+03
50909.7131 10.9686 1.5820e+04
54601.7733 10.0163 3.7258e+03
54938.9834 14.2893 1.4899e+05
54998.8934 17.1443 8.9737e+04
56313.6334 12.1337 4.0422e+04
56401.8434 10.4695 6.2196e+03
57672.7635 13.1462 4.3445e+03
57681.4935 11.5981 2.6995e+03
57940.7435 12.8627 5.9043e+03
58107.8035 11.5263 3.8335e+03
59611.5336 10.4717 3.6807e+03
60680.6137 10.7898 3.9956e+03
60857.8237 12.5531 1.1691e+04
62632.6338 11.5606 4.5964e+03
64501.5739 10.0119 2.3635e+03
66823.1841 10.7829 1.8199e+03
66945.4441 13.5567 3.9442e+03
67300.2041 25.8202 1.1295e+05
68187.1042 12.1360 5.5794e+03
70960.1243 10.0430 4.2759e+03
71745.8344 10.7040 2.5546e+03
71884.4044 11.7277 1.6483e+03
72148.6144 12.6733 4.9969e+03
73055.7245 10.8450 3.7896e+03
73337.2445 17.3273 8.0978e+03
76587.0347 23.7515 2.6392e+04
76931.1447 13.7580 4.5416e+03
77273.5347 13.5559 8.2939e+03
78091.6948 21.0987 2.6840e+04
78325.5748 11.4560 3.1465e+03
78396.5848 10.0795 8.3174e+03
78921.8548 10.1055 2.0946e+03
79336.5748 26.0551 3.7937e+04
79885.7049 12.3066 4.0302e+03
81221.5350 25.1234 2.4995e+04
83005.4951 10.1118 2.0180e+03
83052.6551 14.0765 6.4916e+03
83184.8651 26.5754 2.2653e+05
83240.8351 10.0177 2.8742e+03
83375.4651 10.1790 3.3135e+03
83518.3851 11.5039 2.9598e+03
85619.8652 12.9454 3.6995e+03
86248.2453 10.0415 1.1613e+04
86289.2853 10.4431 1.4873e+04
