351.3400 10.0774 1.2094e+06
2803.5902 12.0079 3.8484e+04
3326.6402 11.7141 2.2390e+04
4267.8903 11.9117 2.8578e+04
5421.5703 11.7469 1.1098e+05
26300.3316 10.0064 1.9723e+04
34961.9421 10.2551 5.6893e+05
37425.9723 12.1235 1.5565e+05
39818.1424 10.8482 3.1749e+04
40540.0825 10.2158 1.0334e+05
40801.4025 10.7821 1.9110e+05
42959.5726 11.9560 1.6841e+05
45231.7528 10.4156 8.7836e+04
48089.0129 10.2040 5.7582e+04
49380.9130 10.1726 2.1097e+05
49404.6130 10.7276 1.6304e+05
49407.8730 12.2632 1.4697e+05
49418.0230 15.0614 1.4331e+05
49459.7030 10.5830 4.0462e+04
50510.7531 12.2486 3.5719e+04
51556.8631 10.3379 1.8890e+05
52090.7332 10.4689 3.8445e+04
54830.8933 12.4401 8.5839e+04
56189.7934 10.7422 2.6694e+04
58822.0936 16.4341 2.6383e+04
60804.5337 13.9820 1.4888e+04
60807.2537 18.4309 1.3241e+04
61515.3138 15.8039 2.3787e+04
61957.1438 10.0208 1.5690e+04
62036.5638 13.9999 3.0965e+04
65490.5840 10.5761 1.2634e+04
67299.3141 24.1595 6.6025e+05
67300.3441 10.0846 6.6025e+05
68185.6642 21.1982 3.5577e+04
69237.2842 14.7206 1.1742e+04
69793.5343 14.1404 2.3961e+04
69861.6143 11.7674 1.0091e+04
69928.1743 10.5729 2.2131e+04
70177.5743 23.1456 3.0625e+04
70201.9543 23.7643 2.4512e+04
70228.2843 21.6989 3.0142e+04
70383.5243 12.9747 1.9693e+04
71652.4744 21.3973 2.3315e+04
72148.6044 10.5845 9.6441e+03
72848.7044 10.1273 1.2710e+04
73015.9145 11.4448 1.2175e+04
73335.8845 18.6447 5.2028e+04
78091.9348 14.2373 3.5890e+04
78094.3348 10.2782 3.5015e+04
83185.2151 15.2948 1.8784e+05
83186.0151 10.3147 1.8784e+05
84669.2152 13.0540 2.4719e+04
85521.4552 18.8775 1.0277e+05
85547.2852 19.0572 7.6811e+04
85866.0052 11.2608 2.3125e+04
86268.2953 18.8637 2.7258e+04
86361.1253 12.0395 2.1733e+04
