351.3800214465345 7.383275980392334 3455541.1116539636
706.8100431402614 7.567171862756672 70744.03999748848
2612.3901594476415 6.584430020844316 16926.616985583158
11092.060677005657 6.699526181128628 1294890.312807144
11728.240715835005 6.5894708652591305 611701.4908023538
12140.020740968062 6.003329299585786 38622.9683250545
20445.591247899858 7.169113608581022 1374764.1228455612
20510.121251838456 6.933744647521624 595594.6975249515
27657.791688097637 6.612970507261758 294291.27071539476
27787.351696005353 6.680397127724907 331750.25046659715
30161.431840907706 6.286461974761799 21818.510773880513
45104.47275295854 6.687186216185998 327934.4286333983
50908.70310722065 7.335571542050364 159080.04407841287
61486.923752864 6.8102164698809595 184099.18630964178
62845.273835771106 7.838506245683699 82519.80349787965
62992.90384478173 8.51249442965188 33312.552551799774
64223.703919903804 6.6880601545340195 27686.018142702927
67299.44410763208 10.841244737872806 377334.7979335323
67561.67412363733 6.202104426406906 17424.371778812612
67683.254131058 8.013925746845153 24006.455635867966
68189.30416194483 6.131193364926765 52489.94727564637
72148.91440362026 6.225214857398745 14127.66979770248
73215.53446872158 6.1289266051939135 15538.03379414896
73338.10447620267 7.87963855578411 60193.086366923504
76589.66467466216 6.799514527101013 50045.72685678099
77459.50472775298 6.8704611033303795 18816.719784293306
77974.93475921232 7.980868460558451 21946.523031478304
78092.39476638152 10.86210566480979 148324.4791452766
78399.40478511991 6.417693249723638 30461.04203059919
79339.22484248198 9.380255363943833 64108.056724854505
80244.01489770599 8.02240622001714 25094.457916419517
81224.21495753265 7.142685008205635 32658.173204079936
83185.47507723847 10.536767270841581 427018.1784362918
83187.50507736237 7.755207299443576 427018.1784362918
86087.49525436372 6.749722256120701 18108.6283227301
86269.04526544466 6.263431189293169 80777.18758434955
