174.3500 10.3710 1.7698e+05
232.1000 10.8965 2.0450e+05
678.4800 12.4323 4.0102e+05
727.3500 12.3090 2.7909e+05
730.5000 10.5331 3.1912e+05
1073.0301 11.5100 2.8608e+05
1368.8401 10.6781 2.6610e+05
1395.1101 10.3658 3.0369e+05
1420.5501 10.8113 2.9717e+05
2184.2301 10.5105 1.9867e+05
2288.1901 10.6988 2.3524e+05
2295.3101 10.1206 2.1318e+05
2350.5501 10.1342 2.0259e+05
2480.4902 11.5371 2.0360e+05
2780.3602 10.2983 2.0943e+05
3095.7202 10.5233 1.9504e+05
3190.8302 18.3828 2.4982e+05
4327.7903 10.4109 2.2414e+05
7146.8504 14.0146 4.0277e+05
8107.9305 10.2059 1.2530e+06
8109.9905 11.2171 1.3375e+06
8318.6305 10.2354 2.0574e+05
9296.6806 11.5328 1.9329e+05
9369.5906 10.3483 2.2141e+05
9566.8706 11.5110 1.9364e+05
9589.9306 10.6294 3.3414e+05
9741.8406 10.4675 1.9210e+05
9781.6506 11.0873 1.9075e+05
9820.8106 12.3005 3.7645e+05
10237.7906 10.8074 1.9962e+05
11816.0607 11.1156 1.1579e+06
13079.3208 10.3965 6.9008e+05
17053.4110 11.3771 1.3947e+06
19608.5212 11.4104 2.0171e+05
20104.4512 10.0957 8.3802e+05
21990.1713 10.9742 1.1415e+05
22389.5214 10.5764 7.7830e+04
22423.4914 11.0995 1.3509e+05
22462.5714 11.7942 2.1469e+05
25427.7516 11.3609 1.9667e+06
25717.6216 12.5678 7.2893e+05
27930.0717 13.0921 2.2586e+05
29949.4618 13.8188 1.2254e+05
29995.3818 10.9994 1.1587e+05
30013.8518 12.4871 1.3093e+05
30950.0219 22.0195 1.4184e+06
33033.4420 10.1791 8.3308e+05
36146.4722 10.1895 9.0655e+04
42990.1626 11.3039 2.5913e+05
44593.5627 13.6963 4.4785e+05
44762.6927 11.0049 3.2635e+05
44780.6827 13.1927 3.3869e+05
45013.9627 11.3843 2.0955e+05
45078.0228 10.1699 2.2389e+05
45702.5628 12.0361 3.3960e+05
45779.2928 20.6027 1.2495e+06
46536.3928 10.1050 2.5410e+05
47263.4729 13.6403 4.7900e+05
47551.0929 11.0275 3.6710e+05
49402.6030 15.3773 5.0222e+05
52596.2632 12.4130 1.1230e+05
53972.5333 14.1374 1.4278e+05
54095.9733 13.7405 1.2847e+05
54192.0933 10.5844 8.3763e+04
56370.7734 11.9185 4.5679e+04
56501.7134 10.1185 7.1541e+04
57040.0735 12.9397 1.4542e+05
57539.9635 12.8314 9.5266e+04
57772.2735 10.8471 4.8921e+04
57872.2335 10.5551 5.4268e+04
58720.2536 10.8048 3.0028e+04
58760.6136 12.8930 5.5675e+04
58856.7836 15.9375 4.0410e+04
59041.7936 16.2265 6.9071e+04
59287.1336 10.7829 8.6845e+04
59502.6336 13.0902 6.1543e+04
59633.7636 11.0112 3.6167e+04
60120.9837 12.8916 6.4897e+04
60150.2137 11.2305 3.0894e+04
60281.1737 10.7423 3.8701e+04
60319.6037 13.0506 3.9243e+04
60335.6137 19.3392 2.2652e+05
60718.2137 12.8383 3.5843e+04
60851.7137 11.3969 4.7205e+04
60854.7237 12.0897 3.7697e+04
60943.5137 12.4941 6.7083e+04
61366.7737 13.7956 3.5459e+04
61717.2938 11.0793 3.3314e+04
61933.7738 19.1684 1.1203e+05
62218.1438 10.4205 6.4535e+04
62313.6938 10.6471 7.7266e+04
62332.7738 10.7130 3.6539e+04
62397.8038 12.7444 3.6925e+04
62610.9838 10.4994 3.0814e+04
62680.8138 11.8599 5.5812e+04
62751.7238 11.1141 3.9371e+04
63034.9738 19.4032 1.1892e+05
63179.0039 16.2186 4.0670e+04
64197.0039 11.6600 3.3045e+04
64213.1539 10.3936 3.0820e+04
64819.1040 15.6509 1.1503e+05
64863.6440 10.9413 6.4608e+04
64956.5440 14.3230 9.2931e+04
65049.8140 10.1502 3.0725e+04
65459.1740 10.5691 3.8299e+04
65832.6940 10.8566 2.8474e+04
65971.6340 10.3858 3.1929e+04
66012.4840 13.5170 6.6027e+04
66177.2940 12.2349 4.0769e+04
66194.8140 11.2380 4.0851e+04
66196.2840 10.0217 3.5842e+04
66259.8340 12.0471 2.6626e+04
66560.2241 16.4038 8.4183e+04
66948.0341 13.1595 5.9798e+04
67014.8041 11.6062 2.3315e+04
67288.1241 16.4994 3.6194e+04
67299.5341 17.9705 5.4404e+05
67563.3441 11.5420 2.7676e+04
67660.1641 11.6334 3.5354e+04
67833.2341 10.4834 4.0002e+04
68318.9142 12.8697 5.1871e+04
68334.9542 10.3133 8.5798e+04
68336.1642 10.5828 5.9885e+04
68447.6142 10.8605 8.2954e+04
68456.0642 10.1295 6.5248e+04
68508.0542 16.1456 1.0597e+05
68902.6542 12.6052 6.7505e+04
69406.1142 14.1448 7.6984e+04
69670.5943 12.4536 2.4063e+04
69828.8443 12.8364 4.1057e+04
70008.9143 15.4859 4.8758e+04
70087.1043 15.0980 7.0660e+04
70097.1043 12.5594 1.5399e+05
70162.0643 10.8729 3.5950e+04
70193.4443 12.7039 9.7607e+04
70544.8643 12.1864 2.8267e+04
71000.3843 13.5542 6.5262e+04
71069.0243 14.3785 2.9908e+04
71402.2144 12.4757 4.3547e+04
71446.3344 10.2362 3.5665e+04
71606.4744 13.6368 4.9939e+04
71683.8144 10.9080 1.7951e+04
72012.1644 11.1356 2.9303e+04
72149.4144 12.0430 3.1269e+04
72650.0644 12.6531 4.2248e+04
72964.0845 11.4837 8.1572e+04
73140.4345 12.4459 3.1451e+04
73338.7845 11.1036 2.7621e+04
73388.3545 11.1656 2.3770e+04
73674.1045 10.0370 3.3763e+04
73704.3445 13.4387 2.7577e+04
74005.5945 13.2855 4.4901e+04
74075.5645 10.0960 3.1741e+04
74440.8845 10.2113 1.8067e+04
74510.6445 10.5583 9.1833e+04
75485.4046 12.6416 4.5893e+04
75602.1546 11.6821 1.6346e+04
75628.1146 11.4099 2.9799e+04
75675.2546 10.0144 3.5438e+04
75752.1546 10.5725 2.2002e+04
75785.2946 11.9704 2.4112e+04
76050.3746 12.2827 2.9063e+04
76893.2447 15.6220 6.7266e+04
76935.0347 11.0567 2.6705e+04
77215.7347 11.4738 3.1522e+04
77252.9347 13.2139 8.7072e+04
77558.8247 10.3594 2.1845e+04
77809.2647 10.5491 5.6333e+04
77938.9848 11.6260 2.5651e+04
78319.1848 11.4257 3.3902e+04
78481.4948 10.5047 1.5637e+04
78781.1348 13.4965 3.0769e+04
78813.1048 10.7693 4.3959e+04
78952.6548 11.4376 3.0610e+04
79574.6949 10.4069 3.1931e+04
79634.3349 12.0066 3.4612e+04
80027.1349 13.7517 2.4900e+04
80155.7649 11.3690 2.0072e+04
80165.2449 11.2063 4.0061e+04
80834.0749 10.2127 3.7189e+04
81309.8550 11.8435 3.9861e+04
81825.3950 11.5604 5.8775e+04
82737.5150 11.7754 4.2365e+04
82830.2851 12.8951 4.1387e+04
82835.2051 11.2985 1.1495e+05
82835.9151 10.4889 1.1495e+05
83186.7051 11.7273 2.9122e+05
83315.7551 11.5961 8.0590e+04
85551.6552 12.5821 1.3972e+05
85605.6052 13.8686 1.7639e+05
85752.9752 11.8879 1.7967e+05
85880.6952 11.0089 1.8227e+05
85930.8852 10.4220 1.4719e+05
86176.9753 13.0634 2.4064e+05
