351.35002144470343 6.841152042347343 1255966.2948330408
4071.1102484808503 8.090224832961018 33566.43744915802
7928.0904838922415 6.912155608553642 26497.83770131106
8022.77048967105 6.894450770468573 63226.277508701045
8069.080492497588 6.068122559987124 13933.436386445259
8603.57052512027 6.667631879479232 17409.18663095199
8624.850526419099 6.1391281277029055 14874.676210388747
8628.550526644929 6.1725617841553495 12267.622527660842
8644.7505276337 6.50123808699756 17200.300822594094
8719.090532171052 6.864728308101354 28038.271023506626
8739.380533409456 6.119986669973362 21747.692223285158
8785.010536194492 6.247016644811761 16062.470250526882
8814.250537979158 6.114513471545694 45557.112368841765
8829.900538934358 6.671326540275871 55148.65850233278
8842.500539703402 6.925177542185146 31029.878923995737
8850.270540177646 6.0680978081527215 23860.586535356822
8872.360541525912 6.5018628507832625 47449.239353184785
8892.750542770418 6.6523411960222925 36550.025649318144
8999.080549260287 6.89734467355034 33554.761938608994
9009.220549879185 6.956545625541688 49261.26039926953
9009.96054992435 6.519977401536732 41274.22111224572
9054.670552653231 9.718185665484318 38104.986992246544
9063.68055320316 8.758543964063398 30534.94220728455
9075.250553909336 8.937952225094442 61098.44659954483
9095.6005551514 6.756525318407556 9847.113716591424
9098.14055530643 6.52797432384189 18730.01328417768
9100.94055547733 6.4424050008707505 42115.1171418113
9111.320556110873 9.533136023962987 51340.68028011144
9145.66055820682 6.3619252186812645 18881.775915081103
9153.31055867374 7.42967596927437 23420.854985866947
9169.830559682041 6.18068956277815 19804.3630971983
9178.860560233188 9.329525289605092 40563.841313370496
9187.130560737949 9.908167314180425 51963.6009672328
9205.280561845737 7.054304616725295 14107.703284513622
9248.90056450809 6.564070109186257 20138.737957103498
9274.320566059605 6.985233466006919 13395.571411111308
9353.760570908238 7.441081042008985 71269.05426383227
9355.380571007116 6.127729588031149 56863.26583076076
9406.810574146153 7.527701145493538 53913.55330411604
9634.140588021277 6.311553880781094 43140.384304779385
9650.960589047887 7.38937846751765 13265.922776546799
9708.830592579992 7.169655250832079 38091.349963982386
9709.670592631262 6.013927070332635 48082.38027005573
9711.100592718542 6.71077012440429 39704.010192920214
9718.640593178747 6.112382506830951 43079.80085043288
9742.34059462528 7.6311345995007 26158.31596022527
9745.510594818761 7.530329035209282 48981.72475578079
9771.170596384924 7.1202707992191705 49968.52408744557
9778.320596821326 6.79076257668018 31942.124180710034
9790.260597550085 6.709776596023979 42056.796304728865
9807.160598581579 8.153269582776439 79398.87738165256
9819.840599355506 9.756509812589547 104936.61570581092
9861.030601869543 7.9759239872676835 41856.757897367985
9914.630605141028 7.212312403213819 47986.02968623294
9938.790606615637 8.165186956096065 47369.64154898281
10084.830615529212 8.353904332823914 177602.92083912986
10139.600618872108 6.382109373829156 77213.05555532913
10361.21063239811 9.212597232017742 65192.957706605484
10429.550636569253 6.642131627301094 31504.750844270053
10445.310637531167 9.066966459464384 51558.94604306256
10475.890639397621 10.170532446799298 85346.51135379967
10480.440639675331 6.360337017560636 127230.01580237929
10490.620640296669 7.332645483252797 85575.8860000409
10559.850644522134 7.15843809492121 14301.481701626128
10641.700649517861 7.601912605186412 26100.26062895968
10648.220649915811 6.526433645957196 46239.13400290775
10712.850653860514 8.848644825657692 97232.31348482291
10747.73065598942 7.359317267427098 41364.96058004904
10775.0506576569 6.058196141193143 28256.02785855422
10790.220658582804 6.321563714105531 20877.871736707493
10809.930659785807 9.25689914173725 92753.70787986924
10841.060661685831 6.259517168578377 88839.99630060232
10930.64066715336 7.910328718504301 71980.56982016377
11056.010674805339 6.235348989721214 15609.287239598709
11074.8106759528 6.4522801581116225 33522.66152458305
11088.1406767664 8.48473508517754 40646.34356775941
11201.620683692669 6.48034784250301 28454.626295917897
11231.660685526165 8.279052208991734 31225.192017823538
11245.46068636845 8.423243089317332 36276.79355675934
11323.200691113323 8.114554609911679 49525.264421839755
11335.350691854901 7.081800821716751 29699.64327496937
11361.150693429609 8.191179885192021 47680.70349428222
11371.130694038739 7.674004366714874 35745.98325687516
11391.800695300335 9.01391568399777 45575.64907904566
11402.810695972332 6.396734353851897 34193.78045084126
11417.950696896405 6.7057044263661085 18078.45795405557
11446.980698668256 6.312899340533051 8908.260945660979
11491.360701376996 7.312422332305877 27999.143467757207
11505.240702224164 8.202764749430115 49849.000423082034
11531.940703853803 6.051693623819501 18146.913873510854
11541.660704447064 7.153114245295166 20619.01081686721
11545.890704705243 6.081940935592026 17383.194203935032
11611.140708687788 9.267850971482414 44148.914057102396
11617.810709094892 6.027049335545227 46199.777173637136
11677.360712729536 6.205507575385372 27601.44666042902
11678.320712788129 6.154475964581599 21926.541073327357
11686.060713260542 9.408868069110286 70307.85574884166
11740.350716574141 6.281678954826117 26321.46115627848
11744.110716803632 6.059529173795413 19209.081016294367
11766.910718195235 7.096120342129658 35715.73837201263
11772.420718531537 6.655155919323788 33966.89229530539
11839.460722623335 8.575508937277743 50332.628297853415
11847.050723086591 6.259890689513972 37659.77901132749
11893.120725898481 6.386222866753477 14998.277723700687
11897.630726173751 6.503613337493972 48809.50155363247
11905.060726627242 8.464858959940408 58055.33842995979
11945.09072907048 8.740628796717589 32490.598958219147
11993.220732008102 6.774933602045025 25764.77743025443
11994.200732067915 6.194617636150207 23122.807281356698
12022.790733812912 6.727031245899414 30067.32918826056
12024.000733886764 6.507079026815622 23877.75497649826
12029.810734241379 7.644831982902283 41788.44315200668
12043.970735105635 6.771289387595475 34617.40962550313
12109.510739105881 6.440546365421804 39962.18142121172
12110.34073915654 7.764704090112732 38731.21453720681
12146.740741378218 6.07679491050522 11513.997468990454
12169.640742775924 6.4470122651194535 35168.68728862944
12170.480742827194 8.529682763731275 36380.41718230995
12243.710747296798 9.614859163188319 40457.98211345083
12253.70074790654 6.80939785116842 42047.03856529764
12263.760748520554 9.280465170230945 69625.09488934852
12287.660749979294 7.411250081795868 19913.194861749384
12296.760750534713 7.469833128683534 18564.238903573983
12314.730751631516 6.778146161041773 33301.90489727473
12329.380752525682 8.302303721574283 49161.294014274885
12349.300753741501 7.520130128063253 51917.09765637209
12351.150753854416 9.227140268375095 58741.85979238086
12369.430754970139 7.119831033547653 21731.557585298233
12386.53075601384 7.384366277616746 63696.070481596
12409.190757396897 6.037998596064846 40685.57694104032
12472.780761278123 7.417221528645096 28173.71610221452
12483.170761912277 6.161628560988179 15876.246939963241
20621.12125861336 6.419153797041118 288422.78372568014
21241.2612964637 6.865650363226407 13941.662400231697
33244.85202910474 8.296431551783296 30261.98943337561
33447.83204149365 7.111765061248952 16915.91659016874
34881.70212901014 6.433180857355082 44992.98188908499
34897.3121299629 7.7565766573002275 58328.01119527888
34933.572132176036 7.791893878385008 57547.96414223385
35540.9821692494 6.904949022880836 48437.85036865576
36423.592223119645 6.394245776394832 31630.916006733725
37312.082277348774 6.012108599235613 51130.504478166804
39125.21238801345 6.129305013320307 28642.10716047851
39214.69239347488 6.005530143051772 28062.127870043107
39924.22243678116 9.2217156732668 53025.11206964111
39935.01243743973 8.258058570070252 42466.21236362568
43479.86265380021 6.114849307295988 16469.553063824555
43508.80265556657 6.637941311296797 14076.38508367093
43990.66268497697 6.709983376020254 22936.74294831515
44189.302697101 6.42903027078862 22926.83119337128
44832.60273636491 7.209951855351046 35839.80175653414
44843.61273703691 6.404174807678274 19650.058682384235
46553.23284138384 8.110041622601035 148904.07497848125
47170.68287907 6.669799190907274 33670.45289965488
47398.24289295916 6.117891996820064 27932.775704418716
48072.64293412127 6.541144454079562 20863.316993556236
48494.61295987628 6.320242177700807 21229.360875665978
48603.03296649371 6.308374330607056 22395.576764138186
49581.72302622821 6.021468903338574 19285.20056312362
50908.71310722126 10.874977291927129 76800.70725238194
53302.813253345535 6.541315606661334 18119.527558236114
59647.77364061119 6.526122513678338 10795.644654904363
64250.12392151635 6.880080312554059 6233.614467779049
64364.733928511596 7.437669441841769 6707.370493171455
64379.813929432 7.0656757898208244 6919.941417176371
64465.483934660886 6.3905245098307235 5711.392916691022
64655.69394627038 6.543120706983004 7000.710760780605
64666.023946900874 6.643740348840272 5433.056627595282
64734.483951079346 7.313155893050701 8439.12702275271
64883.913960199825 8.08592813512014 7252.432810392911
65035.29396943933 6.4051783151339805 5959.981074303057
66261.15404425989 9.93932233637656 25397.16770552825
67299.44410763208 12.06014197278797 135220.29083508733
67561.47412362513 6.510140465287192 7245.163607219518
68033.19415241663 9.038969373334755 14611.472887217315
68186.54416177637 6.2496578418858855 19489.86479760462
68735.61419528896 6.59339149383218 9809.007950615669
72148.87440361783 6.888114260492529 9826.887489871619
73338.08447620145 9.123463977749788 24399.295253527074
76589.75467466764 8.546249298212599 23433.830524896737
77211.48471261503 6.371627356931036 4097.861625322347
78094.07476648406 10.875064651846438 58636.997587278274
78399.50478512603 6.939124284772483 12756.910588684637
79339.30484248686 10.534540950914986 30426.754529678117
80177.88489366973 7.580728978855608 6468.676115447172
80629.50492123443 8.054122675359013 8671.03355047509
81224.29495753754 9.051700827053452 17979.152961431817
82380.33502809663 8.075118031409227 8267.028911160696
83185.51507724091 11.362131800907376 208912.1335917524
83187.59507736786 8.905667391554246 208912.1335917524
84873.3551802585 6.008225937741047 4453.420151766518
