37.6400 11.9518 6.2716e+04
39.3400 15.0729 6.2716e+04
2388.7501 13.6746 3.5715e+05
2751.8402 11.0429 1.7403e+05
2796.4502 14.7698 1.9233e+05
3290.5102 13.5822 3.2263e+05
4068.4102 14.3792 1.3469e+06
4645.6503 15.3548 1.0143e+06
4663.1203 10.2068 3.0896e+05
4684.2303 11.6075 3.1399e+05
4926.6803 12.7250 2.6345e+05
4963.5403 12.1229 6.6735e+05
5263.6503 15.6373 1.2187e+05
5277.8803 10.7235 1.0307e+05
5379.1603 10.9958 1.8475e+05
5436.3803 13.0872 5.1243e+05
5734.0703 10.6427 2.7424e+05
5734.5504 11.3544 2.4798e+05
6182.6304 12.0055 1.6021e+06
6455.6104 10.4649 1.1350e+05
6557.2804 11.6637 8.1730e+04
6802.4404 14.1735 9.3595e+04
7390.5705 14.9749 1.4601e+06
8478.2505 11.0486 5.9137e+04
8564.4805 10.6900 3.9262e+04
11340.7907 17.4368 2.4510e+05
11342.2907 12.8261 4.4829e+05
11342.9307 12.9266 4.4829e+05
11407.4907 10.9127 1.4443e+05
11800.9607 10.4740 1.2875e+05
12064.2307 13.8264 1.2127e+05
13206.7108 10.0335 1.0746e+05
13281.8108 10.4454 1.2909e+05
13461.4708 10.1561 1.1283e+05
13524.7408 10.4768 4.6005e+05
13527.6708 12.5694 4.6005e+05
13813.6308 11.2410 9.0144e+04
15943.0110 10.7534 1.3755e+05
15956.4210 11.2489 1.7355e+05
16293.7410 11.2847 1.5088e+05
16305.4910 11.5769 2.6629e+05
16329.1310 14.7993 3.2367e+05
16909.3510 10.6510 3.2383e+05
16911.8110 10.2125 2.6259e+05
16917.2210 12.7182 1.2377e+06
17083.2010 13.0797 3.3003e+05
17118.3110 14.9410 2.5249e+05
17488.1111 10.0276 3.3528e+05
17522.8511 12.8915 2.1904e+05
17542.8811 11.2433 1.2826e+05
20250.2912 10.3977 2.1980e+05
21275.8913 13.8809 2.3872e+05
21638.9513 10.9214 3.6194e+05
21713.9613 15.8934 1.5701e+05
21817.4513 12.2491 4.8886e+05
21861.9313 11.5418 1.3998e+06
21865.6413 10.0605 1.3523e+06
21897.2613 10.2440 2.4420e+05
21946.7413 11.8725 7.6818e+04
21949.0013 11.3923 7.6635e+04
22198.4214 10.3422 5.0536e+04
22338.5714 10.5522 2.6342e+05
22539.5614 11.1527 6.0345e+05
22592.5114 10.5062 2.8718e+05
22677.3614 16.6817 7.1754e+05
23237.3914 11.0920 2.7401e+05
23240.8414 11.5345 2.7401e+05
23250.8514 13.9844 4.2883e+05
23291.0414 14.4216 2.6001e+05
23299.9314 10.6429 1.6172e+05
23683.1014 18.3352 5.7923e+05
23845.2315 11.0844 6.9881e+04
23999.5815 11.5044 1.6091e+05
24125.7815 16.1909 2.2939e+05
24426.8515 10.3747 2.1124e+05
24457.0115 10.4161 2.3191e+06
24514.3415 17.1790 2.8497e+05
24853.7615 12.9530 2.1506e+05
24859.6815 10.5537 2.2844e+05
24866.7815 11.8991 1.4797e+05
25113.6615 10.5626 9.5435e+04
25507.0416 12.0458 1.2060e+05
25586.8416 11.8270 1.5049e+05
25641.0916 11.5593 1.4093e+05
26012.3016 10.3338 1.0070e+05
27019.8516 10.2724 2.6193e+05
27409.8017 10.2374 5.9154e+05
27414.0817 16.6329 5.6728e+05
27427.1917 10.1697 7.6225e+05
27431.7017 18.8796 1.7969e+06
27460.1817 14.1229 1.6830e+05
27698.6717 11.2477 1.1498e+05
27836.9417 10.1828 2.1025e+05
27863.1517 15.4318 3.3116e+05
27878.5717 11.0464 2.4837e+05
27982.4417 10.7372 1.1543e+05
28101.3217 12.1378 2.4833e+05
28114.4517 12.6007 2.9661e+05
28119.1717 11.7874 2.9533e+05
28135.3117 10.1967 1.7482e+05
28504.0317 16.6351 3.6152e+05
28534.3117 10.6283 1.4674e+05
28545.6617 13.0927 1.7870e+05
28881.7618 13.5965 2.3419e+05
29269.9718 15.7207 3.4477e+05
29275.4518 10.7207 2.8223e+05
29284.9718 11.6050 2.5035e+05
29289.5218 10.1993 3.7430e+05
29294.0518 12.5733 4.1005e+05
29593.6118 10.1575 9.2577e+04
30233.1218 11.1585 1.6232e+05
30282.9818 10.0397 1.2638e+05
30292.8218 11.5192 3.5898e+05
30535.7219 11.1810 1.3701e+05
30767.2719 15.9871 2.5187e+05
30816.3719 15.5873 1.4348e+05
31022.9519 10.4669 2.1725e+05
31029.7119 12.7815 4.6436e+05
31037.5119 15.3061 5.1410e+05
31061.7519 10.2668 1.1025e+05
31076.9819 12.6736 1.8172e+05
31077.6319 10.7424 1.6774e+05
31442.8919 14.3753 3.7191e+05
31490.4519 10.9620 1.4319e+05
31706.1919 11.3881 4.8770e+04
31716.7019 10.5051 1.0570e+05
31775.6619 11.3902 1.0950e+05
31788.2019 13.2026 1.5509e+05
31861.4119 10.8529 2.5046e+05
31883.3819 12.5422 1.8306e+05
31901.8119 11.1376 2.0210e+05
32328.3320 10.6455 3.3419e+05
32339.8920 10.5534 2.3086e+05
32702.0420 10.6070 1.3048e+05
32760.8420 10.3655 2.2917e+05
32854.7920 10.2351 2.6668e+05
32993.1320 11.2612 6.8685e+05
33165.6120 11.2763 2.3710e+05
33178.2920 11.1500 2.7383e+05
33226.4620 14.2285 3.3409e+05
33591.5121 13.7782 3.0222e+05
33628.2121 11.6543 2.6527e+05
33670.2321 13.0219 1.7606e+05
33724.8521 15.1972 1.8759e+05
33774.8021 10.5133 2.1495e+05
33881.5421 10.4966 1.9960e+05
34010.0621 12.7587 3.7756e+05
34116.3321 17.1745 4.5187e+05
34120.1021 15.0048 4.3768e+05
34169.8821 10.0171 1.5040e+05
34216.0921 16.0957 1.2345e+05
34240.3521 10.5405 1.4475e+05
34252.3621 11.0697 1.9358e+05
34259.8721 16.7513 1.4299e+06
34663.2321 11.7301 1.6363e+05
34719.2721 11.0026 2.1743e+05
35116.8621 13.1714 3.7871e+05
35127.8821 11.5558 3.9818e+05
35138.8921 10.8594 2.6656e+05
35148.5121 11.1795 2.9549e+05
35191.1221 12.8821 5.4591e+05
35809.1222 10.4463 1.9760e+05
35867.0722 12.4361 2.5630e+05
35940.3322 12.6045 4.0667e+05
35963.8422 12.4862 2.7771e+05
36012.5822 10.3632 2.2293e+05
36315.7322 10.2645 1.9634e+05
36467.0422 16.7987 2.8802e+05
36478.7022 14.0363 2.9945e+05
36494.2222 16.0315 3.2390e+05
36511.1622 11.1392 1.8362e+05
36520.5022 14.7988 3.8498e+05
36579.7922 12.5065 1.2643e+05
36861.4222 13.1372 1.3329e+05
36907.1023 10.1579 2.5827e+05
36916.1823 14.6637 2.8160e+05
37022.0423 10.7577 3.2593e+05
37093.1123 11.6807 2.3031e+05
37097.9323 10.6027 7.6738e+05
37099.9223 11.3192 7.6738e+05
37102.3223 14.2454 7.3244e+05
37260.3423 11.5510 1.8239e+05
37345.7223 13.0225 2.2954e+05
37771.8423 17.6715 6.2816e+05
37775.8423 11.8917 6.3545e+05
37824.4323 16.8539 7.8530e+05
37931.7823 15.9351 5.0190e+04
38085.0323 13.2757 5.7533e+04
39219.1124 12.1602 5.8795e+04
39653.1824 15.1472 3.5201e+05
40354.9425 10.0943 6.3930e+04
41095.5125 10.1777 8.2375e+05
42050.5026 10.9858 2.1240e+05
42056.7426 15.9042 3.7460e+05
42079.7526 11.4250 1.4220e+05
42092.7726 10.6431 1.8183e+05
42364.0026 14.2356 1.0371e+05
42548.0226 12.2636 1.8920e+05
42722.1226 12.6458 1.0980e+05
42918.2526 10.4330 4.8408e+05
43313.9326 15.7094 1.3233e+05
43327.3926 13.8602 1.0476e+05
44449.6527 10.5481 1.1420e+05
44748.6227 10.5344 1.7910e+05
44766.3527 10.6744 1.8532e+05
44788.5727 12.0882 3.9026e+05
44844.1227 10.7746 1.5806e+05
44876.4427 10.5914 3.3751e+05
45179.6928 10.7566 1.5310e+05
45204.6228 12.0544 1.3478e+05
45245.2228 19.1551 1.9728e+05
45302.6828 13.6682 1.4970e+05
45305.7828 11.5496 1.5798e+05
45319.1528 13.1968 3.4839e+05
45452.3028 11.4115 4.7797e+05
45972.9628 12.1140 2.4069e+05
46045.5328 10.6672 4.4743e+05
46070.0428 15.0677 2.2179e+05
46124.9728 17.0444 1.5808e+05
46224.8128 14.6323 1.2826e+05
46264.6728 17.0902 1.3992e+05
46384.7628 14.9977 1.3941e+05
46457.8328 15.3386 1.3437e+05
46778.5629 11.8941 1.8113e+05
46804.2929 14.1231 1.2752e+05
47090.0429 10.6553 1.1639e+05
47346.8829 15.2196 3.0986e+05
47347.3329 16.6508 3.0986e+05
47484.4529 11.6314 1.2991e+05
47697.6529 10.1577 8.8813e+04
48061.1529 14.1141 9.7496e+04
48404.9330 13.1580 9.8553e+04
48522.3630 12.3215 1.1554e+05
48583.5130 10.0710 2.2795e+05
48661.9230 13.0792 1.1130e+05
48674.9330 11.0736 2.4573e+05
48689.0930 12.7281 2.4981e+05
48692.1930 11.1912 2.4626e+05
48914.0630 18.7309 9.7811e+05
48914.8730 23.2169 9.7811e+05
48964.0630 13.1593 1.9132e+05
49034.6730 10.8269 1.2097e+05
49057.7530 13.0167 2.6361e+05
49310.4330 11.5037 7.9966e+04
49418.9230 10.3961 1.0967e+05
49700.4930 10.3136 1.2577e+05
50121.0931 11.4763 1.0825e+05
50535.9731 11.1467 8.7830e+04
50596.4631 10.9342 9.8893e+04
50631.9031 16.8456 1.1873e+05
50640.0331 16.9879 1.2692e+05
50659.6731 14.4430 7.6361e+04
50666.6431 12.5244 7.2832e+04
50680.4731 16.8531 1.2259e+05
50708.2431 16.1272 1.3439e+05
50719.1731 12.0967 8.6980e+04
50724.9431 17.7910 1.7825e+05
50733.9831 16.3845 1.4910e+05
50754.8631 10.4657 7.2838e+04
50988.3231 17.7714 1.1938e+05
51255.7931 11.8223 3.1309e+05
51301.9431 10.1930 9.4644e+04
51462.7431 10.5426 1.5663e+05
51592.2331 10.4908 1.9953e+05
51593.7331 10.2812 1.9953e+05
51637.3932 15.1283 1.4596e+05
51687.6732 11.1824 1.1818e+05
51770.3132 13.3054 3.4987e+05
51948.3432 10.7287 6.7873e+04
52375.7832 11.0558 6.8908e+04
52575.9232 14.2514 1.4347e+05
52584.1832 15.1239 2.3271e+05
52619.6232 11.5773 8.4782e+04
52633.0632 13.5901 1.2574e+05
53133.4232 10.4294 1.5722e+05
53134.3132 13.3525 1.8348e+05
53177.8032 15.1599 2.9553e+05
53178.5332 14.4346 2.9553e+05
53180.4432 10.8743 2.4399e+05
53271.8633 11.3006 6.4081e+04
53808.7433 10.1787 4.9469e+05
53821.6533 12.2812 4.0312e+05
53918.5633 10.1414 1.1427e+05
54536.3533 10.1111 8.1703e+04
54650.4833 16.1630 1.2784e+05
54777.6533 15.1531 1.2898e+05
54950.3734 17.0481 3.2667e+05
54952.4034 10.4452 3.2667e+05
54972.4134 15.4710 4.9596e+05
55008.3834 17.0449 1.6531e+05
55025.8634 12.7052 2.1019e+05
55124.5934 11.6888 8.8667e+04
55241.1434 11.0883 6.8763e+04
55255.5134 12.5761 4.2068e+04
55372.9234 12.9075 4.8478e+04
55682.8634 13.1923 1.5105e+05
55779.9034 12.7872 6.1616e+04
55780.5334 10.1344 6.1616e+04
55927.4934 12.1553 1.8408e+04
55974.7534 11.6227 4.5052e+04
56001.5734 14.8283 1.4510e+04
56189.8234 11.3976 2.8250e+04
56201.7034 13.3368 3.1654e+04
56307.9334 11.7557 2.7520e+04
56433.2034 11.1909 2.7455e+04
56544.2135 11.3788 2.3400e+04
56609.1835 11.7113 2.5586e+04
56762.8335 14.1365 6.0365e+04
56909.4535 11.8471 4.6605e+04
56916.1835 10.4848 3.6911e+04
56972.0335 14.7728 5.2493e+04
57096.8135 10.1347 4.6440e+05
57138.4935 14.2965 9.3812e+04
57148.7135 16.0470 9.8163e+04
57164.6535 14.4891 1.0396e+05
57166.6635 12.5465 1.0284e+05
57180.5735 19.1372 7.7399e+04
57276.0935 10.3083 1.0380e+04
57689.0735 13.3458 4.6892e+04
57773.4335 11.8073 3.0645e+04
57789.2435 13.3256 5.0459e+04
57790.9035 14.0013 3.9050e+04
57836.2335 12.7788 5.2873e+04
57953.9835 23.2028 6.4808e+04
58419.5036 10.8128 7.1557e+04
58441.2136 10.8640 3.4263e+04
58835.6236 11.1475 8.5740e+04
58883.6136 10.3627 2.1130e+05
58884.3936 16.7563 2.1130e+05
58885.0836 12.5476 2.1130e+05
58886.4836 10.2096 2.1130e+05
58903.2236 13.9073 5.5380e+04
58909.5836 11.8599 1.1169e+05
58964.0736 16.9073 4.7811e+04
59070.8936 11.5513 2.3430e+04
59411.2536 15.7221 3.3798e+04
59445.8236 21.6523 1.5065e+05
59465.5536 14.5287 4.7127e+04
59561.3736 12.0987 7.9646e+04
59579.3336 16.1525 1.4529e+05
59604.2036 20.2550 2.3508e+05
59692.6236 10.9771 1.2477e+04
59720.0736 10.2708 1.6477e+04
59726.4336 12.6337 4.4938e+04
59752.0636 19.4832 1.0347e+05
59822.7037 13.7612 8.0392e+04
59903.6837 12.3561 3.9891e+04
59956.6437 21.6692 1.4559e+05
59980.0737 14.5257 9.4180e+04
60055.2837 12.7482 3.5130e+04
60083.5137 14.4633 1.0628e+05
60260.9637 18.8148 3.1524e+05
60288.1337 17.1251 6.5268e+04
60328.7437 13.0643 4.3841e+04
60373.8437 18.1453 6.9175e+04
60412.5337 10.3467 3.9011e+04
60436.6037 11.4181 2.8437e+04
60471.7437 11.2281 4.7741e+04
60473.1137 11.4598 4.7741e+04
60567.1237 11.9913 5.9847e+04
60595.1537 18.1683 4.1364e+04
60740.5537 10.1256 2.4309e+04
61039.2937 10.5354 1.6277e+04
61060.6737 10.6862 1.6644e+04
61271.9437 16.0380 8.5403e+04
61512.9138 10.9947 3.2574e+04
61514.5838 11.0183 1.6527e+04
61610.0838 12.4097 2.1380e+04
62096.0538 22.5083 1.9542e+05
62167.2238 11.1853 7.9348e+04
62172.2238 14.9839 6.7620e+04
62197.7238 10.3062 1.1809e+05
62199.4338 12.5702 1.1809e+05
62227.5738 11.4967 2.6714e+04
62274.3338 10.4923 1.6740e+04
62282.6338 15.9332 2.0319e+04
62295.5338 14.8831 4.0056e+04
62305.1738 21.5540 1.4346e+05
62367.5138 11.0378 2.6616e+05
62368.3538 16.7701 2.9440e+05
62368.9238 19.0805 2.9440e+05
62409.0938 16.1053 4.7104e+04
62430.2138 15.1332 1.0808e+05
62669.7438 15.0772 2.8691e+04
62859.2238 10.0404 7.9802e+04
63319.2139 14.6710 5.7408e+04
63339.7139 17.0059 4.9470e+04
63347.3339 11.7980 9.0018e+04
63540.2439 10.0968 6.2803e+04
63777.8539 12.7838 2.6379e+04
64477.7139 10.2304 1.1108e+04
64535.1639 10.3780 1.9787e+04
64658.1339 14.0963 1.6784e+04
65075.5240 19.3439 3.3371e+04
65100.3940 18.5842 8.0512e+04
65160.4540 15.2288 7.7655e+04
66891.5741 10.8083 1.1565e+04
67299.4541 26.6404 2.0737e+05
67561.3841 11.0870 1.2122e+04
68745.7242 15.3722 3.8147e+04
70210.8643 11.2410 1.4594e+04
70281.0543 11.8638 7.3132e+04
71083.9143 11.4272 2.5483e+04
71638.8944 14.5592 5.8216e+04
72072.0244 11.2459 3.6702e+04
72211.1944 12.1398 3.5998e+04
72213.7544 10.7318 2.0184e+04
72562.0244 10.4622 2.5589e+04
72615.5144 14.4185 3.5527e+04
73287.5645 10.9358 1.2969e+04
73338.1145 12.3806 3.6780e+04
73594.7645 10.3496 1.5098e+04
73604.2545 18.8575 9.2887e+04
73617.3745 10.2143 3.6149e+04
73683.7945 18.6868 1.1852e+05
73685.5645 18.6446 1.1852e+05
73699.9745 12.9431 5.8587e+04
73741.1645 14.3809 1.9826e+05
74806.4846 17.4627 3.4225e+04
74857.9846 10.8407 3.5152e+04
75671.8746 11.7838 3.1701e+04
77201.1647 10.9943 1.8547e+04
77227.0947 13.4782 1.8770e+04
77448.7947 11.2191 9.9961e+03
77995.0348 14.9231 2.3317e+04
78094.1148 10.9191 3.9251e+04
78581.7248 17.6131 3.2618e+04
78665.3248 11.3069 2.8664e+04
79733.8949 10.7723 5.1120e+04
79893.0149 15.5575 3.2311e+04
80260.1149 11.0648 1.4346e+04
80287.6349 13.5383 3.1392e+04
80772.3249 10.4394 4.5968e+04
80842.4449 13.1411 3.8306e+04
81609.0650 12.7534 6.8219e+04
81687.0850 14.7092 4.8339e+04
81915.4050 12.4746 5.2194e+04
82275.6250 10.8795 1.9827e+04
82543.3650 10.2061 1.8241e+04
82685.4050 12.0799 4.0832e+04
83098.9051 13.3004 3.4634e+04
83185.5451 23.6077 1.5006e+05
83513.8451 13.6932 2.5015e+04
83524.2051 13.7869 4.5324e+04
83700.3251 13.5547 5.1285e+04
83765.8751 13.2446 2.0877e+04
83771.0951 10.9515 5.7432e+04
83790.7851 21.4829 2.9612e+05
83793.0551 11.0581 2.9278e+05
83818.2751 15.2547 2.0637e+05
83819.8051 13.7004 2.0637e+05
83820.2651 17.0832 2.0637e+05
83824.9151 12.2605 2.3836e+05
83835.0051 11.6914 1.5993e+05
83869.3351 18.7702 1.3631e+05
84597.7852 10.7465 9.0765e+03
85231.9752 10.1904 1.3411e+04
85275.6252 11.1547 9.6063e+04
85473.4352 13.7207 1.2667e+05
85475.6652 10.0126 1.2667e+05
85792.6952 10.3027 2.2556e+04
86019.1153 14.0459 6.2705e+04
86224.2953 16.1295 1.8408e+04
