19706.680000895994 7.500764529108225 306235.45473728
19726.500002105713 8.491100237190638 888906.4773667707
19727.76000218262 8.974128853676335 888906.4773667707
19749.940003536376 6.758629024391193 133714.94738933636
19767.230004591675 6.717065034603107 119443.91959302008
19774.76000505127 9.71077414424458 1982691.99247907
19789.670005961303 12.19759763168559 56515455.881095566
19790.75000602722 8.020472682122328 33747693.04998401
19798.140006478272 10.207227202443134 74387069.49236408
19829.570008396608 12.366972152001365 122010447.4532704
19831.790008532105 9.918592386554195 130969824.15112089
19891.900012200927 7.523993669044803 367028.95142830693
19895.480012419433 7.260008316142134 658105.7529920369
19896.18001246216 6.619892283529226 251998.7583095531
19898.650012612918 6.871528900732523 401642.1846021277
19922.44001406494 6.26698761032774 122232.14007673613
19985.20001789551 9.173662766071295 220865.5837774894
20159.790028551637 6.415766303503015 81274.07920536638
20186.59003018738 6.039878166358599 82609.1535556688
20464.400047143557 6.767375672434577 64723.79481965595
20903.090073919073 7.397965703721375 75462.41020561561
21189.000091369635 8.954946800394676 103693.63886322844
21198.930091975715 6.013409397771905 73264.5544176545
21295.2300978534 6.382246288757534 48398.083096805894
21536.550112582405 7.260703628964552 81618.74809461355
21643.30011909791 6.381131688554503 62203.77516661477
21655.35011983338 6.2710960120356445 93239.52686058359
21935.510136932993 7.432529252267378 161946.73296454846
21936.650137002573 6.399930494919121 95499.4408280852
21995.330140584116 7.667555239186613 68855.51812999189
22408.40016579591 7.8162957275672715 1123759.3537904872
22468.610169470834 6.130190619601403 53542.18266534883
23398.300226214615 9.979854417051602 83076.98591013606
26050.780388109153 7.65307179999725 80506.94446699844
27140.20045460208 7.497921179204093 197329.53952812226
27641.42048519412 8.085186584472938 102212.6777495092
29017.710569196202 6.403210483280328 65133.123636349126
29239.410582727694 6.967043121433694 60810.732345104865
29377.390591149328 6.672063147314348 104721.11865245427
29637.990607055093 6.545749770767507 115423.28276062489
29753.830614125403 6.347152316341232 918327.9517986818
30301.880647575723 8.748498767099736 148377.67900021566
30496.650659463543 9.321351199193497 449957.9058111073
30512.35066042179 10.951258179782862 825147.8920837961
30524.220661146283 9.891542062209052 629572.1250640657
30529.660661478312 8.086904647939688 420994.77767369954
30551.910662836344 9.745656036175776 625669.9514107688
30567.98066381718 9.101057868041531 326794.1693610994
30579.26066450566 7.817145524987758 295463.47644768876
30586.79066496525 9.304787535521692 505727.9469214951
30602.11066590031 11.281828253215803 600460.2748916497
30609.600666357463 7.670659983564583 398815.0760621682
30628.200667492718 7.431945929387706 201010.73114016195
30649.37066878483 6.008182055303283 156165.57153020593
30681.19067072697 6.503318159628165 221701.79268235914
30686.180671031536 9.987844102744193 1205184.3788174866
30698.26067176884 12.572834421626142 2975237.3498919187
30743.360674521526 7.955187762608343 760817.050249503
31181.360701254926 6.976609108351826 178530.93627709392
31199.290702349288 10.099967049708338 886206.3070294303
31247.270705277755 7.252870857527854 364067.21893141227
31334.080710576214 6.921324290364139 70510.44602031718
31340.070710941814 7.176495821885822 298536.7676005604
31352.640711709028 7.335081800786934 92920.75338787603
31370.31071278752 6.0224508876412415 127485.82293048337
31568.410724878584 8.021841017863375 693942.4555502408
31589.440726162153 6.139269399062662 143696.7564659554
31598.890726738937 9.633128628277797 522569.08947333455
31636.370729026534 9.378911263481662 690518.4910913301
31657.970730344896 11.39886452388013 1269539.995387296
31670.560731113328 9.459491159111689 556001.2537303844
31689.65073227849 10.613132937788805 852145.3442756574
31777.220737623335 6.893441797220302 98641.90743052239
31819.94074023076 10.432677243197967 561282.2756523959
31835.610741187178 10.73663391525574 827489.7288114249
31857.8507425446 6.413210518588249 341883.45225940406
31871.010743347826 8.937871416945827 459863.066996877
31875.570743626144 6.706088177263133 2473557.403935069
31876.510743683517 6.6104975240944865 998810.676734139
31905.64074546147 7.1154941459678005 214016.0248664572
31906.76074552983 7.588228956892029 200385.48556723146
31934.180747203412 9.933934201410024 331927.4152552146
31935.18074726445 7.3713319444788645 326258.52996319556
31939.07074750188 8.416984136425699 433799.95265384915
31942.190747692308 7.513337860915759 1697410.4827277057
31962.030748903242 9.324555426556069 528321.9640628486
31968.39074929143 6.671932807199944 121442.12576364182
31970.880749443408 9.757253933604607 1475719.4536885032
31998.4107511237 10.00648791671163 655424.9771927509
32027.66075290898 6.15391962484402 174973.66940381413
32043.57075388005 11.172415225648512 1492743.2859706827
32066.050755252123 7.303082823888261 242682.09994128518
32080.00075610356 9.225167027982971 574303.1593838887
32084.79075639592 6.393424632932885 218600.53552670137
32091.600756811567 6.6434717660791565 250898.24544579408
32100.43075735051 7.3930135129108185 252171.92123274805
32104.210757581222 6.1977568253831 532777.3793842562
32112.220758070114 10.138139026114496 622964.4769743418
32132.02075927861 9.12497781360074 453512.7062001352
32143.72075999272 9.345237894565658 271093.1786058948
32155.210760694015 8.19558918015091 348358.85606661416
32395.82077537969 7.309493125080383 166261.37925186742
32463.86077953252 7.328435721005155 414361.90961760253
32483.3607807227 6.325928268264245 216986.24381172642
32487.950781002855 7.539513094237226 1177124.608821968
32502.480781889695 8.239642389890694 206831.1496812435
32508.920782282763 10.700469309571375 6612593.8661450045
32522.920783137255 6.094517263877392 234941.78416762297
32524.77078325017 7.959319722750071 3659224.21113283
32526.350783346606 10.985838731555267 4575882.795213623
32545.390784508716 6.350119584048519 118748.42829136632
32558.470785307054 6.179817680958415 214015.89605426078
32563.310785602465 9.63163473533214 1191392.8640568547
32570.52078604253 11.287945852255655 796247.7057200106
32573.100786199997 6.417184342010925 789358.7859657194
32583.60078684087 10.213748562245744 1007951.3345669258
32592.16078736333 8.56742277080683 1221455.307972949
32602.010787964526 9.349269421162587 1379064.9742526684
32611.76078855962 8.857532843191716 1853495.8470775413
32655.55079123235 6.184733392946661 1277096.2727938925
32704.690794231617 6.621145073167679 318806.0258396909
32708.290794451343 11.426349395141424 6469459.549579625
32760.090797612964 12.021052778605483 16104052.399589965
32800.72080009282 11.33202018033267 1005442.4661149146
32809.820800648245 10.977811552090483 1559728.2344932505
32859.68080369146 7.094493335456014 211873.9508487054
32862.020803834275 10.601839373129426 4182056.4339700085
32890.600805578666 6.985881524662438 195502.4868649654
32920.25080738835 7.408466180173396 335262.03672440565
32921.240807448776 6.72121502744901 270183.5922992816
33045.71081504582 7.689170871829289 94160.3375003235
33068.80081645513 10.601671103132016 4837763.6495155515
33077.73081700017 8.916387406884528 1982095.8598072985
33122.47081973089 6.187702528455873 1950875.6446190912
33130.390820214285 6.841599979202547 1785111.360515382
33152.860821585746 6.134080042118007 368341.07252185856
33159.590821996506 6.061855577962546 1838655.8187973902
33189.590823827566 7.1539211574701485 2704969.993671626
33202.35082460637 6.050848827193835 543343.1505923931
33246.12082727788 6.063287340824138 174373.83791523537
33255.820827869924 6.995342033941683 674614.8710687285
33257.65082798162 9.363820385855668 1172798.7242202384
33321.66083188848 7.459430968331427 102416.89579591095
33396.15083643499 6.968876000403324 257748.46224099587
33461.40084041753 6.247305776932927 142138.03685403703
33594.98084857061 7.3603200934695385 103130.54119936061
33753.97085827459 6.159213728362884 230934.4015444358
33761.43085872991 6.223969780078171 209645.3074674663
33765.990859008234 11.0330375820084 3344247.9873101492
33794.6508607575 8.116390259922369 931472.7146312355
33830.850862966974 9.003137332489827 496996.53707282495
33886.600866369685 9.397836128051013 284739.7023143963
33891.72086668218 11.355142724918242 2912249.743408551
33940.73086967351 7.263236365155834 406225.4605609454
33963.91087108831 10.633661759644749 9305992.664560918
34028.48087502935 7.774079649491781 757525.255951939
34032.08087524908 6.493031180195661 730043.6472741786
34046.67087613958 7.295462673253737 537227.5779452203
34071.22087763799 9.068427786163042 735511.063197732
34081.69087827703 7.527657268086936 246329.11079727803
34285.98089074591 6.126838412968893 67874.14328453087
34319.44089278814 6.260830972933693 372039.7993027329
34335.450893765315 6.159022664183137 212459.41536368933
34347.50089450079 11.912486967824558 6148753.974692123
34360.66089530401 7.2220464575400625 1336483.4546097033
34427.200899365285 6.675866537810776 105331.0755014435
34430.930899592946 11.24599976931189 5678472.2062541805
34476.820902393854 6.215307435377647 67597.85506541326
34545.710906598564 6.425385913598996 149840.30362199192
35115.24094135992 7.608451151547786 622400.7378113862
35137.26094270391 7.481162734353501 609641.2977021796
35295.610952368836 6.878146312148027 7241260.077432731
35296.260952408506 12.077082478651057 5333089.693803155
35333.33095467108 8.324077579725627 406656.8537626152
35385.75095787054 6.040979839787508 841837.9054729997
35395.15095844427 12.116334559767486 3770113.8483773414
35408.26095924444 7.356551398250743 146013.73370789134
35424.17096021552 6.283001941089079 395151.5271927194
35431.550960665954 6.489009893996939 1297502.5306145698
35440.42096120733 9.884088341015447 958305.7858408013
35479.30096358038 10.025430337657534 408110.85649371776
35484.47096389593 8.11144276993629 459507.6600636979
35496.28096461676 9.85670506022537 613303.3579988615
35501.40096492926 7.88478348208651 561063.3254296831
35513.77096568426 11.404904529631189 609795.3669989016
35525.04096637213 7.72222093195033 406616.01053429
35561.270968583434 7.8476240189788085 4119991.22733492
35569.92096911139 6.957360850015458 478338.18770597613
35571.60096921393 6.511555763805328 1063003.949045137
35581.69096982977 6.369897861617666 120058.14431155703
35587.54097018683 7.927996424303568 1558684.1112881897
35591.640970437074 8.428108690838382 643404.9449553625
35603.320971149966 6.5959628993339825 197531.35719368604
35613.920971796935 6.110531778330142 351967.4589769024
35614.920971857966 6.382110642265397 326441.6737879017
35620.87097222113 6.155104176770241 116711.01333943785
35701.98097717169 6.308063398807578 70917.85566590667
35762.79098088324 6.196450791491703 74073.1954752265
35769.50098129278 11.173561691207146 1071508.2616375473
35775.69098167059 10.742596015224684 885360.0827222724
35784.92098223395 10.951340184082289 1588177.6170527048
35789.300982501285 11.27932388879045 2927508.2724943534
35815.75098411566 8.1576298403592 173388.07872668793
35822.38098452032 10.602587837539968 1529478.9416671258
35849.95098620306 8.654672147310563 433156.3532850061
35893.38098885382 10.328370728943515 648642.7815490501
35898.27098915228 6.827778083149742 360688.99430227827
35907.70098972785 7.196421585915539 345484.0741962175
35982.52099429449 8.255926663287878 99150.4029116414
36070.690999675964 7.6829317100614345 736517.4399865393
36400.591019811465 6.21073796483662 813924.7691162676
36404.971020078796 6.829315888981242 1644561.7487575887
36406.31102016059 6.231891881956812 1081405.8171412547
36437.481022063046 7.046757138123269 864411.946180247
36438.4010221192 8.46153842207737 808651.7406601579
36457.3310232746 6.114019831134389 222706.41635026986
36595.23103169135 8.19567957968535 1017355.9757826872
36614.63103287543 7.060401390666359 1189017.0605908833
36667.581036107236 6.327344123857437 2671861.0466848016
36668.71103617621 7.046148630195667 2113560.6709595616
36690.95103753363 6.397133510122191 3802513.1568799694
36708.2110385871 6.091669355524549 8039908.745666798
36715.241039016175 6.53859662434167 795701.1853076511
36736.46104031135 9.501969345979473 1620122.9445061616
36737.661040384584 8.599671099940101 932748.29957357
36841.83104674262 7.4963909713786645 645945.5412716998
36843.171046824405 6.613373942794119 358928.4141114908
36902.181050426094 9.25622292170203 3898653.753601644
36905.82105064826 6.803252332336425 732548.7364554867
36961.4110540412 7.888654431398663 599468.2911698616
36965.971054319525 6.187368560268362 291123.3151480589
36993.591056005316 6.229854213345505 763088.7954923656
37035.80105858161 6.986666963623819 165209.71567533645
37042.44105898688 7.5691379426411345 168259.98738013717
37046.29105922187 6.477602725399671 267445.5521725252
37058.27105995307 6.025707089328246 409164.05029381154
37059.701060040345 9.031600830093133 378823.63689193834
37082.471061430115 6.944387024120742 967906.0286681626
37103.101062689275 6.265432018931257 188702.52532638336
37105.411062830266 7.055812346854678 617569.9024784344
37113.32106331305 6.0746125886004485 171830.9719101088
37116.77106352363 6.522796176806404 612515.0943802428
37125.331064046084 11.074964344542897 1895423.873425742
37150.61106558905 9.288563688718476 123103.07160573869
37221.79106993353 6.072577826721819 413598.1045874603
37223.101070013494 6.173775304423444 286205.2030251341
37231.611070532905 11.310079405105823 3250541.008000311
37250.231071669376 6.6826684146062085 344891.5715811658
37252.771071824405 8.33733810049535 369187.39215194486
37284.96107378913 6.108186588169575 600820.0294819217
37345.881077507394 6.826618241794028 400413.6990245224
37349.36107771979 6.501999586722487 150753.8116214797
37353.28107795905 6.232966236590798 1517058.968737366
37354.47107803168 9.620600424634416 1542010.3431157302
37444.7110835395 7.381097381964841 558971.2237556792
37450.591083898384 6.119476221680535 285286.8237238617
37452.041083986885 7.051078701359538 11819531.083155252
37452.74108402961 10.737417513198332 7364595.323718484
37464.811084766305 7.133811408692579 999699.269082681
37498.99108685248 6.130831638209065 35221.562836326164
37599.561092990785 6.570080996094618 110847.73490103998
37772.0111035163 6.2694135416802155 214764.5470865508
38178.94112835334 6.5530061197208775 145367.79133065752
38306.82113615851 7.25742179983904 105101.60724240473
38336.05113794257 6.451142226866245 430431.305892643
38344.49113845771 7.526431854541645 151142.61047666104
38358.77113932929 7.1490296202740415 69356.23443786491
38375.90114037483 7.493918833318229 521781.9531559911
38460.91114556343 6.747213841836169 217311.57506539093
38468.201146008374 7.990009671678567 466163.7585894312
38506.3911483393 8.644615904476222 117415.13571234305
38597.86115392219 7.71212644010363 221631.7236446335
38619.77115525947 6.172767077401972 87235.10833088946
38631.41115596992 6.607691544167259 277516.92635893065
38632.10115601204 6.339877030025141 224607.91094447573
38663.34115791877 7.592060678249521 123641.1633108407
38938.97117474189 6.170481941193135 166314.77133257277
38947.55117526557 6.178984595040922 115442.4162382815
38955.00117572029 6.513182848530877 123028.566154702
38957.9111758979 10.546377877577694 293759.5078397299
38967.26117646858 6.022106956864531 78150.18017804601
38979.47117721382 7.585304048050461 103985.6037166334
38990.54117788948 9.715715188933828 420430.20126365154
38991.2411779322 6.287179387659369 227096.37453708382
39007.5611789283 6.15357071847984 92171.54405003495
39013.651179299995 6.122624485448215 317081.64623004827
39014.511179352485 10.06406345602753 241909.76258821727
39030.82118034797 6.062812182930248 74402.87119426693
39048.381181419754 8.048886958501257 244112.0205000326
39049.34118147835 7.730052884669115 379178.7137782712
39051.061181583325 6.658278481068784 779871.3249364583
39052.031181642524 9.096346177747126 594564.1466592095
39071.02118280159 8.651294632972947 193222.7351437792
39080.28118336677 7.8433682813261845 591935.485065642
39091.451184048536 7.934404941377227 401130.88473520643
39115.941185543285 9.25684149210041 1017689.6995417611
39123.9711860334 9.655645121365398 822102.8641770378
39138.1711869001 7.152618535589277 266775.47963690665
39161.70118833626 7.971715830245567 98033.88209452001
39172.71118900825 6.035140039180587 103868.24843702107
39197.22119050422 7.149772867493094 236426.40258478757
39291.24119624275 7.375976763383011 181405.70376427384
39292.211196301956 6.795392248035349 130185.77217400087
39423.01120428535 6.126390436815025 86318.27838214692
39674.75121965034 6.091609908965381 42063.800549808104
39700.4012212159 6.55122847937554 42390.80958272147
39733.4412232325 8.254635127798705 117833.61884062999
39734.341223287425 6.379104841854976 35710.019991125606
39751.83122435493 6.006882257723029 69227.72700652003
39786.73122648506 6.051251662560252 160300.86725940226
39822.50122866829 6.7991102465187225 296009.9678650811
39833.39122933296 6.116777133404662 256892.23270017447
40023.88124095955 7.428061945954716 145052.12099092896
40052.401242700274 7.017169246718656 488213.480856018
40098.47124551216 6.2360343799549955 92815.85072760585
40128.751247360306 7.87984616175076 640753.440074695
40139.17124799629 8.17867114295719 149917.0785176721
40146.17124842354 6.310478409782589 1187650.46102976
40147.251248489454 8.044203015379823 1187650.46102976
40152.58124881478 9.295765947615793 1079350.629494111
40210.19125233101 6.783776680502691 357758.6054650869
40284.87125688911 8.017674709939174 532456.3664285623
40307.881258293535 9.963655364002667 811087.605864781
40333.60125986335 6.014669642902596 104579.93352090455
40353.66126108772 6.191073987219421 217650.74690242347
40354.401261132894 7.8687459652686504 159221.53648561842
40366.491261870804 7.855669086379692 555900.7127086231
40366.95126189888 8.297665038594777 449964.67765969527
40397.24126374764 9.29050219104762 962726.0914943015
40404.35126418159 9.400032077659917 1780416.909972558
40546.96127288582 6.486522905771928 388796.79305926745
40549.17127302071 6.0764583991684376 443810.4450653258
40640.72127860847 6.978810502429078 228097.36198494464
40701.53128232002 7.519227614541801 715976.4999116638
40818.53128946114 7.486884963719322 538400.759076402
40842.441290920484 7.550097774338561 129224.77152860176
40894.22129408089 10.144959734669563 3607697.896595386
40979.561299289635 6.680857347193716 57224.62049971007
40989.391299889605 6.549151477900071 90475.98543315343
41417.69132603097 6.130671470572848 49398.74887192602
42482.65139103097 6.03082936921631 42994.914112214494
43349.97144396798 6.103757213164971 59232.155664232676
43362.04144470468 8.05852319055268 991727.0469113573
43363.56144479745 7.932444596824202 761462.0628358104
43426.471448637174 7.478914064175223 179833.79149409087
43457.351450521935 6.9853437698098455 103460.7112817092
43509.3814536976 7.8515806413754925 115980.98035798437
43587.01145843576 7.189442953304839 118360.5370664323
43644.431461940396 6.191815940415603 448823.6166884132
43964.10148145151 6.6678476740289705 116885.36511067116
44006.61148404611 7.026983916457626 208366.7708693293
44169.06149396127 6.183895657684324 58274.13220236495
44184.70149491586 8.957464542290568 142156.8415948874
44216.8114968757 7.209018040002357 146676.81242559024
44744.20152906503 6.463920063606844 685482.1499755874
44981.09154352365 6.081629822727063 343787.57871092716
45815.42159444712 6.4797031484459735 278834.6492621433
47123.661674295756 6.340608825628487 554637.3512637529
47126.36167446055 8.035619685808891 735504.5460835923
47320.25168629466 6.214941313873942 27661.895405781703
47498.051697146715 8.517588148470603 110503.63183826639
47753.39171273143 6.453268444592652 90280.39684747042
47897.43172152293 6.352270446882724 32844.20383305311
48217.34174104869 6.065873707591165 47729.85101894465
48359.77174974193 8.23698809761476 74106.50541659167
48717.05177154857 6.357116846477666 36455.333617836586
48782.881775566515 6.6800978488753655 82648.71720233012
48849.69177964427 6.265043700760824 68028.53410720857
49310.62180777721 7.11297978112118 37642.83504117179
49954.35184706737 6.994043721969731 36490.41238342864
50222.77186345043 6.685827389454944 21095.50458559425
50543.58188303112 7.965612901247648 77477.89708447548
50571.55188473828 6.227489464430259 44155.406834408444
50583.451885464594 6.475316616738225 37341.296517044146
50624.121887946894 8.404833477114742 45943.97250632233
50661.64189023693 6.363943491850561 49546.436675869234
51359.74193284557 6.132824699139531 40076.79030053563
51686.39195278271 6.104765391118594 23758.344742139998
52014.881972832154 6.29948111415329 32583.692402155655
52143.621980689815 6.015634858452099 45510.04381937779
52190.01198352124 6.338708629608184 21071.84555737409
52193.32198372326 10.995550274159939 183891.44890857613
52224.04198559826 7.632588942015199 39705.439270809715
52363.27199409619 7.009058647576085 36618.51538694933
52390.711995770995 7.511193099972996 44037.20495510231
52656.51201199414 8.625475769480127 68279.69506732668
53754.162078989386 10.390319435451387 107251.3307631855
54570.44212881116 7.1115542380462955 61203.30948418285
54851.192145946785 6.454136187671545 45287.66229209873
54938.77215129224 6.252201265245961 420604.4292578457
55084.84216020765 6.338307460162014 58680.396069901384
55569.22218977186 6.421037882822968 19834.89286672422
55686.522196931284 6.726941052187021 28669.888394299745
55762.14220154677 7.163230550322048 14662.720153616807
55909.04221051283 6.629399605405006 10489.435591576195
57649.36231673354 9.496938834582323 35038.726590723425
57986.98233734023 8.226170228998315 44954.87716455073
58235.642352517236 6.618541984423731 9769.68180509004
58339.57235886062 7.514497245372375 13249.856281340797
58444.712365277854 8.112088531548835 28474.159645658125
58528.432370387716 6.0981155364747 12699.499626346136
58557.21237214431 7.82881085150245 18981.2028833396
58805.46238729629 6.141626222068357 12872.852205726058
58888.19239234573 6.764414713052579 10941.706534898816
59018.27240028518 6.311617499982019 11305.797085056249
59213.84241222183 10.638745716599052 128645.08817850905
59445.102426336816 6.20148949126954 310513.35226528556
59509.95243029495 8.266664263478757 32255.211974092574
59518.27243080276 9.944856806629017 97252.3902754561
59562.52243350357 7.254402668661163 29782.82167334773
59582.912434748076 8.145341604763827 38940.78444088231
59693.01244146805 6.083139421305367 17802.13351893255
59735.982444090725 10.069139953479135 11396.81769022292
59767.41244600906 8.828628666132353 49975.87166525643
59836.8124502449 6.928834379576492 20871.160166054276
59907.562454563136 6.272246143091291 24815.07517071802
59933.60245615249 8.473771554410483 57409.69281050734
59953.38245735977 7.338544171101202 44436.32115722154
59995.4324599263 9.062671792018913 29885.50154526888
60056.1024636293 6.2324219020608735 15099.886943952506
60082.04246521255 6.722853501724952 27080.466535663603
60179.312471149446 6.200122802978289 26534.66042707589
60223.542473849026 6.260488310449983 17851.449643945856
60405.37248494705 7.176109272462751 19982.55708988922
60697.492502776644 6.089618841545158 71993.29819542287
60704.63250321243 6.701359757582111 158339.07326921367
60743.54250558731 8.10481384801063 38652.04056374091
60754.51250625687 7.422568474459357 40616.83825786334
60779.132507759554 6.16397853176117 57861.58600548797
60819.15251020218 6.631117908257623 11605.815039111621
61057.07252472366 6.928268784825626 47592.38924631915
61061.00252496354 6.984234259320296 32691.83139304619
61283.46253854142 6.191499016829745 26708.892738094557
61303.94253979142 6.5378913606360225 26319.174154551896
61508.982552306064 6.676608832569235 5853.031679754707
61604.13255811356 6.093797971424127 19122.782852852728
61714.48256484879 6.057679055450644 29626.17012373156
61738.762566330726 7.787761689865904 12908.448722687908
61772.322568379066 6.600023783756197 8585.474446927516
61775.82256859269 6.458839816527206 22286.3309067722
61841.13257257889 6.065205154811984 22234.88767624662
61855.422573451084 8.366624661759113 25701.16528956953
61863.372573936314 6.221415876109754 10707.157144370922
61878.58257486466 8.045831161451849 49151.608572526515
61887.65257541825 6.755580863702811 28453.721831291175
62000.412582300574 6.395441960231226 14653.949787827245
62017.452583340615 6.767729534393801 12434.789416224141
62103.5125885933 6.274698971365193 13226.036337260477
62179.2525932161 6.5022815273721974 12361.83051344828
62230.73259635819 7.326687135382377 24930.04490272299
62234.14259656632 7.664344816302889 23474.399374616944
62340.41260305253 10.226361744849916 29728.29768724877
62386.382605858314 8.10077848464394 8499.513610568209
62389.54260605118 7.829987900170438 70642.06794640429
62391.952606198276 6.202935276458013 15142.020168775129
62399.88260668229 9.181324620697831 173173.93386737036
63612.99268072465 9.651198973834433 33240.35801241453
63699.27268599076 7.696461197813869 44443.75444361079
63797.97269201493 10.039733045215028 87286.37072550587
63824.14269361222 6.285896832192416 19517.891399761418
64012.90270513322 7.313677933080653 25053.81692765716
64018.30270546281 6.2495109625686185 24754.38515563271
64061.65270810868 7.160288004189609 42074.449902900415
64125.542712008224 7.0617230122035615 29508.906660188513
64145.64271323503 7.200872864351875 29429.15485450755
64357.092726140916 6.29620119133163 15523.385765177256
64415.48272970476 9.352308735148336 19408.057621444434
64493.83273448686 6.727826756254501 27457.43622669998
64773.122751533374 6.092637424028013 23743.657661651334
65266.8927816707 6.041945497241274 12265.199107147242
65526.76279753191 6.554021645784091 9620.182287223908
65786.04281335711 7.20750035352202 507569.4176044382
65787.56281344988 9.48945220685087 338118.3152336388
65817.40281527117 8.044727494193292 22173.393080451177
65892.91281987993 9.702812049159707 27974.175130544216
65905.2428206325 9.305876389621519 14777.847613611746
65949.48282333268 6.328169251449486 63459.44241288237
65960.18282398577 8.50884760423621 14909.130426873364
65989.98282580462 6.039584282431876 8985.896278063037
66037.93282873125 8.964614555383633 63788.02734104583
66042.68282902117 7.196373885435832 32020.859528474644
66099.1328324666 6.1811303424120085 16284.235736121285
66145.65283530595 8.027413236696722 27496.486376709672
66161.6328362813 6.847392852454093 21740.987688637433
66264.50284255999 6.063744249615582 16750.029300959286
66362.6628485512 9.839150351270742 25030.080498539068
66601.70286314105 6.6723385901820755 16395.16486035868
66671.33286739091 6.254374941991441 34246.477695539295
66956.17288477617 8.486590503834245 15448.022265026635
66984.46288650286 6.319764067439417 22831.571072087703
67030.57288931719 7.140525720290273 22373.996663773076
67058.56289102556 7.469857450107817 11122.393083179688
67195.84289940447 9.066552008162924 14619.673120802172
67216.40290065936 8.103568861383756 12380.58682843613
67270.75290397662 7.2317960422433805 11602.357494747577
67299.44290572772 9.703177292055141 617380.066240857
67300.47290579058 11.389622764804002 617380.066240857
67562.9629218117 9.498217306370218 27276.016106374
67932.03294433795 6.434992138185532 31342.2160897087
67958.6329459615 6.110600294965179 14435.61140378748
67978.72294718768 6.058703316526628 27174.74990880875
67995.34294820209 7.703538389385199 93813.52280335117
67996.00294824237 9.373523321632193 93813.52280335117
68019.07294965045 7.390288749452277 19494.746472633313
68034.7629506081 9.073209872558943 18389.729961155914
68083.93295360918 6.616633114149544 12840.132144301442
68189.34296004291 6.4204778560466655 14925.679134735945
68470.58297720843 7.682180741414348 15193.13596057118
68954.61300675129 6.0577494137896455 23832.317376372444
69039.68301194353 7.919189770342441 8488.034457977865
69278.22302650288 11.304211698758015 56347.48144305664
69490.18303943989 6.8963338713036935 16533.044447272176
69513.91304088825 9.488426968308909 29865.47654684432
69694.12305188739 6.567892816019638 14882.6424150177
70190.57308218829 7.225280316061945 18535.503600245356
70431.91309691852 6.889298021942341 17851.893893638513
70550.38310414937 7.734779732025848 24326.21794194909
70584.27310621785 8.014486598557044 20115.49705244773
70621.22310847309 6.612008442641317 10564.746240992006
70625.98310876361 7.06863848349966 21568.848699283568
70642.46310976948 7.383781819213653 30759.289443485344
70659.90311083393 8.792276063100473 12357.194830665843
70884.69312455403 6.499996647669543 27244.017805720552
70889.91312487263 6.55621532283515 35788.390755060944
70971.82312987202 6.388071997424828 15190.328245881678
71328.84315166279 7.614312013549158 40018.921915346014
71426.80315764179 7.790928495663235 15654.35204346473
71447.91315893026 8.513926032966301 37339.88255116693
71711.81317503742 6.311666708316051 19681.210943537877
72631.37323116291 8.481758848152193 14075.002252111617
72896.1532473238 6.078697697769024 11963.601577929161
73054.29325697591 7.43527584408805 9930.693942805883
73137.60326206074 6.665942913815305 9737.944182815201
73338.43327431843 9.060592223996641 28197.321356309836
73570.6332884908 6.512570314140752 16657.592083404503
73577.52328891132 9.758367490344362 80271.5695963783
73650.76329338155 8.907830287675619 23815.92232186786
73699.23329633992 6.166584605797837 8986.033554867572
73831.41330440756 8.292203219865808 16509.143845776358
73876.46330715719 7.560403098198936 23445.664081161416
74006.93331512043 7.78988948624349 40553.75266905508
74138.07332312458 8.268920103024582 33520.304257867145
74211.90332763082 6.298537730057661 17345.485401693004
74484.38334426167 9.080674657754969 22867.899052696645
74731.89335936849 8.137637473436248 36070.78981517962
74807.18336396382 6.9065409423602695 21286.806299718155
74815.45336446859 6.216334284693217 33663.30586309782
75380.25339894125 6.315140973306757 14002.140300419227
75442.25340272543 8.6553589693085 21768.740457615764
75716.13341944173 6.362340364237867 22256.941439447786
75798.19342445029 6.818226532827434 58044.25824589635
75844.85342729819 6.1900483929260535 31865.931778973496
75898.15343055135 6.733328938012298 27773.975625726012
75979.49343551596 9.293975115804345 61423.04167023031
76024.58343826803 6.246579722831042 14570.438905132667
76214.97344988852 7.451220447166991 10898.59112083108
76438.12346350851 9.65041631883578 25575.007395333392
76572.1134716866 6.456695004883502 25551.942373281712
76588.80347270529 10.203095322430288 30711.062030064804
76604.76347367941 6.831512014856188 16816.328176991505
76711.34348018453 6.565476284445314 10337.393050094957
76937.843494009 8.128822054158437 61992.98475346788
76939.01349408041 8.338699547523214 61992.98475346788
77147.04350677755 8.860651741055866 20801.073179154384
77454.0835255178 8.379908780112393 17980.62372396362
77471.09352655601 7.2352360337044415 13126.455770920351
77992.4535583773 7.150554461177435 10427.216548787634
78091.70356443504 7.449093737635147 44117.72311270391
78093.68356455589 8.822404064113515 39934.95020840274
78169.97356921225 6.797758763835721 22790.59347260136
78398.9735831893 6.530781994082653 9524.93278247132
78507.01358978354 7.2357364257363965 16215.038571840345
78566.4935934139 6.603207493433717 9958.78158905413
79168.04363012961 7.189533948572139 14042.452603427331
79209.52363266135 6.888328469854507 79370.69531964985
79235.01363421715 7.498358179718709 19160.074360532162
79258.90363567526 9.749865410058671 32739.502327462425
79264.6236360244 8.625210608850397 15028.728285746927
79274.42363662254 10.841226104729264 86903.82064681142
79277.8636368325 8.670076885240366 100144.58804622125
79326.41363979576 9.413391121426418 31378.321553696514
79373.41364266441 8.220389564453628 55745.877620699874
79378.72364298851 6.432153316983999 13490.4088130985
79389.58364365133 8.864897843889633 13352.089768835971
79428.31364601525 10.148043815345025 39759.57566882251
79520.98365167135 7.1708280724206945 11578.775402762978
79590.88365593772 6.818142084112054 16157.707053268965
79697.54366244773 7.349674350792437 15866.467828713412
79864.14367261619 6.642645168015766 18700.742402652984
79904.75367509483 7.856178443274831 18654.64814404217
80047.22368379051 6.551053301149234 11959.998199462547
80059.1936845211 7.419376492637451 16095.872040849681
80162.26369081199 8.118636903419171 23403.271446996867
80173.43369149376 7.148206779296576 31677.46306232734
80174.95369158653 7.9626811834797175 23175.84040483529
80242.69369572104 6.825790873423656 7952.915158187583
80294.08369885765 10.314468459219594 112704.90256893766
80360.44370290794 8.762919691337933 69430.95791188415
80363.31370308311 8.658325714831506 53540.87634147924
80365.6237032241 6.065553186452661 11401.656548032835
80557.2837149221 7.218760738487877 16784.89923364202
80660.1537212008 9.36967453250226 13456.393261259369
80688.23372291465 7.412019511051512 27824.71236679806
80755.36372701195 7.1264667754959135 6108.6687693756385
80960.23373951622 6.441605001078392 11360.816850871846
81002.74374211082 8.061299646751372 34167.89904144763
81096.32374782249 10.628272314026995 138222.0272827926
81097.54374789695 7.681472367957635 100009.06649830309
81170.86375237205 7.6947844591083285 87416.00730968526
81171.3837524038 8.494712873845792 77814.08371500451
81310.25376087974 9.545557253427233 22510.259412460906
81312.79376103477 6.740868184353726 16199.334011072686
81482.27377137901 6.521258616210648 15412.753954130212
81511.77377317955 6.033612677475237 12435.001683715365
81521.62377378074 6.7377947836293375 12235.253560520123
81550.82377556298 6.200818517109385 16418.45088666302
81556.38377590233 6.391430840353737 17809.88106188999
81631.75378050255 6.56815964086461 12994.833364415314
81838.9137931466 7.471890528684204 34671.5489800752
81871.75379515099 7.32338503073653 19343.178261684956
81874.12379529564 7.183855209498661 35043.52716046264
81876.45379543785 8.936571603497537 97460.98483672511
82384.60382645286 6.717365289569758 141094.906298709
82397.97382726891 9.365240076623548 70731.9231384496
82416.23382838341 6.433757069205184 375815.4385893415
82433.78382945458 7.0609455016102105 566611.8186710085
82435.31382954796 11.335152786111015 716603.5888174934
83061.95386779503 6.507193751453274 26686.758315766798
83185.12387531274 11.440112630273426 279791.2109064167
83497.76389439477 6.786367659644929 69073.5622979447
83944.03392163293 7.5223466050716565 63577.96605522443
83955.27392231897 9.667523987160855 96919.4030006352
84077.6039297854 6.08836978860809 382221.7411618828
84130.8339330343 7.622639481157084 965664.7943784707
85140.40399465356 6.093628677381949 26680.615904513477
85288.50400369287 6.470816854065298 30683.23269008522
