16413.98000024292 7.090370159026368 452630.747227431
16420.180000621338 10.98484676752092 22460023.62390577
16437.320001667482 7.752258041120834 13673316.660710694
16437.960001706542 8.124994316589023 13673316.660710694
16441.690001934203 11.329858911514963 36583357.2803448
16454.240002700197 8.726753294130628 10801473.355599789
16470.78000370972 7.805567729613399 1779341.8049952816
16481.180004344482 8.893496749262923 18454348.004935697
16482.460004422606 9.581738813638752 18454348.004935697
16504.74000578247 12.242027632869735 7757057.499943131
16537.070007755738 7.909548512488089 500628.39733238047
16608.680012126464 6.575351028015708 242636.3135218723
16685.670016825563 7.0186873357795045 488262.4129328244
16749.87002074402 7.939632099123833 341292.0422684661
16834.07002588318 8.51333901333988 175056.48324492053
16846.200026623537 9.348965457786264 708624.9444297792
17055.930039424442 6.114633354927058 85967.80394488866
17578.730071333623 6.159434912413984 231253.8032359303
17779.890083611455 6.44003041822638 120701.04581215706
17787.70008408814 6.0609414131564305 110348.91902727279
17800.380084862067 6.326600783175676 151881.39135369964
17826.850086477665 8.347834913051353 219716.3503961232
17836.01008703675 6.106194632277785 341959.2262697714
17847.15008771668 6.07386851820972 77790.94974023403
17857.44008834473 6.70329634305081 179951.76217326138
17866.930088923957 8.735624223306834 198507.97660830227
17883.350089926153 9.25995212240287 810051.3744972483
17920.930092219853 8.049608848356186 310243.4568759479
17938.560093295906 6.665542233678168 84223.0586335438
17991.140096505133 6.482603322682748 444797.08216104517
17996.12009680909 6.199441219146216 221451.04267726294
18013.930097896126 7.574304856394789 703131.161336543
18020.000098266606 6.510765961912155 293379.765382635
18029.850098867802 6.05582978446803 107232.7951868758
18085.930102290655 7.079579755465848 204948.14783658957
18199.49010922181 7.8338199331962635 384599.77843321953
18206.830109669805 9.78413916375237 703517.0582231609
18216.650110269173 7.1649035984699205 254969.56648659817
18222.680110637215 6.828731345919091 452375.10226272076
18243.590111913458 8.509703742166781 382010.6508595271
18262.70011307984 6.642398502423688 438718.35304383305
18286.980114561775 7.8514128808441805 223761.34151241987
18459.540125094 6.464747191169499 229071.71260948738
18492.100127081307 9.791513901764306 1036812.5418950238
18494.11012720399 6.547888670301614 413712.6178563048
18496.390127343147 6.757440282274839 527121.7936651309
18498.70012748414 6.224622351236973 549919.3519928484
18556.8201310315 6.043223462767397 618790.6138521378
18576.230132216195 7.735304669176222 623997.7626922374
18581.880132561044 7.50992807712669 843141.4415110375
18601.4501337555 7.314232576353151 384678.277521184
18818.04014697511 6.148459039444939 103865.45868587166
19172.130168587046 6.009078374108973 81497.69515419083
20157.41022872377 7.33840341846251 117018.9603165942
20449.970246580215 6.573182258561522 193961.55485144403
20459.900247186295 7.462838182294044 268989.81019260193
20470.59024783876 6.415150027248591 114158.2171685458
20979.940278927017 6.665953968313203 446192.36185589037
21008.280280656756 7.019042817266723 360855.2502698121
21353.070301701067 7.523073840749187 747017.1478398525
21451.80030772707 7.793524400881912 485083.93198944343
21461.870308341695 8.255968292258476 793918.3234933701
21473.0803090259 6.597477826519973 443782.1964243583
21496.530310457172 7.946066087161601 648268.4926475104
21510.170311289694 6.364733161771814 832520.4571777284
21534.730312788713 6.48843053710336 575313.1973487596
21574.770315232563 6.734373453689808 736507.6014664808
21630.360318625506 6.354909975967358 546228.308401457
21708.850323416158 8.262584049515437 866113.6043017537
21720.760324143084 7.9695451812652305 612750.6254652299
21791.390328454 6.690748414073671 506012.9620135812
21800.450329006977 7.724849343375569 428827.26807407493
21815.60032993166 8.837188721071929 727545.5718224604
21822.020330323507 6.6672342999515575 887586.9750029767
22161.570351047994 6.5236868833929575 99669.25292936745
23133.040410341822 6.423148307196729 388527.2323094987
23133.82041038943 7.140094487990874 319267.61260537774
23513.180433543726 7.202962512838506 165054.40621346878
23541.860435294217 7.252527365225583 97097.28412436276
23917.560458225125 6.077458537651494 88947.62227808486
23936.23045936465 6.364315396665491 116796.83553009851
24404.97048797427 6.336398097942276 121313.55922599467
25943.81058189762 8.687919461450491 182845.4768469746
26564.050619754067 7.90543705132074 160901.28248440367
27552.130680061688 6.941147308507538 274041.1756955226
27598.670682902266 7.527919658868789 256875.05443943132
28269.910723871504 6.317148629477725 133997.8749895658
28532.27073988469 6.391997925286054 112575.14441824149
28791.230755690354 6.156992090462999 83434.39017595988
28965.48076632573 8.52765904525645 341493.90842506924
29002.71076859807 7.110493543275031 174108.73182262311
29003.93076867253 6.805830094485674 204165.7691296716
29292.150786264086 6.034079657365019 66103.17391506031
29338.720789106494 6.20885075912932 55738.191173494415
29547.93080187566 6.12452324050371 131333.73315263476
29740.410813623705 6.639738135950903 152008.61166547696
29757.420814661913 6.841690666245821 86948.61642970287
29801.71081736516 7.014253199172631 150897.9355588005
29844.53081997869 8.201585940031112 129122.25247469649
29857.940820797172 6.358916889624273 81771.46753297074
29872.57082169011 7.472075545392767 139100.82968050093
29901.930823482107 7.367394508047619 171232.64356718413
30376.21085242986 7.094550921809633 113396.84642825884
30387.180853099417 6.703113448905612 159751.6393128494
30489.700859356744 6.283647642719927 145132.64037282328
30799.9508782929 6.506999576058936 941785.6918843149
30934.380886497856 6.851141007310077 108259.17070822249
30981.180889354302 6.100017421893012 132245.31144671876
31043.810893176935 6.77022181432214 285832.55647086597
31865.5809433338 9.722647105565411 336194.7570848854
32526.86098369513 7.59766598200033 212874.63975512615
32621.410989466003 7.789462308189127 118966.1293044862
32703.920994502012 6.847228411387688 85003.76060514164
33655.261052567206 6.324918111681972 124543.35706170187
33872.701065838686 7.191333257621424 1126971.2879523144
34023.27107502875 6.235802317926497 138684.2347459521
34216.36108681403 7.569733335308288 187997.4377931056
34226.82108745246 7.509231026137052 150427.60574824864
35033.34113667854 7.546622273703213 265380.40387850674
35192.981146422186 6.34377888845181 175885.65631244853
35793.20118305671 7.0576674560757064 115695.39892525821
36527.70122788704 6.906268528192637 615245.920809121
36718.29123951973 6.323936364549063 676819.2056151094
36724.34123988899 7.412130613331543 288770.2490508216
36801.24124458259 7.037717662922467 154572.88275906365
37080.021261597976 7.195237025123413 93762.26594709395
37811.55130624703 6.328307166951771 209339.7087732777
37844.291308245316 7.129662474950087 107118.44542064288
37943.201314282305 8.844024733649267 100997.29352439124
39113.161385691 6.440763590993855 71398.50757329699
39177.14138959603 6.095198857500752 170176.74480448983
39584.02141443002 6.18545189106626 667210.1139578819
40763.73148643381 8.091201091187182 590963.4586476848
40850.501491729825 8.881008242224654 220340.95720057268
41274.461517606294 6.480010161838494 95140.20002858205
41324.82152068002 6.097012337452376 54702.92760282239
41447.9615281959 6.913651987465661 111327.83728921636
41516.06153235239 8.061022687907123 653689.0912402312
41837.45155196848 8.066823152419927 443999.43020601856
41863.961553586516 6.046744949956349 62436.657540302156
41939.27155818308 6.368836519781375 163796.70879410344
44385.8717075117 7.33700106964109 1301501.7348594002
44875.98173742564 6.645954174999049 1001793.8887487478
50280.94206731824 7.974973924472028 535129.0270816099
50449.29207759351 9.655241162315317 177465.2086672655
50470.40207888196 6.972728266297003 756950.4734365729
50516.45208169263 6.206779327242361 583676.0363698209
50529.632082497075 9.503747396023744 695452.1777693699
51941.7121686836 8.308488262377363 69239.2107466645
51957.08216962172 6.813452042046033 60688.241922355504
52012.37217299635 6.761344931108266 83503.1882603688
52015.902173211805 6.422404014785092 132981.10858513523
52135.0121804817 6.925340507750665 112211.30002808016
52353.1421937953 6.155490099368001 51416.58139688431
52412.76219743422 8.014011613126522 92550.38620624377
52445.0121994026 6.016677928465812 63057.10195631023
52720.092216192155 6.320638151142537 37595.88072534905
52847.96222399672 9.06530537864746 202318.14440960568
52869.77222532789 8.769277680519886 217804.4296440868
53484.65226285719 6.902728907878408 162857.37057857937
53526.93226543776 7.784103165149077 228913.83125725872
53528.132265511005 6.998409573845086 255770.24062195263
53624.14227137099 6.971884506535218 207144.99046634167
53658.762273484026 6.378210032714847 195055.30353462248
53886.132287361586 8.321730455642887 223701.41818193096
53905.292288531025 6.282191771646762 307513.3339716047
53971.42229256728 6.380845008412983 285343.9643657203
53981.64229319106 6.1700586155620165 237821.65682207362
54032.422296290424 6.578551509930957 107315.40705775617
54130.10230225234 6.937787365554947 277930.4539703653
54209.4723070967 8.277953153851453 293518.49933039857
54265.062310489644 6.3207576868347 70024.06031941941
54453.8823220143 6.724270067809991 67711.1920821119
55489.28238521011 6.060437465691836 30756.732229924946
55586.792391161645 6.589433788021362 84501.45242052912
55597.55239181838 6.019011748778322 228454.15084158437
55610.36239260024 8.106105330345134 123109.22336143526
55798.47240408157 7.352938082726184 209072.45104964226
55801.45240426345 6.924789699314802 159661.5141049868
55805.37240450271 7.701186763512924 320743.64734164404
56843.402467859036 7.111692789073812 65991.72822736058
57018.42247854141 6.629339932009471 28794.334421916923
57135.102485662996 6.803026699346051 32374.481543656755
57327.20249738785 8.41092777255214 84635.54688927079
57403.36250203629 6.0626803805726395 33862.80218872627
57823.4025276735 7.7042223860931855 99294.67497418371
57856.08252966812 7.609016992323407 91292.2870048298
58466.41256691971 6.8551077295197675 76451.30448160853
58540.7825714589 7.95441576585431 60760.03966664588
58564.46257290421 6.405947522968872 16313.923259178584
58783.762586289224 7.08990900287781 30216.087672988735
59063.56260336686 6.521561532333589 39433.00041880345
59228.51261343461 6.426028245634643 814446.6209666658
59549.572633030555 6.008682123355854 20699.241785791623
60124.80266813981 8.910019169978616 256306.33799398248
60163.6326705098 6.111364577185504 82947.99850870362
60464.80268889177 7.696922152275499 67700.71156368345
60788.102708624436 8.23245424418431 64750.285314595916
60839.55271176469 6.07221125452549 48050.012401188236
60848.60271231706 6.045576698691469 166262.6393056968
60933.79271751665 9.98379758246221 153455.49810406112
60939.17271784502 7.596670346547452 174769.23825171302
60966.79271953081 6.697582968344495 77684.40605507046
60977.96272021257 6.037393407732857 37520.02824128026
62067.432786708545 6.686609204274681 29457.754285780324
63393.052867617975 7.146290935052949 23571.743742298753
64161.78291453753 10.011516766249592 48008.2576454978
64176.12291541277 8.11040265266993 75777.21138525898
64700.9929474483 7.68927932747071 46712.20242810617
64940.292962054016 6.015287911613653 26275.703604828377
65116.412972803526 7.300131445410712 41550.098720856564
65203.37297811115 6.732409292710415 43165.31194754256
65212.502978668395 6.4089018985937445 22056.759421648796
65544.15299891071 6.521261830844069 54990.21049481723
65662.76300615008 7.029670359944176 59336.22367977071
66099.54303280902 7.573879923234609 39606.086568060295
66192.50303848286 6.119964055963328 24063.701369532388
66218.93304009602 6.667438366367682 34857.334860781055
66246.30304176654 6.413679148060147 18404.015598986232
66422.72305253436 6.045005928465421 30461.046368458887
66526.97305889727 6.070995117014369 24803.721955026896
66570.64306156269 8.993354161554151 77767.637085384
66629.483065154 6.478690489059653 33904.19722353025
66652.78306657611 6.30106790769886 21783.008546869027
67059.34309139056 7.0163243829401125 21649.012256229682
67299.48310604756 8.786767875150716 593148.5942693086
67713.91313134236 6.34297077191149 22482.598022873895
67724.03313196002 6.05937137100553 36017.571052357765
67813.14313739887 6.979270044744435 52058.57003440601
68107.01315533527 6.034231350751069 12243.706985702993
68302.82316728658 7.327345209403407 51279.37841198328
68952.28320692646 6.147245952806349 21591.15691366554
69085.80321507588 6.839096453644372 35392.32036178212
69212.93322283527 8.613516289392297 46366.6061867858
69302.45322829916 6.352398697189384 24756.972114073065
69429.33323604328 7.0426475517139755 29259.032418297258
69494.8432400417 7.28920046283784 35553.76943447382
69661.9732502425 6.1950557213455175 25121.303281603294
69814.27325953817 6.274554763230912 30118.25291201945
69990.66327030415 6.1958432485482735 24309.383743586728
70137.00327923604 6.326754583482596 20442.023072157826
70670.22331178121 6.794691312859635 16975.311119364935
70804.64331998555 7.949326148665422 23967.672887802324
70830.22332154683 7.4620051359584 48577.83260861983
70875.10332428609 7.549081317109364 29745.99980515015
71683.45337362387 7.208160152848529 19035.074758536168
72193.13340473227 6.249523616563357 20541.54947037833
72374.28341578878 6.462764530921454 19888.99621232029
72528.23342518514 6.188263907613872 22860.329932743993
72573.2034279299 6.814828581054985 32341.876630647108
73118.06346118552 6.3246203727243255 26707.30451817924
73205.33346651205 6.141777181754481 41502.013958044816
73234.34346828269 6.831273285023374 27737.726760280824
73280.24347108419 7.664029450610567 32274.897626860897
73417.43347945761 7.213248434522085 20764.114565191536
73436.7434806362 6.320940228348615 28733.455871352115
73571.38348885397 6.167631703088288 47452.54232250058
74502.77354570151 6.644972389034189 24554.295476999643
74545.71354832235 10.658319335535339 63988.803095271156
74680.59355655478 6.7917952108959625 23674.669419640217
74725.73355930991 7.086852934210229 34091.96961026405
74738.16356006858 7.352324448658332 59637.71025157341
74753.72356101828 6.1998825998142575 20633.068232564165
75391.62359995261 6.800888495354895 18067.99003894798
75561.09361029624 7.924667736087578 60287.9154600461
75870.92362920677 7.095086141107201 26844.820497364002
76141.67364573204 7.232811569488515 46817.94775710376
76299.47365536338 6.317217753710342 43601.290118464414
76526.13366919762 8.479748511610724 59229.563655517806
76550.01367065514 7.870862337237227 131598.26589241344
76551.07367071984 6.573405730200963 113593.1118093929
76588.9136730294 6.012012939970658 40280.85167309004
76636.21367591637 6.204050362130276 40569.286746534985
77074.23370265099 7.943481815511982 37354.0008051014
77256.1537137545 6.863463265594018 25479.954824392033
77398.64372245141 6.041265280420658 22130.411737294125
77443.20372517113 8.554458577218929 82531.16791177809
77722.80374223656 9.121345659165865 148994.82486425625
77732.1137428048 8.14460831519855 152862.03225077686
77802.81374711997 6.0097294829667325 27127.620567034905
77858.07375049278 9.249147488227587 469155.5345500303
77859.11375055625 7.455658336344604 231359.37817504694
77976.37375771324 8.716713333972649 35691.890180515344
78047.79376207237 6.573756086167321 29570.06415041591
78056.0237625747 9.17061536747076 212056.637951993
78081.8137641488 7.521614214262379 86458.78744600812
78087.26376448144 8.128303320576974 275160.07934599207
78113.09376605797 6.918745727396277 88268.44596641223
78384.02378259422 7.652965630364795 56796.53106036777
78853.35381123985 8.859338348443316 46844.16119508924
79215.13383332116 7.2740704023546625 43356.291598841584
79270.623836708 6.580726912819153 22946.15649683454
79539.64385312768 7.794033814889368 27692.988993340277
81220.55395572228 6.737003236684991 96488.3402898219
83132.39407241174 6.7383965165739 42559.62781756062
83186.6440757229 9.327705446183822 348869.5707548647
83213.21407734462 7.217757173398854 109316.80198465756
85220.03419983119 7.394610464301711 155543.32924142954
