207.5300 14.3529 1.3512e+04
1309.0701 16.8743 7.5405e+04
1317.5501 11.5637 9.1470e+04
1378.6201 13.1495 4.7563e+04
2091.1601 10.3216 5.6875e+04
3843.9302 10.2884 7.9741e+04
4443.4403 10.0244 7.8976e+04
5342.6403 10.1832 8.4419e+04
6205.4204 10.0246 1.5009e+05
8703.6205 10.8016 1.3502e+05
8993.1405 10.3824 9.5744e+04
9832.2506 10.1339 4.4087e+05
10685.2507 10.3371 9.0582e+04
15020.1009 11.6861 1.0606e+05
17657.5711 12.3762 9.3300e+04
17716.5811 16.8286 1.0381e+05
19449.5412 12.6774 7.9406e+04
19477.4612 10.2875 3.5027e+04
19602.3612 10.7138 7.9068e+04
19658.1912 10.5950 7.6343e+04
19713.1212 14.5197 6.9304e+04
19757.4712 12.6510 6.5752e+04
19862.0912 11.4592 5.9153e+04
19995.6312 10.6553 6.7246e+04
20016.9412 12.4104 7.3886e+04
20112.8212 12.2301 5.9258e+04
20120.5412 12.7510 5.3817e+04
20136.4112 12.3507 6.6776e+04
20149.6712 11.8404 7.6883e+04
20424.0912 13.2505 7.5552e+04
20538.0113 12.5026 4.1345e+04
20548.5513 13.7113 5.6609e+04
20558.5813 13.6073 6.5272e+04
20565.4413 10.0786 5.1600e+04
20631.6313 18.4109 7.9844e+04
20705.9413 12.9346 4.0754e+04
20748.4413 13.3583 6.5830e+04
20935.3213 13.3608 6.5545e+04
21131.3713 10.0032 7.2130e+04
21147.0413 11.2932 6.6523e+04
21187.0513 14.9973 5.9255e+04
21213.0213 10.6749 4.8328e+04
21230.1213 10.5418 3.6750e+04
21235.0413 10.0899 4.0544e+04
21295.6713 13.4579 3.4109e+04
21307.3713 14.2337 4.6350e+04
21442.6513 10.5828 5.2586e+04
21456.6313 10.5526 3.3504e+04
21543.0313 13.7180 5.6747e+04
21943.6513 10.9379 3.3356e+04
22080.2713 10.7467 5.0670e+04
27130.3117 12.8664 1.6533e+05
27481.2417 10.0784 9.5853e+04
29220.4318 10.6159 7.2483e+04
29272.5018 11.5942 8.1902e+04
34409.6521 12.0740 6.5036e+04
36962.1223 15.3124 6.9586e+04
37330.1523 10.8579 8.3523e+04
38189.6423 12.0995 2.2978e+05
39512.8224 10.4620 1.0067e+05
39786.8824 10.7212 1.3328e+05
39807.6924 10.0465 6.7084e+04
42891.6326 13.3326 1.6028e+05
43612.5527 10.5527 9.4128e+04
45845.4928 12.1614 1.3271e+05
46297.2728 10.8052 1.1214e+05
47694.6329 10.0984 9.9644e+04
51315.1431 10.2687 7.0660e+04
51542.7231 11.7981 1.2392e+05
51634.0432 10.9990 5.3003e+04
51735.0532 14.8020 2.4443e+04
52530.7532 11.3386 3.1271e+04
53264.3033 10.4836 4.7259e+04
53583.4833 12.1105 6.9433e+04
54013.8533 11.4391 8.9936e+03
54087.4433 10.1568 1.4255e+04
54789.1233 10.4507 1.3720e+04
54937.0734 11.3783 4.6059e+04
55319.9834 10.5918 8.4817e+03
55801.6234 18.0471 7.7827e+03
56924.3435 11.3775 1.7916e+04
57597.5435 18.7610 3.5775e+04
58019.3935 12.9765 9.9687e+03
58037.6735 13.9465 6.8744e+03
58122.2735 11.2903 9.2942e+03
58170.9336 12.9766 7.3982e+03
58469.2236 16.1848 1.4674e+04
58887.8336 18.1196 1.6420e+04
59023.2136 10.1568 3.7758e+03
59045.1636 11.5642 8.4576e+03
59093.6936 10.6965 5.0230e+03
59352.4636 11.5818 4.8438e+03
59530.6536 20.4213 1.7279e+04
60740.3137 11.0490 1.6065e+04
60912.2337 14.8050 1.4162e+04
61295.4337 13.3692 6.1983e+03
61329.0437 12.3132 1.2468e+04
61692.1038 11.5589 1.4108e+04
62836.9138 23.7149 3.4812e+04
62877.3938 18.8458 2.8305e+04
66254.6140 20.7228 2.1472e+04
67102.6241 10.8216 1.1408e+04
67556.0441 12.2367 5.5906e+03
67564.2241 14.4718 1.2598e+04
68623.5342 10.4434 1.3967e+04
68841.5142 13.4443 1.7868e+04
69782.6843 14.8490 1.2157e+04
71177.3943 15.2812 6.0223e+03
71789.3844 12.7233 8.7945e+03
73386.7045 25.4023 3.0649e+04
74755.2446 12.8823 4.0257e+04
74758.5146 10.1782 4.0257e+04
76940.8847 17.8146 5.5249e+03
77000.3547 14.6299 5.9482e+03
77569.5047 13.8666 6.8240e+03
77625.4847 18.0771 9.6829e+03
77854.3748 18.3122 1.1865e+04
78237.7048 16.5826 9.3996e+03
78435.5848 11.1161 3.6895e+03
80606.0149 11.2848 8.0710e+03
81074.8149 10.9584 6.9623e+03
81463.2850 14.5659 6.7610e+03
82099.5150 16.4751 1.1271e+04
82930.1751 10.0395 9.8954e+03
83090.4151 14.2610 1.8401e+04
83115.2551 10.3725 6.4062e+03
83531.8051 11.3801 5.7771e+03
83951.1851 10.1394 1.0450e+04
84103.0451 11.6761 9.9217e+03
84228.2451 10.7051 1.1256e+04
84232.0851 11.0205 9.1998e+03
84288.6951 11.3570 1.3845e+04
84307.9851 12.5526 1.4505e+04
84571.3852 10.8528 1.0606e+04
84621.6752 10.6992 1.9157e+04
85703.0152 10.5852 6.9033e+04
86104.0553 11.3131 9.1548e+04
