206.3100 15.6996 1.8020e+04
232.0100 10.3212 1.9016e+04
394.8600 14.9707 1.4273e+04
1350.8501 10.1199 6.5003e+03
1483.3501 11.5617 5.5901e+03
2983.1702 10.2326 5.2175e+04
4399.9603 10.4298 4.5982e+03
4460.7703 14.5745 2.6999e+04
4469.2403 11.7877 5.6567e+03
4593.9203 10.2257 4.2611e+03
5124.7703 10.8527 1.1608e+04
6089.5004 12.3368 9.4671e+03
6098.0604 11.0170 8.3884e+03
6110.3604 10.6323 8.3323e+03
6149.2004 17.8734 1.2310e+04
6530.8404 10.8833 6.6164e+03
6899.9104 12.6228 3.0053e+04
7499.5705 11.9668 9.2056e+03
7638.3905 14.7432 2.2502e+04
8137.4405 16.7464 8.3511e+03
8182.5905 11.5782 9.1746e+03
8751.3205 10.2141 5.4053e+03
9339.2906 12.5827 6.8831e+03
10738.9007 11.8448 1.8620e+04
10856.7607 11.2699 2.2752e+04
11115.7607 14.9245 2.0481e+04
11810.3607 10.3238 4.6845e+04
13438.8008 10.5255 4.2899e+04
13784.3408 10.8127 1.6722e+04
14365.2409 10.1799 5.8891e+04
14450.3809 12.2042 9.9863e+03
16082.1910 12.5101 1.5017e+04
17715.6311 24.0538 2.2397e+05
19130.5812 10.1609 5.8760e+03
20948.3913 10.1832 6.1527e+04
21139.7213 17.1294 1.5621e+05
21145.5713 12.3589 3.7908e+05
21146.0313 10.5147 3.7908e+05
21148.8013 10.2786 1.5321e+06
21150.8813 16.8216 1.3614e+06
21250.9813 11.8629 3.7021e+04
21257.7113 11.3782 1.7557e+05
21383.6513 17.6442 6.5252e+04
21387.7313 11.9596 6.1437e+04
21391.0313 16.5949 9.0142e+04
21394.2713 15.5908 1.6963e+05
21416.1313 19.9225 4.5546e+05
21416.8713 15.3939 4.5546e+05
21427.7113 11.3748 3.3942e+05
21440.7613 10.5651 1.2168e+05
21707.8813 10.7233 2.6856e+04
21990.1113 10.9407 1.9946e+04
22638.3714 10.6263 3.2781e+05
23040.5314 12.3950 8.7248e+03
23213.7314 12.3691 9.7768e+03
24244.8215 10.3601 7.8058e+03
24379.9315 11.2904 2.1256e+05
24598.9815 13.1009 6.1772e+03
24613.0915 10.9359 1.4333e+04
24623.4815 17.1019 2.0501e+04
25147.3915 12.1263 3.1508e+05
25147.8115 14.0137 4.2635e+05
25505.9416 12.7615 3.2042e+04
25516.7016 13.9437 3.0290e+04
26078.2616 10.0735 1.7116e+05
26316.8916 10.8939 6.7092e+04
26442.9716 10.5540 8.1313e+04
26521.9816 16.1427 6.0541e+04
26616.6116 17.0570 8.2538e+04
26652.8516 20.1190 1.0498e+05
26667.3616 12.3418 1.7350e+05
26923.0216 12.3100 4.0732e+04
26975.8316 10.1888 5.8154e+04
27346.8017 10.1594 7.4191e+04
27476.3417 14.6087 2.4182e+05
27640.5617 11.2616 4.6730e+04
27763.8417 17.0680 7.9396e+04
27912.0417 12.4815 3.8406e+04
28198.7117 13.8503 3.6928e+04
28257.5817 13.8839 6.6728e+04
28401.0017 18.1892 1.0045e+05
28517.8317 12.3015 4.3893e+04
28554.8417 10.4246 7.0501e+04
28813.8018 19.6798 2.7124e+05
28953.2118 11.1341 1.2083e+05
28980.3518 11.6878 5.5820e+04
29009.5618 16.0402 8.7863e+04
29075.5718 10.8750 2.9714e+04
29628.4018 13.0752 2.3246e+04
29865.4418 11.8368 1.3786e+04
29890.2718 15.6288 9.3928e+04
31066.5919 16.5283 3.0487e+04
31337.9019 17.3752 1.4913e+04
31483.4319 18.5336 9.3942e+03
31841.6719 10.3448 1.4981e+04
32009.6820 13.3844 3.2182e+04
32017.1620 10.9166 1.5986e+04
32018.5420 11.8301 2.2669e+04
32021.7220 10.8070 1.4473e+04
32039.0620 13.2804 2.3104e+04
32048.8220 16.1745 3.5460e+04
32058.4120 13.1669 3.3117e+04
32075.1620 12.9720 7.9326e+04
32076.6820 11.1145 6.1750e+04
32103.6120 14.2469 2.7237e+04
32121.1120 11.1812 2.4041e+04
32125.3120 12.0980 3.6342e+04
32129.7720 10.6837 3.4736e+04
32282.8520 13.6099 1.0309e+04
32487.2920 11.2842 7.0552e+03
32734.9820 12.5313 7.2555e+03
32777.7020 10.6599 6.0072e+04
33254.6120 11.1164 2.4059e+04
33493.6620 10.9767 2.7148e+04
34026.0221 10.6986 4.0965e+04
34077.3721 10.2736 4.2872e+04
34161.5721 16.1260 1.0533e+05
34315.2121 10.0605 1.6250e+04
34317.7121 10.8278 1.2433e+04
34451.6921 13.0198 1.7747e+04
34602.6921 14.4897 6.8007e+04
34630.3321 13.9142 7.2551e+04
35209.0021 14.7402 3.1035e+04
36493.0822 10.1592 6.6065e+03
36934.9123 10.8282 1.0620e+05
37252.5823 20.5476 5.7308e+04
37267.1623 10.0121 2.8050e+04
37307.0723 11.8786 8.1184e+03
37411.4623 11.1236 7.1343e+03
38775.5324 10.2803 6.4448e+03
40027.8524 12.5698 2.1121e+04
42055.1526 10.7405 5.3278e+03
42085.2626 15.3987 9.5176e+03
43397.0226 11.1914 5.4893e+04
43424.9127 12.7369 3.4541e+04
43885.7827 12.7910 1.9225e+05
45148.2128 11.4874 3.8716e+04
48784.4030 13.2333 9.6427e+03
56283.7534 12.3196 1.5541e+04
57114.6535 16.4152 1.3270e+04
57598.7035 16.7468 1.9394e+04
59528.2836 24.9547 5.9705e+04
61689.1538 14.5107 9.0463e+03
61978.8438 16.4032 9.6564e+03
62043.1038 10.1760 5.4266e+03
62837.9738 23.2783 2.7381e+04
62878.8138 15.2449 4.7360e+03
66255.7940 19.6990 7.4782e+03
67516.6941 12.3957 1.3403e+04
72828.1844 11.5176 3.2661e+04
73035.9245 14.5938 9.5380e+04
73388.0445 19.0267 3.4366e+04
73390.3445 11.8447 3.4366e+04
74752.9846 17.7908 8.5966e+04
74960.1746 17.4615 9.1377e+04
81463.8850 15.8088 7.6583e+03
85421.6052 14.1768 2.0526e+05
