2900.2101770147815 8.02676160645943 103090.16894113258
3102.2901893487665 7.236137759184362 49655.66175783232
4943.880301750507 6.483481981637354 93448.89263111744
6146.650375161766 6.771080419977406 51111.408376426814
6254.140381722435 6.752296661118144 65472.73556935442
6434.790392748437 7.175939629752268 86926.25483623274
7347.860448477811 6.745369094977326 30121.217908646282
7361.560449313993 6.348271234811712 29471.72977953346
7403.680451884793 6.608934563077628 27570.183863567996
7416.510452667874 6.143651931789812 90736.8629801734
7612.520464631376 9.737582805541178 118538.31161208458
8183.340499471466 6.350766443848944 28132.801627776418
8377.380511314728 6.408350856162341 51767.13383571457
9675.21059052799 6.26854147744713 44584.03822674585
9982.140609261513 7.789093738234553 62969.447738491544
9995.73061009098 8.50439479154011 89877.4888010007
10232.150624520913 7.218963832047662 60390.00579922172
10251.14062567997 7.3266727881639175 46310.41546530114
10264.660626505165 6.64696527400664 51680.2814153939
10385.510633881264 7.3155777162109406 43067.33438962791
10402.000634887734 6.221992074441271 67305.12623301291
10424.05063623356 7.538324993526763 61957.00849641348
10448.120637702676 9.09834554042931 124238.69938714603
10559.430644496499 9.24799195390118 131525.20535433508
10729.710654889566 7.210967933308479 60821.74992816328
10753.620656348918 8.073048830229013 76022.02826877998
10780.940658016398 6.1935101264822645 82149.98520083063
11100.320677509808 7.74922951280857 152583.3613567418
11138.700679852336 8.717138885831575 165695.9271971366
11790.160719614301 7.123605729027578 93166.80631337226
11819.860721427047 7.67682300087658 144511.94520612626
12689.830774525804 6.263599295612676 38541.95639899785
15367.550937960872 6.227002743279348 122679.02151227913
15438.740942305965 6.715177228549295 181114.77754595055
15730.95096014105 7.042780159827175 91739.9375728997
16643.11101581488 9.19234575515011 303605.3563049006
16673.43101766547 8.298754425350673 77082.31448972721
16797.991025268006 8.096292841848532 99940.73847766696
16981.50103646857 8.806059238324535 107767.39171165113
17056.721041059634 6.254801476245048 40860.651469726436
17208.021050294254 6.813396241023994 60143.43317622789
17357.421059412907 7.738987288546906 190900.82354206897
17515.761069077213 9.531787898136649 201965.86520299103
17711.93108105048 8.545853188315242 148768.07768507113
18461.35112679145 9.239155251671253 163387.70949072693
18694.661141031564 6.481430332310924 91291.34520255559
18898.251153457713 6.3559096078125465 85720.43593126585
18935.051155703804 6.474324773600745 71758.94516807438
19103.981166014477 6.017489030184542 133393.04701322538
19189.10117120979 6.555470663167644 122781.84370128537
19566.651194253613 8.561316243377115 572584.3322263089
19836.221210706863 6.569643724400835 186289.96628651684
19862.57121231514 7.623110040661946 224445.38423557667
19865.031212465285 6.324540972145299 426053.72466915083
20166.271230851515 6.685548035432755 269299.6298188142
20167.041230898514 6.538965544754339 526829.0293833523
20199.66123288948 6.151483264598103 115669.90549489991
20252.121236091385 8.041374622346376 234052.33317665182
21608.08131885262 7.5558567586563425 88227.17892605896
21995.361342490316 7.682587221998952 139633.58550074766
22354.871364433067 6.038227800134465 202192.3975980517
23513.141435128262 6.6306156245377545 107950.15232061074
23819.211453809294 6.928119003845736 408675.8216909281
24343.55148581247 6.079303480628519 91133.4195418086
24520.811496631562 6.549345324662902 113849.9994093785
24559.74149900766 6.00379594596964 257889.49515909416
24606.09150183664 6.33404479862256 377542.0906323691
24669.561505710542 6.03674150979669 546011.3144117411
24759.241511184173 7.290610491109519 160688.16843064572
25005.211526196992 7.257783091168693 143534.31560670678
25303.051544375703 6.430050878820077 132869.83470870502
25391.191549755342 6.194497891034588 137502.59068206217
25439.71155271677 6.428835870982268 180926.61974032788
26102.351593161107 7.800781257122837 350117.4821837886
26127.871594718727 6.105601934568234 213512.0578407944
26745.971632444558 7.992619736304607 294046.3872437946
26949.0716448408 6.033803707495023 212292.72021356886
27827.621698463237 7.613534711056689 350685.0689913988
28038.971711363018 6.8504945395995 289229.1436006451
29101.711776227527 6.2863608483527695 89263.38000857508
29292.99178790233 6.203162915071592 64507.44151936506
29939.40182735607 6.335464885143755 69281.46634099976
29986.831830250965 7.179034429787043 111049.76489386575
30077.64183579357 7.194826540871483 378387.24002497736
30125.231838698233 6.010436414443986 254377.68585923265
30152.22184034557 9.054653175802242 278556.04295476794
30750.471876859854 6.576193074796823 65583.51186215626
31077.39189681347 6.1088159320513284 48452.03520347617
31214.75190519726 6.06232888420793 55641.818275483645
31221.131905586662 6.449772420746238 406454.6786794184
31381.761915390744 6.21657374689752 58413.114917770064
31395.751916244622 7.3619996209240925 88855.82297092551
31478.441921291622 7.540195245430406 136015.34919690876
31489.441921963007 6.204458501377943 147983.39791078155
31511.821923328975 7.1232809269626385 107406.4668304039
31562.60192642834 6.525027726135739 168028.75332698328
31618.39192983349 7.1545634201736465 132452.17041109625
31688.401934106565 7.498216396285692 198534.8345890155
33363.30203633435 7.239728908155578 38813.84187665229
33502.01204480054 6.600544449137721 156438.14644901286
33646.18205359998 8.927813922665033 197479.65356297907
34252.942090633675 7.082897864791644 62679.48002779308
34567.012109802985 6.884470804779869 167711.9193719934
34726.57211954176 6.723722749964769 93706.17212537462
34815.88212499281 6.620209860947199 136608.65265270753
34905.14213044081 6.794177083291428 128816.00196471333
35417.50216171278 9.886223468133139 479892.6557091005
35422.11216199415 6.781345892481425 342150.3896819543
35432.05216260084 8.655778281348402 599166.0748555573
35446.42216347792 8.11977204347647 282141.8799526005
35503.73216697584 9.859331583747416 539410.3847772932
35607.21217329176 6.339173223977869 123926.19396897093
35614.42217373182 9.323324679363642 486137.76656050875
35616.3321738484 7.0423341436546325 318420.7457493589
35628.42217458632 8.28859226554948 304478.6585541541
35641.87217540724 7.294834240189806 156287.11615560262
35711.61217966383 6.700228824780159 189538.36419799156
36098.51220327833 6.4088358893512805 188730.41428283922
36197.70220933241 6.649846267671403 203347.8817971794
36216.88221050306 6.907711507440472 99709.8092792636
36224.6422109767 6.469468353770782 87520.91506414658
36286.23221473585 8.689026358165547 255961.68111036383
36296.02221533339 6.1528670098143134 184841.17892022085
36407.72222215102 6.2922407932751625 68734.51460057887
37293.692276226335 6.253547344563605 151255.703273366
37598.42229482558 6.11405923882296 294565.1007120835
37646.032297731464 6.034497943820798 163208.34137144935
38560.742353560934 6.18390629547141 52594.158967144715
40764.652488076936 7.096262715521471 210301.7858471005
42818.442613430336 6.628731838195987 164368.8463619847
43006.00262487809 7.2859087656685375 129049.8255127718
44551.73271922197 6.533156804705305 37448.874773730975
44669.422726405195 6.336330814825602 49942.653913501126
50257.633067482486 6.153737224506169 10538.368023441342
50725.07309601276 7.307024053822155 24121.649164375798
52542.56320694355 8.399957880567577 57294.623294269586
52675.63321506551 8.796367015391853 83048.35629148596
52917.683229839065 6.021595291716198 42807.09615725933
53609.193272045486 6.071934886213606 24640.082478873952
56414.02344323874 6.797291067210326 13383.43135729292
57600.09351563071 6.997150420790178 48025.81216742602
57907.4735343917 6.5175391372233085 11110.60371165892
58028.0335417501 6.104090181124914 6440.136607652086
58421.58356577048 6.170353268368309 18973.147931248226
59530.38363344627 10.991393447359838 39166.6556238292
62837.17383527672 9.800422208504047 57673.29778676971
62879.66383787011 6.659036420310382 22413.24909606475
64214.51391934289 6.499579444884868 11588.251727106806
64924.18396265771 7.078891341853554 12474.185316904237
66787.10407636133 7.172635113999697 9257.149367853177
66950.19408631556 8.687027357917978 19924.371544200818
67026.80409099146 7.92889821431534 11722.17585391649
67756.18413550929 6.403341855024371 7903.522775316001
67907.53414474695 7.59600382393563 11338.169516048118
68222.23416395472 6.830505468572814 16141.51530201506
68407.65417527186 6.057571897957349 24184.81877238292
68428.62417655176 7.134743440562342 18581.257634142345
68479.90417968165 6.489509048664659 18228.713449113264
68510.84418157008 7.369294603608433 36147.85370978196
68576.11418555384 6.330644089714492 28725.180625389014
69635.62425022121 6.621743181094769 9076.021585236707
71211.92434643093 6.155998992156952 13029.725348778109
71481.95436291225 7.467653950678982 14398.198517063433
73387.10447919338 9.733334579784099 44100.35217159384
73388.91447930386 6.106279609689438 43046.5231003171
74288.86453423246 7.531512869449948 22497.493702635016
74754.99456268277 8.205896882206014 124866.30372210937
75579.25461299162 9.01704069299987 35173.750075539865
76601.41467537932 9.496515326677327 93024.59391013614
76611.09467597013 7.722273823900278 35408.72590933898
76624.99467681852 6.036475535937747 95340.12522004836
77512.0847309622 6.011859073761837 9265.10441430372
79262.84483782011 6.769575553337009 8834.408323337155
80955.33494112152 6.127503171745952 13904.252181977625
81461.48497201447 7.667606152341676 31225.458509450178
81483.34497334869 7.7573085885459925 27340.769932215673
81929.48500057892 6.130508744727952 8338.273932958102
82130.42501284332 6.979700013545742 17624.49496302758
83983.36512593781 7.487478613293384 20879.708967742466
86360.1852710074 6.974787836709733 70190.15116497828
86363.62527121736 6.9640289455999485 79678.2539754201
