394.0900240533462 9.94997728268725 20433.400936948547
792.0600483435088 8.217158656247037 8083.85168376509
1526.6900931817684 6.275085406677865 3730.370990468411
1729.6601055700748 6.07736840784285 26022.31637784212
1750.3601068335026 6.695923149140846 22196.403634428516
1754.9701071148747 6.710700751434102 12091.18023191073
1764.710107709357 6.932248372606857 5805.726819259863
1770.7201080761786 6.838514080010423 11094.649502733295
1790.6301092913884 6.372857196319365 12411.389596206518
1817.320110920417 6.07562003192256 24338.298166457123
1842.9701124859687 8.50532918442948 7674.926504452
1887.1101151800608 7.399852031410656 9327.215607621347
1924.3601174536204 6.94413944353519 6216.817177490386
2154.240131484383 8.084430367076958 7915.225385782226
3148.1001921447873 6.15401602408273 6752.21213531559
3268.6201995007445 6.09900618775744 10153.89812492555
3556.720217084974 6.376443528415752 5488.951098341682
3728.7102275824113 8.244807360232075 20318.450569829478
3738.8602282019183 7.1473349128447 13830.865989926398
3852.8902351617576 6.504390448245163 6317.226803018431
4124.390251732803 7.345944696515714 7297.219129394184
4178.350255026261 6.417799516443566 3785.672492159547
4538.300276995867 6.998787478067047 6846.547493343399
4818.440294094256 11.957294567289559 432401.46808246337
4960.410302759418 6.316673424223766 7123.282970322282
5437.290331865865 8.50915824763094 12932.26815700921
5819.310355182517 6.54641743426156 10882.601766824597
5893.290359697898 6.124537028049726 9851.750171324451
6198.130378303856 7.477515824672643 8109.467647759294
6460.510394318261 6.135103944831762 9840.293254218888
6469.530394868799 8.15230549993855 13703.928201142833
6579.040401552759 9.144491929503904 16291.598082071712
7020.180428477809 6.525141030843253 9824.989720941825
7096.590433141506 7.142109819327388 14966.043757106214
7387.66045090701 7.15076391032785 8918.155317269846
7694.480469633818 7.814425779377588 10443.1216395897
7709.770470567046 7.912098167346189 9247.508616325245
7730.450471829253 7.3128788417072865 10739.135413070137
7825.230477614165 7.240744349161736 12567.076471037426
7971.390486535064 6.789354157203763 8365.549849968598
7981.860487174102 8.424153242008726 11845.951849879688
8631.210526807283 9.964576312232142 19059.329365191083
8654.4105282233 6.100236180155896 8489.779906778596
8664.580528844026 8.615927733714361 22066.515782443195
9283.930566646153 9.007061837429157 30806.909122357596
9583.330584920079 6.265418476603448 6440.81509644406
10047.580613255652 7.8201639602028665 12813.530846359534
10061.910614130287 8.673218092441163 12930.998374280773
10090.000615844765 8.624530059314667 12726.156569127206
10122.450617825356 8.773544747573318 11285.440108523413
10419.490635955239 6.439509849371579 5126.039418733692
10433.010636780435 6.04917578794598 7779.063732397138
10435.550636935464 6.5536560546441285 10888.68275288036
12117.800739611861 6.284407811811818 7699.698776029992
13708.730836714529 6.181296200048578 4564.032233597914
14192.360866232963 7.3502657389235715 15227.969036545688
15480.870944877377 6.686398935904727 9633.430247646591
15542.770948655454 6.141731029069919 14404.036797797908
15553.920949335996 6.51697068257423 8217.891210951888
15758.170961802427 7.8786500066791625 13900.761339051003
16449.461003995424 7.016948134885928 28212.473785298702
16926.211033093936 6.016010750427554 12164.400643012537
17083.961042722232 6.45375469936414 11426.543840274087
17093.941043331364 9.069992115116793 17675.8620132825
17115.301044635075 7.09257643694715 6646.074434571772
17148.371046653505 7.309634299942543 14789.098156547017
17282.491054839542 6.143370877395246 8878.587494869254
17332.871057914494 10.787529555233256 39875.45932967135
17447.541064913396 6.625944163501131 5481.894220796048
17525.08106964606 6.920738455023972 8640.300742639274
19200.941171932445 6.402386088588328 6557.635796793601
19512.021190919262 6.629757099626165 6813.251291395398
20537.461253507157 6.610512089186765 12683.43745794995
21258.401297509845 6.2681526581020925 4186.769178182472
21377.021304749836 7.854062228216231 5445.131734623931
22420.231368422326 6.236956429986314 5709.460859733746
22425.231368727502 9.053650266489289 16657.114110089155
23528.341436055995 6.747728759610347 8230.850095311866
23564.811438281948 7.190919216716447 11244.339680369969
23607.741440902188 6.595328733830991 8807.352063486498
23671.541444796232 7.017727370029216 24548.27342612518
23680.93144536935 6.142549175866043 10289.677348824203
24402.9914894404 7.800343962275406 9810.035817350008
24564.23149928171 7.811328068158866 10554.754496792608
25147.91153490671 7.5091348872292025 252317.9938302753
27115.381654991557 6.09161393304337 9719.500408618618
29498.59180045116 6.213521342184362 10190.365116935185
29639.881809074817 7.944986013897803 11552.02905918708
29656.931810115468 9.575027629092716 18728.827379145903
31987.051952334714 7.453287853750755 9942.80883357991
32020.421954371457 7.4325650740259235 10620.08528101238
32040.921955622678 8.006867181606259 16019.670794978832
32058.981956724972 7.566143267840732 18276.888058146833
32078.20195789807 7.269907821147058 18810.457085904935
32091.551958712887 7.357731045926469 15108.066699436018
32106.071959599118 6.938705947636327 16330.745751338412
32187.79196458691 7.153569548875902 15171.413842542626
33153.392023522465 7.293763761926379 12960.725770877027
33260.12203003674 8.994627750479257 15979.767643950325
34340.9720960066 6.276226549114684 8685.58790235865
34388.04209887952 6.033951632700495 10618.3607109608
34418.26210072401 7.22888497240562 11803.812744998228
36410.62222232801 7.535184683449481 29391.544714397653
37232.912272516616 6.217001392582535 44307.437459212255
37797.1523069551 8.833101480042071 18112.99777230305
37848.04231006117 7.0687915968838535 11669.398952751755
37877.46231185683 7.140248568083362 27119.6235406337
37939.42231563857 6.459347538400434 18814.566479184687
37950.65231632399 8.699124718584006 26767.067236717157
37984.99231841994 6.292377689879784 37796.65682656985
37994.762319016256 7.537539709260363 56849.320468010366
38134.56232754897 6.0655232427165044 4853.65651797954
38495.59234958449 6.78122112074954 19630.816221048626
39111.1523871553 6.069303444161812 5696.364013369701
40175.32245210708 7.755923833454871 8061.469945755062
40470.5624701271 6.124899984622353 6395.10904759455
40580.77247685379 7.335341844356347 12078.941562355067
40596.98247784317 6.694966093624114 8497.268036261927
40934.73249845779 7.555786440538939 8366.316894556305
41405.22252717423 6.64437666311151 12664.10725777993
41581.23253791702 6.936467236847183 11337.223968665317
41687.592544408726 7.914535281197177 12655.455264033044
41847.27255415482 6.708953846910767 11582.798538198236
41857.372554771275 6.078740850483922 24936.8154275049
41898.17255726151 6.064564600539251 14780.78635720292
41972.03256176956 6.467091192332264 10669.704106624004
42765.99261022904 6.055924653038016 15225.25036023108
43274.722641279455 8.553069124830285 10475.800050113288
43348.05264575517 8.207959632726812 11271.689911951618
43377.8426475734 8.128623090189173 12209.834930070065
43410.38264955949 7.083695420711419 14407.570017887223
43439.78265135392 6.861095225226569 14597.964589718405
43457.06265240861 6.124435274638125 11429.464275774537
43513.68265586442 6.865974356220932 4891.355855446455
43695.562666965496 6.4242061212017525 17109.82056222759
43952.652682657026 6.1858764663131875 64197.31687406119
44446.31271278764 6.390221985779403 7389.862570340673
44636.78272441301 6.296685108486782 4794.824100157432
44925.022742005785 6.2161873972993895 7085.195901425377
45082.872751640185 6.779750047107742 5906.2310713937795
46122.822815113694 7.1699848847107095 4616.184753894077
47044.94287139544 6.999607254615117 65946.976794333
48144.972938535946 8.10401681744445 9606.610185516794
48397.97295397784 6.048173037611143 7007.013410885713
48488.67295951373 7.418512977872375 6272.299775636089
49315.25300996417 6.736445484604729 6311.409369457165
49402.54301529193 7.22845740714804 5383.519000449043
50696.96309429706 10.045602288228807 33929.53977571121
50777.71309922565 8.586722899489969 14401.386077309482
50906.563107090034 11.430516831767376 48451.48210143444
51007.32311323994 6.564934693731083 5193.098840229181
51045.32311555927 8.131622765639834 5877.447109802852
51486.78314250385 9.632036325022993 7644.964796755165
54319.12331537618 7.292947069426627 8391.300081652147
54427.52332199239 6.356192791728219 4931.1736018374695
55568.50339163229 6.054365450829338 4774.377182125759
56155.45342745687 6.404329785617061 3729.2892700761154
56179.003428894255 8.051415154240642 27262.885888660458
56657.46345809713 6.479934500530798 7206.945196492175
57086.17348426352 11.263821280927269 40447.3517006668
57103.33348531088 7.642142388139083 14335.976860517141
57598.033515504976 8.784398726289831 14488.371563245431
57600.2835156423 7.665371345804416 13590.665132222475
57677.59352036093 6.0737253204304045 14992.079699198659
57701.40352181418 6.88940323215366 7542.255274226582
57899.10353388083 6.341094851167518 2787.2260777475512
58190.19355164756 6.00529770532069 2829.0400281941515
58731.413584681 7.629780511891765 5417.081178150055
59357.13362287192 6.745763164902208 4801.748041962881
59486.78363078513 6.788535014804286 4808.119776550983
59530.093633428565 9.764286635262067 16062.35313273163
59983.52366110374 7.003331450712938 4086.369918968006
60294.59368008994 7.22072777793011 4330.51566903446
60351.673683573834 6.10264602174108 3224.35579618298
60914.5537179293 6.842157417503886 3362.1522471201283
61209.06373590477 6.291703213162079 4097.205899730839
61331.35374336876 6.018504491226646 3079.260749294859
62407.64380906029 6.119639285767757 14987.568483643714
62535.66381687401 6.499334789908372 3998.414335917156
62837.243835281 11.51649128969649 33760.60345192816
62839.10383539452 6.247805858617526 19734.659981342622
62865.61383701256 6.625024856418963 7975.320807891887
62879.883837883535 6.56992812712771 8297.452593498563
63007.74384568749 6.757259871120416 7363.5260179142815
64056.33390968835 8.591912597903171 5728.173425182792
65074.49397183191 6.704542925154801 11177.32850142523
65076.143971932615 6.33389499690292 11177.32850142523
65086.29397255212 6.342491780044834 7558.164420636907
65227.06398114404 7.0653387195813195 6002.745514074977
65840.32401857447 6.125793228551974 8436.821479537593
66049.54403134424 6.814753027121266 2953.8348707796763
66257.14404401513 8.514412846736768 13589.611205645673
66435.12405487818 7.374871366962161 4730.302664397771
66703.09407123378 7.427943967471722 5903.522328285774
66704.91407134486 7.06000799869454 3661.646237141263
67652.51412918177 6.13838446745046 7764.70241339045
67713.09413287928 6.802456773955018 6331.205191113682
67728.3841338125 8.731755013490655 8573.27453036293
67789.51413754359 6.619324435429405 5254.293306534582
68288.71416801235 7.2866582477645325 8288.515735430858
68305.02416900783 6.767976223681783 2820.039606214892
68570.29418519863 6.560125937305472 3055.72587053731
68813.39420003627 8.064478098663395 5422.575922533376
68902.72420548854 8.503268672135865 5069.531310217957
68993.81421104823 6.171981377272227 5006.0603956148
69074.81421599208 8.016847594629668 7956.84792237138
69240.26422609035 6.052402563681157 5008.831040764569
69958.80426994654 6.125912687431384 4244.870285034462
69989.20427180202 6.287519771610098 2437.15400969816
70955.16433075954 6.937297421091407 2862.1178984327626
71470.694362225 7.535681581456233 5721.464152490958
71687.58437546292 8.916591020176778 7484.905627569289
71910.38438906155 7.078869189699376 3335.513499375234
72156.66440409329 6.127113966861056 3026.6319469717555
73387.19447919888 11.124058689032475 21968.45146170019
73389.05447931241 7.260037253182311 16922.730443560584
74754.69456266446 9.829652112677639 49934.48570030304
75130.9145856271 8.682314019612747 10487.694736826601
75232.57459183194 6.04781050808186 8841.23663154383
75236.24459205594 6.037103700731447 11525.052566281225
75830.84462834745 6.472256482370265 6067.953215107181
76026.57464029387 6.015694913710027 3186.961407137602
76192.90465044584 8.730755404268644 6420.874749595902
77002.29469984709 8.2079694351272 5204.455132511798
77527.38473189605 6.628374907158958 3657.779834562139
77626.67473795621 6.72380312858251 4541.808561616796
77729.86474425445 6.546576214485561 4006.5273787541064
77950.70475773345 8.010556587864853 12136.113407210154
78061.53476449798 7.95565734286446 8447.338259014472
78290.16477845244 9.834193680261455 23612.63782128328
78307.89477953459 6.416894989847234 5990.734816545608
78504.52479153594 6.0079056108022275 2537.0713179215923
78621.78479869293 6.664633173059589 5086.54244159472
78804.04480981719 10.536136732788599 10236.460889730664
78918.41481679778 6.137176114824734 6283.557587495568
79022.44482314726 6.080571566718409 4276.922102984925
79152.3048310733 6.784465181913298 32293.288736271003
79154.41483120208 6.112032883130259 25833.32110341683
79372.94484454009 6.7698674554758576 4271.20334270348
79675.98486303618 6.67854460377554 7721.047175633541
80077.51488754363 6.906676237949479 3710.87704060996
80838.48493398956 8.323129309507488 11494.134793135096
81465.22497224274 9.273903361211774 6701.526717872563
82129.7250128006 6.717318228998939 6103.116318431394
82767.67505173798 6.171087013497064 6158.172504192644
85787.94523608065 8.8675190287245 8317.35433703897
85926.40524453158 6.686029925512317 4420.781723472568
85961.54524667635 10.267147729287942 18779.06041560414
85994.80524870637 6.42304498790117 5282.937307437023
86089.4052544803 6.5592787192934745 3438.3073941233824
86109.18525568758 9.375012029605129 10104.134627683663
86130.13525696627 7.0875452119671545 3991.027183476027
86161.26525886629 8.297037806563548 9057.977215612666
86210.23526185518 10.647920696861346 49475.32301808668
86216.48526223665 6.77669204681821 37759.04801426115
86329.44526913117 7.443323145509565 11145.957839053364
86342.8052699466 7.915312198508174 8577.548797022071
86359.77527098238 8.73194517539596 12043.771273029482
