394.35002406921535 6.176682640164177 19944.767489115286
958.6000585083043 6.423169499604342 9818.234487966722
1086.1300662921183 6.120721581571643 13326.572249136707
1790.4701092816229 6.897737245491145 14809.029738290004
1842.7901124749824 6.443026199689126 10935.53249703308
3278.270200089734 7.532584708409163 13293.773306244582
3706.7502262420794 8.583257588918615 24211.49648270408
3914.7602389380027 9.080285011251611 22697.068196073502
4048.970247129532 6.737168508998795 12030.24568679778
5790.720353437521 6.240843872707277 12316.570598903101
6293.000384094262 6.052657208071309 8356.631656601887
6910.070421757227 7.498421956500675 17258.924786696298
7558.31046132266 6.378897432890099 10570.322183779019
7973.8404866846 7.2884284615743296 13229.160079192627
7990.320487690459 7.5992134025465825 19313.070989705295
8115.890495354644 6.004877411033501 16160.076242906676
8130.740496261016 6.048295469919914 30327.279120052142
8171.540498751251 6.9203496768832 39320.92901216076
12533.460764981735 6.093897317503594 27807.225100205647
12544.540765658006 6.5899251665776015 19299.243289867274
12571.350767294358 10.032081675399333 55809.24173726065
18970.241157851633 6.384671115486529 62472.55329907628
20903.07127582222 6.84590716862274 8911.46717790965
21108.301288348466 7.92358200043258 12040.486221937148
21884.661335733723 6.104009424037146 39485.11714018309
21986.01134191964 9.773109940434855 42647.2094032836
22148.321351826253 7.103435159610861 18924.237817331632
25148.891534966526 7.214408815569111 1088866.3161273901
27112.491654815163 6.86393775750474 30862.593583249614
30348.541852327995 8.746607614900645 27540.690711552492
31226.311905902825 7.808092787594316 18641.113409557856
31864.61194486157 8.196418069007132 27143.287488826503
33084.50201931775 6.406654606168892 31837.356448801624
33202.30202650769 8.412491078528106 39997.137858001144
33696.672056681644 6.2116730335189825 18678.997501777558
34229.87208922559 6.641012572046171 21676.432011951318
41421.56252817154 6.665350354062627 31414.213781030292
41433.302528888096 8.452222449863493 36257.67509096981
41447.3125297432 7.662320015840786 36752.7049692634
41481.95253185745 9.8721705227526 61698.27425587845
41493.2025325441 6.56442088495622 34823.73605761876
41497.54253280899 7.408188252210762 58102.1486757198
41574.84253752701 6.823477011177405 64348.713977359235
41583.60253806168 6.041282892102084 50735.60651375082
42997.78262437638 6.837777867275285 33895.41877000427
45005.04274688982 6.218632887042484 9625.66406940111
45157.492756194624 8.162291446227341 40208.827878038406
45666.62278726946 6.241977298739899 37524.18365496987
45816.2027963991 6.1004126175962625 35723.71297578961
46219.152820993215 6.201599186124157 14632.53991946843
48103.31293599322 6.017851273961552 11004.123973930102
50617.62308945454 6.787561651928653 8106.525123951585
52940.48323123067 9.993943288017432 41690.00288838881
52949.653231790355 6.409855334435329 8840.970738180831
52964.433232692456 8.251212877115506 7766.8021860917315
57104.873485404874 11.54414571591354 82927.38214740813
57200.923491267306 6.221664172253997 12860.323748337323
57598.403515527556 7.815540204371098 24446.762268227678
59529.96363342063 8.29810320548087 51616.12175548033
60411.6336872335 6.392684632615342 14210.107478745353
62837.76383531273 10.156881094208511 20244.236676010034
63902.683900310294 6.269879792594106 8593.88868307592
69110.83421819056 6.504145676723351 7420.086077177678
69314.87423064419 6.065115652114293 5520.187902580937
70321.504292084 6.453425727658149 5824.994536072266
71532.19436597866 6.46847322594997 20026.376455230708
73387.65447922696 7.982278384232539 25466.614285604966
74754.78456266996 9.10265055449311 146187.47761884436
84083.18513203034 6.879762548698013 13581.151155840838
