70.11000427917507 11.313061944464438 559272.1171228911
83.34000508667023 10.692924451552619 38730.42816073361
174.4000106445319 7.862570835759377 50683.77077728611
207.74001267944413 6.186952634513785 25062.54443960293
319.6100195074475 8.962795983048213 97469.76109726926
346.56002115234503 9.579503551385347 61594.167574192725
383.5100234075942 7.313861990177236 88392.35686328822
394.33002406799466 6.259862766990428 44260.03072729008
435.4900265802018 6.56092591290229 218163.1757749708
545.1100332708761 9.102572064354334 233788.2422312515
1401.2000855224662 6.072923703997786 62832.32837700585
1451.000088562017 6.119444065682875 31694.836893040538
2502.790152758188 11.400849715388123 194530.7878494178
3628.790221483778 8.12652962151156 589959.7192158751
3630.180221568617 6.373454315289384 589959.7192158751
3647.820222645277 6.823682327046664 52892.64219341297
5386.81032878481 6.630792554876033 15260.295615549638
6102.09037244204 7.289388141185327 23340.787744681074
6236.820380665306 6.535186885126504 51030.992283624975
6312.450385281396 7.1095236601084295 61852.2383596595
6313.240385329614 7.9666262606210205 61852.2383596595
6369.260388748803 6.852293439626433 25264.979285454006
6386.880389824242 8.58199743179746 76003.9102841825
6443.240393264185 8.097553385713537 52854.54623828429
6482.480395659204 6.6379872826034365 67498.46410202251
6505.640397072778 6.271419620313814 120849.35923242703
6527.240398391137 6.110517325916447 45702.96077035333
6742.04041150149 6.537982412192836 214796.43813225193
6771.280413286158 6.015862601913834 307841.39095547126
6789.330414387843 6.432915928462212 205193.46339814516
6819.6204162365975 6.0566953788416775 84273.30569439115
6847.180417918727 7.341257772983985 185469.51765762735
6880.630419960353 6.647590653624223 82760.6445969457
6882.600420080592 6.578537220326705 71684.09290006195
6894.630420814845 6.016872362542919 71208.95061506832
6912.360421896999 6.284605310409566 72769.14708157122
6971.640425515163 6.012468415888696 42860.410809254165
7083.040432314479 6.876671532806326 85150.50635425483
7110.970434019191 8.525486393944963 56536.296267699225
7182.110438361233 6.3221301452676 47968.69216511353
7280.2904443536645 6.439605814987196 49656.68601008406
7373.260450028104 7.067856902558426 75550.06739791289
7538.480460112332 6.731808654669855 46284.96577592335
7589.000463195829 7.6578074448744635 23319.761268032904
7604.780464158964 7.571104879333736 39863.88620324534
7622.540465242948 6.6598354951768455 31933.176513144652
7670.100468145781 6.434319830268621 67481.18453466745
7757.800473498564 6.398952489991489 28042.842968553883
7794.600475744658 6.171018520251405 29746.78470322724
7803.500476287871 6.560546414884739 67527.8339032632
8069.000492492706 7.507216385241386 61274.792979520345
8095.190494091216 6.0445367855490515 38231.63616820028
8291.990506102937 7.416001296955837 64871.34632700628
8349.990509642976 6.477108256424432 34372.99241971647
8440.880515190462 7.361817678658097 21303.04065912768
8498.220518690217 8.391188489258662 279422.5326663432
8631.330526814607 7.298216415781207 21228.19577434572
8775.160535593295 6.358378892410712 29669.431913072087
8875.1505416962 6.114247256384617 47351.89460254303
8919.51054440372 6.099637278783968 38153.190844130295
8930.850545095858 9.289717780708006 105089.80476987321
8945.490545989413 6.004729506716723 63404.94847550724
8965.30054719852 6.130895622760624 57731.91738447054
9041.400551843295 7.283736220932583 38516.59965072661
9062.850553152499 9.380830604413662 73009.59519331536
9153.240558669468 6.491142221062858 27812.561306600343
9205.170561839024 7.292384877223406 41119.12137085234
9217.470562589757 6.797346039416966 49858.78884138849
9231.180563426547 6.22362502483149 43496.12553135121
9346.15057044376 7.0455189987141145 52586.46249234613
9415.220574659459 7.455352433557184 41176.10445095982
9447.010576599767 6.233615499467237 21668.91017414348
9457.280577226598 7.381614722936732 52776.57351859848
9489.080579167516 6.411658208918344 65869.2704816236
9503.030580018956 6.743123326646643 31976.877347515583
9517.93058092838 6.426422262718526 20241.612948549
9522.090581182287 6.837868427048815 36942.501301412936
9532.680581828648 8.01969838513412 87283.3363644446
9667.020590028113 6.5319146762240266 25101.218439624525
9713.31059285343 7.078962428376541 46420.38019115571
9762.360595847204 9.17856805931121 89611.43779360746
9784.220597181433 7.805403125181793 46605.28086290037
9814.140599007605 8.734540305486966 31370.392026051453
9826.200599743688 7.13276754252103 158656.65257846267
9859.640601784704 8.118979011467438 94671.00962342227
9881.200603100622 7.752464360039784 60384.79354470205
9885.040603334997 6.753770968564143 134290.72412254298
9929.900606073035 10.035983696527776 266277.5594740807
10083.970615476723 10.136080460920198 419964.92024716624
10085.960615598182 8.629371110317702 419964.92024716624
10094.600616125526 6.23008580582588 193581.81405128376
10097.650616311683 9.917056462037458 445893.3432018402
10178.940621273232 10.788566582844528 257227.12696072727
10179.920621333045 8.32878303419787 238483.14338237303
10200.710622601966 8.11654911208345 90299.64216970511
10984.540670443155 7.33465185462915 27777.853252263485
11041.310673908121 6.390195000650754 14389.000819353587
11310.3306903278 6.090129018150598 11049.607158754621
11406.830696217694 6.455158636952074 12207.440208259864
12112.980739317672 6.448497813991776 23890.722840839764
14143.880863273978 6.182085939848831 16372.543982531379
14422.63088028753 6.070058264085314 6757.545784959682
14463.59088278753 6.498708890208713 10180.045941568796
16213.210989575866 8.633794511452907 63395.87878228906
17716.861081351384 7.937929308085411 51672.92004209187
19131.531167695994 6.369995610426402 13424.69433354095
19510.881190849683 6.078942508961418 7965.172956857239
21215.26129487679 6.249924172171342 14937.860073467364
21740.221326917806 9.170868902455497 34935.30322502752
21838.061332889487 7.851193903884705 13672.499723331566
21844.521333283774 7.8550097730519175 35825.43498208813
21923.51133810494 7.223736233031548 25926.56867268869
21932.481338652426 11.670511535291997 141755.7256510425
21937.861338980794 6.170762950741217 54684.78139309015
22018.641343911215 7.13278714945849 50451.81849251383
22029.28134456063 6.408911413476357 29134.53059638431
22968.871401908655 6.919973815671998 8509.46121802435
23888.591458043913 6.492451531374698 273173.45519523614
24248.94148003793 8.025864129674027 147759.2444440373
24471.84149364267 6.2820441179257624 127012.85869260163
25035.89152806955 6.599196376513764 93496.93543353672
25134.091534063205 6.172488670936905 141127.15226143718
25149.761535019625 7.529992941046784 582357.2309610499
25437.19155256296 7.314635923658577 182388.2629115974
25490.721555830172 6.005262663706998 182405.11023625828
25780.44157351328 8.400610531367743 69612.14319682286
25833.70157676401 10.350128747121211 154373.2211120474
25897.9315806843 7.052001546632112 177412.6303817591
26111.341593709814 7.661779554892854 147237.31111892677
26215.461600064795 9.085571712439066 211465.88179956004
26253.091602361546 6.521875435911569 89711.35429336388
26346.331608052467 6.891312864191578 194433.25587659542
26355.441608608497 6.1851659026893655 340470.72257690184
26464.691615276588 6.938933382261401 250108.41747590012
26552.161620615334 9.86278186343207 227525.99544832367
26569.48162167246 6.252446470139004 113009.96821058301
26709.541630221047 9.281547797016675 202290.45540664162
26810.751636398414 8.401703033128088 300376.917753561
26820.281636980082 6.851011826483653 182653.33657375613
26852.62163895396 9.664589234580763 224568.32882761478
26957.88164537852 9.218801488099754 193810.77717099196
27086.51165322947 8.078242702286614 288127.9183259406
27223.86166161265 6.3653513948391325 74098.6770033164
27310.191666881816 9.271623386212127 168861.3394502737
27902.711703046367 8.090827493997722 127322.53741386722
28002.87170915965 6.40852626962726 79665.87535388218
28035.00171112071 11.81691290322724 140001.7499855918
28047.79171190135 9.913525389778586 158450.1119935506
28108.701715619 8.370851806258154 156764.05952348
28136.06171728892 7.976682562822974 110957.04435418567
28493.861739127304 7.642794575481907 262598.9856493754
28739.45175411693 7.628825674362637 101651.70216209361
29295.691788067124 11.982019046597014 151056.3631397924
29394.541794100453 6.891640870050326 456936.1057918562
29408.81179497142 7.952799752028881 98220.61335162463
29444.181797130237 6.640588832338808 129374.71683959689
29557.591804052234 10.154356392479482 42374.20537107093
29837.221821119496 8.085179086698217 102382.50767946143
29956.77182841625 6.22396283415296 117670.60127054877
30022.121832404897 7.647389722414544 135668.8491264297
30389.751854843253 8.183094971464381 98582.8314463209
30422.671856852532 7.216118171134312 250253.46788414463
30731.371875694083 7.616567394366235 114994.79688300949
30886.361885153925 7.53701099933122 330061.72489849303
30949.791889025382 6.076155832856656 264400.6717957773
30959.711889630853 7.774311084144174 133125.52036503353
31217.941905391963 7.134611116332431 332023.4343286511
31252.471907499505 7.0672658629726435 121516.29948560307
31275.181908885614 8.38592436172143 144595.76462826668
31372.94191485241 7.781740514673752 95203.38031220512
31493.18192219128 6.408917380871182 100552.93371109119
31509.741923202022 8.982712167420724 121915.47714548293
31829.841942739375 6.38389339462096 227461.85143737073
31846.12194373303 6.630089661686859 63691.301817149426
31868.511945099606 6.735305126166178 198985.33913945
31871.641945290645 6.37231026773009 364968.301519315
31910.71194767529 6.1127392542899965 240569.37327236397
31950.491950103267 10.796389200448 203285.15236428764
32017.331954182857 9.048137185391138 143034.84965119595
32081.64195810803 8.395940411812822 178456.55896169113
32126.371960838133 6.298970976651455 265423.9204459986
32205.06196564099 6.100399949724086 367518.22505145107
32619.561990940063 8.572531329175813 276743.2566884533
32941.352010580566 8.21702518251737 75417.88885838036
33108.94202080945 7.684688461783139 144983.3505310435
33282.50203140271 11.07327877371117 155507.44657287572
33681.572055760014 6.297742723930689 113640.63597688256
33689.032056215336 6.3048615251396045 32161.192712834116
33740.27205934278 6.203964658498519 59782.711946134354
33835.96206518323 8.722672978692373 351539.5724988758
33913.01206988599 11.29717045363781 176750.64419558778
34451.02210272352 8.918731061675391 50443.36680928581
35249.07215143263 8.304190286126985 39539.13924247527
35273.442152920055 6.9806804416069275 27379.802701580033
37049.04226129408 6.531293727548397 18371.170639359523
37086.65226358962 7.1079541074695385 26072.05839854685
37176.322269062635 8.602805986944391 152561.06588188082
37191.6422699977 7.0465780008425165 78529.30489849289
37252.55227371535 8.117820404486729 362407.0998951665
37375.5822812245 7.645435567171387 33235.39263472058
39357.82240221084 9.47016059688768 61291.698351746025
44444.472712675335 7.367411712574728 14745.37637153651
53224.12324854268 6.604697472736741 53168.20164638799
54168.41330617757 6.48658434502212 24572.703804960547
54183.72330711202 7.520328811243842 135767.4955220084
57089.78348448386 6.625244576292097 19298.230474691572
57109.093485662444 11.154873800291686 66411.51515171684
57598.42351552878 9.261981547396791 21685.755387177673
60913.353717856065 6.471918948944942 6422.69014058693
62837.8238353164 10.443394075829003 22266.850342109825
62878.4038377932 9.098707686914208 13208.723432738569
64995.44396700708 6.887038263760626 25043.843427416105
66296.0340463888 6.23950338141177 254811.26849650792
66818.31407826624 7.50536170464248 103570.5726666766
67039.6840917776 7.8305777905609775 221299.7289442071
67419.2341149435 6.844044148179551 187091.68012877493
67470.14411805078 8.019680109610835 175519.7411979862
67638.09412830164 7.249775058801757 70897.67047420745
67805.07413849329 6.861906872619986 133215.42376318143
68036.13415259607 6.769525840439933 202670.574836962
68131.32415840602 9.126486512341923 61803.4397127072
68145.01415924159 7.579719499961362 126022.10358082499
68153.64415976832 7.169337163688687 207439.34814701785
68235.58416476953 10.896652247582542 174920.29014992047
68264.70416654689 6.2133678577163645 43512.734867872656
68288.02416797023 6.623364227571484 95292.28669466835
68307.93416918544 10.177287906868704 664314.67485035
68526.66418253565 8.745590591173126 76922.10940792954
68750.39419619105 8.570153450427279 48168.918467540345
69117.60421860377 6.512315735718201 113583.63970959572
69237.64422593043 10.063846171208537 103007.26994701596
69482.92424090113 9.642168479442207 123942.35807144504
70024.68427396755 6.891359585746708 73857.08368221828
70064.1542763766 6.09152341235026 155277.179296533
70082.34427748683 7.152969808579422 229720.44548932632
70111.49427926601 9.326277344828767 134623.19620208984
70194.92428435817 8.492907017712328 177398.85923824817
70390.92429632106 6.109924119696959 108648.15997992268
70486.24430213893 6.4051172740411655 228623.7865235372
70552.8743062057 8.264954307317707 149558.75122869856
70842.65432389248 7.989776129264351 153339.19603866828
71329.32435359646 8.611344946754071 287097.45460268087
71336.78435405178 6.690917006671083 162045.2754929411
71368.25435597256 7.4466819801196165 218748.0686884383
71409.03435846158 7.029435995249327 126734.0904464805
71516.42436501614 9.101994913395504 421657.8991114482
71531.28436592311 6.801245975443813 338378.19551789144
71566.93436809903 8.014748243420714 219054.13759005538
71629.52437191921 7.7897571912089045 87577.66905609737
71635.34437227444 11.03358743304043 188824.66337932128
71687.21437544034 6.001205410057289 54271.09666893301
71691.9243757278 6.4948709206972115 79944.32231656424
71712.90437700832 8.126924213990788 437723.69523974764
71722.61437760097 8.436176903875658 323972.3770122474
71734.09437830166 8.110889635702431 87229.16826467768
71757.55437973354 6.037899068066597 56772.577841281054
71774.20438074978 7.007514847412558 116501.13568866537
71805.97438268886 6.234846037313007 102929.4794120809
71812.03438305874 7.516930871837079 143871.6959084756
71845.00438507106 8.436591660140888 131256.2157161549
71878.25438710049 7.079759350376175 114696.38049838707
71909.62438901517 7.884984958725386 432248.55991355324
71920.66438968899 7.932090593375503 143623.08607796291
72009.2543950961 8.429766823723845 147207.61163175653
72022.12439588162 6.563289757975994 251698.48342670908
72075.80439915798 6.4778590840199675 162633.87412850175
72109.26440120021 6.064500648181456 330386.23085641087
72126.06440222562 9.61577689876352 221873.6375442515
72217.54440780911 6.158484608307499 106719.09259446862
72253.7644100198 6.263235328595754 69928.6627033095
72265.86441075832 7.135225839578523 218125.09748954346
72420.82442021633 9.48219731055354 207281.7510828266
72519.24442622342 6.267417698260946 200067.14794567047
72604.9244314529 7.3658422162293675 280082.7628488782
72658.4344347189 6.937417881461862 158163.88411485
72712.09443799405 7.891259654478765 273086.6699184965
72754.97444061123 9.435860820530156 98957.38004607383
72773.9844417715 7.02826530890774 95828.51000651115
72797.11444318325 7.482928851504409 508903.4736595587
72827.86444506008 7.3990414349138725 143644.30319909065
72899.6544494418 8.177655920306362 191429.51864546313
72926.84445110135 10.24397417322677 164502.51764405018
73069.02445977932 8.659319896341259 306982.53558637283
73086.73446086026 7.168540038103117 221315.80631919397
73125.4244632217 6.454254735643059 96348.38085102437
73129.90446349514 7.668372687976414 105324.58759202303
73187.40446700467 6.932795280970498 231253.72727745885
73267.0344718649 7.226977069266491 107238.57561160941
73280.48447268581 10.396723398507143 198254.51280012584
73375.49447848478 8.59860256178097 332097.3227638557
73387.73447923185 8.316298527170177 311155.1502222103
73542.69448868986 9.6067801719499 114181.4311790758
73566.85449016446 6.392290974333588 199996.03045106502
73599.71449217007 9.830734050587521 165821.14090700718
73655.20449555691 8.230129452620425 88446.05163872798
73684.31449733365 6.420594584232028 66100.86481542992
73708.47449880825 8.582262150726008 96302.39790654088
73757.60450180691 6.1805186782215005 78360.40119726729
73822.39450576139 6.928456088229569 113483.11545917195
73854.18450770169 6.338572259422409 106330.32108442114
73897.58451035061 6.460086815958839 60316.527991760464
73972.58451492825 7.786891051731081 166703.69410654932
74004.88451689969 8.742197863987503 279593.2142910713
74043.26451924222 7.795313038579089 67272.52501748913
74060.31452028287 10.677128281667773 178335.66788182914
74078.01452136319 6.92929367648238 98556.20263110858
74169.63452695523 6.045304277579021 57182.79607873084
74203.15452900113 8.102166641890186 85077.71944005528
74241.90453136625 8.86103880215759 565374.0909813753
74250.2745318771 6.456254520695364 90458.85697687115
74254.11453211149 6.100584488536785 228700.15742756706
74369.74453916898 6.1730116980444 45669.036403167294
74491.75454661588 9.266836210924922 513855.66949301335
74553.35455037565 7.530537417980113 72531.47269469354
74692.06455884183 6.030733405527233 166992.22547615023
74754.85456267423 8.008628301742016 98259.57216652134
74876.90457012357 6.224672821160535 88416.02421841603
74898.01457141202 9.248984809259165 102901.6608524285
74964.1745754501 10.483756486470954 107737.37132255181
75039.37458003995 11.998989684504583 108829.33441852585
75255.40459322538 9.056826021015198 272984.54890181316
75272.58459427397 6.84627876918644 128902.71266051661
75803.44462667509 8.966095374391317 198532.92352496588
75828.39462819792 6.590572321275167 11092.95251104754
75907.52463302763 6.543410163053218 30622.392805250372
76036.61464090666 6.256412209330941 57713.83612649477
78958.67481925506 6.869865489298777 54744.765970245855
80646.7649222879 9.049874130414407 24543.85199914666
81731.00498846466 6.531665017429838 12173.562053457412
84677.93516833101 6.8605712264829455 20740.937243780005
84690.76516911408 7.532971032763198 16303.261926671998
85215.13520111909 7.83721453078841 14825.640474388896
85893.06524249665 7.591927885202711 50394.117128864964
85964.16524683626 6.188134001265073 6755.095172151354
