490.8500 10.3292 2.2965e+04
531.4500 11.4534 1.3887e+05
589.3300 17.0236 7.0823e+04
638.6800 19.8747 1.1617e+05
660.0200 13.6294 6.3459e+04
667.6100 11.9437 8.2930e+04
704.6700 14.6695 1.6402e+05
706.3400 12.0862 1.7197e+05
714.9200 10.3434 3.1130e+05
841.5801 10.1774 4.0548e+04
1104.2501 15.3776 7.1627e+05
1671.4901 11.9071 3.9972e+04
1679.3401 17.0549 4.1635e+04
1689.5901 10.4187 8.6248e+04
1714.2501 17.2580 1.0467e+05
1724.4601 13.6619 5.0093e+04
1736.2501 11.6345 7.8757e+04
1737.1701 10.0028 7.7929e+04
1754.9501 15.8653 6.5292e+04
1755.9101 12.4032 6.5292e+04
1951.2301 10.9302 2.8614e+05
2369.0701 14.1540 6.8774e+04
2423.0501 10.1181 1.0608e+05
2473.6902 14.5845 1.1687e+05
2474.4202 13.5614 1.1687e+05
2478.5602 11.0815 2.3374e+05
2615.1702 11.0875 2.7983e+04
2649.6002 12.9368 9.5300e+04
2650.3402 12.3519 9.5300e+04
2651.1202 10.6974 9.0450e+04
2663.8302 14.1158 1.2096e+05
2667.2002 11.0743 1.1738e+05
2736.3402 15.2748 1.0606e+05
2737.1302 12.5468 1.0606e+05
2738.7502 10.6375 1.2033e+05
2741.7502 11.6123 9.7241e+04
2755.9202 15.8481 1.1072e+05
2873.2202 20.2014 1.0936e+05
2884.8802 18.9126 9.7448e+04
2891.5202 11.9796 8.4991e+04
2912.0302 14.7068 2.7185e+05
3020.6802 15.6742 2.0366e+05
3137.3502 13.7497 2.8099e+05
3138.3302 11.2753 2.8099e+05
3139.0702 16.5731 2.5901e+05
3179.9802 16.3596 1.4468e+05
3180.6902 11.8640 1.6432e+05
3292.5102 14.3296 2.5639e+05
3354.6402 11.8479 4.9604e+05
3355.5502 21.8108 4.9227e+05
3588.3702 10.2936 6.5549e+05
3697.6102 12.1763 4.8384e+04
3727.7102 17.4480 3.7011e+05
4093.4002 11.3124 1.1371e+05
4306.9203 10.0086 4.9606e+04
4611.2903 12.2498 1.6787e+05
4746.0303 12.9902 1.6149e+05
4794.1103 11.0461 1.4405e+05
4809.5303 11.8149 2.0007e+05
4841.0603 10.3340 6.4712e+04
4932.2503 22.9084 3.2618e+05
5221.7303 10.6508 2.3454e+05
5233.4503 13.2513 5.2098e+05
5298.7103 10.0404 7.6465e+05
5358.8403 13.8772 3.7544e+04
5395.2103 13.0237 2.6397e+05
5699.6703 12.6286 2.4339e+05
5852.3304 10.0870 9.3985e+04
5885.5804 11.6242 4.6642e+04
5894.3404 13.3470 1.1231e+05
6592.7604 13.1669 4.4600e+04
6766.0904 11.3533 9.2334e+04
6787.0204 13.5940 1.4873e+05
6787.8004 13.2026 1.4873e+05
6788.9704 10.7594 1.5032e+05
7024.3904 10.5310 8.4810e+04
7340.2604 12.1155 9.6121e+04
7444.1005 11.1642 9.2734e+04
7535.7505 10.1886 9.6074e+04
7605.1705 12.5058 1.2496e+05
7651.5705 10.4934 3.8342e+05
7666.2105 12.5118 1.4575e+06
7675.8405 11.7749 2.7211e+06
8576.7305 13.8365 2.3234e+05
8577.2905 12.5660 2.3234e+05
8962.0305 11.2916 2.2829e+05
9033.5906 10.7907 1.9272e+05
9055.8106 11.9991 1.2004e+05
9084.9006 10.4504 1.1140e+05
9092.9906 15.2278 6.3099e+05
9831.6006 10.2168 1.1471e+05
10024.8906 16.7101 1.7136e+05
10278.9506 12.0876 9.6431e+05
10594.9906 11.1593 1.7001e+05
10625.4206 12.6300 9.2474e+05
10627.3506 13.2070 9.2474e+05
10665.0407 12.0909 7.5197e+05
10705.7307 13.5113 3.9459e+05
11063.3707 11.1526 7.7044e+04
11267.8707 11.6268 1.6850e+05
11280.7407 10.3245 2.9997e+05
11546.7807 10.7514 6.8392e+05
11557.4607 16.6628 2.1539e+06
11643.2507 10.1067 2.0490e+05
11652.6607 11.7245 3.1536e+05
11706.8107 14.2719 1.5114e+06
11707.9107 12.4544 1.2370e+06
11769.7007 11.1304 5.3001e+05
11795.0607 10.4621 8.1721e+05
12861.5408 12.6335 1.0019e+05
13605.1108 16.9859 3.1331e+05
14038.4409 10.1241 2.4006e+05
14040.6709 10.8683 1.9519e+05
14047.5609 12.8168 4.5818e+05
14048.0609 18.4712 4.5818e+05
14056.5109 10.0381 2.7726e+05
14507.8909 13.4579 1.7080e+05
14543.5709 11.1451 2.1730e+06
14937.2809 18.7881 6.5633e+05
15228.7209 10.1738 7.7684e+04
16203.4610 10.7967 2.1802e+05
16851.2110 14.9100 1.3850e+06
16928.6810 14.2763 2.3174e+06
17942.8611 11.3787 1.5974e+05
18152.2611 10.0216 1.7070e+05
18219.7211 11.5116 3.3876e+05
19347.2312 10.0587 6.4988e+05
19369.4112 12.8142 5.2274e+05
19482.9012 11.0223 7.8551e+05
19863.0712 10.2149 7.2743e+05
20154.3612 10.4730 6.2512e+05
20174.4312 10.5185 1.2361e+06
20174.9812 10.1617 1.2361e+06
20441.5312 16.7183 1.9503e+06
21093.3413 13.3272 3.9555e+05
21125.1313 10.5941 3.2468e+05
21656.9513 11.2664 1.2579e+06
21661.2613 13.1614 1.4546e+06
21665.1513 17.6579 1.4244e+06
21681.7413 22.1879 1.7916e+06
21685.7413 12.1522 1.7114e+06
21747.4613 12.3739 4.6864e+05
21829.4513 11.2889 4.2322e+05
22354.4814 10.6047 2.3984e+05
22651.3414 15.0112 3.5703e+05
22669.9114 15.4802 3.8930e+05
22728.2914 12.1716 6.1810e+05
22729.7014 14.1159 6.1810e+05
22756.7914 12.1177 2.9205e+05
22823.8314 10.0873 2.5988e+05
22965.5514 11.9489 7.6468e+05
23259.9714 15.8611 4.0675e+05
23300.5214 11.6379 3.5218e+05
23340.5414 10.0370 2.1343e+05
23476.4014 10.4560 4.5254e+05
23739.0514 12.5157 3.7616e+05
23755.2214 17.3260 3.4630e+05
23777.5515 10.4484 2.5385e+05
24116.3015 13.6553 4.7354e+05
24209.8215 12.9694 4.7448e+05
24220.5315 10.7739 4.0991e+05
24226.0915 13.8252 2.8491e+05
24230.5115 15.4306 7.6891e+05
24261.3115 13.7124 7.1496e+05
24291.5815 12.0784 3.3480e+05
24316.6615 14.7052 2.6091e+05
24331.6915 16.6711 4.2283e+05
24587.5215 13.4903 1.5027e+05
24630.2215 10.1790 1.9449e+05
24649.2815 19.3966 8.9513e+05
24661.0815 11.9069 2.6561e+05
24698.2115 11.3306 2.2259e+05
24754.2715 10.6825 3.7642e+05
24875.5015 10.7176 3.3229e+05
25143.0315 12.3842 1.0243e+06
25345.0715 10.7251 3.7955e+05
25393.2915 12.3920 9.2794e+05
25409.0416 14.5838 2.6904e+05
25427.7216 15.1809 4.0282e+05
25439.6016 11.5544 3.6685e+05
25451.9216 14.1108 1.5272e+05
25465.8116 15.7601 5.6051e+05
25496.4516 18.0732 6.5289e+05
25543.4916 14.7300 2.6212e+05
25558.9616 18.0729 4.0949e+05
25624.9116 10.0110 2.3517e+05
25669.5516 11.1139 3.3793e+05
25683.5316 12.3077 2.5522e+05
25701.5016 17.2686 6.7300e+05
25710.0416 10.9480 2.4548e+05
25725.3016 10.2997 1.8230e+05
25869.6916 12.8812 5.1282e+05
26181.7616 12.3990 2.9419e+05
26440.3516 11.9084 4.1991e+05
26546.5016 17.7370 4.6003e+05
26615.1616 11.9285 6.4576e+05
26649.2316 13.2319 5.2229e+05
26740.5516 13.3840 4.8653e+05
26769.4216 10.1673 2.3913e+05
26812.9516 12.0298 1.6763e+06
26868.9316 14.1019 1.0947e+06
27789.5217 12.0006 1.4075e+05
27815.4017 10.7128 3.9298e+05
27816.4817 10.0914 3.0193e+05
27925.1617 12.3899 2.3003e+05
28419.9317 11.7227 2.2062e+05
28478.6017 10.3622 2.9305e+05
28502.4917 11.4702 5.4841e+05
28687.9418 10.6776 6.0243e+05
28709.3118 10.5359 9.9825e+05
28711.1918 11.8260 1.5542e+06
28770.4018 15.5239 5.7496e+05
28911.2018 11.4294 3.1878e+05
28926.3118 11.8170 1.3853e+05
28942.3418 15.8583 3.5050e+05
28950.8418 11.6546 1.9559e+05
28962.0418 12.4196 4.4703e+05
28965.0418 12.2298 3.5091e+05
29154.0818 12.6878 4.4021e+05
29157.1918 16.7089 4.4021e+05
29191.4218 11.5069 2.2210e+05
29267.1918 12.2887 2.3502e+05
29279.3218 12.5528 2.9446e+05
29344.6318 11.0780 3.2913e+05
29390.2918 10.0594 2.9742e+05
29402.6918 11.3670 2.1215e+05
29458.0118 13.2926 2.9797e+05
29471.9018 15.7016 5.6403e+05
29503.8918 15.0043 2.3395e+05
29513.3518 14.2398 9.5193e+05
29516.4018 16.5142 2.4132e+06
29518.0518 13.4562 2.4132e+06
29532.6518 12.1535 1.3060e+06
29535.1918 14.9020 1.2522e+06
29545.2918 11.7795 6.0791e+05
29579.9918 12.8756 5.6677e+05
29632.6218 14.6213 7.0789e+05
29695.4918 10.8780 3.9368e+05
29699.2718 10.5078 3.2738e+05
29743.8318 10.9929 2.4125e+05
29821.0618 12.6962 1.8782e+05
29892.3618 10.2062 4.7078e+05
29960.6218 17.6016 4.1795e+05
30345.8519 16.0744 7.4285e+05
30386.8219 10.7994 3.7407e+05
30422.3719 12.4833 4.6201e+05
30422.8019 12.3311 4.6201e+05
30498.2319 12.4512 4.0678e+05
30516.6519 11.0508 6.5996e+05
30517.5319 17.9476 6.5048e+05
30544.8119 13.6091 4.4386e+05
30571.4619 12.9891 5.7236e+05
30601.9119 19.7347 1.0514e+06
30628.9819 16.9995 3.6230e+05
30727.3819 13.5654 1.1198e+06
30730.9519 19.5186 1.1198e+06
30751.7519 10.3810 3.4489e+05
30771.4519 10.8502 5.2830e+05
30783.0919 12.3460 1.1183e+06
30827.8319 10.6316 5.5246e+05
31074.9319 20.9405 5.6992e+05
31212.4619 11.9669 3.4504e+05
31225.1719 18.2110 1.1388e+06
31347.3919 10.4188 7.3328e+05
31388.1619 10.8617 8.9760e+05
31417.8619 10.0789 9.5073e+05
31418.9319 14.4318 7.4894e+05
31428.7319 11.8390 1.0831e+06
31429.4219 14.3125 7.5569e+05
31438.4619 13.5120 7.4966e+05
31463.3519 10.0656 7.4531e+05
31466.8619 15.4879 7.2301e+05
31507.7119 13.3237 1.3360e+06
31510.1019 15.2066 1.3360e+06
31668.0619 23.5470 3.1338e+06
31671.5819 13.5696 4.6517e+06
31673.8319 10.8058 4.6517e+06
31679.3919 13.6044 4.9507e+06
31688.8619 10.4469 5.3260e+06
31689.8919 17.1112 5.3260e+06
31695.7519 14.1115 4.1606e+06
31700.1919 11.7028 5.1544e+06
31701.1119 11.1723 4.8140e+06
31712.4819 11.7456 1.3115e+06
31721.9919 11.0629 6.0657e+05
31742.9519 17.3744 4.8398e+05
31746.3319 12.3281 1.3799e+06
31747.9019 15.7414 1.3799e+06
31750.1419 17.0073 1.7099e+06
31752.7519 14.1946 7.7012e+06
31755.8219 20.3957 7.7012e+06
31758.3319 10.6674 4.5532e+06
31812.5019 10.6708 4.9161e+05
32050.6820 11.7895 3.6198e+05
32158.1420 10.7396 2.3238e+06
32178.0620 11.6666 9.5070e+05
32178.5520 12.8928 9.5070e+05
32183.1020 10.4362 1.4390e+06
32192.4020 13.7634 1.2414e+06
32194.7220 15.3464 2.8400e+06
32196.8420 13.0894 2.8400e+06
32213.0220 10.7472 1.4430e+06
32250.0620 10.2503 1.5992e+06
32252.3820 13.7096 1.3927e+06
32719.1920 10.9304 3.5648e+05
32826.1220 10.5110 8.1876e+05
33321.0020 15.0289 5.9758e+05
33547.2220 13.4521 2.0741e+05
33568.6620 11.7715 2.2080e+05
33620.5821 17.8548 5.2591e+05
33650.7421 11.3032 3.3401e+05
33936.0121 12.1615 4.6257e+05
34095.5121 10.5986 1.7569e+05
34269.0521 13.4627 3.5736e+05
34687.1421 11.7562 6.0903e+05
35139.3621 10.6373 1.3968e+06
35457.8422 12.6184 4.8554e+05
35533.0722 12.0405 2.7737e+05
36942.6123 12.3597 7.7557e+05
36959.9523 11.7009 1.1079e+06
37156.5923 17.1779 7.4915e+05
37461.4523 21.8086 8.0247e+05
37624.1223 10.2998 1.6654e+05
37732.5423 10.2329 1.9618e+05
37757.1523 13.4462 2.2757e+05
37841.0423 10.1238 3.0624e+05
37890.1223 11.5980 3.7326e+05
37901.0423 10.8788 3.0303e+05
37956.5623 10.7599 4.4055e+05
37999.2223 10.2612 3.9485e+05
38088.2323 13.4051 1.4058e+06
38145.8123 15.8398 8.8373e+05
38156.1723 10.3447 6.4587e+05
38324.3123 14.8160 7.8298e+05
38372.1623 10.7284 6.1130e+05
38847.5224 17.7007 1.1600e+06
39108.2624 12.5767 6.5220e+05
39124.1624 11.0507 2.8501e+05
39129.1824 10.2798 2.4502e+05
39276.4724 12.3656 7.0948e+05
39324.2124 10.1339 5.9328e+05
39331.8724 10.8950 1.4082e+06
39332.6024 14.6999 1.4192e+06
39705.9724 10.0378 1.5627e+05
40094.9124 10.9825 1.8917e+05
40152.0925 11.1737 2.6417e+05
40159.9825 11.8210 2.6519e+05
40205.9725 11.2425 2.6084e+05
40250.6825 13.8631 2.0485e+05
40289.6225 11.2143 3.2541e+05
40341.9025 10.2622 5.9975e+05
40395.8425 12.2852 2.7733e+05
40428.0025 14.9842 5.7697e+06
40428.7825 15.9950 5.7697e+06
40429.3525 10.7111 5.7697e+06
40430.2025 23.0318 5.0561e+06
40435.9925 14.0573 2.8491e+06
40640.8525 11.0222 5.9847e+05
40648.0525 15.4787 6.1805e+06
40698.8925 10.4171 2.7395e+05
40736.9425 22.3492 1.4963e+06
40851.5325 12.2733 6.0093e+05
40874.1025 11.0182 1.9896e+05
41480.5125 11.6456 1.6530e+05
41757.3625 12.0659 3.8854e+05
42244.1326 13.0722 4.3460e+05
42464.9226 10.2554 3.8567e+05
42477.6426 11.9060 1.9078e+05
42488.9126 11.7002 3.4978e+05
42535.3226 10.1634 2.7115e+05
42666.8826 15.4268 6.7591e+05
42723.6426 14.8617 1.0921e+06
42772.6226 12.2523 1.2894e+06
42846.1126 12.0761 2.4024e+05
42876.4026 11.6892 4.5265e+05
42885.1126 10.4181 1.6388e+06
42887.9326 10.5843 8.0913e+06
42890.0826 14.5017 4.8363e+06
42954.7326 10.6788 3.7321e+05
43002.6226 20.4747 1.5323e+06
43153.1826 15.8007 7.5018e+05
43195.5126 13.2684 1.5096e+06
43294.0926 10.3749 3.2800e+05
43307.8826 16.1561 1.1163e+06
43314.3126 21.3531 2.4244e+06
43357.5426 12.8747 6.8111e+05
43364.4726 10.7176 1.2850e+06
43452.4527 12.1402 1.3457e+06
43464.0127 16.9884 1.0736e+06
43535.3827 13.3220 4.8828e+05
43545.7227 12.5386 9.9745e+05
43557.6027 16.3854 1.1469e+06
43593.8327 15.5189 7.6922e+05
43601.0727 14.4332 4.0722e+05
43610.0827 11.4332 1.1405e+06
44321.9527 10.5674 3.8206e+05
44466.7927 11.1193 2.4856e+05
44545.5627 13.6725 2.2904e+05
44742.5027 11.5422 2.7240e+05
44747.3827 10.8246 4.5998e+05
44803.0727 11.9356 5.1131e+05
44956.6527 10.2345 3.3470e+05
44961.1827 17.0412 6.6777e+05
44971.4527 10.0215 2.3406e+05
44978.6527 11.6556 6.6965e+05
44979.7027 11.3294 4.8799e+05
45016.1827 11.0070 6.7295e+05
45016.8027 11.7198 4.0133e+05
45043.2227 12.6566 4.4486e+05
45274.4028 11.6186 4.1310e+05
45393.6228 10.1207 4.0701e+05
45415.5528 11.8465 2.1711e+05
45493.6828 13.9256 1.1589e+06
45665.8128 10.2463 3.1403e+05
45936.9328 11.8635 1.8220e+05
46049.3328 10.2374 5.8864e+05
46068.7028 14.3287 3.8013e+05
46076.3928 14.9608 4.3765e+05
46127.9028 13.0183 8.8983e+05
46418.8428 13.0774 7.0755e+05
46441.0928 12.9058 1.2162e+06
46687.6528 12.5930 1.3948e+06
46900.2129 11.0807 2.3771e+05
46922.4029 12.3685 3.2436e+05
47414.8429 20.7446 3.2346e+05
47443.7629 16.9843 1.6661e+05
47455.5729 11.3503 1.7520e+05
47487.0529 16.5594 7.8530e+04
47527.7729 13.3922 8.1088e+04
47545.6029 15.0428 3.0914e+06
47647.2029 10.0943 5.7728e+05
47655.2729 13.1348 1.3803e+06
47663.8029 21.2072 8.6849e+05
47680.0129 12.2133 7.9713e+05
47701.9029 12.2140 3.5001e+05
47775.0029 10.0408 3.1099e+05
49025.8630 11.2670 1.7144e+06
49075.8030 17.6062 7.4544e+05
49102.1430 16.3708 1.1961e+06
49122.6030 20.1151 1.8442e+06
49227.9530 10.9633 2.1958e+05
49232.7430 14.1985 6.5012e+05
49270.3830 13.0448 6.2042e+05
49271.8230 11.7267 6.2042e+05
49273.9930 12.7248 6.8807e+05
49364.1430 20.0159 1.1682e+06
49378.2730 22.4939 2.2037e+06
49394.4530 13.9156 1.8706e+06
49398.6530 18.8291 1.8706e+06
49409.3230 12.4548 6.8547e+05
49416.5530 13.2183 1.5177e+06
49421.0330 21.7301 1.9121e+06
49426.5430 12.5210 1.2106e+06
49440.7730 18.7170 1.8866e+06
49451.3530 18.8438 1.6588e+06
49461.0530 11.4986 5.3838e+05
49467.5930 13.4448 1.4900e+06
49474.5330 13.6476 1.8568e+06
49475.9030 11.3598 1.8568e+06
49486.4130 17.2318 9.3203e+05
49491.5530 16.5166 1.0390e+06
49522.5430 10.3777 1.2200e+06
49535.4330 18.9363 2.6569e+06
49550.2030 11.8855 7.7720e+05
49556.3830 17.8792 9.7112e+05
49566.2730 13.6480 9.0269e+05
49572.7630 17.3996 1.2630e+06
49594.6730 14.8320 5.5038e+05
49616.3230 22.2259 7.8336e+05
49634.5430 12.2166 4.8332e+05
50749.3531 13.2839 1.8581e+05
51604.3331 10.6828 8.0717e+04
51611.0032 17.5889 2.0569e+05
51621.6532 17.4519 3.3779e+05
51785.6332 10.2392 8.6617e+04
51980.3332 11.3367 2.2697e+04
52699.9432 10.7810 4.8324e+04
52740.9232 13.3705 7.4812e+04
52860.1632 10.0513 6.5498e+04
53016.4332 10.7916 6.0758e+04
53117.9732 10.6663 4.4625e+04
53127.1532 10.2491 3.4875e+04
53820.7933 10.1632 6.6295e+04
54287.4533 11.0363 2.7628e+05
54288.6233 10.4953 2.2161e+05
54732.3833 10.7797 7.8164e+05
54739.5333 10.0287 1.2345e+06
54786.9333 12.6370 1.2660e+05
54817.5633 10.6088 1.4261e+05
54824.5933 18.8251 2.6858e+05
54915.3834 10.5596 1.7341e+05
55074.1134 12.5964 1.0973e+06
55172.6334 11.8984 2.9145e+05
55176.8734 11.0868 4.8899e+05
55220.1234 12.4611 1.8896e+05
55234.2634 11.3805 2.4718e+05
55262.6134 10.7343 6.9715e+05
55455.5634 16.4032 8.8267e+05
55457.1734 11.8346 8.8267e+05
55883.6934 12.1531 1.5907e+05
56334.0934 11.1926 4.0068e+05
56338.2434 10.3701 5.4958e+05
56374.3334 10.8319 2.7050e+05
56397.3134 10.8106 1.4658e+05
56709.3535 11.2975 3.2341e+05
56834.9735 10.4952 1.1372e+05
56990.9635 14.5817 1.8708e+05
57193.5835 10.3156 2.0094e+05
57211.1035 16.8383 2.9978e+05
57230.1635 10.1045 2.2562e+05
57279.9235 10.9499 2.0803e+05
57303.6135 12.1349 2.0427e+05
57488.7735 11.6946 1.6331e+05
57665.1335 14.5023 1.2402e+05
57785.0035 15.2563 2.1183e+05
57834.7635 10.6032 1.0720e+05
57854.5135 15.5053 1.7503e+05
57858.2335 11.6356 1.4949e+05
57895.9435 21.2807 2.0238e+05
57907.2535 13.6486 2.5141e+05
57917.9935 13.7747 3.3712e+05
58047.9035 20.5754 2.1292e+05
58055.2235 10.1421 1.0363e+05
58110.9435 17.2808 1.2936e+05
58120.5535 17.3497 1.3089e+05
58124.4535 11.6740 1.1137e+05
58131.6235 13.0825 1.3669e+05
58148.2335 17.5779 1.8913e+05
58162.3535 18.4667 2.7018e+05
58171.0336 11.5916 3.6721e+05
58573.6036 13.4534 1.5822e+05
59231.9736 12.4140 1.4444e+05
60928.5537 12.4609 1.4612e+05
62564.0938 10.3574 9.4885e+04
63145.6539 10.1785 1.1299e+05
63633.1439 10.4206 1.2581e+05
64092.1339 10.4169 2.1979e+05
65500.3740 10.1637 1.0786e+05
66650.4041 11.3893 1.0615e+05
67555.6441 10.9442 2.7129e+05
67556.6841 14.1307 2.6873e+05
67601.2141 13.4921 1.4196e+05
69112.5942 18.1319 2.3429e+05
69113.1642 13.8363 2.3421e+05
73387.3245 10.6033 9.6811e+04
75384.6546 10.5832 9.6812e+04
75655.6746 11.2913 1.0609e+05
82916.3051 14.8337 2.2016e+05
83275.8451 11.9533 1.1643e+05
83318.0951 13.1993 1.6676e+05
