114.87000701110883 6.635032256616267 59512.89590263181
430.120026252443 6.003653499090933 34015.34711793953
754.2200460339384 6.954146751484046 52867.629106854634
880.8300537616 6.193952589331169 15798.210977150497
1557.5700950665341 6.487750241968922 39357.24666156616
1774.0201082775945 6.009039332643842 21220.491184690745
2003.9701223126294 9.141885673197793 245933.23404886798
2005.0501223785475 7.062479967348615 158722.71319280998
2027.5801237536696 6.772737796571889 22859.267395942556
2134.040130251473 6.346626418873361 64689.076981018974
2409.2401470483487 7.909398364250388 110661.91475547606
2860.870174613658 8.141410240130671 843900.9435850655
4846.99029583681 9.51373681814915 409023.25104633183
4852.710296185931 6.017306429596221 111977.97414219854
4887.560298313007 7.614648206056582 508174.2798826661
4888.110298346576 7.370277929365013 281687.9967687926
4903.900299310321 7.639398732791337 59738.82838328976
5038.820307545185 7.920682990917354 46546.40227341245
5048.5603081396675 6.9759414779518 40145.46067709207
5060.220308851337 6.671199615316288 82652.86833043912
5480.300334490988 6.074007567664222 43530.755269472786
5602.140341927511 6.869921128907744 124349.505455058
6111.360373007835 7.030820172389933 54750.159427487924
6666.000406860377 6.1369573587306725 46447.344296523195
7940.150484628325 8.451626000790528 76730.5477064015
8359.100510199005 6.017523154628651 34189.660863682366
8372.520511018098 6.307246655827018 36397.09620983447
8458.650516275056 7.096460109640824 85846.93080533738
8618.85052605289 9.468051310860856 246480.24645421942
8628.320526630892 9.158414121859066 603219.4049336677
8895.560542941928 6.343446410449883 85264.4014563411
8943.43054586368 6.742262240402254 47750.36956139056
8955.260546585727 6.014026762885526 64921.26629274756
9449.730576765782 7.37239318397486 82178.46305572994
9657.86058946903 7.3933900747789165 72232.06125174339
10319.620629859657 6.764616098770135 48806.79276516276
10651.840650136759 8.08575278581039 78463.32352623992
10932.110667243083 9.573061244316907 268338.3714753244
11226.94068523808 6.18831428801547 39277.0192463509
11278.840688405804 6.460722674101382 69107.9369273975
11544.65070462956 7.273006391913247 70445.83358427975
11565.380705894819 7.201724016775701 153290.35328158882
11772.860718558393 6.942010506072705 829814.7712753623
12288.870750053145 6.852504954611885 189648.5208344763
12318.420751856735 6.154387231086076 49954.906917709835
12658.76077262944 8.373973519786407 343023.83481918107
12663.53077292058 10.159233924493059 1705982.1263876162
12830.100783087206 6.240253223044704 174091.078858715
12873.900785760547 8.181393811459676 827512.2014714648
12998.31079335393 7.692239080778076 721421.0508232347
13127.590801244556 6.063088129344619 57323.96816390221
13154.100802862598 7.242761945785434 117159.41483582795
13232.540807650195 6.2015291381645605 43269.055614953184
13239.80080809331 6.213569032846248 70338.6529478742
13556.840827443899 6.404134975835049 58272.84581798666
14131.180862498832 6.7721222417560565 95181.72359711622
14132.020862550102 6.252492997350366 84818.25425575461
14197.220866529595 6.093257936208833 48776.267313000244
14726.68089884527 7.114243192416706 50535.82637254938
15363.450937710628 6.956355453422214 48830.195383700506
15531.320947956601 6.508823368512103 40880.32400612688
16151.550985812439 7.984587713865967 65361.42125411499
16186.710987958435 8.27972402165566 88180.96432472674
16925.131033028018 6.6216965792497176 234515.09653110406
16926.30103309943 6.483997804537044 234515.09653110406
16927.081033147035 8.914946134446867 152851.36228408257
17152.361046897036 7.177716270459353 50197.58101459083
17719.86108153449 9.14181858432112 122278.79953528705
18000.04109863532 6.764377642552146 23207.740943529265
18407.63112351264 7.032267047715509 51778.251902881224
18414.171123911812 7.15026919950384 72347.34464846361
18452.061126224435 6.7533236557204805 68673.42823998624
18579.741134017404 6.552532651252624 87124.66916536234
18781.801146350168 6.507906391274066 136849.204884169
19022.261161026683 6.317373393390404 963518.3260517186
19023.391161095653 6.059339809912285 672921.7978429132
19090.70116520393 8.296956343931864 130905.52085901095
20117.941227901687 8.644480870547604 76527.02650175708
20433.001247131422 8.820206423574021 154806.96774329586
21041.701284283525 6.239954867869412 29125.685300520254
21562.001316040118 7.77632582768702 108255.96642218804
22140.431351344687 6.73096561359582 45234.80842435603
22225.721356550377 6.20983845195377 87645.93665303351
22923.26139912484 7.750766892612722 87059.22624633541
23031.931405757532 6.072483811942569 81123.5426807282
23216.18141700326 7.535619661515288 313675.45552611223
23362.89142595773 6.451719866417102 60459.52097952927
24319.921484370207 7.741261668826138 92555.49453948758
24449.96149230722 6.498870197622964 87999.51350978715
24665.24150544687 7.311733011253345 45763.80823349128
24883.07151874216 6.2553299921887415 60485.38539318139
25412.251551040743 7.233658613828658 34692.67967957852
25451.271553422335 6.404957051306823 40971.4739449747
25477.181555003757 6.339920058910287 78974.57770311371
25506.83155681345 7.029446447226523 43219.23607668766
25549.301559405612 6.088575862385716 34940.25589946463
25611.091563176975 11.311311784533292 1485454.11274086
25627.071564152317 6.607757582609919 100284.49506894029
25643.35156514597 9.737975826121994 213799.4163627382
25644.591565221654 7.224154851273513 234153.7926603712
25658.44156606699 8.368223658654388 160560.63216836035
25663.431566371557 6.164730296692323 104362.61039820421
25671.56156686777 8.636442365967651 217406.6782943034
25673.24156697031 6.482744419308266 90223.33998419381
25691.72156809824 7.104276599613916 43393.260305198
25761.931572383517 6.195224070692446 97713.91084451365
25821.94157604624 7.3409420038021596 55423.614582374605
25849.55157773142 7.5501867299655325 45762.521549836005
25935.46158297495 6.548316875243728 36276.35628129894
25958.471584379367 7.068104907564552 37365.67006743174
25961.131584541723 7.007186789637195 54191.66631450959
26071.571591282445 6.971449520292822 59653.41015303723
26112.36159377207 10.320795244448725 246100.063568773
26181.1715979719 6.6670188041406835 40391.84224888086
26240.031601564428 6.809809582785923 53812.227945169296
26271.0116034553 6.830404132196043 38612.650488814994
26315.001606140235 8.32021121050804 156262.3136455269
26330.101607061864 7.071974570074636 220683.02071361555
26377.4716099531 9.27330817392816 195156.1902029714
26385.161610422463 9.004835880130974 303648.5952303975
26388.661610636085 7.2442147623940985 504202.0607504078
26407.261611771337 8.04158294208144 400539.1306555908
26433.09161334788 9.369296405639915 100090.04592644416
26450.29161439768 9.287163236486203 112304.25714153626
26458.2316148823 6.071551953249681 54341.047156863766
26462.521615144142 6.047647985015992 207222.1822197997
26481.721616316016 9.592476926235888 104727.00219858103
26485.331616536354 10.686480555734377 228632.655720579
26591.86162303843 8.508240755419251 107081.45251257722
26690.05162903147 9.138011594311267 265586.52699508594
26876.24164039561 6.108675369225073 62325.14001426399
26986.39164711863 6.663038452057534 30639.87921806094
27058.701651532083 6.032581580145026 39794.00621877784
27161.00165777598 6.862105868454705 84588.62966430877
27337.89166857249 6.868130522192398 40196.6655572254
27650.891687676496 8.518003528832974 120536.23821813107
27753.64169394786 6.062758636935843 98275.94946850547
27845.60169956065 6.1144046785283 71914.91952105922
28152.591718297834 6.701077925111933 138560.03616098824
28231.03172308543 8.330937930424014 102020.58214492373
28255.451724575913 6.311928191564232 128877.2122235263
28288.271726579085 9.31112946674258 103021.01010535445
28348.40173024913 8.41529379685336 93928.6146993366
28371.601731665145 6.161340218955317 46023.04397261416
28464.611737342024 7.000050327069466 131652.70347957977
28562.681743327743 6.54102054329694 90436.636919407
28666.171749644272 7.978321767358774 556623.1995688028
28742.91175432811 7.567262374228388 129092.03087703537
28783.02175677623 6.699311661779264 236060.77768885484
28938.481766264755 6.329500289654282 56450.98333332366
29434.02179651012 6.674651050099353 23489.605718141545
29501.16180060802 7.338864296775178 29852.367568087062
30541.671864115713 6.516625268635987 47038.55581004105
30722.561875156363 9.367438858463455 160042.5253279194
30902.321886128044 9.548943201664661 83223.47313868882
31034.47189419384 9.738041290991255 246819.45219949947
31037.00189434826 10.165317144705641 288954.6125718667
31046.701894940303 8.845499132796586 132069.27732224567
31055.171895457268 11.232092272254521 272361.3112848634
31133.12190021496 7.70559728141359 47901.08538997997
31179.021903016474 9.20189320580919 80619.2798035072
31261.311908039057 6.029747540834886 47010.5398723392
31287.401909631466 7.396302937369214 115072.80903402915
31305.80191075451 10.860537444766512 391102.56116999005
31594.37192836743 7.167839727005343 73282.17312940875
31602.19192884472 6.057545353086553 66167.75360128956
31605.82192906628 7.097532899733766 140127.46218571186
32338.701973797728 6.167843444059143 25771.920831996133
32340.79197392529 6.345957259963864 45428.41103353464
32536.07198584424 6.1200524742330025 385959.5233842713
32763.161999704713 7.431960740554452 816731.0964791566
32858.12200550061 6.318356507555792 74657.04432007487
32909.01200860669 7.66749912135772 102939.54043584074
33075.93201879468 7.434289979882989 114492.81372134015
33153.71202354199 6.0021522646382035 149129.83489972862
33154.91202361524 6.560735089071364 146192.82063970182
33203.1820265614 6.878593830397613 99704.00483367524
33219.52202755872 9.191439797938491 404710.45620792493
33232.67202836133 7.102986107730926 283088.46657444275
33236.53202859693 6.519211966824995 333140.8054588373
33283.71203147656 9.395513496356635 450461.96799794893
33284.48203152356 6.266341950182533 327644.05737996433
33301.89203258618 10.111099136768933 508159.7044044939
33306.372032859625 7.314404084019383 737503.339226776
33374.472037016116 8.258235106300681 259731.12794070362
33376.04203711194 7.672455453372232 714170.4270360132
33587.65205002759 6.34219750900918 29604.139883699583
33918.3320702107 6.73628975146824 70255.12731306293
33959.23207270703 6.641749680783047 101358.59695490886
34197.472087248054 9.535102826301305 269927.6376926369
34415.03210052686 6.4981120644083505 102534.41874911413
34724.47211941358 8.848325133506242 164728.4630253966
34985.632135353524 7.245184745301053 46042.1676207999
35249.272151444835 6.098490845632651 18609.509564957483
35276.97215313551 6.037379611062507 110014.55855587927
35289.63215390821 6.0571154123865725 117018.03173938971
35310.51215518262 7.402358104495196 135774.94860199105
35328.34215627088 7.394788078510763 204658.57755932654
35354.502157867566 7.867233716894497 247764.45067188164
35379.93215941969 9.065713714519749 266179.89615670004
35509.15216730665 6.101514276006862 58176.69238290468
35782.98218401991 8.556871187023065 280799.73917003354
35850.332188130626 6.5789961175783915 135555.85184483553
35916.46219216688 6.2532086396463695 80067.79727841225
36624.01223535231 6.523813112414001 66104.7192472779
36679.91223876418 7.002083154702651 34286.77717298621
36722.092241338636 7.903511041858927 64331.09682002626
37265.48227450453 9.837096446103912 517783.2146993856
37536.60229105238 7.523500233397813 311626.03671888507
37614.502295807026 6.610232746859713 89612.91915246446
37644.97229766677 7.197887672983953 107160.33475761973
37997.29231917067 6.295917575465404 39575.310424918
38508.1523503511 6.186966985363214 33372.96091980958
38853.19237141067 7.582449505746835 42412.73856806407
38876.76237284927 6.810523157130361 65641.40163238102
39028.9423821376 7.469295168330154 52168.362295514584
39131.80238841567 6.369614634811727 32226.56599804686
39208.9223931227 6.263186082455627 28751.70011236423
39477.972409544214 6.647579458826873 179939.59633177728
39983.782440416406 8.306425321760063 96268.68700766124
40519.14247309219 6.310627812735289 463426.24497084547
40729.58248593643 6.867435411117025 495685.7810880708
40799.53249020584 6.477552614091396 142568.84015314057
40873.47249471878 6.199230580319323 658573.0187042326
40958.00249987808 9.157015669163973 221227.82929194643
40960.03250000198 6.624768443595521 185107.3255007482
40991.52250192398 6.901496484048122 121378.89914561893
41025.82250401749 6.7511215224723395 85892.51332776815
41084.452507595975 10.10923124534254 215755.89092648472
41142.19251112015 6.635355253575703 85523.39960716263
41150.53251162918 7.688024169550025 124008.79205662632
41303.77252098221 8.073521915262583 230582.7881884071
41443.33252950028 6.319329468248821 221160.69902332578
41532.82253496231 8.811719946518664 141347.30639439455
41559.962536618805 6.182111023966903 47766.13022898453
41601.87253917679 7.155617553049097 220256.86984082844
41724.88254668473 6.52240932822255 153879.89703513664
41767.37254927811 7.480903719500546 114238.62027061355
41779.62255002579 7.872970432641596 87187.20847012057
41783.62255026993 6.020871902299762 582517.9589151475
41807.23255171097 7.865947996891231 467787.0664604987
41932.31255934525 6.272907352855194 345136.67080467107
41994.10256311661 9.026731887586326 225373.11324986955
42017.68256455582 8.073972246039931 518289.47955949686
42111.24257026627 6.94925011900502 46541.602459116446
42293.69258140214 6.155052070038574 357160.2820822756
43101.15263068559 6.6278453406456626 34153.98855966005
44020.80268681657 7.2214304620311545 184288.5227565905
44387.61270920488 6.532841947594381 85866.76244420871
44544.9027188051 9.66593009160772 120778.40017360044
44607.28272261247 7.724264952337369 79221.33883974791
45120.92275396257 7.862557645161224 106114.2568639969
45165.20275666521 6.914190675236245 121191.10071892064
45185.59275790971 9.452546119202141 118777.68171037246
45313.9627657448 6.211742867086642 102278.75549892739
45387.73277024736 8.145272296194227 129251.46760363774
46005.95280798052 7.471885095483039 53390.452825362816
46364.50282986467 9.411320423697596 93082.76471115358
46555.68284153337 6.497956375141769 117240.26629421889
46664.56284817889 9.355568530480753 211505.65264974852
46859.51286007769 7.837251856720147 120736.11241419528
46884.182861583424 7.548557140851812 320794.4933546799
46897.752862411675 6.2169283765766075 176718.16622106417
47123.04287616228 6.240674643707752 1128680.027554054
47452.09289624591 6.577967976677597 146707.23942170842
47862.04292126727 7.721373125004217 562222.3183132167
48160.1929394649 7.136930179749037 61534.426960857905
48349.89295104327 7.171442099250944 501384.6906294702
48594.1329659505 6.269596419717265 45955.62773519479
48769.35297664508 6.207716382616197 206843.39174992606
48828.602980261414 6.947856710521669 53610.76783588011
48866.08298254901 7.184021221355677 73221.11881334278
48883.61298361896 7.188744949134926 42502.96667045158
49297.15300885944 6.564484996630636 517735.25990470196
49442.72301774433 8.322166426013625 61905.20118105609
49660.883031059755 6.278041379078432 30401.200857229724
49767.233037550846 7.659031606066043 76912.10843230115
49777.183038158146 6.161039288743606 40274.58980454074
50074.90305632953 7.1968885692455355 302780.90865087404
50163.25306172199 7.784245330586933 80412.58807047985
50554.65308561115 8.670779433194152 229620.58389156536
50627.49309005695 7.5298389224468325 70186.6885855627
50780.63309940387 6.66921859099814 70491.4526315265
50798.88310051777 7.619106915619079 99413.67802834051
50836.03310278522 8.980005471331266 118061.6532192345
50925.693108257634 6.304059188924301 90621.17441366393
51063.18311664936 7.27699366904629 74524.87936686128
51400.50313723774 7.767322576222095 65606.52644731311
51409.483137785835 7.178540279710678 137913.5428997408
51548.783146288035 6.5319918874387835 26743.40743727977
51903.98316796772 8.39645861655456 36963.358371101036
51920.59316898152 10.288429039384603 129988.91533807304
51946.07317053669 9.289735630331759 79373.80312593776
51956.56317117695 6.913980031494491 39671.5005756181
52004.31317409138 6.314515355706031 43416.18578918589
52032.64317582051 8.753703943266263 55722.6513770663
52110.84318059345 8.889271947238878 64783.35415079207
52167.26318403706 6.888917923078636 33109.002107783715
52198.46318594136 8.271755365232849 68634.58284846887
52244.22318873432 8.247086163534762 72157.54337867245
52321.4831934499 6.917449987212838 19733.14887940704
52516.353205343825 6.532364667872515 48718.95276680112
52555.553207736404 7.684893229850701 34329.42703313828
52803.25322285481 6.930432490823779 37087.76877419693
52839.45322506428 7.960256755120677 37079.359452946934
52891.22322822407 6.117818078508029 38279.85555620592
52998.12323474873 7.331185114540766 49687.89335290308
52999.413234827465 7.115229376393599 43302.13629349083
53274.13325159505 6.789832169985101 81219.60217308535
53281.0432520168 7.594530339657537 136272.4058982056
53409.61325986409 6.087410044888979 43950.67337316646
53494.243265029494 8.482108096269714 75299.54287821216
53504.5832656606 6.93728353226554 83751.95161710546
53593.44327108419 6.99136892881697 68363.86686304482
53692.41327712483 6.870304601814816 64676.01171915004
53710.28327821553 6.6828891274846125 49226.77991588962
53880.29328859212 6.177440541752105 27689.66971771178
53967.13329389241 6.9835124395972406 52439.39222795503
54359.903317865195 6.102220993084377 25962.13379480189
54438.13332263997 9.080451103830747 81353.50422257914
54594.18333216451 6.534747713273236 29122.236496861442
54872.15334913045 6.774145639544887 16532.27229505952
54912.03335156453 8.298043283773854 25295.1880046404
54986.52335611104 6.128127508837072 14292.835534047043
55207.65336960775 10.62398536108605 64167.97011329591
55217.87337023153 6.289025466893788 36866.52061861714
55402.71338151327 6.544146279280574 42069.420158447996
55452.37338454428 7.09235529231675 33384.59344558377
55512.46338821188 8.878029590396606 161640.23385347184
55730.44340151632 8.98296950758576 48097.98982543506
55861.00340948507 6.280346572627573 20049.138677985604
55918.54341299704 7.807628573504781 11359.481640994896
55952.01341503988 6.872576448639144 30519.374963026734
56479.393447228606 6.434372033307763 10296.293022695065
56521.49344979818 9.285303519451999 31080.178532238337
57599.7035156069 10.574711026011903 58421.42835497714
58281.18355720115 7.083715554665331 28114.609476793157
58297.03355816855 7.540643977907099 47635.805114882336
58402.35356459678 7.169562515819295 29973.497343548177
58431.383566368626 7.557704793021949 32428.677227910746
59167.60361130393 6.310635037447071 16988.170236869228
59190.013612671726 6.271274772024838 16873.18019507349
59207.633613747166 11.624309779354897 185976.75393558855
59241.60361582053 10.145258777773085 220771.70973399933
59272.45361770347 9.980196869397501 142137.21153180508
59281.35361824668 10.940915383855858 350263.14246725634
59318.14362049216 9.712556275365072 201986.4940841415
59326.78362101951 9.987533033198062 326162.74026561755
59372.89362383384 11.076694070623352 286723.83954791643
59382.31362440879 7.687859092641853 124031.27967350713
59432.33362746177 8.027842014838843 91353.1148417344
59443.05362811607 8.421666213793507 98630.46108263818
59461.463629239726 7.2788510182508315 45835.781090582146
59499.57363156577 6.860873405444407 86943.7405063897
59517.05363263267 8.566747741886424 81362.23449516919
59713.95364465049 7.082990979800344 68220.132644972
59732.363645774145 6.184913728799143 124003.89226123264
59750.93364690757 7.302326422071451 218583.36887576382
59781.63364878135 7.882986060902777 60473.17372463843
60212.863675101544 6.207850054280971 24902.1515257178
60518.81369377525 6.537489617799131 38202.76809364139
60583.99369775352 9.649597316617115 108923.32739621216
60584.79369780235 7.960234801464662 108923.32739621216
60602.95369891075 6.164582767257425 17624.956666763428
60636.22370094139 9.238875469708821 24308.853528251148
60913.94371789207 6.627494154546927 10350.139367828016
61237.26373762596 7.341764340661017 37666.971567222245
61330.70374332908 7.252839952966507 10363.360684493508
61455.6237509536 6.617336271395643 10386.859368760981
61536.993755920026 6.311519695482749 11812.673259823328
61561.18375739647 9.613109191802613 42869.50894971519
61593.79375938683 7.22134934000562 15302.39620062437
61839.183774364246 9.147666028721082 76926.787986608
61892.03377758995 6.098059023327646 20017.095448882304
61935.0637802163 7.763050691222388 33026.72123153876
62102.673790446395 6.093847399996715 16425.137610095997
62838.563835361565 11.421759998718706 125804.35368517859
62862.66383683251 6.459979424050495 14728.317168150894
62871.50383737206 7.308745333354711 32141.037322708642
62879.28383784692 7.340211270507866 18864.747416917413
62917.90384020409 6.20357698786051 13424.948235953998
62929.98384094139 7.365998873243954 13803.07927067236
62996.63384500939 6.459745055435412 49151.25463251471
62998.42384511864 8.318434476339526 48277.399157449356
63674.32388637231 6.966897667466602 11206.0404579543
63701.01388800133 6.77113307656251 55024.765626043954
63912.67390092004 6.389122747834465 15071.435119946042
63917.653901223995 9.455788154889579 43421.30765818396
63997.08390607202 6.024282521687166 12485.259331428291
64004.83390654504 7.258899011724161 15143.011357264186
64530.53393863122 6.9170265071817845 132801.39669023908
64578.673941569454 8.484263287641792 18294.625043448654
64676.95394756799 6.342179729404535 29306.723394835444
64732.32395094751 6.742789196955085 24209.805547460837
64767.88395311792 6.013087076514364 5643.939221892864
64791.30395454736 8.784973244095998 21483.114172118436
64827.48395675561 9.281999720656817 28800.102525389622
64850.87395818323 6.123055766445383 5301.604864908677
64869.14395929834 10.184395293186066 22351.743849928822
64919.47396237023 6.919694388735164 9120.841823791163
65009.24396784936 6.740355310563943 5604.771659747973
65017.223968336424 6.66238498984541 6176.8543229395755
65024.333968770385 6.662242506226473 14934.192383192298
65157.083976872804 9.434207219561447 20047.24402650997
65181.2339783468 8.261523145592324 19654.64255803343
65189.013978821655 9.147870123718032 23857.127937806275
65196.703979291015 7.203934899250624 11884.579663390943
65207.01397992029 6.3523506762999 5121.867185830044
65272.1339838949 9.66229521860082 47969.422273537755
65333.50398764062 7.18470024910909 7927.005360983788
65341.53398813074 6.80633684348756 50611.217806164175
65449.7939947384 9.296512931581251 29461.746818465104
65476.53399637048 7.021622931629352 6638.440384135804
65488.20399708276 8.55044375451495 28511.19937446888
65630.61400577478 11.793001147072099 96859.07771670543
65661.47400765833 6.180890629746798 33375.756364344925
65849.88401915797 9.35631775357058 33392.067283934004
65859.71401975794 7.3792913993165685 10360.380068647932
65946.51402505579 9.272817004046571 24022.41184153163
66011.3440290127 10.929413706511536 46726.67445759824
66068.86403252344 8.107798478178788 19393.55446246807
66118.4740355514 7.533501154515363 23114.711919132034
66247.78404344385 6.714112946918876 11974.05568662924
66256.75404399134 9.183931023538369 21516.69414933367
66274.91404509974 8.501084375500144 90075.28829405832
66276.99404522669 7.8175511276779375 90075.28829405832
66357.64405014917 6.299899677377691 8760.854514530605
66427.96405444117 6.355965087900482 16993.95808522814
66513.0140596322 7.024233109522667 11897.839973765347
66541.27406135706 6.353075307938625 17774.294842485902
66567.80406297633 6.416982683887847 19943.313025240244
66585.44406405298 9.70021182249145 31662.150366291044
66670.2840692312 8.352024063744295 78089.00344349041
66704.34407131006 8.550942437194339 14749.240230439162
66718.1040721499 7.887600361159433 19724.06495296681
66831.84407909204 7.152629541023528 11250.32544491504
66859.48408077906 8.996397634276791 21187.052255995623
66871.80408153101 10.056490068522487 185024.55595839582
66877.13408185633 7.182798017347221 120784.76085903932
66912.96408404321 6.415875551028505 8893.129023620595
66943.29408589442 10.386694711346765 67624.5221629145
66959.92408690944 9.366900460379707 67014.55526878376
66976.17408790125 8.324257983804292 65486.70798191712
66990.59408878138 10.007317780803486 77733.46508172319
67022.67409073938 7.797893868481419 31402.063678381634
67023.5540907931 6.058759114440564 29611.807099051566
67078.57409415125 7.4032901026261815 44709.36348307399
67079.3040941958 6.8035220202233875 41535.29638905988
67146.41409829188 6.30556171582449 9782.671039492783
67357.19411115687 6.605542741483503 7781.684982258343
67445.96411657496 6.30870714534075 15258.296516263688
67461.69411753504 7.307722357729801 23585.276679138446
67467.37411788171 6.466822325424507 21277.79116146651
67470.2541180575 8.179387899759305 67571.33362361362
67619.04412713893 6.0332574274029485 11018.846023263814
67788.53413748377 7.1407993885445205 14471.819045190565
68161.28416023463 8.04165510174061 14002.557910194064
68413.26417561427 7.897343281605441 33340.449054400764
68423.71417625209 6.032425266390312 15343.569831689241
68441.67417734828 6.535548008513478 33944.609976821535
68492.10418042628 8.040682384341677 29310.038165940598
68492.74418046535 6.017558117063314 26741.72139539902
68508.35418141811 7.77385446255467 14947.224960011934
68521.22418220363 6.914171910590035 11570.71079737701
68772.47419753872 6.088207028302399 5799.550084437428
68844.78420195216 6.268692803881186 8156.4204344718
69016.4842124319 6.86323359049813 22250.315188323828
69068.77421562343 7.75467397704638 18188.439262937416
69297.82422960353 7.272178509839409 17950.220766314764
69341.18423225002 9.379656126628712 37522.941804075774
69341.77423228603 9.331851820157912 36670.15489947001
69543.69424461025 7.049162034465269 38336.1165084312
69601.49424813807 6.11056575221095 7874.007698772701
69854.75426359584 6.202055159856496 10138.405102257442
69986.97427166591 6.415405700094785 18169.55599304159
70612.81430986416 9.514684023937635 24976.42211227829
70740.61431766445 8.570156288708002 37122.40105495726
70770.57431949305 6.051354724460082 12638.67211226945
70827.23432295132 6.392553501070887 21316.83062959825
70834.89432341885 6.677973323184031 14168.326516455687
70928.81432915127 6.749715814326696 16534.61155744585
70946.44433022731 7.341769605904341 38504.74781446618
70974.77433195645 8.047775854334976 24403.183319211563
71038.53433584805 6.91937075104395 30679.705260768766
71179.19434443324 6.7816397839739375 8408.57396531208
71233.5443477505 6.560896082645991 15268.73044258298
71533.72436607204 6.746222888006129 7616.810985684875
71611.89437084316 6.48575172537895 17225.04071954583
71651.45437325771 8.331509990722422 37075.248023021784
71690.18437562161 6.427838691512019 14189.405291205332
71779.80438109157 9.678736807647509 27167.643173189048
71844.61438504726 9.313335645149026 17782.013055230207
72011.47439523159 6.132011910976888 19581.1458246243
72125.58440219631 6.68762231816595 11691.708652174404
72245.09440949063 10.064544443504385 27944.45782854228
72371.45441720303 6.237074050969659 14841.077838999845
72374.35441738003 6.382161423194384 36028.534706757295
72409.57441952969 6.266370111191804 28746.748479464648
72464.34442287259 6.231693889969551 12140.889608417308
73145.5144644479 6.116583807175249 8798.761745002967
73196.87446758267 6.641084024198298 19312.19948379817
73239.32447017361 6.568374554122775 9628.028336541835
73256.7044712344 6.648429749444702 49712.16672612946
73388.44447927517 10.64445424641656 59247.21968437913
73513.69448691983 7.040221339250054 15716.320969836212
73542.89448870206 6.0386137846621395 12810.71333009081
73633.57449423673 6.018159908051136 15775.812041308996
73917.74451158108 6.830441650944609 21007.477497666758
74080.94452154203 6.322252967680764 20607.760991388568
74100.26452272122 6.106030475096908 8582.069422969065
74147.54452560697 8.306488174376815 16707.3468793858
74160.66452640775 6.031398659481827 13121.786956362314
74187.81452806485 6.48920770497791 20356.762195559008
74202.28452894803 7.971603945773829 17789.738643088676
74208.39452932095 7.302099803321434 18748.255373310636
74253.09453204923 7.269183560869421 30213.870391656208
74492.9345466879 6.809132563520884 24107.273560381007
74516.90454815091 6.731977186396152 9675.5098874478
74583.2545522006 8.35163178630075 13758.362015420118
74903.68457175809 6.551193784952427 41508.95987580378
75180.42458864897 9.07174789933857 18917.137684948528
75211.43459054166 9.045085052900761 15855.245300553328
75234.51459195036 6.877764141974033 9320.92029169285
75462.66460587553 6.389848189156111 36288.784247383344
75653.74461753812 6.357939231990093 8501.903756244508
75933.1946345944 9.753500987586799 16905.19587545611
75984.70463773832 7.4485372226955375 6563.889664625007
75996.21463844084 7.500989674487534 14036.45051096849
76002.40463881864 6.7200267441348025 15610.507767474906
76163.54464865384 7.45843130813498 11610.192045868349
76191.514650361 6.910643552752969 18548.458965908925
76327.57465866544 8.716661120310228 12317.154466297261
76374.21466151213 6.486278569483378 10873.68066555039
76403.3646632913 6.078770108298687 8507.364346927108
76831.91468944792 9.709459154140918 18408.212451938958
76990.48469912626 7.863859092886461 42436.10409244793
77101.65470591154 6.548764075042681 13270.972657459091
77157.32470930937 8.171329663305338 19210.25268783033
77232.40471389188 6.948925851522217 11441.241550998073
77369.07472223356 7.084577993309751 9657.665272612905
77603.43473653776 6.864113327309934 7361.722319894341
77972.60475907012 7.871827524114704 13937.016018040707
78276.30477760649 8.344913905926225 15033.463602211981
78390.75478459196 7.474092014247712 20940.59563411669
78483.21479023527 9.85085362765912 53844.69489089335
78920.11481690154 9.423650979999003 26494.485801936462
79262.52483780059 7.9195565173386235 8895.449617492752
79461.70484995758 9.449969660612961 31934.555914075503
80010.42488344878 6.649192924719778 25289.130206898266
80109.37488948822 6.235331930859946 7895.658004524649
80388.05490649749 6.01357265135702 11855.731802145729
80392.5049067691 8.955130290457845 34421.3916960406
80440.63490970671 6.516653808846461 17326.02340777064
80570.80491765167 9.449326358856846 89030.57284442044
80583.36491841827 7.311230040961219 49386.78056765859
80697.4949253842 10.103965791900801 70687.63927979379
80942.98494036774 6.13020697552206 18657.335374126207
81059.35494747039 6.8617411356033555 15621.64284769698
81063.24494770782 6.130598106738561 69884.0186912938
81098.6749498703 6.905482742306745 20413.391082089336
81160.68495365509 7.023333136476448 27649.456991661515
81236.65495829193 8.859762384164169 48425.40612894371
81239.76495848174 6.143408084359104 34971.62870579287
81300.23496217254 7.416588366299195 29171.720279074627
81364.73496610932 6.130820910490119 7866.527072697537
81410.43496889863 6.962269465082593 28482.163653669355
81429.28497004914 6.42234993010351 20762.434241326653
81430.00497009308 6.432487694399974 37249.49769041382
81458.28497181916 8.265798090895323 25491.85699193822
81508.7549748996 8.435974331913638 70853.96353290291
81858.41499624115 6.178757262441876 6664.229425828435
81978.37500356293 7.25541713715266 13895.218209608249
82084.9950100705 7.3067436082860295 29503.94199844232
82238.0150194101 8.260859431143185 10545.742839095696
82284.35502223847 7.805855043160088 23193.904301086844
82583.8550405185 6.382693603131452 21263.538205730547
83276.00508276398 9.061575801642338 158762.9080447441
83362.0950880185 7.712677466236366 55182.49059967458
83375.34508882722 7.86084846257072 77787.30694437369
83385.06508942047 7.078172059776232 87467.02279574308
83418.86509148346 6.040911393673156 198600.39531294847
83523.09509784516 6.134092230303828 39612.6217734094
83731.71511057831 6.018718485665179 45688.33046748014
84212.65513993257 6.393893103630173 509092.39923738973
84673.21516804292 7.381332193560005 89922.43102734932
84716.175170665 6.386000560970673 49175.74565936589
84793.3651753763 6.4860143454811485 67701.6643940212
84796.0851755423 6.028514995836159 172227.0709723588
84797.0451756009 6.731523914548678 90560.23033618541
84813.1751765854 8.189590487113723 97888.53239841522
84852.73517899995 6.127623159203107 33860.03620501222
85159.8751977463 6.644784518292577 67517.77478181325
85821.58523813386 6.489748984463927 29684.332470386416
85971.55524728731 6.462962704007856 68910.28975755506
86109.37525569917 6.285697196213135 18203.15318588095
86359.30527095369 9.547391498315045 111763.55498837978
86368.82527153475 7.669213975406528 122776.722397199
86370.64527164583 6.579893388387362 59607.97666501935
86372.58527176424 6.987211117076951 190452.7324729797
