233.7100 14.8736 1.9844e+04
394.1900 10.4923 1.1510e+04
1365.4701 12.2712 3.2724e+04
1699.7701 11.6190 2.0153e+04
1714.5501 11.1492 1.6895e+04
1732.6801 10.7523 2.3181e+04
1788.9301 13.2339 7.8943e+03
1818.0101 11.6185 3.2372e+03
2055.9401 11.5931 1.2568e+04
2078.3401 10.2912 8.6330e+03
2095.8301 11.0111 9.0901e+03
4204.3703 11.2036 1.7529e+04
4833.0203 11.0293 5.4662e+04
4878.1803 14.4616 4.4629e+04
4881.8903 10.0253 4.2691e+04
5230.3603 11.2861 8.3539e+04
5257.9003 11.5251 4.7472e+05
5265.0303 10.3412 2.8155e+05
5284.3103 12.1926 1.5156e+05
5325.1803 11.2560 6.0346e+04
5336.3803 15.1501 8.1950e+04
5340.8703 12.2410 6.4012e+04
5860.7504 10.7319 1.8732e+04
5894.8904 10.1402 2.5250e+04
5986.7504 11.4672 2.7189e+04
5988.8604 13.9644 2.7189e+04
6116.1304 10.4114 1.7424e+05
6140.4304 10.9713 1.1203e+05
6147.4904 11.7702 2.7468e+05
6261.4704 12.5763 2.1158e+04
6354.5704 10.0685 4.0225e+04
6395.6104 14.9089 2.2261e+04
6473.3204 12.6629 2.2634e+04
6501.0604 10.8438 1.2527e+04
6534.5404 10.1832 1.9721e+04
6856.5804 10.9742 8.9705e+04
6934.0104 14.4387 2.8598e+04
6984.0804 10.1105 3.2324e+04
7033.0304 10.2182 5.8351e+04
7045.3204 18.2201 1.8027e+05
7189.4104 10.1039 1.2536e+05
7356.8204 10.8691 1.2822e+05
7426.0405 11.2031 3.3965e+04
8114.5605 10.5931 6.6306e+03
8538.7205 11.6276 1.8291e+04
9684.5506 10.8809 4.8535e+04
9686.0706 15.0621 4.0883e+04
9855.9506 10.1726 2.7078e+04
10183.3106 12.9399 1.0525e+04
10519.1506 11.9501 2.4174e+05
10526.4506 16.4962 3.4717e+05
10539.1206 13.5058 2.4340e+05
10646.7006 12.0969 1.1058e+04
10650.8407 11.5770 1.8818e+04
10658.0407 14.6015 2.7282e+04
10658.8207 15.2191 2.7282e+04
10681.1107 12.4784 2.7409e+04
10694.4207 10.3868 1.6084e+04
10700.6807 10.8466 3.0341e+04
10751.3107 12.0709 2.1244e+04
10791.4507 11.0508 2.8901e+04
10794.9307 16.4120 2.8901e+04
10835.4307 15.9572 2.2899e+04
10838.3607 10.0681 3.4860e+04
10945.6207 11.3494 3.0933e+04
11523.7207 12.1551 1.8451e+04
11556.9107 10.6237 1.9888e+04
11873.4707 10.3454 6.2293e+03
12087.9307 11.5479 6.3000e+03
12501.0408 10.3566 1.1088e+04
12503.7708 13.8797 1.0304e+04
12559.8908 10.3754 4.6887e+03
12629.1208 10.6417 4.0427e+03
12852.8808 10.4569 4.2836e+03
13082.8108 20.4396 1.3876e+04
13532.2408 13.4612 4.4670e+03
13706.7508 15.9968 4.7096e+03
13715.6708 10.2437 3.7903e+03
13810.8308 11.5749 3.9625e+03
14954.3509 10.2422 2.0659e+04
16508.4310 13.6679 5.3587e+03
16646.4810 11.1312 1.2213e+04
17717.0711 12.1950 5.0730e+04
18070.8511 10.2958 1.9464e+05
18073.6011 10.8444 1.8776e+05
19131.2112 12.0127 9.9879e+03
19287.0812 12.4923 8.0062e+03
20212.8012 10.6209 1.1489e+04
20326.1412 11.9359 6.2898e+03
20390.2612 18.3700 2.6654e+04
20413.0312 10.8096 9.0965e+03
20423.0112 12.8154 1.1677e+04
20431.9812 18.7159 1.0494e+04
20567.4713 10.5893 1.8729e+04
20716.2513 17.1747 1.1907e+04
20716.7613 10.7017 1.1291e+04
20894.8213 12.5715 9.4823e+03
20909.9213 10.2514 7.9958e+03
20957.8313 10.2251 5.9206e+03
20991.2613 13.0466 1.4032e+04
21632.0413 11.4727 9.0304e+03
21693.8113 11.4524 3.0345e+04
21747.4413 17.7992 1.1607e+04
21759.9313 12.3383 9.0963e+03
21785.7813 15.1504 4.3111e+04
21800.9713 14.6695 9.2515e+03
21909.9713 10.4640 1.0299e+04
21983.5113 13.6059 1.0601e+04
23105.3314 14.8900 5.6348e+04
23152.1514 10.8986 2.3296e+05
23153.2814 12.2616 2.3296e+05
23165.1614 15.2651 5.7490e+05
23228.2514 12.3820 4.9631e+05
23394.4614 11.6373 1.5132e+05
23712.7414 11.7665 2.0269e+05
24913.8715 11.4924 1.2994e+05
24939.3115 10.1249 1.7581e+05
25149.4115 12.8752 3.7862e+05
26065.8416 10.3882 1.0514e+05
26350.7916 15.9826 4.2779e+05
26402.7216 11.4333 1.4175e+05
26692.4216 11.5817 1.3289e+05
26739.6116 13.2855 1.2109e+05
27020.9016 12.6401 6.0969e+04
27269.2717 15.9445 8.4259e+04
27297.1217 19.4735 3.2971e+05
27316.9817 11.9666 1.6908e+05
27431.4217 14.0918 1.5502e+05
27456.3017 13.5825 1.3070e+05
27472.8217 11.9972 1.3289e+05
27815.3017 11.2702 2.1251e+05
27977.6617 10.2971 8.2107e+04
28955.4218 10.2950 3.6576e+05
29163.3518 15.8369 7.2575e+04
29172.3218 20.9908 2.4626e+05
29175.7118 10.2940 2.1651e+05
31405.1219 10.1514 1.1692e+05
31427.4919 10.8911 2.3871e+05
31510.9019 10.5936 7.2287e+04
31516.4519 12.8418 1.8491e+05
31618.8519 10.0166 1.2574e+05
32778.8320 13.7418 9.3386e+03
33434.7320 11.8832 1.1578e+04
33779.5221 11.2705 2.1952e+04
33845.8221 10.4699 2.1793e+04
33856.2121 13.2012 9.0686e+04
33857.3821 19.5636 9.0686e+04
33964.0221 14.2742 6.9881e+04
33990.1821 13.7987 1.8710e+05
34025.0221 16.1523 5.7286e+04
34026.2921 11.2065 5.7286e+04
34041.2521 16.5524 2.0325e+05
34042.1721 10.6755 2.0325e+05
34071.6621 11.4127 9.8142e+04
34450.7821 16.3480 2.9636e+04
34453.0621 10.1586 2.7761e+04
34937.7021 10.5317 2.0441e+04
35002.2421 10.1953 2.2733e+04
35035.0221 13.0549 5.5951e+04
35079.5721 10.2206 7.7773e+04
35109.9221 12.7975 6.9220e+04
35133.3721 10.5532 5.8223e+04
35138.1521 10.1185 2.9930e+05
35154.4121 13.1691 1.5825e+05
35163.2121 10.7446 1.8324e+05
35198.2121 14.6179 4.5280e+05
35201.0021 10.5684 4.5280e+05
35212.2321 11.1905 3.0377e+05
35274.8722 13.3192 7.6902e+04
37585.8323 10.9976 3.5221e+04
37618.2723 16.7455 1.2526e+05
37642.6123 10.2303 5.1461e+04
37785.5123 11.8592 2.8669e+04
38022.3623 10.4032 1.2314e+04
40771.6825 14.3069 3.0441e+04
40784.3425 12.7063 4.9726e+04
40786.5425 13.7830 4.9539e+04
40799.1025 13.6577 3.0790e+04
40848.0125 10.8257 1.1023e+04
41274.6425 15.5202 1.3254e+04
41783.6626 10.5256 7.0109e+03
44214.2227 12.9987 4.7028e+04
44344.9627 13.9178 2.6822e+04
44444.2027 11.2323 1.1603e+04
45868.2228 10.3805 2.4535e+04
45973.4028 11.7800 4.8267e+04
45986.5128 10.1362 8.3460e+04
46009.2628 13.5040 1.1778e+05
46023.0528 12.1861 1.3629e+05
46027.7928 12.9043 2.2134e+05
46095.3428 11.3954 4.4469e+04
46173.5628 10.9448 1.7452e+05
46191.0228 13.5783 1.1221e+06
46215.9028 14.1848 2.6863e+05
46263.2328 14.0558 1.5345e+05
46321.9428 10.5766 8.7004e+04
48970.0230 10.2493 1.1560e+04
51561.9031 14.2775 1.0127e+05
51750.4532 11.3683 1.0883e+05
51828.2032 10.0165 2.0140e+05
51831.3132 10.7553 2.1895e+05
51838.6232 11.5403 3.0289e+05
51893.4132 10.4874 6.8808e+04
52930.5132 11.1344 1.3724e+04
57505.5735 12.8728 7.4756e+03
57598.2535 17.6924 1.2163e+04
58081.8535 11.2600 1.1592e+04
59530.0336 18.1410 3.5056e+04
62837.7738 18.5518 9.8041e+03
62878.2438 11.7331 5.4660e+03
73160.2345 10.1606 1.7248e+04
73387.5745 14.8964 3.4885e+04
73527.6845 12.3328 1.3733e+05
74754.6446 21.2538 6.1852e+04
75828.0546 14.3319 1.5760e+04
80571.4349 11.2008 4.6826e+03
84190.6651 10.5574 1.9161e+04
