1300.8900794000292 11.268050124872648 105544.14241215742
2929.290178789684 7.8422536210003315 28804.311982289197
2967.2801811084096 6.907563926680876 44651.29481471554
3017.380184166271 7.389380758175145 27347.270285478004
3041.1701856182976 9.733439115918655 96070.45951128557
3064.930187068493 6.6837034791747705 25803.055759513885
6560.290400408349 6.507865730247486 70814.75442542057
8410.540513338654 6.698325044961311 80464.22730994016
9387.000572937046 6.612148092215331 219382.53513163867
9456.190577160069 6.197205398242032 47047.99910988848
9772.660596475867 7.113592451782117 169395.43932946838
9795.720597883337 6.940882312035451 250283.44394612178
10044.790613085364 6.858917170803206 115721.56625664266
10063.43061422306 7.3598273744817675 140203.3261048028
10086.670615641517 7.178239923473725 114773.80755632524
10205.700622906532 7.047576276508623 343643.2305731531
10870.700663494914 7.65590724846693 62067.42681918009
11257.440687099652 6.4198335178925525 65090.76694098073
11825.490721770673 6.20264953874792 548414.1101138113
12584.260768082322 6.771412772210373 135948.95464001558
13242.02080822881 6.804742522434471 153361.502784259
13979.50085324102 6.697595577328899 95989.05925318826
14670.300895404107 6.190270213053976 156756.27581396583
14732.08089917486 6.938313734749523 722134.0746766257
15172.68092606695 7.25445955506308 46454.33082637889
16759.321022907778 6.104027367726349 711748.9784598437
17734.63108243598 7.073673685589121 96594.85974295132
17783.90108544318 7.048051491218809 33092.93685570502
20654.931260676956 6.544728384827601 84523.30497371714
23222.761417404872 6.032264987731909 26856.162980021596
23285.03142120553 6.6615190018596575 409235.6855582031
23603.83144066354 7.134554184147656 655786.2849773234
24882.821518726898 6.270347647276648 117965.07623941416
25881.461579679053 6.03982201157999 3359744.0126191177
26060.161590586034 6.370293562171921 77686.36985888892
26419.83161253855 6.7235701337206715 416327.7673825721
27241.861662711282 6.635379740261169 72739.98169221915
27501.211678540752 6.093516332088103 577969.363374663
27943.46170553355 6.775465743286297 38228.58655805675
28017.40171004649 6.496213509244764 27868.164946074692
30731.991875731925 6.181439286175657 853650.1375474487
31416.321917500118 6.0699956758053535 705273.5628948252
31893.581946629758 6.618302225834796 45624.50965187059
32444.811980274168 7.506842237981448 35841.896972124334
32666.76199382092 7.351331472344715 52576.26860634992
32748.751998825195 7.032764663556317 88570.55665992193
33013.462014981815 9.591736107167042 118688.00412573623
33062.2320179585 7.270854653050468 33841.255905013524
38436.07234595168 6.709909394849529 795365.0963336396
38897.1823740956 7.237215323412286 58152.60900276492
40328.67246146683 7.079286568091784 26502.316302378593
40742.442486721346 6.476441376960327 27158.989516139987
40846.3424930629 7.559113803645706 65325.94277926893
40879.30249507462 8.1229879366303 138219.98433954985
40900.362496360016 6.204559916725125 18788.55029185172
40970.99250067093 6.9572694373047845 39916.73566199185
41020.222503675686 7.844513415008182 16012.81519863332
41036.862504691315 7.750571972634618 116580.42807800595
41110.92250921158 8.544139073301537 102608.45697728067
41445.43252962845 8.737981900332079 140898.06241216123
41624.27254054398 7.763084728289699 42855.4340058873
41861.702555035554 6.672892431930722 29609.10729377093
42040.99256597855 7.521845735299117 52993.72603979535
42357.34258528702 6.075631278007702 17967.889344160918
43005.74262486222 6.122133548151612 42971.79068113991
43198.512636627966 10.167086461999734 80041.57061156932
43494.86265471574 6.249744024355059 44488.40082023815
43571.572659397745 9.172225763792053 46836.19543155826
44046.07268835893 9.258126203198756 83269.40892932843
45686.80278850115 8.196756323767877 46053.02194735317
45936.242803725756 6.912977285942963 43531.11034592482
50589.00308770771 6.221854329787549 7651.983031415206
53368.48325735371 6.739150126050686 16806.19462458369
53371.55325754109 8.188705283845469 16806.19462458369
54156.603305456745 7.191117005120419 7316.797572059041
55690.783399095664 6.544564465836258 842462.8067697698
61500.65375370201 10.388669428207901 109061.60475878496
61503.12375385277 9.127604148693475 109061.60475878496
62378.223807264636 6.240995976539898 315132.4469999814
65351.59398874475 8.637677092935858 20944.298568133952
75993.44463827177 8.710475081288628 8588.695080337819
76943.79469627653 10.968054259258691 571491.8184924591
78136.99476910368 8.397237461275132 7725.971700787412
79803.34487080963 6.353142935480738 2722.8614307118137
85157.11519757783 8.995101826803918 14677.132483381434
