7.620000465087919 10.145626856682245 29470.36650281669
251.91001537536715 6.660723316564818 7099.053082986019
1134.3400692346233 7.087640355892566 11730.331871314866
1312.7600801245167 10.111175822817282 11488.921146675833
1401.31008552918 7.108291505401812 10316.797324024878
1497.4000913940486 6.68373799587598 8359.951810059621
1908.3301164752268 7.549090857275655 18717.893921809446
1922.4501173370434 9.237982851051243 12152.892372942466
1942.26011854615 7.5193934005361145 8819.984650674654
2410.190147106332 6.691167738453811 5620.739945197106
2433.0401485009857 6.896835030869397 7485.612445647835
2460.9101502020353 9.887737656594643 23097.919902141963
2469.030150697641 6.221343964534386 47691.17152073379
2469.9001507507414 8.515073564949983 16524.162061920895
2478.2201512585543 9.751124592468244 16533.637621651418
2483.22015156373 8.501537213298683 14204.114325742179
2553.2101558355807 7.974491890802239 19966.667381876094
2560.830156300669 6.1727772589259935 38312.76368633995
2567.4801567065524 7.618049059120437 11168.20801270274
2573.2201570568945 9.302991543194713 13983.686621193445
2582.2201576062107 8.348222358476988 16810.48737023376
2585.970157835093 6.475228388176754 10515.349035687355
2644.1801613879493 10.116768544361195 18505.25781117799
2649.5601617163184 6.21306398356603 10898.735881461802
2653.900161981211 7.6292979920892305 12067.305274454406
2667.53016281312 8.39081748847811 9115.581082226088
2682.820163746348 8.311513864686924 8546.345645188421
2751.490167937632 6.051356044983396 6800.600937128435
2783.500169891368 11.303401158904837 23714.975858424998
2810.130171516734 9.256842449428698 12397.524275678508
2835.7201730786237 8.479722613398257 11797.204988120306
2872.090175298473 9.154986345968558 16590.794880246
2937.43017928651 7.05378876626097 5373.897473407927
3075.520187714855 8.363403938436116 12544.399665453233
3682.730224776015 7.606961803088562 9886.50092250503
4010.0802447558744 7.441534696675582 18783.180675559073
4436.900270806901 6.724108229794569 11927.567135320836
4489.9802740466475 8.387945113264694 11380.94185831276
4504.950274960344 8.168377010771747 15600.195504302752
4552.210277844865 6.370697013299354 10567.237350404797
4572.500279083269 6.218126258011648 7436.330761204801
4661.1402844934255 7.881100283131697 20873.16113894738
4680.420285670183 7.144284764602424 10981.096313145528
4685.460285977801 6.233291951261094 10686.721161677266
4694.070286503314 9.300029999502598 20691.391651196303
4735.670289042376 6.292408913402582 31141.491632924422
4907.140299508075 7.966609827564972 9862.819584203651
4941.880301628436 6.704420693417579 7896.900618626171
5227.790319078999 8.478041937924285 35262.521376602155
5297.420323328877 8.74429606018815 10516.3500958771
5435.130331734029 6.674888458763949 19356.496855710433
5598.850341726706 9.55137674660295 13125.710395923139
5633.910343866598 6.143647183440329 6045.473516510324
5679.810346668112 6.085866649947943 9431.074636501642
5684.690346965964 8.207757342973238 23408.571324749115
5727.940349605734 6.747405497560166 17792.14678587485
5734.280349992697 9.104695743879814 12029.016800663196
5738.7303502643035 6.874796143700723 17265.010790642635
5748.060350833762 6.974406409652724 25511.809388730555
5754.370351218893 6.2757831205833625 15576.077181453047
5756.53035135073 7.143751717123786 23376.99370224742
5882.920359064963 6.578819991434197 11384.228721599975
5890.670359537986 6.015739899825873 30258.93823039945
5891.410359583152 7.301183848070674 40604.47555497905
5914.380360985129 6.184674058920082 4489.717617529488
6167.82037645388 6.0100645837164235 6862.411752656269
6182.130377327294 6.2869986547609065 5524.797201651242
6355.060387882104 8.673075925812137 17843.569146665304
6438.790392992578 8.43257964880428 8692.226744138337
6452.250393814111 7.40073228141498 7075.690439746462
6490.570396152978 9.751363087656143 10924.114928503239
6565.320400715356 9.866269479109407 13080.135248362538
6572.570401157862 9.197351686374514 10504.253932347778
7917.300483233672 7.619576630438591 5721.609341302351
8060.370491965972 10.652790709580914 26109.362686474364
8467.27051680118 6.358978344426168 10201.097925957349
8726.40053261722 10.181393589846818 13049.115495412225
8734.510533112216 6.224604050140697 12115.687047818355
8762.420534815707 6.557828419329087 19117.88229528389
8768.690535198397 7.428454685908157 13179.330804938061
8943.630545875887 7.243878086649396 12008.060543844673
8958.320546772495 9.516693880970866 16071.28572532324
8966.72054728519 10.314251636740329 16550.805662368086
9030.540551180453 7.571989203131843 9754.027090119249
9033.490551360508 7.607694977318078 50921.77811770164
9049.320552326693 8.032712792280504 13021.713721390277
9053.080552556186 8.449953488118737 14098.984265777075
9124.810556934239 7.9692957194519956 40585.30561486195
9137.460557706332 8.853142890404936 11928.545192872294
9158.45055898746 6.073544487866 7521.814573189799
9171.020559754674 8.72201734035241 9878.903424282536
9175.180560008579 9.140092146878233 13357.162087178072
10195.65062229313 6.871273679286948 72799.355168577
10838.410661524089 7.346406436481791 55845.313614852515
10867.420663294719 6.420895906012283 89346.88723256347
11082.070676395915 7.934173907957421 85662.72755948453
12844.000783935595 6.901627598094325 300333.6837521782
13799.470842252858 7.59064802869499 292281.3576829551
14443.720881574762 8.33048264714798 9773.012895593785
14590.810890552422 7.279335921908343 11261.728718655522
14941.160911936091 6.46389110375926 24118.535399859957
15384.85093901678 6.991104489216557 204043.26552256072
15653.58095541876 6.487329417396837 7730.498140549241
16410.97100164618 6.440903593481338 17681.769365852953
16863.361029257874 7.360854684787581 22476.792478300245
16887.67103074164 10.621772829884373 61375.09333242905
18055.011101990425 6.011448822258483 9575.204670878675
18099.28110469245 6.262471710933785 8385.59795006765
18174.93110930976 7.136980527696666 11802.301226097581
18223.28111226081 6.265393162968005 29239.601248505045
18238.751113205024 6.53129302103585 10886.765165889748
18520.331130391303 9.905112088408918 25646.927519075998
19526.691191814647 7.596047365340251 14127.001585175822
21552.38131545296 6.576729735277172 70942.44075543842
22057.291346270224 8.223560980773833 29258.302825375842
22058.711346356893 6.52567757626673 31044.83760580194
22132.671350871053 6.79256657618034 15775.623822214588
24481.25149421701 6.595427452464017 13862.5604128289
25135.861534171236 6.351594086782878 8196.34284128443
25416.45155129709 6.426207161741285 6719.250615231824
25567.901560540868 7.268534062630263 9492.298838546618
25984.60158597422 9.474035110971034 9786.797315132018
26423.681612773536 6.077660705271299 162297.77864373816
28081.831713978987 6.084018191407358 9899.634635522209
29491.251800003163 6.0018868110189745 15943.600847466947
29592.551806186024 6.658078251930255 21511.37325622257
29607.82180711803 6.051303316193248 19315.84244551101
29621.74180796764 9.927805181624747 115192.44588963813
29645.761809433705 9.578489851157032 104337.17508582244
30152.101840338248 6.961827718006679 14764.979284016623
31174.94190276745 6.230930331113334 12488.82338515244
31479.02192132702 9.049972416841182 17736.670551494182
31561.16192634045 6.197999876832567 13710.575588240123
32578.22198841687 7.198588139998849 19041.393873157664
32714.061996707886 6.258973405725014 11514.910169121165
32802.25200209058 6.456978001125467 15748.433403378967
32809.21200251538 7.239460588822548 18783.79964125957
32816.692002971926 6.691423325393769 20140.717157332645
32830.54200381726 7.008813388466242 15816.108655664053
32923.062009464236 6.079173749766709 600503.123442011
32971.54201242322 7.555535442694161 30404.398255358934
33006.29201454419 8.25201121939469 21614.90150974834
33124.34202174939 6.919037860008546 23208.214993085607
33240.91202886426 6.774942549705974 12421.810844283862
33349.73203550611 7.293149326882456 17971.78543465635
33412.532039339116 7.641782180060604 24397.971945302477
33422.39203994092 6.7120390925801585 9007.332766530724
33442.922041193975 7.036345103185141 41530.42465879812
33463.522042451295 10.08967872268432 43669.313530044594
33555.87204808789 7.779393792837997 21694.013744217056
33560.40204836438 6.678942916985891 70609.20232154732
33758.59206046094 6.497052417675982 40176.19131093079
33840.32206544934 6.633672350203662 20445.353819507072
33854.032066286134 6.857142880236593 44656.549002979526
34392.43209914747 10.250285100801534 81450.3581195654
36128.162205088025 7.952603023404442 284312.13431671134
38182.092330449974 6.603776441291773 80270.86708423133
38861.952371945335 7.616841698917467 275262.72703303874
41199.05251459061 6.414325483958259 13640.15138036163
41228.05251636063 9.775944369543582 68639.64916826317
41239.742517074126 8.962848270277846 70826.70873988587
41273.08251910904 9.769742156682028 30631.390567656053
41295.912520502476 10.030920808186657 80581.23292952626
41311.86252147598 6.686252695176236 32456.34973302903
41326.72252238297 6.769225177964105 24430.47784368037
41330.06252258682 6.299351757277888 38603.53234307579
41358.39252431595 7.610707293531788 40984.68895496541
41389.162526194 9.619343322251957 116589.33278986285
41415.742527816314 8.534605879621838 36946.42756685347
41495.402532678374 8.561740670654537 90131.11942165115
41512.75253373734 8.111684271028551 77996.84039286709
41529.152534738314 7.8918033803458965 70577.42428775792
41549.40253597427 8.186213055987995 93731.3407717928
41556.72253642105 6.917608188320092 67907.65028697727
41560.712536664585 6.353660728765961 104528.95937146414
41592.552538607946 7.015349861285747 60556.579619018215
41613.11253986283 9.620553716318891 84353.6822593096
41830.53255313309 6.726015250503634 24953.007937989874
41936.0325595723 6.354695765765611 14375.447694568333
42030.282565324866 6.578424498003907 21977.29833810912
42257.162579172524 6.605865587179648 8910.837638899568
42318.23258289994 6.481363362031331 11412.37707600403
42395.93258764237 7.971371621330655 29157.542308945827
42436.11259009476 6.145613291014277 15247.293738650633
43037.11262677689 7.330306596832203 17582.515659711902
43071.88262889909 8.68256392199786 49534.12225569073
43154.562633945476 8.495097736958359 66803.14210267676
43175.19263520463 7.798388334944126 48250.29776706703
43221.93263805741 6.766745707161004 14263.53524569211
43661.63266489457 8.179086752480734 49572.98704896993
43705.792667589885 6.426269911148268 25732.195725746267
45024.862748099535 6.623047140458871 11277.255293037344
46438.32283437029 7.289032869950738 11098.4001609307
46771.94285473284 6.837333617506629 9779.287651435101
46776.422855006276 6.870953233483157 22956.023962148764
46811.39285714068 6.236927338350714 11191.829748188095
46890.76286198504 9.288081173293106 57201.52530996307
46894.03286218462 7.560652912999182 57201.52530996307
46912.782863329034 7.658485936101526 49210.86843963607
46932.242864516775 7.140371202386373 18872.721890845223
46949.002865539725 9.174242169215697 32468.779714829892
46954.78286589251 8.28313637213273 46767.36901328939
47029.20287043475 7.957975997101165 16967.596493625464
47043.31287129595 6.580360136697194 12794.088787853938
47061.67287241656 7.987407971613569 60233.18732826232
47098.92287469011 9.48353568141797 49735.21944700374
47110.47287539507 8.178012766505104 31836.06692738694
47532.3629011452 6.954962809510508 17393.245515996652
47824.73291899005 7.909395971078363 8191.83455547857
47872.90292193011 8.140725955754053 20085.372098800774
47923.60292502459 7.725790750570996 4668.390400070579
47972.03292798052 8.072443042590598 7999.01255253058
48068.342933858825 6.044344750466552 264867.30364490265
48218.04294299579 7.125076122641495 16820.376017448827
48364.95295196246 7.197110137183131 15551.418949102264
48430.74295597796 6.308451733417525 7648.023639860709
48443.46295675433 6.977397944320072 11140.261826433773
48513.252961013975 6.26993490008352 7661.894715171628
48515.06296112445 6.23983564993396 16033.603705174879
48553.53296347247 8.720677688520107 13864.46579628827
48656.13296973468 7.950498853388567 5326.7931687209075
48855.752981918515 7.587890123206728 11114.542804638015
49038.39299306598 7.239199146166924 5127.693625285191
49112.40299758319 7.787093755281954 16634.298511165533
49135.60299899921 10.691574416720295 10300.830840811937
49154.01300012286 6.860099425493093 17755.570160871095
49156.76300029071 6.712518010237392 11362.882234052357
49181.82300182025 6.728200488621185 7358.155801919443
49203.61300315021 7.294883538508573 5575.780687829853
49306.513009430724 6.573723470667068 6803.5800538014555
49308.523009553406 9.930614939819959 9609.440699647432
51880.23316651814 9.809110376636408 9131.277694191016
53367.59325729939 8.100203129448465 90860.63765985332
53370.04325744893 10.184952735009734 90860.63765985332
53459.96326293721 6.5145014548615 10213.623454580224
53496.693265179034 6.813575060811389 12506.565853260876
55959.98341552633 6.085131173803281 8640.704912573528
55996.73341776937 6.469236127682917 14236.32062515468
56027.463419644984 8.383411157384405 11454.127462245595
56110.54342471578 7.340930010339277 7496.2364560109445
56159.3434276943 6.738305340745686 5592.51197930052
56383.8434413967 6.474028242231424 5194.2545177847305
57352.21350050131 7.480507309083414 6818.478299468288
57379.14350214499 7.593019910074836 6173.275074347564
57476.393508080655 7.633068640881437 5013.998318831888
57524.37351100912 8.209469337675477 6309.815324300147
58467.54356857566 6.138046731761117 8298.284080437475
58507.02357098532 6.4770420040864565 5877.518361345305
58509.89357116049 6.156909308298495 7803.6578464309905
59020.85360234702 6.462219109124394 4055.767776795859
60072.26366652 6.578342555783479 10820.297418025903
60360.00368408226 7.044513907994919 6046.863492210398
60726.533706453476 6.049545220306025 5204.628790208003
61499.87375365441 12.212710410035976 179566.91202020514
62166.52379434349 7.655025051235688 11876.167799090257
65923.06402362451 9.087912595148532 17147.64109443097
69473.76424034206 7.969606687233485 15099.231893762568
70363.99429467738 7.602768725054802 68314.93962797319
75017.50457870512 7.3581354417478995 5627.987446115627
76943.06469623197 11.130773654755068 921833.7652031082
78136.86476909574 6.625047875199781 12408.294133525857
79324.97484161223 7.639026435852347 14412.816008540598
79680.58486331695 6.161100951460664 6594.233200452173
80208.65489554778 6.837606193664989 11451.01140750839
80399.76490721221 6.687647801195137 6791.570290224088
81690.14498597076 6.954269441194269 4564.611395059886
81704.26498683258 10.347104654846342 37523.698302190416
81915.25499971039 6.1268177217874635 12380.724910649416
85612.68522538363 6.147687481589619 41469.38920863253
