5.1500003143310735 6.43683282691381 15038.155211004661
36.00000219726576 9.153087906684817 10250.623460925046
1446.4800882861382 6.530706603932131 5428.302780317801
2346.2001432006923 6.6443644571375176 5495.025223097287
2568.3601567602636 6.376359744598539 3910.4620413703947
2763.2401686547955 6.019331808298924 24305.724561489696
2773.470169279185 9.53931797185503 51964.33497256511
2797.2301707293805 9.894105944200318 40708.79913591785
2809.8901715020856 8.572682143945707 32471.14029875451
2825.5001724548447 6.651626502010195 7244.877127290153
2864.4101748297226 6.564152846169668 7964.60764243455
2954.8801803515735 6.796738002207022 8995.340468437817
3029.330184895641 8.02129652873649 12825.544656370323
3056.7901865716667 7.49041155604321 8355.285357422354
3095.8901889581416 7.72727897722669 9043.139306048779
3290.1102008123903 6.63068182665632 3198.9799393317426
3823.4802333667135 7.251400990333949 33041.49409677204
4239.910258783585 6.317412800102181 4072.8685189300504
4318.750263595597 6.043638476413372 8999.157180643351
4328.950264218156 6.313738237610223 5998.151303827594
4353.400265710466 7.7913711414925615 14639.124888528098
4384.010267578752 6.814991904877028 7158.619800016604
4388.8702678753825 7.8358379417824535 11082.257994074676
4477.070273258683 9.065842741722227 11602.857643870966
4739.340289266375 6.609157388505118 8528.383313704178
4772.940291317156 6.002416761706271 6681.812031137709
4792.680292521991 9.272210869886841 16509.76394703436
4811.630293678607 9.42805948405166 17473.718280579185
4821.180294261492 8.090816451598926 16213.250269811408
4845.230295729388 6.851243106673208 8678.412379128173
4848.70029594118 6.668844480986368 22040.439425999244
4853.300296221942 6.463392003542917 12575.745938330847
4975.600303686542 6.795323404344558 8051.543673861291
5216.430318385639 7.887463654020881 19304.519547629752
5229.430319179097 8.879963797436005 31064.951727531843
5305.970323850728 7.528771441390045 52364.39785273716
5375.640328103047 6.9007702932313535 9754.339437595594
5540.800338183614 6.821268153971364 7646.2062066930675
5553.820338978292 8.56313797100339 15630.743348796786
5564.290339617331 6.084037818556704 10220.267389192992
5676.120346442892 7.369056060287286 23091.12514617293
5701.490347991355 7.881237240850701 25134.724616770596
6009.260366776145 6.8757787373937385 7246.111609629921
6553.830400014062 8.73960967753239 7710.666509889698
7124.7804348620875 8.60027753717967 15367.581917656682
7134.81043547427 6.006305448506281 8232.073644714743
8046.710491132232 8.144435068343158 12507.555253783448
8065.590492284576 7.784014837356998 10049.382763336369
8251.69050364322 10.021001859798595 24491.00829962738
9033.250551345858 9.282380974975666 28255.019500701685
9034.050551394686 7.210358831386117 21720.791721264373
9515.04058075199 7.3457975106509 19457.582598721423
10109.21061701725 7.866503917530427 14289.619402774384
11102.280677629436 6.257497896912959 7906.675375569087
11206.370683982586 7.677193229115975 31196.501883153775
11309.860690299114 6.393931929804273 8484.778309832443
11470.220700086713 6.345115007800199 14088.37894930562
11544.280704606977 10.963439871261185 23643.967835932315
11564.950705868574 6.016982968646311 15696.57173304099
11590.010707398114 6.482550372496699 73883.45890533019
11591.980707518354 8.573998668211765 57567.67634257041
11658.680711589399 6.313878417959072 37052.63656495624
11661.230711745038 6.669174421875597 25122.094774354642
11677.040712710004 6.581565204507899 88676.33229608402
11684.89071318913 6.922717077879016 76722.06469974255
11687.230713331952 8.690936566883092 58047.35976557555
11712.970714902998 9.590002018824158 42516.69165959103
11736.580716344039 9.97591171858494 51567.26415507229
11753.770717393232 9.844080093215767 44624.57412446992
11888.420725611617 6.17530814798046 19072.869376843486
12342.810753345382 6.45108534945302 7304.949043306144
12806.160781626024 6.240578316820678 16693.008033081467
15617.430953212339 6.749083799962824 7895.736895614064
16532.221009046694 6.120674044015666 17894.559865694788
16612.33101393622 6.222070201573728 25021.47314181679
16887.37103072333 10.186217310436875 63399.77268686821
18084.031103761663 7.3394252299727745 19159.22014895375
18340.11111939155 6.370632556331128 31901.978336230994
18361.88112072028 7.000594604371222 22630.294027234333
18421.26112434455 6.128190474177317 27426.3999840814
18435.891125237496 8.672339736112049 63662.75066530248
19549.1511931855 6.2547428321715834 3459.181657873403
19703.351202597118 7.447652660085416 7235.735741083055
21191.871293449174 6.2462512198717794 12421.559429796444
21956.331340108114 8.328621476663269 22358.26173490736
21976.581341344077 7.365842132465672 36468.7997302635
21993.901342401205 7.906433917660544 38821.35070003967
22910.4713983442 6.414965093006729 13072.057429547493
23218.71141715768 7.081495025319474 9501.789240901513
23226.69141764474 6.141046655325426 10121.033965562066
23376.54142679086 6.346697478546839 5087.447107286091
23622.161441782315 6.552101122364954 7947.221505683684
23882.56145767587 7.388741761967082 6368.777821919394
24073.18146931039 7.201301022186433 15531.964869029636
24482.331494282927 6.111343942256508 7199.275206815303
25617.681563579197 7.048535803981104 11329.548530823718
25825.68157627451 7.105041357860673 7506.468244878755
28077.211713697005 6.424686232738139 8773.886996387797
28121.78171641734 7.941236420227264 58847.010476832394
28301.961727414655 9.331800747239901 41462.23571084537
28375.591731908677 9.414982864315169 73974.59190416118
28696.951751522935 6.899851733828782 8451.419748664935
28712.151752450667 6.049276901180517 12971.552570989123
29024.341771505235 7.15922667521737 6607.981034799198
29263.791786120106 6.135227255759983 9359.531011345189
29287.811787586168 7.645800054618796 11851.630146602483
29384.401793481557 7.289909047435412 19190.818494168325
29434.261796524766 10.169325336930688 45237.27850054945
29465.70179844371 7.353008110326275 10005.761131146126
29480.44179934337 8.685446327173263 20062.145172356057
30208.431843776358 6.235928073695051 10144.357495184777
30533.391863610344 8.06188441223033 36662.995257268056
31555.711926007807 6.879590408508346 18711.879124905714
32454.421980860716 6.973841635450364 31273.88001480569
32792.96200152356 6.490007400935311 7975.4228959323555
34287.04209271497 6.079592435047177 9643.040829006733
34341.70209605115 6.726975464771652 12683.31176336747
34804.32212428724 6.295326717264817 9660.28385974842
36019.252198440685 6.135662831267454 15738.926217746468
36967.03225628859 6.972769239997634 15169.682081490564
37045.08226105238 7.300030998022603 7547.1591383809855
37670.062299198136 6.832353027921441 13175.008961447991
38115.37232637771 6.665254542613697 5891.616276854079
38550.68235294692 6.543223015644932 5559.082588525536
39169.192390697775 6.684975833375632 3477.5793942118635
44666.07272620073 9.721559939089092 81663.54386676812
44757.18273176164 8.520701729656386 114973.40216775183
44780.30273317277 7.814897232141279 114706.19411071329
44788.89273369707 7.2035505462294624 44403.99925724001
44974.62274503313 10.121045254826472 21952.053798178255
44980.232745375535 7.9182224030216695 19471.144873279613
45009.21274714433 6.0379554165682885 6960.670627804242
45082.27275160356 9.076668487659187 48177.297711785955
45107.61275315019 9.633150792671382 26374.584384692236
45121.42275399309 7.0396587762202625 9081.604769903337
45161.85275646074 7.039736830703268 30877.917811812244
45200.81275883867 8.702188818063494 21630.364353664347
45454.25277430742 9.446983382501971 31230.56910432271
45602.00278332536 7.3880452848292455 32853.151962230135
45670.80278752458 6.884403989831264 16595.12415465042
45712.95279009722 6.666490727518967 11525.984873259338
45864.37279933916 6.107292201526667 4476.879988276568
45958.752805099655 9.478509578496702 13350.642409058028
45975.73280613604 6.5487308859251785 10702.80778010629
46399.25283198565 6.83501323500286 6614.998029002236
46446.712834882375 7.345980269768435 20206.94579819307
46458.732835616014 9.425248926891975 39327.931611706634
46460.61283573076 6.730831921588284 26760.907638068184
46496.65283793047 8.03638361165164 6831.200761784732
46520.22283936907 7.3214674762975696 6747.766172343469
46618.64284537615 7.149768060005384 5722.5957545115025
46953.012865784476 6.310927223705115 9874.438567475361
47423.08289447527 6.845472020123026 6657.414422818107
47458.2728966231 6.0421685284115885 3874.8325406971653
48579.13296503497 7.901468515750195 7454.379446739408
48686.12297156512 6.927405416212695 7266.053026308091
48755.242975783876 6.397218870708181 4786.528523863629
48787.5329777547 6.707761562141022 7424.063874139
50048.00305468769 6.123007758079581 12537.917188948339
50470.49308047443 6.270834436298088 7611.20065035894
51407.523137666205 6.5373292630238655 9730.964826236033
51544.53314602863 7.835671706873516 7991.199774185821
52262.6531898592 6.113815719550696 4721.691434840273
52568.64320853535 6.0518785010161915 4171.758920004105
53367.03325726521 10.029486337692203 70821.31780889911
53369.22325739888 9.592722146194925 70821.31780889911
55734.73340177816 8.289400707116428 6682.300810500291
55906.74341227682 7.180805736709909 16675.970243998763
55922.333413228356 6.590674435329468 11428.25339604999
56790.803466235564 6.205359626117406 4675.997759503389
56819.703467999476 8.517039810153719 9005.20544459773
57205.93349157309 6.3983837122157095 4040.217780753591
57263.34349507712 6.205112374600145 4759.804582439525
58626.963578305884 6.335680924860076 8318.475540024225
59035.683603252175 8.132015807075305 15114.239005562713
59650.31364076622 6.829232073152493 5112.308274946101
59742.183646373516 6.058023843262829 7603.866423105865
59771.29364815025 6.229312648060269 3612.011345778776
60551.90369579491 10.44767397866634 9275.379605554821
60645.3137014962 8.421545838689406 2687.2852862094214
60829.62371274559 8.614570939569541 9012.922976089969
61020.94372442283 6.614540122743015 4214.663505211795
61499.773753648304 12.274438909542075 131322.91070478206
61501.78375377098 6.2526616345163 110328.96733727725
61749.13376886803 6.0847911044321155 3283.4848758480102
62194.70379606346 6.924357483592283 4224.684881124185
62265.91380040978 7.679122768777978 8062.043183912731
62663.54382467919 7.939565284791259 6735.240395343345
62738.79382927209 6.207980177116954 16714.26325198391
62848.12383594506 9.309442663016814 30562.994459445123
63643.33388448083 6.374639800328256 4497.604733799722
64680.35394777551 6.092977601405209 4362.129530619013
64732.243950942626 6.698622768217376 7087.958582980322
64826.8939567196 6.248570033125623 7612.342490244815
64881.39396004602 8.75842732048901 9448.216660528784
64987.91396654749 6.544770879528313 5991.345650463385
65919.83402342736 6.703079886909371 5379.6492771338635
66960.79408696253 6.754239117255739 5957.9634639505675
67350.99411077845 6.012054480036734 2434.1683529808406
67451.46411691065 7.786474689314549 9135.967902615024
67483.0941188412 6.882133971459329 10415.938629709444
67509.3741204452 6.1807271677003115 7630.464437141921
67599.90412597072 6.048786836450632 3092.230442596502
67758.35413564173 7.8117372157119 6534.622130342735
68868.43420339565 8.938456392040383 5482.285948658046
69071.86421581202 6.155167238036945 4435.259866263273
69473.67424033656 8.065258772403785 13199.058550140186
70933.35432942836 6.868163782244747 9851.798762286204
71073.34433797268 6.707220055361692 5680.210536384496
72138.76440300075 6.606007853974973 4466.324649958715
72445.73442173672 6.318137361012724 6460.591135713919
73365.60447788113 6.356831314666458 5022.105893967385
73673.51449667447 6.937568878716409 6405.987998052035
73814.98450530911 6.788911788532038 5950.998707012861
74015.79451756558 6.013650789154897 5777.639140806832
74321.13453620207 6.495533008436561 5810.84051099254
74724.63456082974 6.56743445015523 2037.66175900124
74877.93457018644 6.3069048705273945 5009.906573204801
75041.47458016813 6.222187071064053 5683.868216544018
75131.54458566556 9.504767841282312 22623.327482602155
75914.67463346403 7.093511190454562 4969.553896394174
76185.72465000761 9.026294362507977 8516.670082850094
76462.90466692533 8.357479312039473 5075.361595224874
76944.30469630766 10.816476389858446 971126.3320999127
77111.37470650481 6.252937859669027 45633.085939431985
77362.47472183073 7.979254070776599 11718.516654671936
77385.58472324125 6.073283373260102 3800.201459648438
77423.07472552947 9.263961704915044 23731.247943724604
78075.20476533232 7.585579056603024 5325.040985777189
78132.99476885954 7.856019058196786 13429.18917996823
78331.26478096099 6.420536694673385 4115.602028243192
79342.79484269988 8.368622433383972 6832.286793508727
80992.25494337494 6.147327233262193 4898.170239757448
82656.96504498078 6.240767218023018 5185.2510728458565
82691.16504706818 6.347563589725125 12871.992951313428
82701.73504771331 7.170982627172281 8603.809171083181
82937.16506208283 6.383637505547451 7932.395731839005
82982.6450648587 6.204276285035406 4957.848916002578
82987.41506514985 7.445900419332353 10231.83823153118
84133.97513513031 6.104513966623563 4977.032990033793
84404.31515163057 9.021901873095604 6341.294216359134
84438.77515373383 7.36198047733394 3974.1675309389598
84491.15515693085 6.04842167502085 5671.14698596838
84502.93515764984 6.531353229213623 3015.0027863017026
84646.49516641206 6.923698455635809 3500.6617002424914
84743.7251723465 6.545750426278489 2677.6008192081295
84984.72518705598 8.32797412248179 17262.128838411474
85024.18518946444 6.213494583667829 3268.7439192745323
85149.60519711945 7.5483713473112 4278.311453014466
85167.14519819002 7.669316236465689 5937.8004505516155
85429.87521422579 6.449721742902945 9440.7774117941
85446.90521526521 6.9397324707752865 9698.231651699067
85614.41522548921 7.145995351303843 10318.829755626726
85660.27522828829 7.7750159653979845 13801.076550100668
85691.70523020661 6.430590737418839 4878.20875630366
85723.76523216341 7.944714781196379 7294.3213873247205
85829.87523863984 10.285337888172533 22342.200511938885
85834.00523889193 7.157064742347369 29557.824353400585
85928.69524467134 9.897916243295812 46175.942077869484
85937.80524522737 6.699805883648118 20683.16250147733
85963.31524678438 6.408346171649881 11919.491410195216
85966.88524700227 6.140570995543097 11258.384408746768
85989.23524836641 7.662474050054451 10660.360925335312
86009.16524958285 6.518519576953607 61087.63012923022
86012.20524976839 6.542764807654791 59899.05337692957
86116.2652561197 6.091151970446034 4617.286030100647
86171.44525948762 6.57470452855866 5757.907811480126
86173.39525960664 9.995081312797401 21862.11198220957
86182.97526019136 9.651345023190535 39751.26770253034
86200.84526128205 7.07118284714254 16079.985888965644
86208.97526177828 7.042600182172202 5693.210455699438
86217.99526232881 7.383326602934354 17639.912054586082
