5.1200 14.1880 2.6372e+04
1399.8701 11.2611 5.1979e+04
2249.7101 13.4725 7.1640e+04
2501.8702 12.1144 6.1730e+04
2517.4002 10.8648 3.1005e+04
2619.6002 13.8355 4.9695e+04
2659.4002 11.3986 3.8766e+04
2893.1002 12.8286 8.6404e+04
3615.1302 11.3382 4.5576e+04
3626.6902 11.8817 9.3835e+04
3801.6002 13.6786 6.5610e+04
4098.7603 11.1819 9.9450e+04
4151.8903 10.2018 6.5442e+04
4216.3903 11.7015 8.3738e+04
4274.5103 10.7976 6.8769e+04
4314.6903 10.5681 7.8961e+04
4357.7803 11.5893 8.1127e+04
5591.2703 12.1540 5.9411e+04
5708.3803 10.5378 1.9515e+04
6661.2904 11.0439 4.2852e+04
6733.4404 10.5391 6.6459e+04
6750.7504 16.6408 9.2239e+04
6773.9204 12.5176 1.2208e+05
6781.7604 10.2201 3.5187e+04
6794.9204 12.2961 8.4503e+04
6807.9804 18.3333 1.6248e+05
6822.8104 12.3360 1.0573e+05
6898.7304 16.6944 1.4012e+05
6939.8504 18.7087 2.3546e+05
6950.8504 13.0163 3.2273e+05
7014.3204 11.8019 2.6101e+04
7037.5204 10.8434 3.0013e+04
7048.9004 12.3698 3.6363e+04
7077.0204 11.0164 3.3514e+04
7164.5704 10.5867 5.1114e+04
7610.8205 10.5528 4.3001e+04
7661.4805 11.8440 4.8580e+04
8027.1305 13.4715 8.9297e+04
8236.6905 11.0062 3.7072e+04
8349.8505 11.2813 2.7694e+04
8529.1505 11.6221 7.3322e+05
8532.5405 22.0499 7.3322e+05
9261.0106 21.9314 5.0787e+05
9261.6106 10.8227 3.9066e+05
9794.2006 18.8190 1.7788e+05
9824.8306 16.1424 2.5226e+05
10143.8506 10.8449 3.3518e+04
10151.4006 15.4593 7.9129e+04
10428.2006 11.3004 5.2846e+04
10780.0807 11.6574 1.0954e+05
11963.5407 17.4662 1.4873e+05
12004.5607 11.6210 6.2155e+04
12084.5707 11.4888 2.7045e+05
12086.8207 13.8864 2.5803e+05
12117.2007 12.6652 1.1304e+05
12241.4207 11.2732 1.7069e+05
12313.8408 15.3222 8.2456e+04
12324.6208 11.6007 8.3341e+04
12325.1808 12.5632 5.1211e+04
12329.8208 12.1674 6.6102e+04
12342.1108 13.1509 5.1829e+04
12372.7608 15.1929 7.2472e+04
12395.0708 13.4864 1.5067e+05
12396.3308 12.2938 2.2970e+05
13111.9108 17.0006 5.1077e+05
13248.7108 13.3668 1.8282e+05
13579.8308 14.6386 1.3146e+05
13733.8008 12.8344 9.5230e+04
14183.1709 10.3386 2.1140e+05
14943.1609 10.8308 1.3036e+05
14967.8609 10.3441 1.7719e+05
15056.2509 10.2605 9.1321e+04
15201.9509 11.6537 6.6245e+04
15221.4909 10.0414 7.3402e+04
15381.9609 10.4975 1.0221e+05
15389.2109 12.2168 1.1255e+05
15407.8409 15.0996 1.4521e+05
15716.5310 13.6799 9.9192e+04
15849.1210 13.1615 1.9355e+05
15977.7510 15.1453 1.7024e+05
16017.1110 10.0652 1.6895e+05
16053.4810 10.1141 7.5114e+04
16065.0410 11.1222 4.9042e+04
16136.6410 11.3197 6.8514e+05
16291.0710 13.5702 2.4958e+05
16291.9610 10.9177 2.3201e+05
16431.5110 10.0827 1.0628e+05
16492.9310 14.2793 1.2588e+05
16532.8510 10.1740 8.2314e+04
16887.3710 14.5323 2.3633e+05
18535.2711 17.7518 1.3723e+05
18569.1411 10.0463 4.0528e+05
18569.6911 13.1814 4.0528e+05
18809.0211 10.2466 6.5507e+04
18959.8912 15.9767 8.4027e+04
18974.0612 11.4380 5.9423e+04
19209.6112 11.7274 1.3317e+05
19319.0912 10.5920 1.0467e+05
19367.4812 11.9887 1.2238e+05
19379.9712 19.6449 1.6822e+05
19410.8512 19.0711 1.5276e+05
19411.3012 10.2211 1.0747e+05
19428.4912 12.0021 8.4901e+04
19542.3512 11.7510 1.6021e+05
19668.1212 10.2331 8.7707e+04
19964.6512 13.0265 3.4959e+04
19972.2912 12.2386 5.8499e+04
19997.2812 10.9243 9.3985e+04
20043.0212 10.2769 3.2553e+04
20053.3212 13.1133 5.0014e+04
20076.3312 11.5205 3.1580e+04
20459.1412 13.5280 6.8998e+04
20521.0913 11.3778 3.9257e+04
20564.2113 10.2723 4.8475e+04
20584.1013 10.5934 4.2241e+04
20990.0413 14.8458 7.8729e+04
21036.9713 11.8748 7.4391e+04
21156.8913 15.4666 1.7746e+05
21739.3513 11.0535 1.1457e+05
21931.7013 12.6427 1.8890e+05
21951.5813 11.6981 1.0390e+05
21996.5913 18.3777 7.4354e+04
22030.1813 10.2586 5.4986e+04
22070.9113 18.3565 9.6275e+04
22076.7613 13.0015 7.5789e+04
22107.8213 11.8879 7.1946e+04
22645.0514 12.9592 5.7593e+04
22749.6314 10.2176 7.2680e+04
22843.8514 17.9180 2.2586e+05
22881.1114 12.7378 9.8186e+04
22885.3714 10.1950 1.0077e+05
22885.9314 10.0499 1.0077e+05
23136.2814 11.9089 4.2960e+04
23689.5414 10.4126 1.1352e+05
23690.0314 11.4578 1.1352e+05
23899.0915 16.3612 2.2733e+05
23944.5615 14.6974 1.8204e+05
23945.3215 10.6795 1.8204e+05
23978.9115 10.2900 1.5179e+05
24070.3815 11.6630 1.4277e+05
24106.2215 10.9779 2.2983e+05
24128.3315 13.6816 2.9516e+05
24333.8215 10.1780 7.4687e+04
24457.0315 19.1546 1.5758e+05
24486.0315 14.7827 1.2449e+05
24793.2115 10.3669 4.6989e+04
24857.2115 11.3303 5.6060e+04
24960.0415 12.9075 6.0307e+04
25103.7415 12.3511 4.0218e+04
25112.9315 15.1793 5.8242e+04
25199.8315 11.3089 6.9237e+04
25266.2815 10.8913 6.8243e+04
25316.9915 12.5419 8.1035e+04
25331.9115 10.4607 2.3997e+05
25368.8215 14.8526 8.9098e+04
25404.9016 13.2302 6.9267e+04
25419.5016 15.2918 2.6850e+05
25422.7916 18.6895 2.6850e+05
25443.2416 12.6191 1.5457e+05
25454.7916 10.7637 1.1180e+05
25484.2916 22.1962 1.5235e+05
25490.1516 10.4708 6.5267e+04
25528.9716 20.7238 3.2722e+05
25550.1916 14.6247 1.6629e+05
25722.3216 15.4795 3.2829e+05
25898.7016 11.7592 2.0981e+05
26065.2516 11.1313 1.6150e+05
26499.5216 13.3519 7.7586e+04
26629.5516 10.8569 2.1203e+05
26639.3716 20.1697 3.1221e+05
26718.0116 20.0755 3.6701e+05
27106.4417 11.6350 1.8198e+05
27292.2217 10.8871 2.7004e+05
27600.0017 16.6831 2.8757e+05
27658.2817 11.7631 4.5504e+05
27701.2817 10.4430 2.2595e+05
27772.9417 14.2238 4.2996e+05
27803.1917 26.2255 2.2990e+06
27833.9217 15.8589 6.9619e+06
27834.5117 22.1078 6.9619e+06
27888.0717 10.9352 1.3199e+06
27914.3017 12.2389 3.6584e+05
27921.2617 16.5861 2.9438e+06
27922.2917 12.2005 2.8455e+06
27924.2317 19.1766 1.2332e+06
27936.9517 13.5366 4.4609e+06
27937.9817 24.1398 4.2980e+06
27949.6117 15.3256 1.6777e+06
27970.1717 18.4255 8.8095e+05
28019.7517 10.2839 1.3821e+05
28110.0117 14.4964 6.4341e+05
28110.8717 10.4274 6.2634e+05
28119.5117 19.0529 6.5963e+05
28126.7917 22.8530 9.7470e+05
28133.9217 12.8769 1.2795e+06
28146.9217 20.2628 1.4342e+06
28147.8617 20.9746 1.3610e+06
28156.7017 21.0004 1.7759e+06
28173.4817 15.1701 6.1373e+05
28193.2717 13.2578 1.5231e+05
28376.2117 11.0426 1.6144e+05
28382.6217 13.3294 1.5302e+05
28548.2017 12.9278 3.4062e+05
28552.2517 14.5774 6.5051e+05
28553.0517 15.4299 3.7835e+05
28637.6017 16.5618 5.6328e+05
28661.1617 10.1230 1.2018e+05
28830.8018 16.2346 8.6951e+04
28890.5218 10.8323 8.8937e+04
29075.9718 15.2116 1.1434e+06
29077.7318 15.5600 1.1434e+06
29122.7418 15.6183 2.4819e+05
29141.1918 18.8987 5.2972e+05
29166.4918 10.8595 4.7959e+05
29177.1018 13.3582 4.0997e+05
29225.9518 19.0696 2.7038e+05
29266.6018 19.4859 4.2047e+05
29267.4218 11.4286 4.2047e+05
29585.3018 10.4523 1.4549e+05
29661.0418 12.2395 1.1593e+05
29731.5318 14.1078 1.2828e+05
30020.6118 12.4733 2.1235e+05
30068.5018 14.9935 1.7820e+05
30119.3818 10.3337 1.5557e+05
30126.0718 14.5293 3.8775e+05
30141.8718 10.2821 1.3212e+05
30164.7018 11.8450 2.2785e+05
30171.4418 10.2460 2.2387e+05
30176.5218 13.4183 2.7450e+05
30186.6718 15.6030 4.2264e+05
30188.3718 19.5201 4.0598e+05
30241.8618 11.0812 4.7707e+05
30243.3718 11.4867 4.2726e+05
30269.8118 12.5460 4.1249e+05
30289.1618 10.1056 4.0008e+05
30414.2119 20.3800 6.3981e+05
30438.4819 13.8046 4.8030e+05
30446.3519 12.1558 3.5458e+05
30453.7719 13.9831 4.3509e+05
30456.6919 15.2226 3.7280e+05
30466.4319 10.9896 3.8395e+05
30468.2119 10.8219 3.6561e+05
30471.2119 10.4763 3.5123e+05
30480.4919 10.0978 4.8132e+05
30486.8619 14.4175 3.9150e+05
30507.9419 18.1062 1.9608e+05
30520.7919 14.7300 1.8420e+05
30929.2419 15.1730 7.3426e+04
30940.1819 11.0391 5.1145e+04
30972.7119 10.5907 9.6397e+04
30980.2219 18.6060 1.4018e+05
31084.0319 12.5221 8.1509e+04
31122.1019 13.2950 6.4113e+04
31284.2919 11.8732 1.1755e+05
31300.5019 10.9668 9.1049e+04
31319.2519 16.4665 9.5771e+04
31336.3019 10.2218 7.5927e+04
31391.9219 13.6655 1.8875e+05
31741.0719 20.4339 1.4034e+05
31773.2119 12.0534 6.7790e+04
31844.8419 12.0587 1.1702e+05
31910.7419 13.6815 2.6083e+04
31963.0820 12.9027 7.8095e+04
31974.7420 10.3385 1.0092e+05
31980.7220 18.6199 1.6259e+05
32002.3220 12.0230 1.3039e+05
32020.1120 14.2409 1.0612e+05
32043.0120 12.8356 1.6244e+05
32059.4320 11.4307 6.5572e+04
32066.1420 18.6530 4.3432e+05
32128.1720 10.7039 4.8154e+04
32149.6220 11.6355 2.7489e+04
32159.4220 16.9266 1.5367e+05
32169.4020 11.2547 4.3862e+04
32196.6320 10.4734 1.1613e+05
32199.1320 10.3375 1.2363e+05
32322.2220 11.9948 4.5570e+04
32336.6220 11.8488 6.7914e+04
32372.7720 14.3224 8.3146e+04
32659.2420 10.2000 8.2467e+04
32727.2520 11.6315 4.3137e+04
32958.6920 10.9630 2.8241e+04
32969.8020 11.9541 4.7496e+04
33164.3920 17.9372 1.4410e+05
33168.6320 11.6263 1.3662e+05
33201.2620 14.1952 2.7955e+05
33570.2220 10.0256 3.9305e+04
33898.8821 11.9244 1.3055e+05
34072.2621 14.4407 4.4661e+04
34099.9821 10.0625 6.4098e+04
34135.6221 13.0153 1.9654e+05
34393.9421 12.9477 9.4103e+04
34828.8521 15.3952 1.3833e+05
35137.3521 13.7009 1.8148e+05
35174.8121 15.6499 3.3270e+05
35218.7521 15.6891 1.9869e+05
35421.7722 10.8998 1.4231e+05
35562.2022 10.0018 1.3367e+05
35579.7822 14.3966 1.3389e+05
35624.5922 16.7187 2.2832e+05
35634.8422 13.7780 1.4642e+05
35682.1822 15.4524 8.7052e+04
35694.3722 11.9974 1.4200e+05
35702.8222 11.8411 1.4777e+05
35745.7122 11.5663 1.3778e+05
35781.1622 12.5828 1.2486e+05
35794.5422 12.9751 1.5947e+05
35810.0822 16.7722 2.8275e+05
35835.3822 15.5812 1.7111e+05
35891.0822 10.1539 1.1986e+05
35898.9222 10.1983 1.9211e+05
35913.6622 14.3205 2.6292e+05
35917.5322 13.6117 2.3021e+05
35938.9422 15.6883 1.7675e+05
35939.9922 11.1188 8.7510e+05
35943.7422 15.1002 8.7510e+05
36099.4822 12.7448 1.2567e+05
36124.2822 10.3154 2.4411e+05
36136.2322 13.5820 1.1381e+05
36161.5122 10.8697 2.2666e+05
36183.0722 11.1654 1.0457e+05
36194.1622 14.8786 1.4988e+05
36209.5522 11.2334 1.5112e+05
36275.1422 10.4141 2.6670e+05
36392.7222 11.3811 1.2948e+05
36404.2622 16.1315 1.5605e+05
36437.2222 14.7440 8.1937e+04
36456.3622 11.6708 1.6690e+05
36458.5622 10.4158 1.5457e+05
36482.2322 16.0454 4.2176e+05
36520.2122 10.7349 2.6128e+05
36723.5022 10.4012 2.3403e+05
36956.4623 14.0955 2.2948e+05
37401.9723 10.0761 1.1190e+05
37588.1823 10.9676 1.9999e+05
37588.6323 10.0475 1.4165e+05
37600.9023 12.6594 2.2034e+05
38107.4623 12.1787 8.3491e+04
38124.6823 13.3392 1.0676e+05
38282.4023 12.9311 1.9419e+05
38318.0323 10.7216 2.1689e+05
38319.7823 11.0227 1.9047e+05
38765.8024 14.7872 6.5775e+05
38897.9624 10.0215 6.9600e+04
40245.8725 10.1138 8.3088e+04
40797.4125 10.3412 1.8139e+05
42186.5026 10.8817 6.3769e+04
42225.0226 16.0014 1.3237e+05
42395.0826 10.1244 6.4042e+04
42827.5326 10.0839 5.6327e+04
42844.6726 12.0976 5.7901e+04
42965.2126 16.9308 8.7096e+04
43005.1526 13.0555 1.1956e+05
43122.0526 10.0768 9.6935e+04
43128.7126 12.2388 9.6935e+04
43149.8126 20.2406 1.6082e+05
43162.2326 10.0859 1.6568e+05
43306.4926 11.4857 8.7114e+04
43949.8727 10.2333 8.8418e+04
44026.3027 11.9280 1.8743e+05
45539.8928 14.5829 5.5742e+04
45714.2728 10.5007 7.3044e+04
45888.0728 11.1605 2.1195e+04
46092.5828 16.1950 7.4845e+04
46353.5428 15.2180 7.9054e+04
46356.7028 20.6597 6.9465e+04
46369.2328 12.0740 4.0961e+04
46382.4028 13.9257 2.4404e+04
46384.1228 12.4551 2.4051e+04
46802.3629 13.8921 1.3296e+05
47208.8629 12.7661 9.9081e+04
49803.0030 10.9852 2.3913e+04
50054.3231 13.1020 1.4917e+05
51832.7632 13.2802 3.4961e+04
51872.5732 10.7644 3.2825e+04
55747.0634 11.7328 4.6539e+04
55923.2434 13.3372 2.8805e+04
56018.5534 10.9633 3.0030e+04
56851.5135 11.7644 1.9171e+04
57602.2535 12.0735 3.3983e+04
57913.4635 10.6126 4.9949e+04
61499.8838 16.5348 5.7981e+05
61502.0138 10.2053 5.2231e+05
62906.5038 14.0915 4.5717e+04
63833.7139 13.1852 2.5562e+04
65607.1440 11.6082 2.5372e+04
65919.6740 10.1984 1.7320e+04
70539.8043 10.1071 1.8944e+04
70593.7543 10.3477 1.4803e+04
70707.0443 10.3875 2.8839e+04
70709.2943 12.1204 2.8839e+04
76944.3247 22.1128 1.1499e+06
78039.0548 12.5241 9.7237e+04
82850.0151 10.7550 1.8808e+04
82930.3151 11.9079 4.5039e+04
82946.7651 10.0461 1.7766e+04
83086.2451 10.4933 1.3094e+04
83249.8551 13.0614 1.8202e+04
83278.8651 14.9551 1.5213e+04
84408.1852 10.5405 5.0580e+04
84426.7952 10.6632 3.0496e+04
84780.8252 10.6974 2.0888e+04
84962.9752 20.3400 9.7038e+04
85239.7352 13.7829 6.4310e+04
85582.2452 10.1948 2.7762e+04
85760.7152 12.9564 2.3117e+04
