531.3100324285908 7.210368517941793 827507.479328306
532.3800324938985 6.894119884454647 539286.2033110043
7806.5804764758595 6.227495464054581 194886.03343829015
10605.54064731083 10.772483399745829 1556364.93420564
12090.970737974289 6.6668486950251635 93435.08534193931
12226.640746254929 6.788525989897106 141693.17990262492
12232.580746617477 8.110253389361949 203509.3003151315
14167.420864710746 8.073588085490774 219675.11474824988
15519.35094722601 6.905118286120217 305620.1875108074
15524.16094751959 7.426448359083898 539415.4109505677
15524.880947563535 6.209055967207502 406233.11044755613
15906.260970841124 8.442758982960578 323149.70627155266
16235.880990959533 6.682242027311711 127799.65483946874
16420.40100222174 8.557854935432937 205871.13948458852
16865.841029409243 8.082808072606163 253486.41402007753
16917.081032536684 6.708888002068058 599765.2131478844
16931.3910334101 8.848690346955808 1367904.7714987805
16932.34103346808 10.261981624325443 1078548.3478662702
18572.581133580392 7.8937291718974025 131460.00971295082
19391.38118355598 6.561757849368577 361431.47328220797
19431.091185979687 6.958857086187742 239400.1392857799
19458.791187670362 6.596929438098399 230521.4249649615
19525.92119176765 7.649707062863078 226203.04825327176
23148.881412895593 6.679086727793944 151788.44057140764
23561.011438050016 6.126211374288841 104568.03083115743
23569.851438589565 7.79792884265869 152535.1827976824
23669.24144465585 6.880381744652252 193503.2751117837
24074.011469361052 6.318257436578561 227731.76693251214
24136.24147315927 7.076184028434307 560661.4113802913
24362.65148697824 7.514346646210629 333760.5560750845
37764.74230497695 7.260858899389636 19397794.557952177
37765.502305023336 7.522290979714359 19397794.557952177
37766.20230506606 12.639210222215926 19397794.557952177
38046.28232216078 6.428151523651425 146998.64567321987
45626.31278480913 6.251224980237034 171335.40779068135
53368.41325734944 7.828730078574061 236696.61661883345
58052.10354321921 6.6541654204064775 244373.97354753077
67081.31409431848 6.638183592567297 113767.02097246099
76944.90469634428 9.451448536528098 1507154.1384189636
82284.72502226105 7.046861900410916 229124.77465407102
