37.7900 10.2707 5.1649e+04
70.5200 18.2628 1.0897e+05
131.6200 11.2223 5.6134e+04
137.8300 17.9497 1.3013e+05
147.6900 13.4646 6.4161e+04
157.1100 14.2568 1.3095e+05
205.6900 11.7137 6.5147e+04
212.6800 11.5854 9.0987e+04
230.6300 10.1214 5.3062e+04
242.2100 19.3914 1.6644e+06
246.8100 18.6351 1.6644e+06
307.4700 12.9990 1.6892e+05
348.0700 10.5665 3.3474e+05
440.1300 16.2375 2.3471e+05
465.1300 16.7075 1.8772e+05
466.3800 17.4730 1.8772e+05
481.3500 13.9515 5.2819e+05
515.3800 15.4087 7.6828e+04
531.8100 15.2137 4.8119e+04
536.2000 14.8621 9.4054e+04
550.5600 10.9837 4.4719e+04
576.0900 12.8646 1.5336e+05
579.4300 17.4887 9.1680e+04
617.0100 15.3307 9.9592e+04
623.9800 12.6321 6.0559e+04
632.1300 10.0361 2.4727e+04
658.3400 11.2250 1.5543e+05
743.5000 13.2453 1.1687e+05
749.1200 15.7283 3.5225e+05
810.4300 11.1185 5.5609e+04
827.0601 11.9967 5.3272e+04
830.7701 11.1579 7.9215e+04
835.7201 12.3486 7.9215e+04
845.8201 14.0618 1.5745e+05
890.3601 15.1416 3.6245e+05
895.3901 13.9609 4.0093e+05
897.0901 15.1338 3.2251e+05
923.1601 10.9064 6.7169e+04
1036.8001 10.5546 2.1738e+05
1048.5001 14.1420 1.3407e+05
1114.2301 10.0394 4.2065e+05
1144.7501 10.5886 7.4876e+05
1145.7901 11.8541 7.4876e+05
1148.7801 16.3282 7.9465e+05
1736.7101 10.3070 7.4252e+04
1858.7701 10.3534 1.1644e+05
2074.6401 10.6946 7.0011e+04
2097.2701 10.1602 1.7554e+05
2216.2101 12.1535 1.2227e+05
2218.0001 10.0995 1.2227e+05
2256.8101 13.1711 1.6935e+05
2258.6701 17.0884 1.3236e+05
2278.8501 10.2509 7.0186e+04
2286.1101 11.7259 2.6814e+05
2300.2101 12.8344 3.7380e+05
2319.6001 14.2022 1.6407e+05
2338.3401 15.9207 1.7582e+05
2350.5301 13.9179 1.2959e+05
2372.1801 17.4570 1.8947e+05
2380.8801 11.9093 1.0046e+05
2387.6801 10.8763 8.4668e+04
2393.1401 13.4538 1.5939e+05
2397.9801 14.3937 4.3654e+05
2405.4301 10.1156 2.5643e+05
2426.6101 15.6702 2.3994e+05
2435.7501 10.1303 3.7101e+05
2436.2901 11.0111 3.2027e+05
2611.7602 10.3180 1.5752e+05
2645.4902 10.4655 1.7678e+05
2649.8802 13.1955 2.8329e+05
2839.9902 10.1839 1.0807e+05
2849.3902 11.5282 1.7957e+05
2972.0102 11.0702 2.0806e+05
2972.6702 12.0655 2.0806e+05
3177.8902 13.0415 1.7088e+05
3231.2602 11.6152 1.1894e+05
3249.6102 10.9169 1.8228e+05
3290.8702 10.2561 1.6905e+05
3336.4302 14.0778 3.8792e+05
3615.0802 14.7598 4.9142e+05
4037.3302 11.6803 6.1057e+04
4083.2502 10.7018 5.0819e+04
4340.4003 14.0269 1.4368e+05
4446.9503 10.4431 1.8155e+05
4483.9503 17.1271 7.0879e+04
4562.0803 10.6638 1.0318e+05
4664.0803 10.6302 6.6987e+04
4754.6203 12.9937 1.0133e+05
4845.3803 13.3583 1.5684e+05
4851.2103 11.9644 1.2369e+05
5014.3103 10.4518 5.3268e+04
5036.7703 11.1661 1.9454e+05
5053.8503 10.1371 2.3910e+05
5106.8103 10.3507 8.1178e+04
5185.5303 12.7321 7.5881e+04
5186.4403 11.6447 6.3219e+04
5205.4903 15.3662 2.5323e+05
5242.1303 10.5150 2.4889e+05
5246.8003 11.6933 3.4857e+05
5538.4403 10.6288 9.9500e+04
5608.0303 11.2167 8.2324e+04
5642.6503 10.7541 9.8266e+04
5677.0603 14.4862 8.2949e+04
5705.6703 10.3118 3.6744e+04
5953.0104 15.2230 6.1403e+05
6008.4104 18.7331 8.1152e+05
6138.9304 12.8973 1.1248e+05
6139.4204 10.2719 1.1242e+05
6189.0304 17.3920 2.4566e+06
6204.8404 14.8645 5.2602e+05
6212.0604 14.9375 1.2668e+06
6213.4304 11.5731 1.0458e+06
6214.1404 11.6909 7.8270e+05
6232.6704 11.4128 9.7122e+05
6233.3504 14.1488 9.2179e+05
6241.3404 10.7855 5.4411e+05
6260.2904 10.6291 8.3736e+05
6269.0404 18.0021 5.1427e+06
6288.9004 13.3643 3.3937e+06
6341.4104 11.0286 1.8430e+05
6419.7604 19.2913 7.5703e+05
6466.7004 10.2219 2.0845e+05
6526.2504 10.5396 2.6496e+05
6532.0704 13.5801 5.1019e+05
6571.4604 11.0686 2.8634e+05
6602.8104 10.7277 1.6677e+05
6661.8004 20.7126 8.5193e+05
6671.3904 17.5808 7.1126e+05
6688.6704 18.7954 5.7181e+05
6697.2704 15.7955 3.7305e+05
6702.2904 15.9156 9.9953e+05
6707.5504 17.3833 7.9867e+05
6729.0904 11.8611 5.3064e+05
6731.7604 18.8463 1.2032e+06
6736.8304 10.9030 1.8621e+06
6756.2904 23.9403 2.8913e+05
6763.9904 10.5920 3.0985e+05
6804.8004 15.7593 3.2513e+05
6869.1304 14.1382 1.4660e+05
6917.3604 10.0350 6.2221e+04
6933.5204 10.2533 7.8793e+04
6934.2204 10.1459 6.0307e+04
6983.6004 19.4369 5.0758e+05
7011.2404 14.7086 1.7124e+05
7048.1704 11.7029 7.7305e+04
7380.2605 10.4145 2.3145e+05
7475.1205 10.3373 1.5302e+05
7495.1005 12.8255 1.5355e+05
7538.3405 10.8318 2.0966e+05
7684.5905 10.6231 3.5517e+04
7697.9305 15.6098 2.6163e+05
7758.4005 11.6725 6.9039e+04
7815.5905 11.2969 9.0271e+04
7824.1205 16.9555 1.2663e+05
7894.5505 11.1001 5.1283e+04
8063.0505 11.5096 1.0167e+05
8111.5705 10.8905 1.1164e+05
8197.6705 12.2599 1.6601e+05
8331.6305 10.9466 5.4650e+04
8365.7505 14.5052 1.9581e+05
8375.4805 10.8221 8.4931e+04
8380.0505 11.1444 1.2533e+05
8595.6205 14.4663 6.5474e+04
8611.7205 10.2550 7.7254e+04
8764.1105 10.2194 8.6668e+04
8765.2305 10.6526 7.6316e+04
8823.3705 13.3957 4.1328e+04
8845.9005 10.0219 1.2500e+05
8846.5805 13.5891 1.0429e+05
8907.4705 12.6833 1.0888e+05
8920.7605 15.6705 5.7831e+05
8921.3005 19.6869 5.7831e+05
8951.2805 13.7133 1.8958e+05
9014.7006 11.0574 1.0810e+05
9047.7406 10.3141 8.2905e+04
9207.6106 11.9820 1.3989e+05
9217.8606 11.0429 1.7864e+05
9228.3706 10.8404 1.3203e+05
9270.8706 11.4066 1.3929e+05
9272.0906 11.2186 1.0231e+05
9322.7106 11.7545 1.3570e+05
9333.4606 13.4200 2.2283e+05
9484.4806 11.7598 1.9602e+05
9535.0906 11.8087 1.0757e+05
9540.8306 10.7879 2.5466e+05
9617.4406 14.9600 1.2184e+05
9727.6506 14.0263 1.6584e+05
9827.0206 11.9894 2.1424e+05
9902.6106 13.4906 8.8511e+04
9907.7306 10.8976 2.1008e+05
9940.2006 12.1435 4.6820e+05
10022.1906 13.9041 2.2902e+05
10046.4306 15.7038 2.4486e+05
10268.7606 13.1983 1.1396e+05
10375.3906 15.4344 3.9375e+05
10396.2906 17.4872 1.9031e+05
10415.6606 10.5037 4.6374e+05
10432.2506 12.0312 7.3186e+04
10437.5506 12.9728 1.8593e+05
10439.1106 12.0293 1.8384e+05
10439.9906 10.8337 1.2542e+05
10455.5706 11.5465 1.3391e+05
10470.1406 12.4526 1.0662e+05
10486.1706 15.1076 2.5582e+05
10540.2906 13.1018 1.6345e+05
10565.2006 13.0582 2.1466e+05
10583.9506 15.7404 7.7326e+05
10641.4206 18.1443 3.6143e+05
10642.0106 12.5257 3.6143e+05
10761.8207 12.2975 8.0272e+05
10764.4507 13.5587 8.0272e+05
10787.4907 14.2834 1.1527e+05
10816.4307 11.0603 7.1492e+05
10893.0907 10.0996 2.7816e+05
10893.6707 14.2290 2.7816e+05
10970.5007 12.6018 1.8146e+05
10996.8907 10.9276 1.0829e+05
11204.7007 10.0681 3.3117e+05
11537.2807 11.9026 5.9373e+05
11539.2807 23.8132 5.9373e+05
11669.2007 14.9329 2.4605e+05
11695.3507 14.5467 8.1360e+04
11973.9707 13.1960 6.4094e+04
12120.5907 12.7472 1.2019e+05
12122.7807 10.1596 1.0575e+05
12205.1307 12.0768 4.2752e+04
12234.1507 11.2925 5.5699e+04
12266.5507 13.2242 8.3187e+04
12297.7108 11.9173 4.6867e+04
12307.5208 10.9522 9.2947e+04
12348.1108 10.5342 9.3667e+04
12353.4708 13.1682 1.6469e+05
12391.3008 13.3976 2.1339e+05
12462.9408 13.9478 1.8498e+05
12464.1208 10.5876 1.8498e+05
12489.7008 16.3295 2.7370e+05
12518.1408 10.5414 2.7760e+06
12607.4108 12.9386 7.4642e+04
12614.9308 10.2468 1.6808e+05
12629.5008 17.1512 1.7197e+05
12682.4908 10.4528 6.5010e+04
12700.3108 17.9955 1.5438e+05
12751.8408 11.9547 1.0405e+05
12776.6708 11.9771 1.3205e+05
12817.2908 17.0404 1.6572e+05
12830.7808 13.0450 8.6061e+04
12869.3508 20.6724 6.9368e+05
12905.7208 16.5264 1.9404e+05
12919.9408 11.9882 1.0595e+05
12923.8708 10.3146 1.0776e+05
12936.4308 10.5420 5.4924e+04
12982.0308 17.0885 1.2863e+05
13014.7408 11.0291 4.6723e+04
13064.5808 10.5212 6.1162e+04
13174.9608 11.3451 3.9940e+05
13201.0508 10.6917 8.9912e+04
13378.7208 12.2130 8.4429e+04
13455.4208 11.8489 1.4077e+05
13488.1908 10.5820 8.0605e+04
13516.9408 13.1375 1.4917e+05
13574.4608 12.0199 2.7914e+05
13575.5108 10.4568 4.8510e+05
13578.8508 13.6414 4.6368e+05
13754.7108 21.8091 3.1826e+05
13834.3208 11.7076 9.5792e+04
13853.0508 24.0972 6.9630e+05
13990.1009 12.0154 1.0012e+05
14115.9509 11.2373 5.4383e+04
14171.7609 10.5965 2.6539e+04
14191.7209 10.0319 8.7208e+04
14253.7209 12.8531 3.4060e+05
14258.4009 15.1549 6.5577e+05
14261.3709 16.3951 5.2993e+05
14284.7409 12.2908 7.7518e+04
14330.9209 13.8078 1.6193e+05
14446.7809 17.7783 1.7605e+05
14509.2109 15.4860 7.3844e+04
14572.4909 10.6618 5.5006e+04
14637.0009 18.9843 2.6754e+05
14690.9009 12.9280 6.0098e+04
14726.3609 11.1459 6.6721e+04
14790.1609 13.3738 1.9009e+05
14840.7909 17.6903 1.8514e+05
14999.2309 14.5223 7.7615e+04
15013.5009 10.3482 9.7079e+04
15070.4809 14.2927 6.3297e+04
15116.2409 11.1559 3.9010e+04
15135.1309 10.5591 6.8918e+04
15279.4409 12.6412 5.6118e+04
15331.8509 10.5894 4.4884e+04
15560.4409 12.2210 3.6408e+04
15601.9510 10.8010 8.8136e+04
15863.7010 10.5161 1.3087e+05
15882.9610 10.8191 1.4807e+05
15885.8910 15.5407 1.4807e+05
15897.0410 10.8111 2.4451e+05
15921.4910 10.0835 6.8395e+04
15967.7210 10.5963 1.4084e+05
16153.4310 10.6160 1.8291e+05
16223.5210 10.6555 2.1000e+05
16260.2410 11.9438 2.6108e+05
16340.3710 11.3421 6.5331e+05
16350.7010 24.1218 6.7036e+05
16409.4510 10.1432 2.8105e+05
16610.3710 12.6234 3.8803e+05
16628.4110 11.4582 1.2652e+06
16845.0910 10.3886 1.4206e+06
17086.4810 12.0093 1.3158e+05
17090.2610 13.2388 1.3158e+05
17279.2011 15.1935 9.3400e+04
17312.8311 17.0020 6.0714e+04
17338.6911 11.3283 1.1157e+05
17384.6911 10.3741 3.8979e+04
17414.6211 12.8041 3.6459e+04
17437.1811 11.7921 6.6053e+04
17478.7011 11.8011 1.1648e+05
17510.3011 11.4789 3.2093e+04
17575.7811 12.5278 2.0384e+05
17580.3711 13.6712 2.0384e+05
17626.5911 11.4981 7.0164e+04
17629.4911 13.3495 6.0363e+04
17648.8811 12.1215 3.5686e+04
17674.7711 18.8211 1.0255e+05
17709.5811 11.7936 8.4039e+04
17755.9011 10.5380 9.3454e+04
17765.9111 24.1827 5.7429e+05
17850.9211 21.7909 4.8235e+05
17943.3711 13.0060 1.7089e+05
18430.6311 12.4204 4.2095e+04
18682.5211 11.2034 7.6207e+05
18894.5312 10.6845 5.5279e+04
18942.6612 10.7823 1.5568e+05
18961.9112 10.7631 2.1038e+05
18985.7812 14.8197 2.5787e+05
18998.0212 11.4290 1.3534e+05
19048.9712 11.3341 1.5683e+05
19083.1212 12.9479 2.5366e+05
19150.4012 10.0856 1.4974e+05
19156.2912 10.0008 3.5943e+05
19575.1512 12.1225 7.1631e+04
19640.9812 13.5738 4.7979e+04
19644.9912 12.1666 4.7113e+04
19682.6112 10.2282 5.0705e+04
19696.5612 12.2453 4.2114e+04
19781.9612 10.1947 1.1593e+05
19795.1212 13.4781 3.2360e+05
19860.9712 19.7656 2.2117e+05
19942.4112 10.1281 4.3384e+04
19980.3812 10.5443 5.9997e+04
19982.7812 12.7211 5.7092e+04
19994.2512 12.9791 5.1645e+04
20025.4812 12.8783 4.2370e+04
20034.7212 10.8483 2.8770e+04
20045.1612 11.0625 4.8284e+04
20053.9412 15.2122 2.7479e+05
20059.2912 16.8700 2.7479e+05
20067.2612 17.4258 2.6909e+05
20135.7612 14.2884 9.2004e+04
20196.6912 12.9919 5.5125e+04
20276.4312 11.1052 4.5209e+04
20409.8212 19.2801 1.6451e+05
20549.0813 11.6148 1.1185e+05
20589.6713 12.0539 3.7932e+04
20609.6113 10.2222 5.6962e+04
20682.9713 18.6378 3.0409e+05
20918.4113 11.1727 3.9111e+04
20921.0713 10.1288 4.6529e+04
20971.7413 11.7826 1.0731e+05
20974.4213 10.3539 6.7995e+04
20993.1713 11.0406 6.8233e+04
21026.0313 18.3045 2.6438e+05
21049.5113 12.0918 1.8773e+05
21095.6613 18.9144 6.7990e+05
21227.5813 18.5270 2.2114e+05
21261.0913 15.7299 7.9526e+05
21262.5513 20.8371 7.9526e+05
21287.1113 12.1446 5.9534e+04
21288.2613 11.7600 6.5717e+04
21331.5113 18.9212 3.0038e+05
21404.3913 10.9661 5.4281e+04
21508.3413 10.2609 1.0044e+05
21581.7313 13.3562 1.1723e+05
21660.8513 15.4633 1.0779e+05
21767.4713 13.6477 5.0982e+05
21895.2513 11.2616 1.9066e+05
21905.5213 12.7769 6.9041e+04
21926.0613 10.6003 9.9620e+04
21967.0313 15.5863 1.2268e+05
21985.6513 11.4980 5.7021e+04
22113.3813 17.3176 2.4001e+05
22186.7114 13.5138 6.0923e+04
22193.2614 18.2012 1.1105e+05
22359.6014 10.2284 3.3778e+04
22368.1514 10.3192 1.0602e+05
22425.1514 15.2964 1.7082e+05
22536.7914 13.5288 9.7359e+04
22574.1114 19.4209 3.5291e+05
22593.7214 10.1409 7.5575e+04
22681.4414 13.2378 7.1674e+04
22998.8914 11.1570 3.7562e+04
23097.0014 13.7900 4.8735e+04
23155.4714 14.3930 5.9838e+04
23251.6714 11.4236 4.5105e+04
23281.2814 10.8839 3.6785e+04
23291.1414 17.7104 9.1966e+04
23303.2914 11.0648 6.2170e+04
23365.1114 15.6917 5.0465e+04
23427.0514 12.9834 9.2532e+04
23428.9214 12.5585 9.2532e+04
23453.1914 10.8196 4.4532e+04
23499.7914 13.9822 5.7038e+04
23550.3014 12.1105 5.3034e+04
23578.4614 10.8834 3.1928e+04
23587.1014 12.9142 3.7156e+04
23602.6514 14.7551 6.5133e+04
23654.3614 24.9297 5.1933e+05
23675.1114 10.4896 2.4112e+04
23699.6314 12.3002 4.8835e+04
23710.3414 14.7151 3.1326e+04
23721.4314 20.3430 6.5431e+04
23738.6214 10.1997 3.7993e+04
23776.0615 10.1951 4.0833e+04
23929.1215 11.4983 3.2366e+04
23934.1715 11.4730 3.2838e+04
23972.1115 16.3832 3.9569e+05
24021.5015 10.3706 4.6844e+04
24035.1015 15.0350 7.2265e+04
24142.2315 17.1516 4.1667e+04
24148.9015 17.4127 8.4954e+04
24181.0015 10.1474 4.2059e+04
24248.5815 13.4843 4.8766e+04
24303.7015 18.6148 1.2172e+05
24474.4215 14.4698 6.2138e+04
24477.4515 10.3776 5.2319e+04
24606.3915 13.2425 6.9296e+04
24628.8215 15.7041 1.3518e+05
24641.8515 10.3955 8.6892e+04
24654.7115 13.8939 6.8992e+04
24669.4715 13.9285 8.8163e+04
24677.6615 10.9341 8.5213e+04
24681.9415 11.3879 1.1197e+05
24726.6315 10.7706 5.4607e+04
24770.4915 10.0136 2.7004e+05
24811.8015 10.8643 8.9040e+04
24852.8515 11.6094 4.1028e+04
24910.8215 18.6765 7.3297e+04
24919.7615 15.8278 5.5399e+04
24936.5415 13.8297 4.8240e+04
24959.5115 11.3217 4.5736e+04
24969.0415 13.8758 8.1639e+04
25000.7315 10.5460 6.1603e+04
25002.3015 13.6785 5.2111e+04
25032.8915 14.0083 7.3403e+04
25060.1115 15.4328 5.3495e+04
25065.8015 10.8566 6.1690e+04
25087.8215 12.2659 4.3807e+04
25091.9315 10.6254 3.3415e+04
25318.2615 10.1194 1.7623e+05
25342.9515 23.3309 6.5843e+05
25649.3816 10.8156 7.7169e+04
25669.8016 12.5088 1.2323e+05
25801.0116 11.0946 1.2194e+05
25834.7116 12.6786 6.3688e+04
25842.6716 13.7819 1.5017e+05
25864.6616 10.2207 1.1325e+06
25866.6416 10.3405 1.0803e+06
26239.4916 10.2615 1.1841e+05
26331.5216 11.1689 5.7163e+04
26407.5316 10.9928 4.7497e+04
26483.3016 10.7521 3.2394e+04
26491.6016 10.7416 5.4476e+04
26493.7816 10.1992 5.1137e+04
26560.1916 13.5690 1.6089e+05
26678.5316 11.0932 3.1010e+04
26700.4116 13.5943 6.2194e+04
26794.3116 15.5015 1.2114e+05
26816.0316 11.1656 1.5546e+05
26869.3216 10.7886 8.6181e+04
26874.4116 12.5339 1.2874e+05
26916.5816 11.6860 1.4617e+05
26931.1616 10.7961 1.2628e+05
26947.2316 12.5455 4.8991e+04
27125.1217 11.1034 2.8659e+04
27142.5917 12.7169 6.6466e+04
27343.9817 14.1149 1.4290e+05
27362.0817 14.8157 1.2374e+05
27364.5317 10.6308 1.0878e+05
27407.1617 12.7892 1.3003e+06
27472.4017 10.9210 3.2081e+05
27473.5417 11.9151 3.1218e+05
27640.1217 13.7889 1.1893e+05
27641.3517 15.9533 1.1186e+05
27676.4017 19.7259 1.6815e+05
27765.0617 10.2386 5.9896e+04
27795.1817 10.0417 8.4436e+04
28047.5117 13.5082 8.5300e+04
28114.2417 10.5436 7.5709e+04
28259.1417 12.8424 3.7619e+04
28274.9117 11.3438 1.1438e+05
28285.6417 11.1288 1.1986e+05
28356.5917 11.2919 6.0660e+04
28363.1717 10.4708 8.8301e+04
28560.7717 10.0187 5.1650e+04
28587.4217 16.9817 3.6475e+05
28600.7717 12.4967 3.7776e+05
28626.1817 10.5388 5.6902e+05
28660.4217 14.9966 3.1012e+05
28735.6418 13.4095 1.2619e+05
28778.6318 13.2345 9.9281e+04
28824.2918 15.1397 2.5418e+05
28840.7118 11.5490 3.5426e+05
28845.9918 16.5234 4.5331e+05
28891.3718 11.0230 1.1233e+05
28923.7518 13.5789 3.0338e+05
28964.7318 12.9658 3.4799e+05
28965.4118 11.9073 3.0014e+05
29102.3718 11.2686 2.4838e+05
29120.9518 10.7926 1.0511e+05
29136.5518 11.8042 6.9717e+04
29223.3718 12.6806 6.8980e+05
29274.9018 11.2612 1.5966e+05
29302.8318 11.9157 5.3250e+04
29308.4618 20.5703 5.0650e+05
29402.0518 11.0189 1.0801e+05
29473.9218 10.6988 2.7175e+05
29512.0518 18.4147 1.0230e+06
29528.2018 13.7830 8.9251e+05
29565.5818 13.5190 2.7799e+06
29602.7518 10.1518 3.0387e+05
29607.9318 10.9062 1.3182e+06
29613.9218 10.7067 2.1147e+06
29662.1918 11.1339 1.2347e+05
29784.3118 16.0762 3.5319e+05
29843.5318 18.0966 4.9233e+05
29893.1718 13.0022 7.3865e+04
29899.9318 10.0735 8.2600e+04
29943.6518 12.8071 1.3097e+06
29954.4218 10.0161 1.8768e+06
29993.0618 10.8313 1.7591e+05
30004.2118 10.6214 1.9064e+05
30044.1018 11.3388 4.4363e+05
30044.9118 12.0180 4.4363e+05
30047.9418 10.5977 6.9343e+05
30143.9818 14.5699 1.0637e+05
30155.5318 13.4862 2.9957e+05
30158.3018 11.0753 2.7513e+05
30168.6818 13.7502 5.3646e+04
30190.0918 11.9357 9.9923e+04
30197.1018 10.1662 9.0453e+04
30247.1318 14.6876 2.7674e+05
30248.0418 11.7218 2.7674e+05
30251.5118 20.8121 2.6091e+05
30291.5518 14.3310 2.4243e+05
30344.7819 18.0504 6.3336e+05
30450.3319 10.9107 8.8369e+04
30474.2819 12.4991 1.5073e+05
30478.3719 10.9788 1.4388e+05
30491.8219 10.6173 6.9718e+05
30492.4519 10.7247 1.0337e+06
30496.0619 14.3214 1.0337e+06
30528.1219 15.4530 2.2653e+05
30640.3919 10.7582 2.8787e+05
30796.4719 15.7056 1.8929e+05
30831.0119 11.4939 1.7183e+05
30836.9319 10.9755 2.1043e+05
30841.4219 13.3709 9.3033e+05
30845.6419 10.7902 6.1132e+05
30859.3819 12.4173 6.7854e+05
30860.3319 13.5228 6.4902e+05
30909.6219 17.0627 9.4138e+04
30933.8019 10.7994 8.5863e+04
30950.8819 11.9740 2.4121e+05
30955.8219 13.6915 9.5537e+05
30987.8719 15.4068 1.5598e+06
31067.2019 15.6478 1.5818e+05
31081.2619 10.6370 1.5513e+05
31116.5819 14.6313 1.2454e+05
31143.8419 15.1767 6.0558e+05
31145.0519 10.8677 6.9317e+05
31153.0019 12.9631 1.0267e+06
31169.8219 12.0942 3.1970e+06
31171.3119 10.2653 2.6947e+06
31206.8719 10.6593 1.8389e+05
31238.0219 10.4921 4.2521e+04
31255.1619 18.2737 1.4081e+05
31255.8219 11.1669 1.3160e+05
31265.4619 12.9850 2.0018e+05
31283.0319 14.9792 4.5105e+05
31291.6519 10.8151 3.5623e+05
31292.3019 12.8037 3.5561e+05
31332.9919 12.6114 3.9190e+05
31356.6219 18.2534 7.5653e+04
31371.4219 17.6285 2.3734e+05
31373.6119 12.0607 2.3734e+05
31412.3919 11.3592 1.4421e+05
31435.5219 12.2955 8.7640e+04
31440.6919 10.4871 1.1288e+05
31447.9619 12.3919 2.8631e+05
31449.1919 12.4743 3.9454e+05
31454.0219 10.2823 4.7918e+05
31467.3919 15.5511 3.1135e+05
31468.1219 13.9245 3.1135e+05
31494.2019 15.8907 1.0782e+05
31502.2719 13.2729 1.3801e+05
31554.2919 11.9049 9.5301e+04
31556.8819 14.2003 9.4793e+04
31562.2419 17.6393 2.5792e+05
31587.1419 13.9868 1.5633e+05
31593.9119 11.8088 1.4348e+05
31602.3319 10.4721 1.3642e+05
31610.6619 16.1731 9.4230e+04
31620.3419 18.9051 2.4226e+05
31647.1919 15.7366 2.2498e+05
31668.1919 21.4274 1.9623e+05
31677.4619 10.6758 2.8135e+05
31678.2419 10.9300 2.8813e+05
31710.2519 11.8869 1.5637e+05
31736.0919 10.5361 6.2718e+04
31752.8319 10.0504 1.7346e+05
31782.3719 16.1242 3.0055e+05
31783.4019 12.0216 2.8797e+05
31790.8919 14.4700 6.5488e+05
31792.9919 10.3531 7.4217e+05
31800.9119 10.5215 6.6435e+05
31862.5519 11.9653 1.6550e+06
31946.4419 13.8789 5.7548e+05
32002.0220 15.1570 1.4612e+05
32028.5820 13.9129 2.1249e+05
32034.9320 13.7881 5.9840e+05
32048.6320 16.9562 1.7358e+05
32109.6820 17.1085 1.0123e+05
32130.5020 12.1481 1.6417e+05
32156.4720 10.8963 1.2781e+05
32192.7220 10.3772 1.3561e+05
32198.1320 14.4954 1.3381e+05
32204.4220 10.2789 4.4400e+05
32230.8820 15.1778 2.0084e+05
32288.8020 12.1530 1.2867e+05
32315.8920 14.0130 9.5194e+04
32318.5520 10.1577 9.5194e+04
32362.1220 18.3481 4.1981e+05
32377.1020 12.1003 1.9660e+05
32405.1420 20.1441 2.3091e+05
32406.6120 11.7794 2.3091e+05
32411.5220 10.9115 2.9713e+05
32448.4920 10.5073 1.3855e+05
32449.5120 12.7617 1.5102e+05
32475.1020 18.0208 1.2443e+05
32519.7920 14.2998 7.8936e+04
32541.3620 20.6930 7.1218e+05
32596.3620 10.6821 1.1938e+05
32615.3320 11.6841 1.1442e+05
32629.4820 10.1052 6.8411e+04
32678.9020 11.7593 8.2235e+04
32684.9120 12.6414 1.1853e+05
32736.6220 11.6269 1.1553e+05
32790.2220 10.5843 2.9389e+05
32847.0220 17.4580 1.2378e+05
32848.1620 12.2108 1.0587e+05
32879.8320 17.9705 7.2564e+04
32890.8420 10.4069 1.1251e+05
32910.4620 17.2209 1.8129e+05
32937.7520 14.3779 1.2888e+05
33030.9120 14.7375 1.3642e+05
33045.6620 14.7230 1.1578e+05
33107.2420 16.3171 1.7771e+05
33149.3320 14.9828 2.0818e+05
33167.6020 14.5755 1.2383e+05
33182.2920 12.1752 6.5485e+04
33199.0520 11.4292 2.3394e+05
33220.8920 10.9819 1.5559e+05
33224.9920 10.8935 1.0829e+05
33248.3720 14.6232 7.5184e+04
33255.3620 13.1076 1.4889e+05
33260.4820 14.5774 1.1977e+05
33395.4420 17.4180 2.4220e+05
33402.1520 11.1586 4.2430e+05
33427.9320 10.1332 1.5340e+05
33436.1020 17.7203 2.1184e+05
33465.0420 10.1237 5.0282e+05
33469.0320 13.7935 4.0521e+05
33486.0020 11.7739 3.2464e+05
33644.6821 13.4648 2.5111e+05
33715.1321 14.5932 3.1826e+05
33763.9021 11.4636 1.9957e+05
33916.7921 10.1007 8.1530e+05
33918.9321 12.9019 1.8376e+06
33920.2321 12.0595 1.8376e+06
33920.8621 12.6712 1.8376e+06
34092.0021 10.5624 3.9327e+04
34275.4321 12.5801 1.0017e+05
34305.6121 12.3641 6.3735e+04
34319.0421 10.3820 7.7641e+04
34946.2921 14.4650 3.2493e+05
35153.6921 10.7038 3.5155e+04
35171.5621 13.2591 4.5062e+04
35177.6621 18.4199 7.4012e+04
35195.3621 19.8091 7.1256e+04
35217.6921 12.0023 5.4077e+04
35249.1322 10.6047 5.1964e+04
35335.5022 15.5800 6.5368e+04
35367.5922 17.0454 1.5642e+05
35394.9522 10.7896 9.1756e+04
35471.4322 10.6845 7.0602e+04
35471.9222 11.1107 6.5603e+04
35493.9222 11.6480 9.4080e+04
35494.6722 11.3741 7.6382e+04
35735.5422 11.2769 9.7773e+04
35737.3022 11.7588 7.3339e+04
35882.4822 16.3174 4.5758e+04
35891.8022 13.4625 3.2292e+04
36013.2122 11.5631 3.4464e+04
36039.3322 11.9884 2.8529e+04
36046.7722 10.9481 3.0281e+04
36065.5222 22.1318 2.2999e+05
36085.3422 16.0159 6.3875e+04
36127.4922 12.7009 4.2277e+04
36197.3822 14.5132 4.5938e+04
36218.3822 11.7938 4.9333e+04
36285.0322 10.3321 4.3378e+04
36412.3722 10.1292 2.8111e+04
36473.4622 10.3682 3.9300e+04
36481.1122 10.6340 4.9228e+04
36524.0622 10.9133 4.7956e+04
36563.1222 10.0313 4.6079e+04
36660.6922 13.4334 6.8117e+04
36727.1922 16.2726 1.8920e+04
36779.3322 10.4156 5.3761e+04
36811.4122 14.8471 3.5988e+04
36829.0622 10.0327 3.9502e+04
36832.6322 15.3519 4.7732e+04
36848.5822 11.9269 6.3077e+04
36879.3423 12.8654 3.7656e+04
36887.0023 11.3750 7.3086e+04
36899.9323 15.7262 1.0019e+05
36960.5923 13.7907 4.3737e+04
36967.2923 15.8360 5.7194e+04
36978.1923 14.9103 5.6824e+04
37007.0323 16.3646 8.4842e+04
37008.8223 13.4387 8.3018e+04
37024.8423 17.8012 6.2911e+04
37047.5223 12.8830 3.8299e+04
37130.1123 13.7413 1.6104e+05
37155.7423 15.3431 9.0541e+04
37206.0923 10.2592 1.2453e+05
37207.0423 13.7378 1.0185e+05
37313.0523 10.2188 6.8283e+04
37316.9923 14.0353 6.0321e+04
37328.4423 11.1128 8.4491e+04
37361.4123 10.4328 1.4948e+05
37379.8923 12.7925 8.9814e+04
37381.7123 10.5800 6.3715e+04
37396.8323 13.0090 4.9450e+04
37575.8323 10.0547 1.5556e+05
37585.0123 11.6531 2.0968e+05
37606.5023 16.1873 2.2384e+05
37615.5623 10.0345 2.4487e+05
37635.1323 10.5643 3.7682e+05
37636.2123 14.8071 3.5777e+05
37774.2323 14.5037 1.0333e+05
37830.4223 10.4162 1.8569e+05
37886.9823 10.4535 2.1334e+05
37920.8023 12.8364 1.9250e+05
37943.0723 10.1527 3.9748e+05
37995.9523 11.1574 2.0120e+05
38030.1223 13.9421 1.4970e+05
38117.4023 11.1191 4.1044e+05
38135.7923 12.6685 2.0525e+05
38185.6623 10.1999 8.0026e+04
38407.7223 14.3013 9.0163e+04
38525.4824 13.2550 6.3051e+04
38546.5224 11.8548 3.1645e+04
38567.2624 14.1392 7.1355e+04
38578.2224 12.3215 7.7732e+04
38587.5024 15.0849 1.7554e+05
38602.3324 14.7667 5.2731e+04
38623.3924 10.3034 6.6692e+04
38655.5024 11.6560 4.6483e+04
38734.1124 20.3811 3.9988e+05
38778.3024 11.5996 3.3484e+04
38784.5624 10.9226 1.2114e+05
38810.9824 14.9351 1.1213e+05
38833.1124 10.6116 4.2024e+04
38833.9424 10.7371 3.4263e+04
38841.3124 13.6725 8.1662e+04
38872.0324 10.6749 4.9944e+04
38883.9224 12.8180 1.5281e+05
38978.4024 11.7833 8.2961e+04
38979.0524 13.1871 7.5654e+04
38989.3924 10.7143 9.7342e+04
38995.1824 12.4799 1.5925e+05
39009.8924 10.4059 1.2167e+05
39051.3524 14.3182 3.7677e+05
39181.3524 20.2044 2.2083e+05
39227.3924 10.1010 1.0535e+05
39272.8724 12.3332 6.8492e+04
39303.8424 18.1872 1.4640e+05
39394.8124 10.1228 2.5642e+05
39430.4624 14.4010 2.0393e+05
39478.8024 10.3376 2.1454e+05
39493.6324 14.5611 6.0285e+05
39503.7324 21.2126 1.8705e+06
39578.9124 10.9337 4.7669e+05
39603.0524 12.8362 3.5187e+05
39663.2124 13.3801 6.7373e+04
39689.7724 19.2935 5.3742e+05
39704.4024 13.0523 2.6395e+05
39808.5824 10.1984 5.9935e+04
39889.4724 10.2639 6.6744e+04
39900.8024 15.9237 1.1732e+05
39901.6724 11.0653 1.0823e+05
39919.6124 10.0002 4.9248e+04
39934.5124 15.3752 1.0160e+05
39947.3324 19.0849 1.6172e+05
39958.2724 12.7315 1.3190e+05
39969.6424 11.1154 1.2100e+05
39985.0224 17.6870 1.1239e+05
40072.3324 13.8238 3.5836e+05
40076.5424 10.5386 5.5186e+05
40271.9225 12.2181 7.2595e+04
40548.8025 10.3418 3.3366e+04
40602.8725 10.8550 5.2403e+04
40640.1625 11.5122 4.5489e+04
40660.3025 11.3805 7.0018e+04
40693.3525 13.5659 6.6743e+04
40720.8425 13.6893 4.2287e+04
40898.4925 12.8960 4.8352e+04
40918.5825 10.3996 3.1776e+04
40940.8225 15.3163 4.2561e+04
40959.3025 11.3362 2.0962e+04
41105.2725 15.7054 1.5577e+05
41192.2225 15.2007 1.1751e+05
41196.9125 11.1069 1.4133e+05
41310.2025 11.6032 3.7683e+04
41331.6525 11.8099 1.2381e+05
41361.7125 10.7205 1.2234e+05
41383.4925 13.6933 9.7969e+04
41437.4625 18.3651 1.9144e+05
41502.5425 11.9313 7.4525e+04
41719.1125 15.1502 6.4328e+04
41751.2025 11.6777 1.8352e+05
42565.1926 10.3182 3.5017e+04
42577.5826 11.9334 6.5266e+04
42578.9026 14.5700 6.4651e+04
42640.6726 11.6341 1.0361e+05
42643.2226 18.0342 1.0295e+05
42688.3426 13.3865 7.3565e+04
42741.2826 12.5526 6.8170e+04
42841.4826 24.7729 8.2043e+05
42887.7526 10.1061 5.5201e+04
42907.1926 15.4759 2.1157e+05
43026.8726 20.2884 3.4455e+05
43050.5726 15.6616 7.5444e+04
43154.7626 12.3427 1.0027e+05
43249.7226 10.0096 7.1433e+04
43330.8926 11.4609 1.7279e+05
43486.9027 14.7107 6.4564e+04
43506.9727 14.9378 7.0468e+04
43696.8027 11.3533 5.1446e+04
43732.3527 10.7347 7.4579e+04
44134.4327 10.4658 3.5670e+04
44151.3227 17.8414 1.6136e+05
44268.6427 14.5137 4.8146e+04
44377.5627 11.0751 2.0351e+05
44434.1327 12.5594 7.5504e+04
44443.6127 11.3371 6.9415e+04
45244.7828 13.2444 5.2686e+04
45248.5628 10.0336 1.5255e+05
45250.5028 16.4914 1.5255e+05
45271.5328 11.2519 5.1656e+04
45330.8328 11.0204 5.7571e+04
45405.4628 11.1584 4.0923e+04
45543.5728 10.7047 3.2773e+04
45545.0428 11.4523 3.6857e+04
45549.2728 12.3289 3.9360e+04
45571.8728 11.7787 8.0888e+04
45749.9328 10.3123 1.1971e+05
45885.5128 11.0338 9.7609e+04
45891.1728 18.6510 3.1384e+05
46249.9828 13.3824 2.0188e+05
46728.8229 10.8150 4.2482e+04
46958.3029 14.5166 4.8446e+04
46970.0929 10.3736 4.4916e+04
46992.8829 16.4229 1.0766e+05
47075.3829 10.1443 3.0493e+05
47076.6829 17.3272 3.0493e+05
47095.1929 11.8039 7.8566e+04
47161.8829 10.2853 5.9384e+04
47185.1629 13.5413 7.1348e+04
47191.6629 17.5854 1.1487e+05
47250.1229 10.1831 1.9721e+05
47286.5329 12.6670 7.7548e+04
47393.9829 10.2156 1.0388e+05
47417.9829 10.1098 1.1681e+05
47745.8929 18.3638 8.6572e+05
48000.9229 10.3936 1.5202e+05
48002.5829 11.8243 1.5202e+05
48004.5229 12.5684 1.3349e+05
48015.6429 13.2995 8.0515e+04
48032.2529 10.1905 4.5738e+04
48044.9429 12.4463 7.7781e+04
48045.7629 15.4610 7.3311e+04
48061.1629 10.2651 6.8899e+04
48095.5029 10.3341 2.6298e+05
48192.1829 12.1432 1.2551e+05
48204.4129 11.6294 1.5370e+05
48252.2729 14.4820 1.2121e+05
48258.5129 11.6442 1.7403e+05
48280.6729 24.1285 6.2692e+05
48303.1929 14.2324 2.6593e+05
48481.9730 13.3514 4.5498e+04
48518.5230 10.5947 5.0780e+04
48527.9030 24.5951 5.4674e+05
48571.6630 11.5772 1.3517e+05
48726.5530 10.4331 7.7138e+04
48770.1030 12.7350 1.4520e+05
48831.2230 12.4157 1.4914e+05
48861.9430 11.1587 6.7520e+04
48897.0830 10.1713 5.3445e+04
48926.5330 10.5244 7.6530e+04
49037.9730 12.1759 4.6564e+04
49116.9530 10.9453 5.8071e+04
49150.3930 14.3056 7.1338e+04
49151.2130 14.0065 6.8995e+04
49228.8730 19.4498 4.2473e+04
49239.7530 11.3339 2.1856e+04
49401.6830 11.5090 4.4387e+04
49414.0830 11.2589 6.5402e+04
49433.4630 14.1614 6.2861e+04
49503.8430 14.2598 7.2016e+04
49504.5330 15.8443 7.2016e+04
49516.1130 18.9893 7.6795e+04
49559.8130 14.5788 5.1944e+04
49564.6830 14.7166 1.0060e+05
49565.3330 13.1860 8.3811e+04
49579.4630 10.1401 5.4171e+04
49587.5930 15.5911 1.4260e+05
49588.2030 11.1038 9.0537e+04
49664.0230 12.4290 7.3683e+04
49677.2130 15.8529 4.6001e+04
49685.6330 10.0676 4.1479e+04
49719.5530 13.5846 8.0264e+04
49728.4330 12.5805 9.3043e+04
49729.0930 13.0650 6.5982e+04
49743.1730 10.6011 1.4355e+05
49743.9330 12.5837 1.4355e+05
49745.5930 12.5633 1.0626e+05
49771.4330 16.8360 7.7555e+04
49809.4630 17.1335 1.2677e+05
49810.2530 11.5306 1.2677e+05
49811.7730 10.0288 1.2677e+05
49818.5230 14.8397 7.2082e+04
49828.9830 13.0527 1.3580e+05
49829.9630 19.9837 1.1053e+05
49847.9130 20.1155 1.0226e+05
49848.6430 12.1807 1.0226e+05
49860.2230 19.7865 1.4657e+05
49896.2030 13.6838 1.0371e+05
49898.0130 16.6746 9.0753e+04
49942.2430 12.5942 9.4982e+04
50023.2631 11.9048 3.3981e+04
50324.2431 13.0115 2.8880e+04
50332.2731 11.6583 1.1047e+05
50333.6031 16.6827 1.1047e+05
50334.2531 12.7235 1.0227e+05
50341.9831 10.4808 6.9775e+04
50382.6131 15.2878 3.2078e+04
50455.2931 15.0474 8.5336e+04
50484.4331 12.1063 1.4043e+05
50485.6131 10.0074 1.4043e+05
50486.1431 14.7999 1.2295e+05
50529.3731 10.1588 6.6025e+04
50531.4231 13.9516 5.8443e+04
50573.2631 19.3224 9.6427e+04
50580.7431 13.2498 9.5688e+04
50597.3431 14.7924 1.0923e+05
50618.5131 10.9476 5.0350e+04
50619.5131 15.3908 4.6309e+04
50628.6731 12.5545 7.3277e+04
50631.1831 13.0294 5.2656e+04
50646.6831 11.5311 1.7758e+05
50647.2431 10.1032 1.7559e+05
50705.1231 11.8913 3.4599e+04
50713.1931 12.2788 7.1605e+04
50927.0731 11.0054 7.7486e+04
50958.6931 10.6143 1.4137e+05
50959.4331 16.6387 1.1543e+05
51010.0731 11.7398 5.3745e+04
51016.4731 12.8764 8.1656e+04
51061.6231 15.6576 6.2037e+04
51102.9931 11.1766 4.5888e+04
51113.3831 13.7374 3.9735e+04
51168.9231 20.2800 9.2227e+04
51191.8631 13.6171 7.0035e+04
51206.0431 17.9014 1.0060e+05
51229.4731 11.3762 1.1130e+05
51257.5431 10.4915 6.2637e+04
51293.0931 11.6913 6.0185e+04
51294.5231 10.0755 4.8577e+04
51309.7731 13.7807 8.0605e+04
51611.0632 17.5272 1.0288e+05
51687.8932 11.3909 9.1439e+04
51759.3932 11.0099 6.9228e+04
51760.0632 13.9021 6.9228e+04
51830.7932 14.0888 3.6111e+04
51859.6632 10.8318 2.9022e+04
51917.5332 11.8302 6.5724e+04
51918.0832 17.0918 6.4099e+04
51932.4432 14.4623 5.4281e+04
52081.4632 12.9151 6.7523e+04
52168.7632 13.9233 1.0982e+05
52198.7832 10.6097 4.5416e+04
52236.7432 16.8524 6.0197e+04
52237.4432 12.8968 4.9254e+04
52252.4232 17.5375 1.0569e+05
52263.8432 11.9918 9.6173e+04
52333.9132 11.5624 7.9184e+04
52349.8532 11.3649 8.9037e+04
52350.5232 10.6682 6.9556e+04
52506.3032 13.7474 7.5759e+04
52521.6832 14.3554 4.8937e+04
52532.4432 16.4490 6.5265e+04
52565.6332 11.6386 4.1664e+04
52577.3932 10.8638 7.9985e+04
52581.3132 11.5701 1.3766e+05
52661.1332 14.1126 1.3217e+05
52693.9132 12.4510 9.5029e+04
53007.0632 12.1279 9.9426e+04
53009.8032 12.8938 7.2864e+04
53021.6432 11.3689 7.8736e+04
53038.1332 12.1210 8.2066e+04
53415.5533 11.5448 2.5593e+04
53485.9933 11.9328 3.6380e+04
53505.3333 11.1888 1.4409e+05
53532.7833 10.3472 8.5656e+04
53577.2033 12.1008 4.6999e+04
53591.5533 13.3040 7.0747e+04
53614.5933 11.3271 6.7083e+04
53643.9733 10.0440 5.2121e+04
53657.3733 11.4546 3.8309e+04
53662.0033 12.5952 4.1869e+04
53686.1833 14.5966 4.2543e+04
53765.1433 12.9660 7.9699e+04
53767.7433 16.4293 1.0507e+05
53782.8133 12.4964 7.7828e+04
53825.6033 12.1512 3.6291e+04
53881.9733 17.4724 1.6807e+05
53883.3433 12.9262 1.6807e+05
53899.2533 18.2778 1.6528e+05
53922.3133 21.3145 1.8693e+05
53949.1633 10.5317 7.7293e+04
53957.5533 10.2599 1.1172e+05
53991.0233 11.4050 7.3004e+04
54035.5533 13.2338 1.6870e+05
54063.2133 12.6874 8.4959e+04
54082.9033 13.6774 1.0847e+05
54083.6433 12.2321 1.0847e+05
54084.3133 10.5002 7.8574e+04
54150.3733 12.4212 8.8479e+04
54278.1333 12.0362 2.9552e+04
54282.8933 19.7041 6.1082e+04
54309.7033 12.1188 5.2759e+04
54322.1733 10.0352 6.4466e+04
54366.6633 16.6957 8.5238e+04
54410.5633 11.4563 3.1188e+04
54543.5133 11.1250 6.9484e+04
55214.4634 10.1941 4.3965e+04
55241.3234 21.4455 9.0720e+04
55572.9334 10.5951 5.8121e+04
55577.0834 19.5786 8.8194e+04
55617.0834 12.7642 3.0517e+04
55650.3834 14.0688 4.0466e+04
55681.3234 17.1892 4.5447e+04
55885.8534 10.2765 3.1074e+04
55904.3034 10.0196 4.4943e+04
55930.7834 10.7846 2.5475e+04
55953.6534 11.8541 4.6436e+04
55960.7834 13.7840 1.0926e+05
55972.0834 10.3092 1.4394e+05
55972.7234 12.0518 1.4394e+05
55973.9034 12.5750 8.7305e+04
56004.3434 14.6940 6.5302e+04
56027.9034 14.6603 5.0322e+04
56131.4034 18.5808 8.1624e+04
56138.5134 10.4693 4.1911e+04
56142.9334 10.9186 6.5456e+04
56161.0434 10.9524 8.4358e+04
56184.3134 13.6582 5.8449e+04
56190.1734 10.4879 9.2589e+04
56192.8734 11.5025 9.1148e+04
56214.1134 15.8120 1.6019e+05
56251.3934 10.6737 4.6464e+04
56287.2834 10.1783 5.7910e+04
56467.9934 11.5994 1.2256e+05
56469.0134 11.5411 9.5626e+04
56505.0834 15.4020 1.2778e+05
56561.0935 10.0273 6.2874e+04
56566.2035 12.7570 8.9695e+04
56579.2435 10.2527 2.8932e+04
56585.1735 14.1507 2.8113e+04
56636.8635 11.0527 4.6552e+04
56641.9435 10.8900 6.0872e+04
56660.9735 13.1531 8.9453e+04
56662.4635 13.3314 8.0427e+04
56673.3535 12.5123 1.1343e+05
56689.1735 11.1689 3.5343e+04
56697.6435 10.6794 6.3435e+05
56699.9635 23.3334 6.3435e+05
56742.1035 19.0823 1.0916e+05
56743.5035 18.6679 9.6398e+04
56747.8335 12.4346 1.4002e+05
56750.4335 10.7009 1.3375e+05
56760.1435 10.8722 1.0456e+05
56779.5435 12.3046 4.1039e+04
56811.5535 16.3038 9.3624e+04
56843.9335 19.0596 7.3625e+04
56864.3635 11.2262 1.6962e+04
56882.4935 14.7691 7.0480e+04
56886.1435 11.1977 3.4455e+04
56899.7535 16.2820 1.3532e+05
56900.4835 12.1027 1.3446e+05
56903.3235 11.9735 1.1768e+05
56915.5435 11.1370 5.5910e+04
56924.2935 13.4669 6.9987e+04
56931.8135 10.0561 8.7811e+04
56934.9235 10.4078 8.7714e+04
56959.7635 19.0837 1.1259e+05
57118.8335 12.4039 4.3845e+04
57122.1535 10.8994 2.9584e+04
57301.9935 10.6037 3.4731e+04
57542.4835 10.8196 2.3732e+04
57578.3635 10.2886 3.4753e+04
57742.7235 12.0629 3.7445e+04
57778.6635 11.7478 3.8036e+04
57919.0435 12.0337 4.9823e+04
57968.7735 14.2662 7.4956e+04
57981.1435 11.7478 6.1652e+04
58124.9135 16.5592 4.5730e+04
58138.4135 12.0695 7.0301e+04
58343.9036 13.4359 4.1841e+04
58404.7836 11.2904 1.5536e+05
58420.8236 11.6684 4.6411e+04
58518.4736 15.0349 9.3822e+04
58531.7136 13.1583 1.9463e+05
58545.9536 11.5646 1.5087e+06
58571.7436 15.2816 9.4132e+04
58582.2636 13.4776 5.8515e+04
58587.5336 10.7234 3.2674e+04
58593.7936 11.5178 1.2666e+05
58611.4536 11.4869 1.3278e+05
58625.1236 10.0680 1.2166e+05
58643.7836 10.9298 1.4810e+05
58648.9336 15.2397 1.1717e+05
58671.7936 15.4990 7.7984e+04
58682.8536 10.9784 1.0096e+05
58684.0936 10.6511 1.0103e+05
58729.9936 11.6169 4.0692e+04
58741.2236 14.8916 9.6456e+04
58815.0636 16.2693 1.0762e+05
58885.4036 14.9696 8.0316e+04
58900.9836 12.4213 8.6061e+04
58910.4036 16.7538 1.3524e+05
58978.0836 11.6594 1.1868e+05
58988.0336 10.0764 1.3683e+05
59091.3536 13.0961 5.9072e+04
59093.3336 10.9520 5.5162e+04
59131.3336 12.0652 1.0439e+05
59139.2836 10.9207 1.5906e+05
59142.7436 11.2499 1.2776e+05
59146.8536 12.7553 2.4196e+05
59178.5136 10.4449 1.5108e+05
59255.3836 10.5791 5.9423e+04
59298.9136 12.3423 2.6181e+05
59313.1136 10.0098 3.5104e+05
59321.9136 10.0196 2.4081e+05
59458.5136 13.2800 7.2129e+04
59460.2236 11.3791 6.3952e+04
59472.5436 13.3729 1.4207e+05
59473.2636 14.2057 1.4207e+05
59624.6136 15.9316 7.7272e+05
59654.9036 11.5038 2.5763e+05
59683.5936 15.6669 1.5950e+05
59685.1536 13.9929 1.7254e+05
59688.8936 12.0329 1.1571e+05
59749.0336 13.4267 3.3503e+04
59772.3236 10.5130 2.8235e+04
59809.6037 12.7482 3.9863e+04
59836.5437 10.8311 4.5827e+04
60001.9137 16.0034 3.1343e+04
60113.1137 14.6156 2.5747e+04
60199.9737 10.6217 1.7291e+04
60243.3137 11.0650 1.7360e+04
60330.8637 11.3466 2.1641e+04
60366.7737 10.7031 3.2778e+04
60391.7437 13.8596 4.6695e+04
60482.1637 10.0524 5.9954e+04
60493.9237 10.9957 7.0064e+04
60494.7237 10.3130 5.5714e+04
60506.4737 10.9377 1.0226e+05
60614.8837 21.2025 1.5440e+05
60641.2137 10.7542 3.9314e+04
60648.3737 13.7170 1.4153e+05
60676.4537 11.7996 7.2541e+04
60719.7537 13.1220 2.3001e+04
60724.7937 13.4180 5.5618e+04
60761.8737 19.9603 9.2548e+04
60773.4837 10.0957 6.5974e+04
60776.1337 14.1813 5.5733e+04
60788.1037 11.3757 1.9348e+04
60795.9237 20.7949 8.2847e+04
60800.8637 15.5439 7.1617e+04
60813.7437 14.5927 9.3353e+04
60814.5337 13.8596 7.5402e+04
60826.4237 13.4260 6.2971e+04
60830.0737 15.1261 4.8292e+04
60839.0737 16.3186 4.0326e+04
60846.9637 17.3424 1.0950e+05
60874.9237 12.4580 3.9164e+04
60886.2037 10.1213 3.1721e+04
60893.8137 11.2623 1.0414e+05
60895.6837 11.6308 8.7332e+04
60900.9337 10.3819 6.3961e+04
60921.2437 15.8996 1.1755e+05
60923.0037 15.2124 1.0509e+05
60930.1337 13.0331 6.0506e+04
60945.1937 18.5174 9.4974e+04
60952.3937 12.7791 7.2718e+04
60956.8937 10.9585 6.2918e+04
60978.5337 14.8282 1.1371e+05
60991.0037 12.8269 5.2497e+05
60992.2637 11.9944 3.5728e+05
61041.0537 10.3182 1.9752e+04
61080.7537 11.8227 2.1773e+04
61137.0737 12.1962 2.2833e+04
61166.9737 10.4828 6.1041e+04
61274.4237 18.8938 2.1398e+05
61286.7737 10.5053 2.2663e+05
61322.2537 11.7027 2.0262e+05
61400.4537 10.5372 2.2967e+04
61422.2337 12.9450 5.7052e+04
61422.6737 11.1548 5.1852e+04
61453.5438 10.7439 3.5786e+04
61482.3038 11.3665 3.3789e+04
61500.2338 15.0027 9.1073e+04
61512.2938 14.5235 1.0870e+05
61526.4138 10.4184 3.3529e+04
61542.7538 21.3205 5.0037e+05
61574.1738 19.9675 3.1466e+04
61581.7138 16.2387 2.0504e+05
61583.0238 11.9269 2.0504e+05
61584.8438 13.0440 1.8433e+05
61599.2738 21.2576 1.0780e+05
61606.3438 13.5729 1.2583e+05
61610.3338 10.5555 1.2583e+05
61659.5238 13.8904 7.4673e+04
61674.1538 14.7571 1.7965e+05
61686.8338 14.4849 1.3239e+05
61737.6938 12.8154 4.5382e+04
61771.8438 10.0489 3.2722e+05
61780.7138 10.1100 2.3526e+05
61794.3038 10.6657 1.4185e+05
61854.9338 12.5016 5.2139e+04
61965.5838 14.2724 3.1488e+04
62053.4738 13.0933 2.9701e+04
62101.0138 11.1890 2.8796e+04
62180.3538 10.7116 4.5074e+04
62238.5738 10.0363 1.7917e+04
62255.7438 12.3941 5.9354e+04
62266.4338 10.1917 5.8060e+04
62281.0938 11.6509 4.9528e+04
62287.9738 12.1435 5.7084e+04
62472.2838 12.2287 5.9848e+04
62505.0438 11.9144 2.6961e+04
62615.9438 10.8794 2.5408e+04
62658.8038 10.0075 5.4262e+04
62967.8138 18.2699 4.7724e+05
63102.6639 10.8444 1.6704e+05
63545.5839 10.5964 5.4348e+04
65548.9840 12.0214 1.2828e+04
65943.3540 11.5026 1.8680e+04
66218.9040 14.0708 2.0047e+04
67088.9441 11.4852 1.8868e+04
67443.4841 10.2154 4.4521e+04
68515.4842 10.9165 2.2041e+04
68562.6842 17.5873 3.7233e+04
68590.0942 10.0205 1.7415e+04
68596.5442 10.0779 1.0561e+05
68598.0042 15.0326 1.0561e+05
68602.9842 15.4976 7.4191e+04
68954.6642 13.1376 7.7878e+04
69103.4342 10.4963 2.2473e+04
69438.9642 10.4663 1.5550e+04
69483.2442 10.5569 2.4028e+04
69724.7743 17.3595 1.1794e+05
69728.1843 13.3419 7.8150e+04
70030.0043 13.3273 1.8371e+04
70278.9543 12.4278 2.4639e+04
70315.5043 10.4216 1.6192e+04
70343.1943 13.9138 3.6923e+04
70443.4943 10.1866 1.9465e+04
70787.6143 10.8661 3.0222e+04
70840.3043 10.2930 4.0654e+04
70862.8143 10.5467 2.3779e+04
70947.6143 12.8642 3.9736e+04
70948.1443 11.3410 3.9736e+04
71040.4543 14.4474 2.4283e+04
71045.1643 14.3929 4.3286e+04
71069.4843 11.0464 2.0097e+04
71076.8243 10.0741 5.1928e+04
71106.9543 10.2411 2.6079e+04
71123.6443 10.3014 3.1071e+04
71146.2543 10.0217 2.2432e+04
71460.4144 12.4177 3.2323e+04
71586.8644 14.2353 2.2254e+04
71638.9344 10.0795 2.3450e+04
71867.8144 10.4599 3.3650e+04
71926.2444 10.3291 4.2777e+04
71933.6944 11.8721 3.2221e+04
71944.8544 13.2409 2.0500e+04
72000.0244 19.1933 1.3306e+05
72074.4644 13.3984 3.1651e+04
72177.7644 10.0906 1.2075e+04
72288.7944 14.3071 3.2389e+04
72312.2244 12.2115 1.0326e+05
72542.0544 11.9663 1.4705e+04
72558.6844 10.1664 5.4487e+04
72572.5644 12.1225 7.4552e+04
72723.1544 12.8131 6.5062e+04
72740.0344 15.8204 3.6478e+04
72781.0544 11.4060 4.8867e+04
72784.0544 11.2941 5.0071e+04
72798.5644 12.4322 6.4256e+04
72802.7444 11.3002 3.6245e+04
72861.4744 14.8275 6.7186e+04
73045.9345 10.2261 6.8232e+04
73190.9445 19.4318 5.4678e+04
73323.2345 10.8666 1.6605e+04
73367.4345 11.5018 1.3600e+05
73369.2145 15.7632 1.3600e+05
73580.8745 11.6206 3.7037e+04
73589.6345 14.2323 5.8865e+04
73593.2145 12.7209 3.3293e+04
73623.2445 13.4246 5.0228e+04
74062.4045 11.4328 1.7348e+04
74094.2645 13.3968 2.5707e+04
74129.9745 12.5308 2.5622e+04
74277.9645 19.7484 6.6316e+04
75262.3746 16.8487 3.3526e+04
75643.9346 11.6590 2.2247e+04
75919.6346 10.3407 3.3966e+04
76254.2947 10.3158 1.3544e+04
76335.2847 11.9981 2.6080e+04
76477.4547 22.3846 1.4876e+05
76478.2647 11.2521 1.0003e+05
76498.0547 13.3082 2.7332e+04
76854.6447 11.7124 1.3317e+04
76944.5247 18.7468 6.0469e+05
77220.8547 14.0632 5.2298e+04
77231.8647 10.0241 3.3455e+04
77270.3647 18.9533 4.1652e+04
77279.4547 18.4766 6.2260e+04
77352.7447 11.2140 1.9324e+04
77394.7547 10.3334 2.2434e+04
77542.1747 13.5126 1.5781e+04
77582.4247 11.2296 1.9218e+04
77585.0647 10.9543 1.7931e+04
77614.0647 12.6744 2.2391e+04
77731.0747 11.3464 3.5059e+04
77852.8748 11.7247 2.2298e+04
77953.2648 13.0480 2.3903e+04
78041.0748 11.6000 1.5287e+04
78132.6548 15.7348 2.7494e+04
78314.2448 19.0921 2.8568e+04
78494.0948 16.3820 7.9774e+04
78519.3748 10.7189 5.1815e+04
78527.5348 10.9845 1.0096e+05
78533.5948 10.0033 3.6673e+05
78627.5648 12.8196 2.1609e+05
78713.7848 10.9475 3.2689e+04
78724.4348 10.1055 2.4722e+05
78825.5748 11.4447 3.4695e+05
78891.0048 12.5299 1.6354e+05
79005.8948 11.9955 1.4687e+04
79027.9848 12.6223 3.0799e+05
79099.4348 11.2452 7.0780e+04
79115.9348 14.5646 3.0532e+05
79130.6148 14.7246 1.1535e+05
79227.0448 13.6785 2.0066e+05
79828.1449 16.5778 9.1045e+04
79933.8949 17.8518 5.0637e+04
79957.2449 13.0412 1.8556e+04
79973.6149 12.8611 7.0264e+04
79976.2549 10.6449 5.9374e+04
80312.1749 10.9040 2.0633e+04
80340.6249 10.7150 7.2418e+04
80341.5849 18.0236 7.2418e+04
80561.6549 10.6671 1.5867e+04
80644.1549 17.5985 3.9013e+05
81092.4849 14.9601 3.4509e+05
81333.7150 11.2101 1.9583e+04
81540.5050 12.6714 1.1928e+04
81715.0450 10.5639 3.2913e+04
81763.5350 10.0473 2.0240e+04
81772.0550 10.1501 3.0510e+04
81933.3350 12.9997 1.8120e+05
81949.3950 10.1998 2.8046e+05
81971.6150 12.8360 6.0971e+04
83162.8551 13.3264 5.1456e+04
83202.1851 18.9732 4.8992e+04
83365.1951 13.2335 1.5660e+04
83378.5551 10.7292 2.9282e+04
84097.5351 15.7092 6.5784e+04
84270.8551 10.7526 2.0772e+04
84471.4552 16.6655 1.3707e+05
84524.3152 13.4624 4.6849e+04
84826.6352 16.3253 6.7018e+04
84884.1252 13.5939 3.8054e+04
85001.4352 21.0257 6.6527e+04
85067.6552 14.2724 5.0036e+04
85214.6652 10.4173 3.2245e+04
85361.2152 16.9989 1.9861e+05
85392.6352 17.6811 2.0037e+05
85415.4052 12.3267 1.9208e+05
85534.7852 12.5150 2.3588e+04
85658.1652 11.4092 5.4688e+04
85663.6552 15.8064 9.8648e+04
85693.5952 10.5012 5.4563e+04
85809.8852 11.8795 5.2931e+04
85902.3052 12.6069 1.1841e+06
85904.6052 21.9551 1.1841e+06
85914.3552 17.7883 1.4344e+06
85930.7852 12.9759 6.5168e+05
85968.0052 16.3142 5.0141e+05
85996.6552 14.0300 2.6367e+05
86011.4352 20.4661 2.9304e+05
86075.1253 13.5375 3.4527e+05
86091.1153 13.3081 2.1562e+05
86101.0153 12.4667 2.7521e+04
86108.7353 11.1519 2.7001e+04
86137.9853 13.5485 3.4533e+05
86138.9353 13.2847 3.4533e+05
86139.7253 16.9904 3.4533e+05
86147.6653 10.2457 1.6493e+05
86163.5753 10.7394 4.0923e+04
86183.9753 10.4106 4.6335e+04
86203.5753 14.9905 5.4802e+05
86233.8553 10.0674 3.9437e+04
86246.1353 12.6787 5.8799e+04
86328.6353 11.3867 3.3570e+04
86380.6953 10.6888 9.0277e+04
