2683.4501637848 7.964531839674631 121727.38754914781
5317.720324567891 6.139713481875779 288970.87157568295
5335.480325651875 9.55758549278429 3111612.817525783
6035.510368378318 7.026627528880238 173803.04597172228
13341.0308142719 6.744329434480558 58201.10386578128
15632.720954145567 7.330978430110529 109431.3888026861
16629.481014982972 7.8394515695662355 120895.23202549694
20784.69126859688 6.324177469551449 62688.107400450914
20982.70128068245 7.557463871006438 70917.76818589728
21876.131335213093 7.487275498748787 98968.30791317814
27787.221695997418 9.996980196531178 564797.3095307711
27800.531696809798 7.043264672698491 1006829.2523438793
28499.15173945018 8.949313270629093 166913.36809751246
29816.221819837756 7.969083718817614 137877.7026440627
31491.331922078363 6.4321044109855015 439506.6451970872
36326.13221717116 6.35049124161068 43922.99881264562
40978.832501149445 8.007302083321207 2213421.8094457355
41091.87250804886 6.199711700272838 604216.5046861427
50195.55306369343 7.007780363644135 113208.96262590955
52169.3331841634 6.471340214530968 71467.23296353698
52805.76322300801 6.590023625080731 64980.48329032934
52875.22322724751 7.018786833075611 62577.685176925595
53809.043284243366 6.321099530686305 68835.62432164913
55210.18336976217 9.233395089090404 69703.90989652705
55601.473393644614 6.063928515970032 55169.9712962732
56349.19343928183 6.253319850925533 39695.458549961644
57357.59350082968 6.431339562136832 37424.31038449368
58257.263555741185 6.742983505007241 36959.73690929369
58501.57357065268 7.201616404743628 71454.56383389533
58618.56357779319 6.004749670317352 39843.71937270139
58712.703583539034 6.028133303657356 31680.633214334262
58895.843594717015 6.295489641287908 34044.98431247747
61958.33378163658 6.490326841646669 32911.78197522812
62399.84380858421 6.634743208334559 64384.485214738976
62721.15382819543 7.74750360757055 41379.29218970311
63317.683864604725 10.093763134098143 90182.25764545298
63822.683895427486 6.086562676051167 36887.06901464702
64001.79390635949 6.5223484611766525 18858.4038940654
64158.75391593957 6.843216869688483 26343.56875478864
66036.67403055872 6.710693611535583 30522.850549578736
66258.99404412805 6.2383225182130895 43803.279698971586
66297.99404650842 7.232912202793096 24327.943187608384
66651.95406811243 9.389239262350179 36696.682227039426
66789.94407653467 6.631493222053119 48042.8440114498
67423.28411519068 6.863244962138258 34593.84301345592
67644.87412871546 8.764641919660829 68478.56128252334
67790.81413762293 6.922002236921886 32556.497359861736
68493.68418052272 7.629094865301619 38952.43720713416
69448.98423882961 6.231178613629583 16918.185738841734
69733.63425620327 6.0781404867627264 30773.795049030647
70453.33430013027 7.098926242234317 26556.27856717787
71139.0543419833 7.12055574476711 17304.521420247667
71394.38435756741 7.798685751117861 21924.475460952253
72158.6144042123 7.107574455910046 22161.9032040121
73136.21446388027 8.01780471765749 28179.944047958154
73441.4944825131 6.394804887135281 14731.163211042116
73685.18449738676 7.277590620517361 14731.621197383865
73695.42449801175 6.068402076554226 11276.873498207084
73775.04450287137 6.391062333709922 11018.736787608868
74129.1345244833 9.229701531914216 57697.99881920652
74155.76452610867 6.121323623535613 16044.172334324014
74250.0645318643 6.267048250548126 23988.849570150276
74286.24453407254 6.373357043458696 11900.742696337331
74698.05455920743 6.516111161601958 25517.89982255681
76372.69466141936 6.866267212292751 9786.06241160903
76629.2246770767 6.02083691253186 10345.379092338046
78129.98476867583 6.117675101096138 19221.308705704938
78452.69478837248 6.071403496343053 11553.259650267282
78547.56479416288 6.894072038755076 32745.07493121827
78582.91479632049 6.810710429635461 13211.003198236265
78839.38481197417 6.46774459998861 20528.455823873424
78914.23481654265 6.96955172780887 39669.67232002828
79744.23486720184 6.4025976518636805 9015.87137805093
81288.13496143401 7.994712472110818 18550.78673707285
81631.00498236115 6.147945612186924 14053.56208758057
81669.27498469695 6.979092872533624 19821.92791439778
81844.89499541595 6.707339240041544 15429.249520464005
81916.39499977996 6.680552214510094 17012.643838603857
82497.01503521821 7.396513679294105 16729.29381679083
82998.72506584015 6.764719178889922 44670.98416304222
83437.66509263092 6.875595675268907 32383.130130426372
83947.47512374727 6.390068008866528 33765.86641582168
85094.43519375214 6.2240791508660696 55478.16879805623
85351.3452094327 6.6116806762205185 107422.00646690953
85383.90521142 6.062244741802628 107058.74869291588
86146.33525795503 6.267284098631714 210151.85489515308
