927.6201 11.7237 1.0408e+04
1150.6801 10.8925 3.2085e+04
1158.1701 10.6428 3.5905e+04
1226.7501 13.1526 4.3888e+04
1254.9001 14.0777 5.5507e+04
1279.0901 11.7617 4.1077e+04
1286.5701 15.9526 5.0634e+04
1295.4301 24.0863 1.2817e+05
1371.7701 11.2546 3.8035e+04
1375.6801 10.8238 6.6226e+04
1377.3901 13.5990 4.5144e+04
1386.7001 10.8846 6.3706e+04
1398.0901 11.9719 9.8657e+04
1401.1501 12.2037 9.1596e+04
2294.1701 10.0229 4.0763e+04
2646.1702 11.3986 3.3054e+04
2932.8802 12.2569 4.6271e+04
2970.7002 17.3726 2.6083e+04
3783.7902 16.6312 2.2671e+04
5080.4103 10.4977 6.7247e+04
5383.0403 11.5437 2.9888e+04
5519.6003 10.5901 2.7352e+04
5656.5303 10.9660 8.1672e+04
5713.0403 12.3807 3.8023e+04
6529.6104 10.4764 3.2838e+04
6631.8804 14.1874 4.5163e+04
6656.9604 10.1661 2.7895e+04
6972.9504 10.4541 1.5331e+04
8366.7805 11.1725 2.1467e+04
8875.2605 11.2174 1.4958e+04
8934.4705 10.4127 2.0084e+04
8965.5705 10.0439 1.5123e+04
9018.6106 15.7802 2.5097e+04
9033.0406 12.3129 3.5603e+04
9035.1006 11.8650 4.6137e+04
9038.2006 12.5371 2.7113e+04
9081.8306 10.0188 2.8845e+04
9082.5606 11.0549 2.0895e+04
9095.6606 11.4721 3.6558e+04
9096.4806 11.9926 2.8721e+04
9113.9606 13.4978 3.0181e+04
9176.1606 10.5045 3.9604e+04
9177.7006 11.3739 3.9247e+04
9211.3506 13.0596 3.5957e+04
9284.3106 12.2100 1.2500e+05
9287.6706 15.4359 1.2500e+05
9364.9406 10.1973 2.7193e+04
9375.5206 19.7623 3.3150e+04
9398.6206 12.3853 2.6873e+04
9405.2006 13.5862 2.3949e+04
9422.8906 11.6296 2.2112e+04
9429.5806 16.3222 6.8105e+04
9441.4506 10.2583 4.1202e+04
9469.2206 11.0604 3.8988e+04
9470.3106 12.4743 4.9958e+04
9523.6506 18.0474 4.8119e+04
9593.4206 13.4571 3.9904e+04
9594.0606 12.4496 3.7667e+04
9618.9306 10.9169 3.8088e+04
9681.6806 10.1249 1.7893e+04
9694.5806 10.7782 3.1084e+04
9737.3406 13.0891 4.9288e+04
9755.3006 10.1174 2.8081e+04
9759.9906 10.5928 4.5512e+04
9762.4206 13.0346 3.8658e+04
9777.1306 17.2344 7.2751e+04
9805.0006 10.4098 1.8107e+04
9812.7206 15.8786 8.7403e+04
9813.3906 13.2040 8.7403e+04
9836.7606 12.8993 1.0205e+05
9846.3406 12.7827 3.3870e+04
9860.5506 10.4046 2.3844e+04
9872.2006 11.3734 5.9508e+04
9879.2506 11.5265 8.3859e+04
9886.5206 12.4029 1.4081e+05
9920.9206 16.3346 6.0672e+04
9921.5906 12.8360 6.0672e+04
9922.2806 11.3290 5.9412e+04
9926.5006 11.5764 9.6234e+04
9929.9806 10.8338 1.0890e+05
9932.4006 10.4769 1.0815e+05
9954.1406 10.0065 2.1676e+04
9982.4006 12.0774 1.9432e+04
10002.7106 16.7440 3.1632e+04
10011.2506 14.6312 2.9477e+04
10024.5706 11.2748 2.5224e+04
10039.1806 10.9305 3.2083e+04
10050.8606 11.1104 1.9630e+04
10223.3506 16.7345 3.8265e+04
10247.6606 13.7413 2.6193e+04
10296.2306 11.7014 3.1500e+04
10337.8406 16.1751 1.7780e+04
10344.6606 10.2574 1.6398e+04
10374.1306 11.0685 2.0807e+04
10399.3806 12.0045 2.4843e+04
10418.7306 19.3044 1.1723e+05
10420.4206 15.9228 5.3672e+04
10425.3806 18.5093 1.2997e+05
10427.6106 10.7384 1.2647e+05
10446.5006 15.8049 5.5924e+04
10463.0106 15.4690 3.6919e+04
10468.3806 16.3773 1.4296e+05
10470.1706 16.3950 1.4296e+05
10471.6706 12.1111 1.2654e+05
10562.8106 10.0839 1.4145e+04
10576.1506 12.0624 3.0413e+04
10578.7806 13.5422 1.3786e+05
10580.7906 21.7227 1.3910e+05
10582.3406 10.1000 1.3896e+05
10773.1107 16.9306 1.0788e+05
10773.9307 16.7806 1.0788e+05
10774.7407 13.0711 1.0788e+05
10775.5507 10.4029 1.0788e+05
10833.2307 14.9956 6.4035e+04
10833.9907 13.1827 6.7716e+04
10847.6707 10.4803 7.9614e+04
10887.2107 14.7655 8.7740e+04
10888.7207 14.2303 8.7740e+04
10889.4807 12.1534 8.5545e+04
10967.9607 17.2989 9.3435e+04
10968.7607 12.6241 9.3435e+04
10969.5707 10.6454 9.3231e+04
10985.1007 11.3051 7.9105e+04
11017.6107 17.4624 5.3086e+04
11018.3207 12.2279 5.3086e+04
11053.2907 20.3903 4.7732e+04
11057.1107 12.5516 6.6174e+04
11057.7707 11.7769 6.6174e+04
11058.4707 10.2308 6.6174e+04
11062.9207 12.7574 1.1065e+05
11063.9307 11.0462 1.1891e+05
11113.0207 16.2163 4.6333e+04
11113.7307 10.8662 6.0986e+04
11117.6507 11.2128 8.2390e+04
11118.4607 10.6701 8.1203e+04
11135.7007 16.5848 1.2033e+05
11136.6407 12.0275 1.1541e+05
11162.6907 20.2997 1.1917e+05
11163.8607 15.6878 1.1917e+05
11164.7307 11.3607 8.4165e+04
11234.8107 10.2892 7.4011e+04
11236.3707 10.2063 7.5108e+04
11237.1207 13.3267 7.6851e+04
11278.9407 18.7847 1.3077e+05
11279.7507 17.9204 1.3077e+05
11280.6007 10.5134 1.2844e+05
11306.9807 12.6038 9.0032e+04
11343.9907 12.2443 1.3515e+05
11344.7707 10.8785 1.3444e+05
11379.2107 13.3489 3.7324e+04
11395.0607 11.5715 1.3707e+05
11396.8007 12.3036 1.2829e+05
11472.0707 11.3902 4.3336e+05
11475.4607 23.5923 4.3336e+05
11502.0707 12.4917 5.2975e+04
11502.7207 10.5101 5.2975e+04
11533.8107 12.6300 5.2608e+04
11568.8107 12.3250 2.6105e+04
11613.1907 11.5564 1.4880e+04
11665.9907 20.4923 4.0398e+04
11677.2807 10.6989 2.6833e+04
11712.9407 17.8045 6.4913e+04
11743.2607 11.2090 4.2889e+04
11746.6407 10.6817 4.3860e+04
11753.0807 12.2867 4.9132e+04
11776.0107 17.9543 1.3130e+05
11779.2407 10.0455 4.9548e+04
11786.3907 14.1934 7.4803e+04
11791.4107 11.2340 4.9153e+04
11910.9507 12.9079 1.2696e+05
11912.4507 16.1737 1.4028e+05
11913.9307 12.1372 1.4384e+05
11915.7607 13.3075 1.3841e+05
11921.1507 13.9438 1.7016e+05
11922.7607 10.6057 1.4599e+05
11924.6307 10.6903 1.3642e+05
11960.2407 11.9954 4.6096e+04
12000.5007 17.1509 1.0719e+05
12001.6807 17.8245 1.0719e+05
12003.2807 14.1685 8.4265e+04
12010.9307 12.8618 8.1673e+04
12014.6707 10.6550 1.3799e+05
12016.4307 12.0228 1.4779e+05
12018.0107 10.5694 1.5296e+05
12019.5707 10.7725 1.5239e+05
12037.2507 10.4441 1.2513e+05
12039.9707 11.1660 1.2689e+05
12041.2107 10.3671 1.2072e+05
12068.5707 15.6520 7.7609e+04
12070.0807 19.3913 6.5774e+04
12078.6607 11.2246 7.1536e+04
12092.6507 11.2170 8.2369e+04
12122.4107 15.2262 2.5168e+05
12124.0907 10.0829 2.5394e+05
12178.5007 11.8662 1.5656e+05
12180.9907 11.8877 1.3382e+05
12183.7907 11.6649 1.1759e+05
12187.2107 13.5326 1.4554e+05
12188.5707 10.1591 1.4554e+05
12190.6207 10.6796 8.2749e+04
12194.9307 11.8336 1.4885e+05
12246.7207 21.9924 1.6399e+05
12248.0907 17.9708 1.6399e+05
12249.7307 11.8098 1.6617e+05
12258.0307 10.0273 1.8220e+05
12307.5608 21.6670 1.6206e+05
12309.1008 19.5204 1.7669e+05
12310.4808 12.8222 1.7463e+05
12316.8608 10.0659 1.7087e+05
12328.9208 11.6070 1.7383e+05
12331.9408 13.1889 1.6884e+05
12335.6008 12.2448 2.0531e+05
12337.4208 11.1491 1.6993e+05
12339.8008 11.7907 1.6814e+05
12346.7508 13.0427 1.4857e+05
12349.7208 10.1322 7.4792e+04
12354.7708 14.3174 6.4932e+04
12357.2408 13.0057 5.7609e+04
12359.8808 10.3747 6.3546e+04
12363.3108 12.6052 9.6543e+04
12365.3308 14.3756 1.0082e+05
12396.4908 16.6762 1.2074e+05
12397.4008 14.9379 1.1804e+05
12398.2608 10.2677 1.1571e+05
12428.2408 10.3645 8.3213e+04
12443.7008 15.6641 9.7295e+04
12445.1708 13.7697 9.7295e+04
12445.9008 12.7676 1.0084e+05
12460.0208 10.3322 1.2404e+05
12468.0508 12.1918 8.7482e+04
12474.2808 10.6447 1.0132e+05
12475.0908 10.0413 9.4650e+04
12488.9008 10.2794 8.7144e+04
12493.3008 13.0069 1.2474e+05
12495.1608 10.3224 6.4942e+04
12521.9008 18.6424 9.7699e+04
12522.7108 11.3998 9.6773e+04
12541.4208 12.8193 1.1359e+05
12557.8108 10.2783 9.4324e+04
12558.5508 14.6257 9.4324e+04
12559.3208 10.7217 9.4324e+04
12609.4408 12.6086 2.3151e+04
12801.1208 11.6696 1.7013e+04
12822.0608 20.5522 1.0743e+05
12822.7708 17.7606 1.0743e+05
12823.4608 11.3185 1.0867e+05
12836.6908 13.0021 1.0364e+05
12837.4708 11.5198 1.0336e+05
12850.7708 10.4114 7.6717e+04
12882.3508 15.6309 7.3624e+04
12883.0608 13.1008 7.8848e+04
12883.7808 10.5569 7.9909e+04
12891.2108 10.0489 1.4868e+05
12892.2908 10.1869 1.5043e+05
12933.5808 12.6646 1.9756e+04
12938.3708 16.2627 1.0809e+05
12939.8608 19.3492 8.1388e+04
12958.7708 22.4736 1.6703e+05
12961.0008 15.3683 1.5806e+05
12962.4708 11.5877 9.0105e+04
12968.6008 11.4270 1.5397e+05
12969.5408 12.0324 1.7250e+05
12988.2508 11.7236 1.6775e+05
12989.8408 20.0578 1.6793e+05
12991.3408 12.0892 1.6629e+05
12994.7508 10.2641 1.6117e+05
13001.6508 10.9823 1.7383e+05
13005.5208 10.8599 1.5662e+05
13007.7508 11.5777 1.6943e+05
13009.7008 10.8712 1.5046e+05
13013.6508 11.1219 1.3862e+05
13032.9108 24.0783 1.6131e+05
13034.3808 10.7825 1.2041e+05
13042.2408 10.1398 1.3933e+05
13052.2508 11.6583 1.6922e+05
13053.9008 10.0584 9.5383e+04
13082.9208 12.8490 1.2122e+05
13085.0808 20.9472 1.3933e+05
13087.8908 15.7159 5.6536e+04
13095.3908 17.3432 1.3560e+05
13096.4308 11.0250 1.3352e+05
13103.4808 10.2347 1.3164e+05
13121.5008 14.2498 9.0448e+04
13122.3308 15.9489 9.1220e+04
13124.8208 11.6848 8.9469e+04
13131.8608 10.0521 9.3940e+04
13141.7108 10.7944 1.1320e+05
13144.4108 12.6004 1.0116e+05
13224.2608 10.2090 1.0248e+05
13298.4308 15.3992 1.2722e+05
13308.4208 10.8607 1.0672e+05
13313.8608 10.5325 9.0807e+04
13326.3808 16.0286 1.5184e+05
13327.5308 11.8700 1.5184e+05
13379.5608 20.1138 9.6009e+04
13381.3608 11.8245 7.5113e+04
13422.8008 18.0786 4.2960e+04
13447.7508 17.7023 9.6345e+04
13448.6108 20.1138 9.6318e+04
13451.1708 10.1447 8.2916e+04
13510.7208 13.7774 4.5951e+04
13534.4908 14.1671 9.3852e+04
13536.2008 14.1503 9.4503e+04
13612.5008 21.3180 1.5561e+05
13613.3108 14.6161 1.5561e+05
13614.1408 11.7743 1.5561e+05
13632.7708 10.5905 1.2042e+05
13648.7608 10.6542 1.2986e+05
13668.2208 18.0771 1.2519e+05
13669.6908 18.5336 1.3820e+05
13720.2408 11.6282 1.6600e+04
13747.9508 10.4446 1.9078e+05
13750.0108 18.7276 1.9078e+05
13851.0208 10.3112 1.8595e+04
13927.4509 16.7123 1.0767e+05
13928.3409 10.0725 1.0767e+05
13961.4509 11.8539 7.0898e+04
13962.1309 14.0571 6.9114e+04
14014.3009 10.3802 3.0661e+04
14016.9709 12.7629 7.2007e+04
14019.8109 18.4057 7.2007e+04
14074.9809 13.4613 4.6134e+04
14085.1909 10.1154 2.3207e+04
14099.1409 18.7493 6.3228e+04
14109.0709 19.2003 5.2402e+04
14116.6109 21.7443 1.7406e+05
14222.6809 15.8290 1.6524e+05
14248.9309 17.8969 9.4681e+04
14258.0109 10.0435 4.0660e+04
14295.3009 10.7721 5.0694e+04
14345.4709 10.6014 2.4461e+04
14351.0909 15.3438 1.6264e+05
14352.9509 17.9895 1.6264e+05
14388.0409 13.8017 2.7680e+04
14448.5509 12.3864 2.5658e+04
14742.2309 14.4891 2.9224e+04
14758.8409 18.6298 7.5674e+04
14855.9409 21.6681 7.5349e+04
14860.9709 20.7476 3.3497e+05
14909.2809 10.3530 2.0275e+04
14917.4609 10.2814 5.8380e+04
14924.0609 15.6535 1.5797e+05
14982.2809 19.6992 9.4269e+04
15007.0809 13.2342 2.2578e+04
15027.8609 10.1063 4.4155e+04
15050.6709 14.1906 2.8024e+04
15078.6009 13.8170 4.6152e+04
15095.6709 16.0899 1.2479e+05
15104.4409 12.7893 1.1962e+05
15116.3709 15.0357 1.1027e+05
15125.4209 11.8604 1.5114e+05
15254.4109 15.7537 9.7183e+04
15265.8509 11.1870 3.7233e+04
15554.6709 15.0548 7.7883e+04
16505.2410 11.2297 2.6554e+04
16507.4010 11.8976 3.0752e+04
16510.6010 11.8873 2.5820e+04
16628.9110 10.6208 3.7649e+04
16721.4510 14.0852 2.8642e+04
16734.0210 15.6982 3.3819e+04
18819.5611 10.6919 3.4521e+04
20412.7812 11.9457 1.9095e+04
20516.9513 10.0164 2.0933e+04
23071.4314 11.3816 2.5114e+04
23093.7114 24.6138 1.1475e+06
23098.6714 23.1305 1.1475e+06
23107.9014 15.6509 2.0733e+05
23118.0014 12.5010 3.3075e+04
23126.8014 10.2309 5.6263e+04
23128.1714 14.5281 4.6177e+04
23134.1814 12.0740 2.4793e+04
23148.0514 10.4173 6.1550e+04
23148.6414 13.5160 4.7810e+04
23172.6314 20.4931 8.4083e+04
23201.8914 23.6528 2.1170e+05
23223.2614 16.8753 7.9046e+04
23231.9914 16.9050 8.3451e+04
23308.9714 22.9952 1.0537e+05
23321.0514 14.4533 3.1393e+04
23338.3514 10.7239 4.2854e+04
23351.1814 19.4622 9.4441e+04
23359.8514 21.6283 8.7160e+04
23368.7714 18.7604 1.0422e+05
23385.5314 16.1875 5.2366e+04
23392.1414 21.0355 1.5125e+05
23438.6114 19.6284 2.8287e+04
23440.3314 10.2526 1.4192e+04
23506.1214 13.2038 1.8878e+04
23569.6314 12.4178 1.2457e+04
23581.9914 14.0103 2.2763e+04
23628.4714 19.6898 4.4114e+04
23660.5514 11.6464 4.5219e+04
23743.5014 10.6857 3.1489e+04
23753.8514 12.1826 2.4114e+04
23779.3715 11.4225 1.9993e+04
23807.1815 10.3090 1.2773e+04
24117.4915 10.3000 9.2286e+03
24785.1815 10.8272 1.8697e+04
25206.2015 13.8173 2.0824e+04
25343.9615 10.5787 2.7032e+04
25372.7815 10.4349 3.1289e+04
25379.4015 18.7844 9.8451e+04
25384.7815 13.4993 7.1394e+04
25403.6116 10.0820 2.1757e+04
25420.7716 13.9515 3.8529e+04
25429.3716 10.2503 2.6695e+04
25447.8716 11.7885 1.4046e+04
25494.3216 15.8838 2.8190e+04
25511.1316 11.2004 2.9308e+04
25512.1916 10.4405 2.1466e+04
25608.5316 10.3704 1.4465e+04
25610.1016 10.7657 1.4871e+04
25633.0316 14.4724 3.0480e+04
25650.8616 12.6114 2.3171e+04
25652.4016 10.4225 2.3171e+04
25668.0016 18.5247 2.8852e+04
25686.6916 10.9066 1.1583e+04
25706.8616 16.9035 3.0389e+04
25741.0716 18.9333 3.2419e+04
25793.1716 10.9647 1.7775e+04
25901.1516 10.1562 4.6420e+04
25902.3216 17.7133 3.0230e+04
25911.0516 18.3931 4.5724e+04
27400.0117 12.0765 1.8078e+04
27602.1817 10.7250 1.1077e+04
27617.8517 11.2790 1.1613e+04
27786.9417 25.1613 9.6660e+05
28369.0117 11.5680 2.0073e+04
28456.1917 22.4323 1.5853e+05
28489.3317 10.2726 3.6936e+04
28507.8517 12.9399 7.1951e+05
28512.1917 23.4393 7.1951e+05
28526.7517 25.0340 6.1780e+05
28569.6417 13.5634 4.3250e+04
28625.6717 10.2298 1.7806e+04
28683.9118 10.6968 1.8648e+04
28688.9018 10.4475 7.6854e+04
28715.8718 19.1367 6.3344e+04
28719.3618 13.2263 3.3155e+04
28743.7818 10.7925 2.7977e+04
28797.3418 21.7070 7.5025e+04
28817.7518 13.0385 1.6340e+04
28869.7018 11.4053 2.5177e+04
28878.0918 15.2630 4.2227e+04
28965.2118 20.9822 1.1819e+05
28980.9718 11.1067 5.1757e+04
28983.7818 15.3196 4.7680e+04
29009.3218 13.3696 4.3484e+04
29025.2818 12.5358 2.0374e+04
29050.4018 15.2374 2.4521e+04
29281.0018 10.2521 1.3776e+05
30013.4918 10.3500 1.1457e+04
31038.1619 11.8686 3.8636e+04
31341.1919 10.5554 3.0031e+04
32102.3220 11.5662 2.7427e+04
32204.3920 13.1867 7.8401e+04
32218.6820 10.2790 9.0018e+04
32219.1920 16.4721 7.9082e+04
33088.2120 10.8126 2.6701e+04
34673.1021 14.2699 2.3371e+04
35845.1022 11.0346 5.1292e+04
37184.2523 10.0999 2.2726e+04
37709.2223 11.1096 3.9640e+04
37718.1523 10.7855 4.3884e+04
37820.1423 10.8821 6.7241e+04
37865.7923 12.6482 8.0190e+04
37935.6123 12.8488 4.5590e+04
39023.1024 12.0338 6.3361e+04
39465.4724 11.6223 2.6853e+04
39764.8124 11.7916 7.4220e+04
40126.4824 14.8394 6.0894e+04
40214.0825 16.0447 7.1815e+04
40504.3625 10.5443 2.7706e+04
40919.1625 10.3755 6.5710e+04
41132.4025 10.1310 7.1947e+04
41140.3025 15.6927 1.0015e+05
41171.2925 13.5738 8.8120e+04
41379.5625 12.6623 6.2237e+04
41439.9525 13.4869 7.9780e+04
41592.7325 13.8761 9.6777e+04
41976.3426 18.0101 9.5374e+04
42184.5726 17.7410 8.0113e+04
42264.3126 10.4041 4.6159e+04
42298.5626 14.6180 1.0449e+05
42302.2826 11.6325 9.3421e+04
42531.7326 10.8131 6.6264e+04
42754.4526 13.2847 8.7907e+04
42813.0926 10.7596 4.5187e+04
42848.1326 12.3865 4.9685e+04
42880.9426 11.2772 6.2827e+04
42930.6426 10.0361 7.1071e+04
43148.5426 15.9602 5.6044e+04
43230.4826 14.1341 5.8452e+04
43285.2426 12.3615 2.9835e+04
43326.4526 11.4598 8.7149e+04
43329.9026 13.1771 7.8851e+04
43340.7026 16.0558 8.6878e+04
43484.9227 21.4931 4.3419e+04
43502.4427 10.5747 4.1336e+04
43503.6427 14.3651 3.6356e+04
43547.3827 17.5259 5.1818e+04
43647.0027 12.3891 7.0800e+04
43669.6427 11.6432 5.1923e+04
43755.8827 11.4508 6.9519e+04
43934.5427 12.0216 3.5155e+04
43954.2527 18.3794 3.9147e+04
44240.0827 17.4607 7.7644e+04
44363.5827 15.3797 4.6329e+04
44375.6627 16.5175 7.9781e+04
44391.8127 14.1734 3.9550e+04
44419.4827 17.5864 2.1096e+05
44440.2627 17.9345 1.8845e+05
44477.4827 10.1927 1.3024e+05
44480.2027 18.2560 1.3024e+05
44518.3627 20.8454 4.7261e+05
44531.7827 19.7320 3.8801e+05
44564.5227 19.6666 2.6785e+05
44586.4927 15.1543 1.3392e+05
44624.0527 22.0089 3.5758e+05
44644.4827 13.5873 2.2707e+05
44671.7427 14.2613 1.6071e+05
44718.6927 20.0253 9.6506e+04
44779.9627 14.9587 2.4157e+04
44790.2027 12.4620 2.5863e+04
44841.7127 16.7907 5.4980e+04
44863.6127 12.0214 5.3822e+04
44882.6427 15.7002 5.6330e+04
44945.6727 10.9108 4.9827e+04
44946.3427 12.7904 4.9012e+04
45175.9728 15.7586 3.2870e+04
45209.1128 13.8581 3.9744e+04
45218.2428 11.9377 2.9686e+04
45501.5128 10.0868 3.2684e+04
45509.4828 13.0676 3.2289e+04
45531.4628 10.7196 2.5412e+04
45877.3028 11.2321 5.8327e+04
45965.1628 10.8923 9.0450e+04
45967.2528 11.1108 8.4891e+04
45980.1928 11.7730 6.4964e+04
45993.6828 12.5035 1.3158e+05
45995.0828 15.0773 8.2810e+04
46055.3628 15.4954 5.8657e+04
46072.2828 11.6861 3.7913e+04
46388.4728 12.6008 5.2579e+04
46591.0328 13.1519 3.4149e+04
46612.3928 10.4782 5.8214e+04
46764.1429 15.9213 6.0157e+04
47295.0229 10.9725 3.2392e+04
47411.4329 12.6056 8.1232e+04
47494.2029 17.9841 5.7294e+04
47505.5729 11.4834 2.4731e+04
47544.4329 11.4065 2.1750e+05
47604.6829 17.0566 7.3686e+04
47623.1229 12.1760 4.6947e+04
47750.4929 16.5182 6.1904e+04
47759.9929 12.9707 4.8418e+04
47795.0429 12.9735 5.1481e+04
47869.5529 10.1840 4.6436e+04
47888.1929 10.0806 4.1422e+04
47905.3229 13.6611 3.9071e+04
47936.4129 10.1338 3.4506e+04
47993.6229 10.6825 3.5196e+04
48032.9129 12.0709 4.0425e+04
48262.1529 10.2016 5.1472e+04
48377.7730 11.1586 4.6501e+04
48412.8930 18.9095 1.0688e+05
48475.0130 11.3927 4.4875e+04
48573.6130 11.1351 3.9157e+04
48816.9530 12.4369 3.1459e+04
48832.9730 16.1982 4.1029e+04
48876.8930 10.4831 2.8989e+04
48943.9130 19.1305 4.4428e+04
48949.2430 12.3956 1.5542e+05
49178.8230 11.3812 1.9335e+04
49305.2230 21.4477 4.8197e+04
49413.9630 16.6343 5.6367e+04
49482.6330 15.1866 3.3858e+04
49635.6830 12.8363 3.7669e+04
49653.2830 11.9259 2.7746e+04
49705.9130 15.6267 3.0300e+04
49841.7230 10.6027 4.7520e+04
49996.1031 10.4319 4.7543e+04
50096.6631 15.7419 5.9720e+04
50109.2531 20.5304 5.7847e+04
50720.5431 10.5537 4.6804e+04
50834.6531 14.9459 5.1271e+04
50869.6331 13.1566 5.6297e+04
50928.6531 19.3215 5.5462e+04
50972.8031 11.0478 1.8172e+04
51562.5731 21.9696 4.5867e+04
51758.6632 11.2053 2.4686e+04
51817.5332 10.5528 1.5802e+04
51827.3632 13.0820 1.9783e+04
51829.9632 10.0574 1.5910e+04
55385.3134 11.9673 6.5845e+03
55432.1734 10.0779 4.5257e+03
55807.2934 13.0529 7.1331e+03
56271.2634 10.6504 5.0226e+03
56586.1035 10.0903 1.7507e+04
56732.5735 14.3179 6.1884e+03
60027.4137 12.6301 4.2064e+03
66060.4840 11.3833 7.1774e+03
66668.6041 10.3620 4.1356e+03
67070.7341 11.2461 3.6458e+03
67186.9041 14.5794 4.0452e+03
67220.1341 11.9792 4.5805e+03
67344.4641 10.5146 6.1421e+03
67636.4141 11.5481 4.4674e+03
68108.3942 12.0737 3.7714e+03
68342.3442 10.2160 7.2668e+03
68747.5942 14.2963 4.6171e+03
69029.5542 12.4483 4.8162e+03
69213.0142 12.2126 8.3024e+03
69252.8242 11.3600 4.3899e+03
69308.7042 10.5786 4.3398e+03
69343.2242 15.8587 1.2013e+04
69357.4242 10.3540 3.8924e+03
69361.6742 11.3651 6.2011e+03
69468.4742 13.9578 3.8934e+03
69622.5242 19.3007 8.6297e+03
69639.6243 10.8368 4.0371e+03
69776.1443 12.7522 3.3724e+03
69797.1843 11.5004 5.8434e+03
69946.2843 17.6052 7.8897e+03
69951.0943 10.1064 7.8897e+03
70019.1343 14.5557 2.6490e+04
70059.2643 14.6954 1.5896e+04
70094.5343 18.6227 1.0859e+04
70480.2643 11.6702 3.2071e+03
70732.0843 10.2148 5.9122e+03
71443.7144 11.3582 1.2437e+04
71534.4344 10.1128 5.7913e+03
72002.2544 11.1733 6.8638e+03
73687.0845 12.6742 1.6226e+04
75329.3646 10.9202 4.3699e+04
78545.8648 23.2632 3.4364e+04
80094.6949 11.6029 2.5061e+04
80517.5349 14.7324 4.0918e+03
80649.1749 10.1795 4.1644e+03
80900.7049 14.9030 3.3038e+03
81272.4950 11.6444 2.0213e+04
81274.7950 19.3590 2.0213e+04
82867.4651 16.5625 9.7707e+03
83606.3151 12.8776 1.0712e+04
84273.8051 17.8443 4.2923e+04
84438.1652 10.2216 4.0157e+03
