144.3000 10.1121 1.4875e+04
235.3700 11.7807 2.1156e+04
340.7200 12.7012 3.6653e+04
663.5500 10.1650 1.1602e+05
840.6001 16.2265 8.8116e+04
1845.6501 10.5003 1.6631e+04
1913.2901 11.0828 1.0006e+04
2164.1301 13.7308 2.8531e+04
2228.2701 12.6789 1.9885e+04
2236.5201 12.0846 2.3601e+04
2248.9701 15.6577 2.6365e+04
2670.4802 12.8260 8.3055e+03
2693.1502 16.0563 8.7640e+03
3101.1602 10.8373 2.5818e+04
3341.0102 14.1427 2.6649e+04
3423.7002 11.1768 2.2571e+04
3459.6502 13.8963 3.2504e+04
3500.9502 11.4494 2.3406e+04
3608.5402 15.4878 3.7204e+04
3628.1502 16.0983 9.1876e+04
3681.1102 10.2501 3.7449e+04
3713.6602 10.7842 7.3105e+04
3760.1502 14.1502 5.2888e+04
4041.6702 11.0716 3.3440e+04
4525.9403 11.4161 2.8021e+04
4530.6103 12.9749 3.8955e+04
4596.6203 12.8339 8.3922e+04
4700.4303 13.7099 4.1195e+04
4774.1403 11.9614 5.2737e+04
5090.8503 12.2943 4.3707e+04
5474.6603 13.3992 3.3753e+04
5533.6503 10.8846 3.7566e+04
5947.5704 13.8103 1.2215e+05
5989.8604 10.7008 9.3072e+04
6015.0304 10.3449 9.0721e+05
6115.8404 11.4139 5.3454e+04
6151.6404 10.6131 2.9002e+04
6216.8604 12.6272 5.1406e+04
6287.6604 13.7248 2.3069e+04
6316.3204 11.8575 2.2172e+04
6406.6604 10.7242 1.8036e+04
6545.2904 11.7561 5.9121e+04
6749.0004 18.1631 3.3195e+05
6761.8904 13.0662 8.3227e+04
7069.0004 11.6973 1.7496e+06
7287.2604 11.3065 1.5527e+06
7307.1004 11.1739 8.7412e+05
7354.0604 13.5516 2.2281e+05
7422.7705 10.2299 8.6951e+04
8282.9005 18.1718 9.4668e+04
9364.4006 10.2077 8.9453e+04
9437.7406 11.9586 4.9983e+05
9457.4906 10.4801 7.3503e+05
9465.5006 12.6648 1.7033e+06
11010.6407 17.6104 3.0629e+04
11336.9307 14.3946 2.7227e+06
11926.7507 12.8112 1.0685e+05
11931.0807 10.6739 5.1977e+04
11937.2207 12.0926 7.9047e+04
11947.2707 14.0372 1.6317e+05
12577.8608 11.2185 3.5546e+04
12586.8208 10.0099 3.6750e+04
12627.1508 10.6191 4.3525e+04
12644.0208 10.5435 6.8810e+04
12864.9908 10.1620 2.2497e+04
13989.8409 11.6884 9.7702e+05
15018.1509 10.0555 3.4011e+04
16295.4910 10.5717 6.7670e+04
16412.3910 13.0982 1.4310e+06
17245.5911 10.4117 2.2919e+04
17582.3211 14.3959 1.5447e+04
17761.9511 13.0343 2.0284e+04
17770.2511 12.2359 1.0417e+04
18248.7311 15.9588 1.0820e+04
18292.9811 13.8890 7.2597e+03
18496.0311 12.7336 1.2502e+04
18619.3111 13.4563 1.2476e+04
19740.7912 11.1425 1.8570e+04
19996.3912 10.9183 2.4186e+04
20009.1812 11.8241 1.3097e+04
20685.4713 10.5938 2.2734e+04
21458.7013 12.3785 2.4079e+04
21971.1113 10.5464 2.0102e+04
22259.9814 15.0320 1.9344e+04
22306.4914 14.0261 1.1368e+04
23177.0714 13.0021 2.6838e+04
23581.7614 10.6492 1.3986e+05
23784.7315 15.2080 1.8746e+04
24625.8115 13.7071 3.0255e+05
24759.9015 10.8706 4.9627e+04
25238.7315 10.4902 2.5186e+04
25245.8915 10.1820 2.3473e+04
25347.2315 12.2081 2.7914e+04
25371.0315 12.6730 1.5294e+05
25705.5616 12.7780 1.7454e+05
26276.5716 14.1252 1.3758e+05
26320.7016 13.2256 1.1223e+05
26324.8716 12.5861 4.7645e+05
26725.8416 11.8221 8.3924e+04
26803.5016 13.7020 2.2971e+05
27216.7917 11.3646 9.0087e+04
28497.1717 23.3603 2.3440e+05
28600.0917 13.5949 1.3924e+05
28629.8917 15.4069 4.1098e+05
28666.4817 15.3594 1.7538e+05
28961.3818 11.6734 4.5192e+05
29102.5918 13.1924 5.1940e+05
29129.3018 10.7982 2.0361e+05
29183.4818 10.8720 1.2205e+06
29825.0218 12.2361 1.3596e+06
30123.9518 11.1101 3.1140e+05
30171.3218 10.7779 2.1752e+05
30352.6219 19.1883 3.4308e+05
30469.6119 11.2222 3.4590e+04
31227.8119 12.5508 4.0331e+04
32358.4420 10.1977 2.6747e+04
32717.0820 10.5098 5.3593e+04
35305.4522 16.4076 3.2392e+04
35381.9922 10.4891 1.4207e+05
35944.8222 10.4394 2.2877e+04
36037.9422 18.2053 3.1290e+05
36042.7922 14.0211 2.7895e+05
36071.5522 13.2509 3.2107e+05
36385.5322 10.6401 3.5529e+04
36575.3922 15.8940 4.8168e+05
36625.0422 13.0638 2.9368e+05
36997.2623 10.3670 5.4629e+04
37272.1923 11.5786 4.2990e+04
37518.3023 11.2912 3.2983e+04
37527.5023 10.8184 2.4835e+04
38875.1224 10.0363 2.1900e+06
39093.3724 13.2262 8.1454e+04
39534.3524 13.3939 4.6706e+05
39537.1724 16.3917 4.6706e+05
39766.6324 10.3916 2.7952e+05
39768.0724 11.4830 2.7952e+05
39804.2024 11.5713 6.8861e+04
39967.1824 13.2183 2.0831e+05
40199.4325 14.3929 4.2035e+04
40334.7025 12.6948 3.8490e+04
40380.4725 10.1476 1.2657e+04
40547.7125 12.3810 2.0096e+04
43549.1627 13.6083 6.8041e+04
43581.0327 16.6282 1.1463e+05
43604.3327 10.6576 7.1160e+04
44133.2627 14.8799 4.7663e+04
44342.4927 10.5063 9.7740e+04
44419.8327 11.4668 4.3438e+04
44523.6827 11.4111 2.4380e+04
44585.8027 11.9911 1.8744e+04
44591.8727 16.0768 6.8595e+04
44611.8827 13.1489 5.4165e+04
44624.6627 11.8740 6.0352e+04
44647.6527 11.2276 1.5257e+04
44708.4727 12.2386 2.9819e+04
44828.5827 19.1878 2.1565e+05
44842.8627 11.5570 1.9024e+05
44889.6727 13.7512 9.8029e+04
44894.4827 13.9338 8.8166e+04
44934.8127 16.3125 8.9270e+04
44950.9627 10.8656 4.9137e+04
45029.3227 16.0111 5.9639e+04
45229.8928 18.7799 1.8296e+05
45253.7528 11.7785 5.4080e+04
45294.8828 13.2746 6.8977e+04
45337.0128 20.7464 3.0281e+05
45339.4628 11.1796 1.7667e+05
45353.7728 17.4372 2.1268e+05
45392.2628 10.6685 6.3576e+04
45417.6528 12.5428 6.1150e+04
45423.4928 12.6860 5.3366e+04
45441.3928 13.5787 1.0410e+05
45460.1528 10.4062 8.6426e+04
45475.1228 21.3812 9.1010e+04
45483.2928 10.6041 1.3306e+05
45493.7528 14.3292 2.0367e+05
45553.7728 13.0219 1.1326e+05
45631.7028 16.8684 3.0995e+04
45642.0928 11.9962 1.1860e+05
45643.2328 10.6942 1.0299e+05
45690.2028 11.4916 2.1936e+04
45704.1028 10.3172 7.9796e+04
45708.5128 19.9113 7.9796e+04
45848.4028 16.9066 4.7640e+04
45864.7628 10.4019 2.2756e+04
45876.3228 15.3472 8.0498e+04
45883.2128 16.7079 1.9374e+05
46151.8028 13.0404 3.6803e+04
46198.7628 12.4722 2.6632e+04
46443.9328 15.4473 2.6874e+04
46588.1628 15.1291 4.5239e+04
46836.5429 12.2717 2.4591e+04
47382.5229 13.4045 9.6723e+04
48017.6329 11.8978 2.2795e+04
48085.6429 15.7322 3.8680e+04
48127.0029 15.3169 3.2094e+04
48135.8129 13.1706 3.8087e+04
48303.2129 14.0929 1.7833e+05
48314.0129 12.5575 3.2695e+05
49151.1730 10.8565 5.5687e+04
49447.2430 15.3584 3.3580e+04
49487.6330 12.8366 2.8571e+04
49495.3230 11.1558 2.0806e+04
49529.4030 12.5951 1.4345e+04
49537.6730 13.1001 1.8096e+04
49584.6530 14.1024 1.6816e+04
49605.2530 14.7017 1.5835e+04
49631.3030 10.4887 1.2910e+04
49698.1230 11.6115 1.6786e+04
51123.4331 10.0704 1.3762e+04
51174.1131 10.2150 5.8244e+03
51312.9531 17.6642 2.5390e+04
51325.2231 14.9922 2.0852e+04
51370.4031 15.1775 2.3226e+04
51517.4731 11.8299 2.6850e+04
51636.1032 14.6323 3.9022e+04
51914.2332 11.4893 7.3888e+04
54199.1733 10.2535 2.3057e+04
54294.7833 11.7392 4.8427e+04
54892.3734 11.4383 2.0887e+04
55006.5434 11.0871 1.0837e+04
55017.9234 11.2593 6.4255e+03
55031.4034 10.7434 7.4099e+03
55081.3234 14.1665 1.9270e+04
55101.0434 12.3666 1.0921e+04
55461.9334 11.8072 1.5383e+04
57268.7035 11.9716 2.8034e+04
57406.6035 10.4687 2.6308e+04
57478.9335 10.7301 2.1372e+04
59471.2236 10.3106 5.1158e+04
59593.5936 10.0552 4.8085e+04
60781.0937 11.6863 1.9608e+04
61021.6537 10.7843 1.7851e+04
61634.9438 10.2695 3.5836e+04
61975.7138 13.7958 2.6853e+04
62037.5438 15.5798 2.2288e+04
62089.9838 10.6127 1.7857e+04
62098.6338 10.1550 2.1042e+04
62115.1938 12.8041 2.4481e+04
62263.0038 11.2291 3.3569e+04
62557.3938 15.2567 2.5284e+04
62665.2038 15.6261 2.4338e+04
62891.6938 18.7151 2.4536e+04
62911.0638 15.5895 1.7422e+04
62935.2938 13.1519 1.4329e+04
63054.2138 17.7962 2.1233e+04
63083.8939 14.7908 1.1371e+04
63112.7439 10.7578 1.5266e+04
63157.8839 13.0178 1.3929e+04
63161.5939 10.2444 1.3487e+04
63171.8539 13.3368 1.6537e+04
63342.1039 19.3454 2.1372e+04
63800.6039 10.2630 1.7627e+04
63837.0639 11.4463 2.2095e+04
63864.9839 12.4223 2.8210e+04
64975.9540 10.8702 3.5427e+04
65466.5940 10.0577 2.8245e+04
65611.7840 14.5886 2.8161e+04
65625.1540 12.4888 2.6432e+04
65695.9940 10.7831 1.9107e+04
65743.8040 14.7435 1.6153e+04
65804.0340 13.2349 2.1688e+04
65820.3040 10.9387 1.4820e+04
65930.1340 15.8124 2.7718e+04
65954.5040 13.4714 3.0072e+04
65977.8140 13.5337 1.8478e+04
65983.3540 13.2398 1.7077e+04
65989.8940 10.5728 1.4681e+04
66022.9540 14.9349 1.7611e+04
66059.0040 14.7132 1.3587e+04
66157.8740 12.5575 1.1911e+04
66207.6040 13.6406 1.2393e+04
66221.8840 11.9697 1.2708e+04
66451.6741 10.3567 1.0735e+04
66535.5141 16.1641 1.6885e+04
66790.0441 15.7072 1.6072e+04
67010.8341 11.3192 6.2931e+03
67930.7641 12.6199 8.2624e+03
68135.4242 15.9714 1.4724e+04
68802.6642 14.5162 2.0507e+04
71573.4844 10.0236 9.2569e+03
71915.5744 10.5413 5.3040e+03
72562.5944 10.7421 7.8581e+03
72703.4944 11.9292 5.4934e+03
73617.5645 12.2941 1.0182e+04
74628.0246 15.6099 2.0720e+04
75233.0146 10.5603 2.1286e+04
76344.5847 10.8129 1.5056e+04
76504.7047 11.2130 1.5451e+04
76721.2747 11.0085 1.2422e+04
77281.5347 11.6030 1.4207e+04
78378.4048 10.5824 7.5690e+03
78521.5548 10.2489 7.2974e+03
78546.5248 23.5330 4.1406e+04
79421.8748 12.3751 5.3760e+03
80022.1149 13.3321 1.7867e+04
80092.3949 10.5175 8.1375e+03
80519.5649 19.9027 2.8084e+04
81129.8550 12.7529 4.6512e+04
81144.3850 11.4153 4.1128e+04
81197.9550 10.1902 1.3137e+04
82917.2551 12.4236 1.2716e+04
83626.7751 18.5310 1.9623e+05
83628.9651 11.2368 1.9623e+05
83631.4651 10.0165 1.8553e+05
83639.7351 13.5586 2.4885e+05
83646.7151 14.0077 4.8602e+05
83732.5951 11.3459 1.6329e+05
83771.5451 10.0750 3.8377e+04
83813.8951 12.7949 7.6208e+04
83821.1451 12.0343 1.0011e+05
83909.7651 11.4468 1.6755e+04
83949.5951 16.1242 1.2359e+04
83984.8551 14.6571 1.5067e+04
83989.7051 10.9308 2.4923e+04
84260.5851 12.7657 4.9174e+04
84305.0451 11.0675 1.8296e+04
84355.9751 10.9894 6.4888e+04
84356.6151 11.3259 5.8979e+04
84401.0852 16.2740 1.7676e+04
84489.5652 11.4004 2.2311e+04
84504.7852 17.0216 2.3365e+04
84747.0452 20.7231 2.1220e+04
84815.8552 19.9388 1.1713e+04
84864.7052 13.4598 3.3968e+04
84966.1752 12.9550 5.4157e+03
85026.4852 17.2496 3.1564e+04
85142.2552 19.2723 4.1452e+04
85155.4252 17.4687 5.3405e+04
85464.4952 14.7236 3.8348e+04
85484.3252 15.9038 3.2679e+04
85485.5252 13.3747 3.2301e+04
85498.4252 20.8606 5.9775e+04
85520.0052 24.2477 7.3210e+04
85528.6152 20.9497 1.0373e+05
85539.4652 15.5414 7.2116e+04
85748.7852 12.1278 4.6685e+04
85766.8352 16.7304 6.7161e+04
86088.1453 10.7187 9.9115e+05
