28.270001725463974 8.149890308105979 23342.567888494843
303.5500185272228 10.182108141571568 43515.03681673366
333.7100203680432 6.815200681582855 152232.29967554455
338.24002064453254 11.355649259780538 152232.29967554455
381.6900232965102 11.206358121718619 80583.76507159855
403.3400246179214 9.725208042802027 30551.30631583239
539.5100329290791 6.819703072676449 13890.527882484723
553.0800337573263 6.423566611716861 18862.377338368486
572.2000349243185 6.017894611495168 16594.804387482953
582.9900355828879 7.114052334484273 12965.66800445791
597.6800364794944 6.035488201188273 9999.820641058992
642.0700391888452 6.80637945429783 14221.728104340598
1769.0501079742498 6.365650623575629 6040.062787751188
1880.3001147644113 7.745749037672452 14221.635962826862
2208.7201348095787 8.488534010582892 14942.245318125042
2277.720139021005 6.996763317557341 8863.942888965168
2500.990152648325 6.883128836094481 22503.455379036932
5662.330345601217 6.0525104119681465 4545.739193003311
5990.4603656286845 8.850751644334638 18958.28444495832
6228.95038018496 6.774322255988651 10161.646870753033
6300.800384570336 7.083066219716719 8908.674655923218
6516.280397722192 7.906663824582136 17269.90009312093
6671.180407176538 6.736753227726727 19799.84779533778
7090.940432796658 6.639239364577562 9959.933192468185
7672.870468314848 7.971981780790735 16856.74948567502
7693.630469581938 6.0075337777713465 31877.577481829725
7704.540470247832 8.081507096968608 34230.28088333088
8251.040503603546 6.285511883799802 36196.65180380211
8376.050511233552 6.6286884601727465 25878.420496597173
8432.58051468387 6.121147595904463 23284.48734571711
8461.960516477082 7.763535815673897 17902.592418565007
9302.610567786289 6.527652774761988 28346.31611538368
9347.070570499913 7.30785314256068 28237.61365026472
9379.97057250797 7.588725195900796 59073.812328083135
10205.820622913856 6.53470243682921 18621.374188459034
10291.500628143349 6.105970023817036 20726.73756770221
11036.11067359074 8.40320067428054 26141.265016872167
11039.860673819621 6.8323259754740056 26431.786375811087
11135.40067965092 9.445799067561046 51627.86547667693
12043.23073506047 6.5280929024549925 60891.41975453822
12775.33077974431 7.605680486618469 40118.8007794643
12804.420781519822 6.040779415241297 16147.331477338237
12822.750782638597 6.57185781722263 75880.37972007279
13163.490803435718 7.211169774979745 55778.457272970016
13199.820805653126 6.920580497734236 68799.58853630282
16010.930977229675 6.834477305625238 19511.338362288512
16539.181009471497 8.173813774250604 56484.017870410615
16545.78100987433 6.55266961039193 74779.36399833094
19466.861188162915 6.23182867650842 40854.48626951908
19892.661214151685 6.565393876320678 63267.41404942318
20392.15124463814 9.764747786410872 105377.3272250631
21980.451341580283 6.279801441340446 80450.96302325791
22321.901362420736 6.666348677451014 44057.44392971222
27786.291695940654 7.783899969073817 526046.7172636284
28497.121739326278 6.351608157075027 83297.21557382174
29790.311818256338 7.327015757066537 236585.6533025402
29793.991818480947 8.089847057069846 205265.22519573424
32188.28196461682 6.691287014002445 60696.091230294674
37423.56228415297 6.060102870624419 108569.31923183554
40935.66249851455 7.394803142033818 57625.810126329176
41005.562502780915 7.027003240541327 60158.86335271439
44133.362693686686 6.291440255494965 53354.897165626826
44326.55270547807 6.578263569947767 70328.62259346787
47293.98288659564 8.393743681694227 80720.07156981235
47353.312890216854 6.717940080582092 24771.053785661552
47564.532903108695 9.06339576266902 43463.288073924865
47708.352911886774 7.986354697667075 19816.077670229482
48142.44293838153 6.052898202070295 8506.165762919034
48216.872942924376 6.660365299452245 13971.164813294161
48266.352945944396 6.00959100911348 5955.136757865666
48495.5029599306 9.22814452159236 33039.829344045604
49098.70299674701 7.508212148441775 31444.217825851643
49183.09300189777 6.041587939530449 40756.56974389173
49240.68300541278 7.424094987637222 42246.19819258931
50132.03305981647 6.132769390792344 59139.90865616411
54770.80334294454 6.049088836235722 8026.285330438121
55138.57336539144 6.646921713489579 8974.318645809875
57973.97353845053 6.272015320857454 19918.250431838293
57989.09353937338 6.883563263823573 43296.29513851405
58106.62354654685 7.170763247291106 15421.898839818385
58133.99354821738 6.891204993177113 16776.39118368679
58163.32355000754 8.062874468930405 19153.87817904159
58184.16355127951 8.500110229734723 26399.78059779568
58223.09355365561 9.580135380527114 91768.846867539
58264.253556167816 6.6909739619365665 19743.435571559447
58268.51355642783 6.5164458012165465 53371.96300765818
58282.553557284766 8.038706811806485 410748.43292936904
58526.27357216025 7.277938500949284 14866.316836962866
59157.55361069053 6.683628839335833 23581.450611900356
60335.873682609476 9.221264410318136 38121.827858354394
61983.763783188704 6.237756110980209 6222.412103268727
63075.07384979699 6.8446896260599415 10814.646540689453
66301.8340467428 8.481440505323258 14807.546421690507
66484.224057875 7.114751023901324 10183.945447987244
66531.934060787 7.299969842755535 25707.888247808965
66674.60406949488 7.175728211445421 9717.21053147308
66740.24407350122 7.217462092408467 9896.738496539085
67596.45412576014 7.337176764322457 4284.8752144482605
67662.8741298141 7.075684084763495 6072.454000571413
67905.12414459986 7.6496247440664495 9542.099633329248
69060.80421513697 7.330068243627439 20212.053887129867
69729.84425597194 6.497843696470448 32959.420962986136
70337.5342930624 6.074711853754841 8892.970286964899
71445.30436067532 6.12349252015603 8677.036580051159
71657.95437365444 7.4419782051731636 12683.644111192618
71846.2943851498 6.866919642642951 22218.281115464382
72822.86444475492 6.16487848043692 6589.993455315993
73883.89450951504 6.8583541381416895 15712.282829689002
78187.78477220367 6.958157457254721 19482.635856206787
78198.85477287932 7.050195328582369 28773.32323091511
78546.32479408721 7.7590904713579105 25963.681803778967
79602.61485855804 6.253264829440067 6850.290865773147
79680.04486328398 8.560038185152013 12226.005806011133
79886.47487588348 9.205528052943395 14831.553184994367
80096.47488870086 6.8484863905178806 26272.243221358498
81416.30496925689 6.662599871935587 9902.409300947882
84322.5251466385 6.456766274513406 7915.9768349669575
84922.11518323456 8.002131905813613 17152.335025418262
84929.62518369294 7.72184623997204 32556.70837702647
84977.14518659333 7.662886289044316 57866.57761415525
84986.36518715607 7.245377534413715 41894.61218001683
84994.6851876639 7.106065789702774 162540.38154955037
85022.68518937287 6.800918448517385 31436.12333683354
85026.22518958893 7.254430177593817 72468.70962695328
85108.90519463533 7.26791377722795 19041.486048984585
85134.475196196 7.573495754712652 23594.610347683356
85259.04520379915 6.360098803653212 15831.41259453922
85289.22520564118 6.806944138260119 17579.06445424616
85300.70520634187 6.486210285624899 13582.276260729795
85357.1452097867 8.93506995420873 40201.5523171189
85384.53521145845 6.56646458154178 18656.854642686958
85402.28521254183 6.808707901870895 35033.92618582861
85447.44521529817 6.255191536422115 43371.09652391135
85473.11521686494 8.56191543911529 19301.277820927713
85513.80521934846 6.2315942271281015 12493.579714704323
85535.195220654 9.238481808407265 20506.029485620053
85634.2052266971 6.495579544531049 23195.904724053984
85686.49522988862 7.3359729459649 54067.79449464351
85801.83523692843 7.849656498253184 47181.32030551199
85905.97524328463 7.065649424071693 25736.80509875763
85916.4952439267 6.515333651870247 40759.77208920389
85942.57524551851 6.613875362620848 22777.59379126788
85950.21524598481 6.278572408377902 22171.72989970025
85976.14524756746 6.747677568761154 16982.266130547367
85987.3852482535 7.661716897671986 34981.191252882214
86357.475270842 6.165755516723302 15052.157699258356
