184.3600 15.3843 1.1304e+04
543.2600 10.5949 1.7106e+04
690.3800 10.9329 1.7466e+04
762.3100 11.0480 4.9539e+04
765.1600 11.6721 4.6878e+04
1113.4601 10.3301 1.6615e+04
2648.5002 10.5734 9.3259e+03
2856.6202 11.6816 3.1459e+04
2937.2502 13.6247 1.9294e+04
3118.2702 10.7685 1.7912e+04
3392.9202 12.8556 2.1387e+04
3500.0702 10.3903 2.5920e+04
3948.2202 20.1199 8.9865e+04
4000.2202 15.1071 2.4263e+04
4040.8802 11.4825 1.5226e+04
4106.5103 10.3659 2.3766e+04
4213.4103 14.4826 4.1695e+04
4296.7703 11.1124 4.0086e+04
4329.7103 10.1144 3.8713e+04
4345.9803 11.5421 2.8699e+04
4429.9003 10.0127 1.8476e+04
4919.4003 12.3768 4.1172e+04
4929.2303 10.3355 3.8281e+04
4933.2003 16.5713 4.1736e+04
4944.7403 12.8959 4.9404e+04
4987.6303 11.5909 1.8079e+04
5058.5803 12.6420 1.7488e+05
5060.5603 15.5356 1.7488e+05
5153.7703 11.9720 6.5638e+04
5185.1703 11.2066 1.1577e+05
5186.2903 10.3619 7.8481e+04
5194.2303 10.6054 5.8669e+04
5464.9503 11.5266 2.1462e+04
5953.1904 10.0950 2.3044e+04
5954.3504 10.9037 2.3358e+04
6145.8704 14.0805 1.0163e+04
6295.2004 10.7537 1.4131e+04
6377.6104 11.8843 4.2181e+04
6585.3204 10.1474 1.9884e+04
6876.8504 11.0813 1.8436e+04
7535.0005 14.8104 2.5835e+04
7543.1405 10.9219 5.2034e+04
7615.9505 12.0647 1.9365e+04
7626.5105 11.4606 2.1072e+04
7672.8005 10.6682 2.7739e+04
7689.5105 11.9979 5.5577e+04
7690.5205 11.3190 5.0119e+04
7749.3705 14.9448 3.2432e+04
7758.7005 11.7143 2.3037e+04
7923.6405 15.4085 3.6335e+04
7985.9005 10.6845 2.5508e+04
8065.4805 10.2053 1.6924e+04
8175.8305 12.0469 1.7468e+04
8193.0205 10.4944 4.6380e+04
8205.3105 18.8978 4.2611e+04
8284.9805 10.6310 1.5758e+04
8314.3205 13.1252 2.3680e+04
8345.7105 13.0657 2.7878e+04
8361.1005 10.2551 3.2655e+04
8393.9605 10.5446 4.4103e+04
8470.0005 11.7320 3.0876e+04
8479.4305 18.8946 5.6049e+04
8486.7105 10.1518 2.3696e+04
8506.7705 14.9228 4.0674e+04
8638.3905 11.1437 2.8647e+04
8657.1905 14.0085 2.8292e+04
8667.6405 10.1974 3.4177e+04
8691.9705 10.8859 2.1174e+04
8719.0705 13.2010 3.8289e+04
8745.7405 12.7767 2.0880e+04
8778.6905 12.8278 3.1363e+04
8927.3305 16.4556 5.6368e+04
9100.8106 10.4708 4.8246e+04
9107.6206 13.9936 4.1609e+04
9261.2806 11.9654 1.5899e+04
9270.9806 12.8916 2.4616e+04
9314.9806 14.2704 3.9109e+04
9357.2406 16.1173 4.4221e+04
9373.4706 10.6449 2.9431e+04
9393.5906 10.7785 1.7029e+04
9412.2306 10.5040 1.7589e+04
9427.5006 12.2667 5.9570e+04
9445.8706 16.2887 8.2689e+04
9473.9206 10.0490 1.7861e+04
9512.6606 10.2308 2.4231e+04
9580.0506 11.7533 3.9323e+04
9624.5806 11.3604 3.8761e+04
9685.2606 12.1156 3.9657e+04
9720.5706 11.0374 2.2776e+04
9811.8906 13.0282 5.5010e+04
9848.8406 10.6980 3.3409e+04
9864.6006 10.4047 2.0654e+04
9876.0806 11.8642 2.7432e+04
9901.9106 12.7750 2.8166e+04
9906.1006 10.2156 4.5397e+04
9910.1206 14.1911 4.2528e+04
9921.5506 10.9763 3.5561e+04
9936.9906 14.9623 4.3058e+04
9945.8106 10.1920 4.8175e+04
9957.1906 11.7393 4.9363e+04
9972.5606 18.5651 7.0427e+04
9987.0606 15.7274 2.3457e+05
10017.5606 10.1404 3.7356e+04
10021.0706 11.5591 6.3629e+04
10022.6706 12.6975 4.5829e+04
10043.2106 12.3457 2.2139e+04
10057.0506 13.5194 1.8056e+04
10074.8606 16.3956 3.4491e+04
10076.6606 11.3645 2.7252e+04
10085.8306 17.7849 5.5317e+04
10101.9306 11.0705 2.1552e+04
10132.1006 12.4155 3.2065e+04
10166.2506 13.6419 4.2846e+04
10182.2006 11.1632 3.7271e+04
10209.6106 16.0682 3.6195e+04
10222.9706 16.5233 3.6161e+04
10251.5506 10.4340 3.3015e+04
10298.2106 12.6765 3.2066e+04
10320.9506 16.5322 1.9160e+04
10332.3706 10.0089 3.6296e+04
10336.7306 11.3068 4.6753e+04
10430.7806 11.1954 2.3080e+04
10472.0506 10.0782 2.1420e+04
10480.4406 11.0535 5.4789e+04
10559.3106 11.7634 2.7073e+04
10682.4307 16.1477 3.9478e+04
10693.2107 12.2560 4.0659e+04
10705.1807 16.9490 1.0701e+05
10716.8607 11.9226 4.2809e+04
10730.6107 13.5723 6.3154e+04
10792.2107 15.7807 3.9330e+04
10807.5607 10.3454 1.7163e+04
10855.4007 10.4525 2.1945e+04
11107.3307 12.3813 2.5728e+04
11197.4607 10.1600 2.6974e+04
11785.1107 11.6033 3.9113e+04
11824.6807 11.0799 6.2157e+04
12518.8208 10.9844 2.1921e+04
12784.1708 10.6293 2.1619e+04
12865.1908 11.9277 7.1472e+04
13253.5608 11.3289 1.1090e+04
13958.7209 10.1038 4.4748e+05
14411.3509 14.4517 1.9334e+04
14571.6509 12.9607 1.4918e+04
14604.0109 10.0140 2.7255e+04
14613.2609 11.0100 6.4900e+04
14850.0709 10.1024 2.3990e+04
15690.9710 12.6937 2.2737e+04
15710.6010 11.1386 1.3224e+04
15723.2210 11.7111 1.3903e+04
16428.5210 10.5097 2.1057e+04
17211.1511 10.7561 2.2722e+04
17359.7411 12.3475 2.0328e+04
18788.9511 10.5620 1.4273e+04
18938.9912 11.1187 1.5236e+04
20041.2312 10.5612 1.7505e+04
20839.5413 12.1077 1.3307e+04
20855.9413 13.1092 7.0770e+03
20962.9513 13.4427 2.0535e+04
21225.9713 20.3817 2.0198e+04
21295.8513 12.0432 3.5499e+04
21328.2613 12.8683 8.8050e+03
21431.5313 15.9439 1.3652e+04
21496.3813 12.1508 2.2001e+04
21506.9513 12.3565 3.1739e+04
21544.2813 12.5144 8.5668e+03
22365.2214 11.9260 1.6649e+04
22388.6814 10.3926 1.1053e+04
22613.7314 11.8417 1.0007e+04
22691.2614 13.7991 1.0918e+04
22956.9114 11.2626 1.0403e+04
23273.4114 18.2384 2.7626e+04
23581.1014 10.7475 2.7917e+04
23924.1115 14.7068 3.0876e+04
24088.3315 14.4620 2.8568e+04
24111.5615 11.9636 1.6066e+04
24759.6415 10.9117 5.1839e+04
25276.1015 16.0124 8.1461e+04
25380.8815 10.2442 2.1979e+04
25472.4316 12.2125 1.4824e+04
25482.2716 13.9247 3.5055e+04
25634.1016 16.3880 1.0813e+05
25810.1416 12.3887 6.2977e+04
25963.6116 13.2054 1.4096e+06
26417.0816 10.3912 1.8910e+04
26999.1516 13.0410 1.8319e+04
27027.0316 12.4243 2.5782e+04
27152.6317 10.2918 3.2736e+04
27560.2117 11.4375 6.8628e+04
27598.8317 10.2594 6.8061e+04
27599.8217 14.2549 7.4063e+04
27734.0217 12.0473 2.1584e+04
27787.0317 23.1256 2.3501e+05
27800.8617 10.9067 8.7323e+05
28284.9717 14.3272 1.2424e+04
28498.9217 12.2573 9.3238e+04
29710.6818 10.3162 2.5874e+04
29723.0018 10.9316 3.7750e+04
29733.5318 10.1605 2.6874e+04
31161.2019 11.1737 2.4124e+04
31342.9019 13.2778 2.8273e+04
32038.7820 10.6144 2.4458e+04
33586.1320 10.0228 1.9670e+04
34209.8821 15.2423 8.2543e+04
34364.0121 11.7812 5.9918e+04
34395.7521 10.7865 4.2232e+04
34404.0421 10.8385 4.4882e+04
34418.6721 11.7241 1.2718e+05
34598.0921 12.0689 1.8999e+04
34635.7721 11.8940 2.5626e+04
35140.4921 12.4473 1.0313e+05
35165.8221 15.5576 1.0903e+05
35166.2521 11.9751 9.5442e+04
35286.9122 11.3193 2.9877e+04
35329.8822 10.5476 1.3357e+04
35337.3822 16.6825 3.2170e+04
35448.6322 16.8346 4.6453e+04
35466.6522 13.1812 2.3894e+04
35545.0322 10.0445 5.4362e+04
35701.3522 11.1139 2.3345e+04
35769.8322 11.9639 3.0491e+04
35820.5422 10.5813 2.7382e+04
35944.7222 10.1630 3.6357e+04
36088.4422 13.4831 4.5141e+04
36373.3922 12.0213 2.1597e+04
37191.1323 11.1309 1.9179e+04
37960.0923 10.8066 2.1444e+04
38987.8124 11.8274 1.0839e+04
39037.5524 13.8151 1.0621e+04
39506.8824 11.4131 1.1720e+04
39764.7924 14.7014 3.4588e+04
40117.4724 11.2890 1.3117e+04
40605.9225 10.2806 1.4069e+04
41042.8325 14.0154 5.2737e+04
41226.8725 11.3427 3.4117e+04
41998.4926 10.6872 1.8891e+04
42756.0226 10.3124 1.9878e+04
42976.2626 10.6711 4.7504e+04
43328.2226 15.1742 3.0564e+04
43514.0827 11.3776 2.9116e+04
43524.5327 12.3995 7.2463e+04
44105.9027 11.5780 2.3843e+04
44151.4127 10.4521 1.5527e+05
44287.4227 12.1753 5.0874e+04
44339.9327 10.3052 4.9901e+04
44490.7227 16.9151 1.3399e+04
44660.9327 13.4730 1.4297e+04
44706.2127 13.4714 1.3839e+04
44725.0327 12.3674 5.4322e+05
44744.0427 20.5038 1.3683e+05
44878.0527 12.4929 3.6811e+04
45297.6228 13.6838 2.5939e+04
45313.3728 12.8939 1.8365e+04
45389.3628 13.2419 1.6039e+04
45425.5628 11.1507 2.8238e+04
45697.6028 10.0789 1.4257e+04
45706.0028 12.0469 1.8420e+04
46712.3529 14.9429 2.6226e+04
46804.2929 12.9913 2.9568e+04
46978.8629 12.6464 2.9324e+04
47009.7429 10.2860 9.5492e+03
47058.4229 14.1501 1.9726e+04
47076.5329 14.4511 2.6102e+04
47232.6729 11.3403 3.5168e+04
47523.5729 13.5523 7.2526e+04
47527.9129 10.0564 1.0755e+05
53302.5833 11.4119 1.5463e+04
53341.1933 10.3237 1.2911e+04
53430.8133 12.0757 1.7230e+04
53467.5133 12.7454 2.3593e+04
53827.0833 10.4615 9.4068e+05
53922.4633 11.0205 1.0656e+05
54198.8233 10.2743 1.2737e+04
54793.8633 13.6933 3.1913e+04
54819.8633 10.0451 5.2410e+04
54821.3633 13.0702 5.2410e+04
54892.2734 10.5288 1.1754e+04
54966.0734 12.9399 1.1333e+04
54998.6534 11.2099 9.4132e+03
55045.5434 17.8158 1.2658e+04
55084.9934 13.5107 5.2938e+03
55099.8434 13.0948 1.8596e+04
55751.2034 13.2076 1.1806e+04
55793.9734 11.4906 1.1754e+04
55847.7834 11.5305 1.3278e+04
55872.9734 10.0544 1.2496e+04
56217.6534 11.3386 1.0098e+04
56270.4534 13.2582 1.6591e+04
56401.6834 11.1554 2.6525e+04
56405.8034 13.6671 2.1870e+04
56419.3734 10.9381 5.0086e+04
56819.6335 10.0294 6.5940e+03
57191.5835 14.3430 1.3082e+04
57235.4535 10.7201 1.5443e+04
57292.7535 14.7776 1.0816e+04
57359.2335 12.7013 6.1784e+03
57485.6435 11.7811 9.1367e+03
57664.7535 12.0431 7.5569e+03
57749.5035 14.0382 7.5789e+03
57984.9035 14.9352 4.9875e+03
57990.8835 11.2318 4.6605e+03
58410.1236 13.6303 1.9797e+04
58423.2736 10.3052 7.0994e+03
58495.9436 11.4173 1.2355e+04
58496.4536 12.2500 1.1342e+04
58542.8236 10.1576 4.5220e+03
58584.7736 11.2654 5.1983e+03
58627.2936 12.1296 7.5839e+03
58860.5436 10.7310 8.8231e+03
58874.2536 17.4420 3.0992e+04
58898.8036 14.6031 1.5262e+04
58914.3436 11.8931 1.1690e+04
58995.6136 13.0459 1.2800e+04
59041.6236 15.6870 1.5972e+04
59103.4636 21.5187 5.8234e+03
59112.7736 17.9438 4.1397e+03
59135.1636 23.1893 8.9135e+03
59148.6336 11.1719 4.1622e+03
59174.5136 21.9998 1.2255e+04
59180.8136 19.7616 6.8355e+03
59188.0836 18.3050 6.0720e+03
59214.7436 24.1142 1.2979e+04
59236.4236 16.6055 1.0950e+04
59289.8336 23.8502 1.3189e+04
59330.1436 23.2208 6.2898e+03
59346.1136 24.0120 6.9313e+03
59361.4836 10.8169 3.0707e+03
59381.3336 20.2591 6.3411e+03
59390.5836 22.4915 7.4229e+03
59405.2636 24.3665 9.8577e+03
59446.9436 14.5935 5.8078e+03
59534.0236 12.1990 6.1661e+03
59535.5336 13.9386 1.1762e+04
59653.2436 17.6934 7.7025e+03
59706.8736 22.3900 5.1412e+03
59768.4736 21.5145 7.5630e+03
59819.7437 25.4371 2.2765e+04
59941.6737 11.4559 1.5032e+04
59964.9837 14.0848 2.0446e+04
59977.6537 22.7505 9.1112e+03
60193.3037 15.7502 1.4140e+04
60359.3737 16.1015 1.3752e+04
60359.9137 19.1231 4.7983e+03
60370.1737 23.1804 5.8542e+03
60393.0137 23.0886 7.6797e+03
60402.4037 15.2036 3.2281e+03
60413.2937 22.8167 6.1099e+03
60464.5937 24.4553 7.5193e+03
60480.0137 14.7627 1.3697e+04
60482.4137 11.6228 2.2165e+04
60486.0137 11.7744 1.9042e+04
60525.7537 24.7223 6.8600e+03
60588.0337 12.7966 8.4779e+03
60708.7137 13.2235 1.4119e+04
60709.4837 16.0800 6.5346e+03
60736.1537 24.6657 1.2905e+04
60756.7437 12.8260 3.8389e+03
60770.6237 24.9523 1.2146e+04
60793.9737 19.9793 2.9875e+03
60800.3037 12.7057 2.8059e+03
60823.9037 23.3268 6.9338e+03
61277.4637 12.3236 4.2362e+03
61289.3337 25.4481 1.7463e+04
61320.1237 22.1743 4.1844e+03
61340.1337 11.5467 6.4620e+03
61377.3437 10.5518 9.0522e+03
61412.4137 24.0165 4.7781e+03
61625.0838 11.8507 7.0346e+03
61634.4538 10.8847 4.3436e+03
61722.8938 24.6704 9.8728e+03
61750.0538 19.8218 2.8959e+03
61764.1638 17.2338 4.9318e+03
61931.5938 12.8950 1.3256e+04
61935.2238 22.2189 8.5068e+03
61948.9238 23.6139 8.6495e+03
61980.7438 18.0174 3.6650e+03
62038.2838 15.0820 2.0344e+03
62062.4938 24.0119 4.9648e+03
62077.0338 16.6008 5.2896e+03
62184.1638 22.2340 1.5898e+04
62227.7138 23.7588 1.3296e+04
62792.8138 10.2565 4.4093e+03
62821.5638 12.2240 6.4905e+03
62965.5038 12.1911 6.1619e+03
63028.9238 11.4032 3.3960e+03
63222.0039 13.0986 7.6282e+03
63380.2239 14.8630 3.4209e+03
63746.8139 10.9541 7.5446e+03
63803.6439 15.4867 1.5270e+04
63804.4039 10.0106 1.3877e+04
63839.4239 17.9704 9.7806e+03
63873.0339 11.9189 7.5113e+03
63893.9939 12.3135 5.3781e+03
63929.4139 10.7353 5.4316e+03
64337.3539 12.3956 8.6689e+03
64339.8139 13.6566 8.8995e+03
64488.6639 12.2209 1.2457e+04
64619.7939 22.3988 8.5990e+03
64816.0740 17.8213 4.3025e+03
64844.8040 10.0076 5.0158e+03
64863.9040 16.4015 3.1296e+03
64884.2540 11.1714 5.5213e+03
64997.6940 25.5050 1.1993e+04
65191.3540 11.4367 2.9222e+03
65202.8440 12.2368 5.1979e+03
65513.5140 22.8689 6.6606e+03
65533.6740 14.1182 3.5589e+03
65751.0840 11.4553 3.5345e+04
65889.9240 10.3099 3.4904e+03
65903.8540 10.0370 3.6482e+03
65979.7940 16.5850 3.9198e+03
66060.3840 12.5941 4.1850e+03
66242.1840 12.9662 7.0748e+03
66436.9841 14.0416 4.7789e+03
66471.6441 15.2752 9.8814e+03
66474.2341 21.6285 4.0879e+03
66504.6641 24.8024 8.5963e+03
66705.2141 23.2584 8.7673e+03
66783.8441 13.8441 4.7562e+03
67164.4741 12.9187 3.0073e+03
67170.5941 11.8494 2.4318e+03
67184.8041 15.2379 1.0345e+04
67186.3341 20.7331 3.1103e+03
67195.0141 13.0635 1.8225e+03
67202.8941 23.0679 3.8653e+03
67400.0541 13.1747 2.3579e+03
68516.4442 12.7444 1.4436e+04
68547.7342 10.1926 4.4170e+03
68577.8942 15.4930 5.1083e+03
68619.7942 13.6972 6.9966e+03
69008.2742 11.4822 3.3974e+03
69014.8342 10.5147 8.1509e+03
69034.4942 13.1238 2.4195e+03
69050.0742 15.4453 2.3486e+03
69058.3242 11.6358 3.6303e+03
69068.7042 12.6767 2.6028e+03
69075.3442 10.9927 3.1362e+03
69096.7442 19.1677 3.6011e+03
69109.8242 23.6817 6.8645e+03
69128.9242 10.6246 6.1171e+03
69130.9842 15.5983 4.2099e+03
69199.5442 22.4037 5.3414e+03
69298.5442 20.2824 6.7785e+03
69306.4242 14.4382 3.1924e+03
69326.3642 11.6376 2.4752e+03
69727.6743 12.9314 3.1904e+03
69782.4243 26.2469 8.8576e+03
69809.6943 21.5048 3.8316e+03
69826.6043 24.1006 7.1297e+03
69936.7743 11.1712 3.5720e+03
70001.0043 15.4806 3.9257e+03
70061.2743 22.5534 7.7521e+03
70088.8443 16.3919 1.0929e+04
70092.3543 22.7556 9.8302e+03
70092.9443 11.4497 3.5765e+03
70109.6443 12.7086 2.9108e+03
70182.2843 25.1305 8.1486e+03
70196.5143 12.4648 3.7613e+03
70233.6043 24.0135 8.5286e+03
70315.1943 22.5448 5.1528e+03
70359.8543 24.8379 7.5070e+03
70394.0843 16.1306 4.4053e+03
70396.3543 13.8294 2.5422e+03
70423.7543 21.9223 4.9114e+03
70493.4643 11.5979 3.8685e+03
70513.4643 24.0794 6.7856e+03
70538.2943 24.8010 8.6092e+03
70556.2143 23.8916 7.1578e+03
70583.8943 20.5193 8.9620e+03
70613.4043 14.0479 1.2117e+04
70743.5743 17.2407 5.2901e+03
70868.5643 11.1924 5.1689e+03
70882.7843 12.6618 3.3656e+04
70885.9643 13.2402 3.3656e+04
71003.4943 18.0350 5.3074e+03
71014.7843 17.0206 2.7264e+03
71399.1944 13.9781 4.0537e+03
71430.7044 13.8897 1.4941e+04
71436.5444 11.5032 1.2097e+04
71445.5444 11.0064 5.3317e+03
71483.6144 24.1608 1.1624e+04
71508.3444 22.1837 7.1972e+03
71572.4344 11.8466 5.7011e+03
71638.8144 17.2080 3.1266e+03
71652.4244 23.1932 5.3323e+03
71667.2544 15.7926 2.8407e+03
71693.0744 22.8667 4.6064e+03
71711.5944 19.8798 4.5531e+03
71751.6244 22.2028 4.4873e+03
71782.4744 23.1696 4.6067e+03
71852.2344 24.8931 1.0229e+04
71869.4644 17.9578 2.6303e+03
71884.7044 10.6502 7.2328e+03
71886.7744 21.3481 5.9131e+03
71973.9244 14.3821 3.0001e+03
71987.0344 24.2558 9.4747e+03
72009.9044 23.9978 7.9385e+03
72069.1444 13.1188 3.9021e+03
72092.0744 23.0814 4.7423e+03
72101.1144 10.4103 1.9532e+04
72101.6644 22.5283 6.6457e+03
72116.3044 11.3924 4.0229e+03
72150.5044 10.5693 4.8400e+03
72181.4444 21.1022 4.4465e+03
72189.1644 18.5975 2.6857e+03
72200.3644 16.2034 3.0798e+03
72208.2844 18.6967 3.4962e+03
72261.3144 10.9218 3.3771e+03
72306.4744 14.1802 2.3105e+03
72328.0844 20.0842 3.3205e+03
72352.9544 15.1439 3.3759e+03
72418.7744 12.8077 4.5713e+03
72512.0944 11.6708 7.7072e+03
72620.2744 20.1625 6.2150e+03
72633.4644 22.9425 5.2529e+03
72651.6044 19.0887 1.0098e+04
72654.5344 17.0256 3.4712e+03
72664.8544 10.7672 4.5974e+03
72799.1044 18.2449 4.3146e+03
73035.3445 10.0501 3.2513e+03
73067.8145 22.0186 3.9781e+03
73103.8245 22.0868 4.7573e+03
73109.9745 22.9180 7.3324e+03
73140.0745 22.6348 4.9047e+03
73151.4445 20.4216 3.9571e+03
73172.1745 10.6983 3.3617e+03
73181.4845 17.2245 4.8621e+03
73191.3345 14.5940 5.6450e+03
73195.3545 19.2277 3.2118e+03
73218.4645 12.7247 5.8079e+03
73229.7145 16.1320 2.4859e+03
73245.7845 23.1175 5.0152e+03
73309.2945 10.5781 4.5457e+03
73414.1645 13.0128 2.9001e+03
73430.1045 10.3910 2.2960e+03
73843.6845 13.0723 3.0812e+03
73853.6745 12.7543 9.3418e+03
74012.5645 10.6882 1.5945e+04
74017.0245 11.4177 1.4784e+04
74249.6645 10.6261 8.4684e+03
74438.0045 12.8981 3.4193e+03
74477.6845 14.6339 5.7580e+03
74481.1045 11.1629 4.7066e+03
74519.9345 10.2572 3.0377e+03
74805.2946 18.1773 8.7255e+03
74832.2446 16.1475 6.4612e+03
74845.1246 19.5098 4.2785e+03
74862.1946 14.3179 6.5185e+03
74862.5746 14.2077 3.9344e+03
74879.2346 10.4232 7.2793e+03
74879.6846 11.8842 2.6303e+03
74955.8746 10.0667 2.5712e+03
74967.7146 13.1867 6.5526e+03
74968.3946 14.9952 2.7407e+03
74981.2246 23.4749 6.9298e+03
75023.6146 11.2681 2.1341e+03
75031.9646 11.2791 2.0009e+03
75037.0346 10.0401 1.7393e+03
75068.8046 15.5109 3.0866e+03
75087.7746 22.4058 7.5225e+03
75113.7246 10.3697 1.7872e+03
75124.2946 14.7654 3.2715e+03
75144.0046 18.5757 7.0176e+03
75147.9846 13.6140 3.0921e+03
75165.8246 13.3832 2.5531e+03
75173.9646 21.0802 5.5466e+03
75197.9546 19.1739 2.8209e+03
75211.8346 21.1060 4.0909e+03
75250.8546 23.7107 4.7860e+03
75273.3746 22.6558 8.8128e+03
75277.4646 15.0105 3.8578e+03
75289.8446 15.4794 3.8464e+03
75297.7146 21.8603 3.9976e+03
75307.0546 12.8871 4.1070e+03
75309.7146 12.1766 4.0140e+03
75318.6746 12.4892 6.0747e+03
75321.2646 16.4181 2.9297e+03
75344.3346 21.5962 4.7265e+03
75363.9146 10.3942 4.9606e+03
75365.9946 12.0939 1.9968e+03
75387.7546 22.8525 9.2580e+03
75391.5446 15.8978 3.7440e+03
75397.9446 10.4713 2.1836e+03
75451.9446 18.6959 3.4068e+03
75462.1246 11.9146 4.4342e+03
75485.8346 21.9483 5.4897e+03
75587.5246 24.8176 7.5821e+03
75632.0346 22.2175 4.5047e+03
75638.1946 16.9873 1.0358e+04
75638.5546 13.6835 1.0182e+04
75639.1946 13.1872 2.4670e+03
75651.6146 21.9784 3.7951e+03
75796.5946 14.0753 7.8960e+03
75799.0846 17.0842 4.6885e+03
75852.0146 23.7518 8.6400e+03
75877.1546 23.1825 3.5847e+03
75896.9746 22.3364 4.2031e+03
75908.4346 16.8446 2.5400e+03
76055.1046 21.3497 9.7764e+03
76069.3346 16.4585 2.0504e+03
76128.7646 17.8663 3.6842e+03
76156.6246 15.4673 6.5020e+03
76157.0946 11.3038 4.4848e+03
76163.5446 14.8179 2.0090e+03
76207.3047 24.2982 1.1464e+04
76225.3447 12.5620 2.4944e+03
76236.1947 25.2222 1.0588e+04
76280.8147 17.0370 3.4440e+03
76288.1847 21.3750 5.3330e+03
76293.1547 17.3048 5.2475e+03
76421.6547 11.8452 2.6156e+03
76461.9147 18.9523 3.3985e+03
76474.0147 23.8440 5.3382e+03
76509.5747 21.3314 3.4560e+03
76525.7147 14.2169 1.2614e+04
76528.9547 12.5717 1.0820e+04
76544.3747 22.3286 6.0820e+03
76626.5047 23.8999 1.3658e+04
76657.7147 10.7678 8.4540e+03
76675.9847 15.5829 5.7278e+03
76701.2847 12.6694 3.3379e+03
76711.2847 14.6681 5.9478e+03
76724.9247 13.9019 9.2831e+03
76743.0047 14.7511 1.4564e+04
76745.7147 14.9501 5.0365e+03
76765.6247 20.1116 1.1346e+04
76815.8247 23.5516 1.1382e+04
76827.7447 20.0591 7.3087e+03
76844.1447 18.0737 4.1569e+03
76870.7347 24.7660 2.5611e+04
76948.2247 26.1403 2.2171e+04
77017.7447 17.0305 1.1277e+04
77020.9447 13.5792 1.0194e+04
77050.4647 13.0689 1.3990e+04
77058.4847 12.7661 1.4879e+04
77165.2147 22.5689 1.1805e+04
77191.5947 21.6579 8.8362e+03
77273.9147 21.2808 8.1442e+03
77283.5547 19.9515 1.0345e+04
77365.8247 21.1058 9.7478e+03
77370.6247 23.7534 1.6734e+04
77499.7147 11.6910 2.2904e+03
77510.0747 20.5202 7.5853e+03
77595.5447 17.9309 5.6200e+03
77624.4347 25.1066 3.1364e+04
77660.2947 15.2888 4.3645e+03
77666.8947 23.3211 1.3348e+04
77681.1547 22.7902 1.0194e+04
77694.1447 13.9410 2.6984e+03
77734.3947 15.2638 4.4740e+03
77750.2447 15.4747 2.6320e+03
77767.8047 19.7035 4.5189e+03
78103.8148 12.1301 9.5948e+03
78104.7448 10.5698 9.5948e+03
78105.5548 11.4849 7.0836e+03
78350.5948 10.5090 1.9045e+04
78545.7848 23.6292 2.0009e+04
79068.8748 16.3792 4.0945e+03
79166.0748 13.3305 7.0367e+03
79248.4648 10.6527 2.4959e+03
79306.7048 14.0156 8.7001e+03
79308.7148 15.2402 8.7001e+03
79440.2548 17.2285 2.1401e+03
79472.9549 11.6640 5.0407e+03
79491.6949 11.8743 8.8023e+03
79497.5649 14.5864 1.3653e+04
79516.5449 10.0177 6.1720e+03
79574.0149 23.9828 1.1232e+04
79590.4449 14.5777 1.2026e+04
79594.5349 16.7690 3.8413e+03
79621.1449 18.7937 2.5393e+03
79642.6749 19.3743 4.1000e+03
79804.8049 18.8288 4.2975e+03
79833.4149 17.5317 2.4731e+03
79949.4849 14.8950 6.7112e+03
79976.3049 23.7952 5.8302e+03
80083.0949 25.4182 2.2094e+04
80094.3049 10.8226 1.1229e+04
80231.5149 12.1329 1.2043e+04
80460.0449 12.6706 3.9436e+03
80569.2849 12.3149 7.6504e+03
80754.2549 11.2340 2.5203e+03
80917.5149 15.7573 4.7855e+03
80958.1949 14.0976 5.5607e+03
80965.7549 12.4246 2.6790e+03
81072.1549 11.0472 9.0181e+03
81083.9849 13.9349 9.4242e+03
81141.5150 13.7693 7.8594e+03
81142.8850 10.4034 7.8594e+03
81254.8350 14.6801 4.0345e+03
81311.1350 11.4511 3.6417e+03
81498.8850 23.9721 5.2156e+04
81542.8950 25.1899 1.8101e+04
81571.7850 24.3633 1.4040e+04
81591.1050 12.7593 8.1976e+03
81602.5850 24.0982 4.2648e+04
81618.0250 22.8684 3.3592e+04
81660.6050 23.3357 1.3959e+04
81694.9950 14.0365 7.6171e+03
81708.3950 11.2179 4.6675e+03
81755.2450 23.1326 1.0224e+04
81776.7150 22.4537 6.7913e+03
81974.1750 20.2552 2.8030e+04
82004.5750 19.7013 1.0764e+04
82183.5350 12.6118 4.1909e+03
82326.6550 10.9621 3.6001e+03
82358.2750 11.7566 4.9880e+03
82614.2950 11.3263 7.8319e+03
82835.4151 18.2601 8.4856e+03
82849.4551 10.3020 2.5501e+03
82895.8851 10.9031 6.3933e+03
82952.6151 17.2577 7.3767e+03
82964.2251 12.4783 3.6859e+03
82973.8951 12.6502 1.3369e+04
82974.6851 18.0984 7.7291e+03
82982.1051 11.0041 5.7141e+03
83027.6451 22.3487 8.0406e+03
83293.8451 12.3843 3.4555e+03
83300.9451 17.4350 3.5030e+03
83388.7451 11.3386 4.6226e+03
83399.7151 11.8337 4.7504e+03
83417.5551 15.0009 7.2633e+03
83528.4051 15.5908 6.6695e+03
83533.0351 12.6928 2.9981e+03
83559.8051 21.7042 7.3957e+03
83597.2951 13.5682 5.9964e+03
83676.5351 10.1344 1.2302e+04
83680.3651 10.3280 1.2298e+04
83851.4651 10.4625 6.1260e+03
83964.6351 12.1884 5.2462e+03
84333.2451 15.3446 1.4320e+04
84375.4551 10.3926 7.9448e+03
84430.2252 12.1565 3.5331e+04
84462.0752 13.4827 1.5251e+04
84639.8552 11.2304 1.1797e+04
84684.9952 11.5167 1.7284e+04
85056.7252 13.1235 2.5881e+04
85157.5052 13.8862 1.2526e+05
85159.3852 10.2838 1.2526e+05
