118.5200 14.6844 1.8832e+05
124.9400 10.5043 1.7522e+05
580.3400 12.7167 4.2436e+05
741.3300 10.7236 3.7959e+05
918.9201 11.3727 3.0590e+06
1293.5301 14.5462 5.1080e+05
1317.2701 12.0893 5.8840e+05
1481.8301 10.0791 4.2283e+05
1497.1101 10.8123 7.1444e+05
1646.5601 10.9977 7.7384e+05
1668.6901 10.9826 5.2900e+05
1698.4901 12.8814 6.3951e+05
1727.0001 14.4066 1.2467e+06
1763.7501 12.5692 4.0359e+05
1893.5301 10.3552 2.2984e+05
2108.4101 12.1908 1.8166e+05
2225.7101 11.0630 3.6782e+05
2862.1502 17.7517 1.0842e+06
2864.5702 10.9956 8.7035e+05
2921.6502 11.3730 4.3495e+05
3005.1602 23.8165 1.4402e+06
3050.0902 12.5508 3.0314e+05
3463.5302 10.2793 2.1509e+05
5131.9403 10.0470 2.7060e+05
5543.0503 10.5197 3.0006e+05
5604.9503 10.1080 2.5512e+05
6404.3704 10.4684 3.0675e+05
6541.7604 11.6364 3.3165e+05
6686.5404 12.3108 1.2290e+06
7480.4505 10.1222 4.7402e+05
8189.6505 10.1458 4.1076e+05
8240.1605 10.1913 2.9354e+05
8252.2705 13.9159 3.0116e+05
8279.0305 10.9355 4.8679e+05
8283.2805 10.2196 3.2440e+05
8397.6405 14.2092 5.2079e+05
8472.9205 12.6537 4.1456e+05
8677.3605 13.3714 5.3810e+05
8997.4405 11.1636 4.1797e+05
9013.2606 16.1229 5.0976e+05
9024.2806 16.3899 5.9803e+05
9173.2906 15.1788 2.3792e+05
9219.0806 13.4961 4.8280e+05
9238.5306 12.6472 5.4497e+05
9253.5006 10.8995 2.9808e+05
9262.4906 13.8672 3.5506e+05
9270.7406 11.1628 4.1068e+05
9303.5006 12.4296 3.2831e+05
9686.6106 10.6549 4.3153e+05
9823.0306 12.3091 6.7946e+05
9930.9406 12.9597 3.3812e+05
9970.6806 10.1309 2.6496e+05
10054.3106 10.9750 5.8180e+05
10496.8306 10.8732 3.7940e+05
10529.2406 10.2396 4.5608e+05
10596.9806 10.7986 1.3873e+06
10694.7807 10.8305 4.5249e+05
11078.2907 10.0454 1.9939e+05
11800.7107 10.3375 3.9504e+05
12109.8507 11.8473 2.2414e+05
12124.9007 14.9144 3.2823e+05
12187.3107 10.8828 4.8233e+05
13024.1208 11.9885 7.3514e+05
13133.4308 10.4810 1.6802e+05
13574.0208 10.1770 5.6323e+04
14204.9909 18.7665 5.7405e+05
14698.1109 16.5862 7.4185e+05
15020.1109 21.1383 2.9794e+06
15024.2309 15.3345 5.5018e+06
15027.2309 16.6246 3.9555e+06
15727.8910 10.5557 1.6238e+05
16684.4010 10.3506 2.8884e+05
17774.0611 11.5461 7.2190e+05
17776.1011 17.2237 7.2190e+05
17814.3111 10.2717 1.1950e+06
18012.4811 10.3918 1.5463e+06
18015.6711 14.3454 1.5463e+06
18080.9811 11.8728 3.6402e+05
18090.8311 13.6449 1.7557e+05
18136.2011 18.0930 6.8447e+05
18276.4211 13.2531 2.1970e+05
18300.7111 12.0147 5.2761e+05
18315.5111 17.1596 5.2342e+05
18353.9611 12.7947 3.2571e+05
18355.1211 10.2478 2.4391e+05
18369.7411 15.5790 9.4002e+05
18391.6311 11.1473 2.1079e+05
18397.4911 14.5184 5.3700e+05
18416.4911 19.4347 1.1027e+06
19178.5912 10.6898 1.7529e+05
19559.5312 10.9232 2.5359e+05
20023.6312 11.9396 5.2548e+05
20426.9212 12.4609 2.8937e+05
20747.1513 13.2591 1.3598e+06
20759.2613 11.3837 4.6685e+05
20804.1813 10.0911 8.3885e+05
20956.5613 12.2114 1.7811e+05
21018.5013 10.4337 1.3633e+05
21233.7413 16.0035 1.1113e+06
21386.1413 10.0245 7.8728e+04
21469.1413 13.8677 1.7365e+06
21470.7113 14.0333 3.0183e+06
21536.2513 11.7290 9.4147e+04
21577.7213 14.0958 1.9218e+05
21595.3913 12.9210 2.1717e+05
21620.0513 16.3581 6.3212e+05
21622.5013 10.3955 5.2839e+05
21695.6913 10.3569 1.5812e+05
21705.9513 12.5286 1.8282e+05
21910.3513 10.0672 2.3372e+05
22028.9113 15.8063 4.3842e+05
22098.9813 13.0926 1.1749e+06
22138.0314 11.9590 1.4963e+05
22233.0014 17.1983 5.2712e+05
22284.5914 16.4444 4.3682e+05
22465.0314 13.9727 4.2783e+05
22499.8114 10.9472 2.0540e+05
22546.9914 11.9477 1.1881e+05
22616.8414 10.5314 2.7880e+05
22642.5214 10.9747 3.8641e+05
22839.0514 11.7339 6.2663e+05
22892.2214 13.8613 1.7394e+05
22937.4514 11.5507 4.1488e+05
23209.6114 14.2151 6.7998e+05
23209.9814 10.7654 6.7998e+05
23215.6214 10.6770 1.6314e+06
23216.6214 10.1643 9.3766e+05
23309.3314 11.2876 4.7840e+05
23428.9514 13.1731 1.8239e+05
23433.6614 11.8963 2.3766e+05
23440.7514 12.4793 1.5065e+05
23447.8414 13.7272 2.2962e+05
23494.6814 10.1849 1.4422e+05
23999.6415 11.7101 3.9837e+05
24295.1415 12.5394 6.3131e+05
24476.3615 10.6450 2.9097e+05
24748.5515 20.0113 3.0090e+05
24792.2915 13.6393 7.9741e+04
24839.1015 10.9452 1.4513e+05
24842.0015 18.8819 1.6958e+05
24879.6115 14.1328 9.8742e+04
24880.1715 10.3875 7.9591e+04
24923.3715 10.2316 4.2818e+05
24926.6815 15.8093 4.2512e+05
24944.1515 11.8781 1.0721e+05
24952.1515 17.5849 5.6212e+05
24981.3215 12.2059 1.8528e+05
25009.4615 12.5594 3.0843e+05
25067.1215 10.4483 1.6477e+05
25220.9715 11.8327 1.4041e+05
25276.7915 12.3545 8.6904e+04
25417.0816 11.5728 7.2331e+04
25455.5916 16.3636 1.2311e+05
25478.9516 11.2390 3.4804e+04
25722.1516 10.2235 6.8248e+04
26069.9816 11.2927 9.5085e+04
26126.9916 14.7342 1.5842e+05
26144.8716 11.9498 9.1443e+04
26210.1616 11.6266 1.0743e+05
26211.4316 11.8957 1.0238e+05
26220.4316 11.8277 1.5536e+05
26223.0716 11.1781 1.5826e+05
26255.4016 11.7091 8.6061e+04
26400.3416 10.7747 1.0353e+05
26435.6816 15.1559 2.3241e+05
26524.3916 10.1144 5.2163e+05
26558.0116 12.5314 1.7222e+05
26582.0516 12.6291 1.1719e+05
26604.4016 10.2075 3.1140e+05
26609.8916 13.4653 8.0380e+05
26613.2816 13.3410 6.6687e+05
26668.9716 10.3424 1.0322e+05
26676.7416 16.9000 1.3518e+05
26751.7516 14.8945 1.6592e+05
26802.1216 10.3784 1.3311e+06
26804.7616 13.3444 1.3311e+06
26874.0216 10.2459 1.3972e+05
26923.5316 14.5468 1.5685e+05
26959.0816 13.6121 1.7520e+05
27184.7317 13.2846 1.5793e+05
27216.5517 10.5766 3.5917e+05
27351.4217 10.0449 5.2531e+05
27404.2417 12.6323 1.5188e+06
27445.8917 11.7363 7.0898e+05
27470.1817 11.7666 4.1212e+05
27478.2117 11.0634 1.1944e+06
27632.4217 10.4613 1.7706e+05
27673.6017 11.2797 1.8848e+05
27812.5117 11.8752 4.7210e+05
27814.2917 10.6013 4.7210e+05
28041.8617 11.3506 2.1473e+05
28346.7617 10.3992 8.7742e+04
28356.3217 13.1026 3.5394e+05
28356.9317 12.9297 3.5394e+05
28357.4817 12.5503 3.1027e+05
28529.8017 10.5423 2.2771e+05
28542.9717 12.1898 3.7775e+05
28687.8818 14.8307 1.4977e+05
28716.7918 11.8876 2.6545e+05
28891.3718 10.7369 1.5464e+05
28934.6518 15.3225 1.5372e+05
28986.4518 12.0683 4.7310e+05
29106.5418 10.3635 2.9577e+05
29110.2218 15.5595 2.6518e+05
29124.5018 14.7446 4.8426e+05
29128.7218 15.6378 3.6537e+05
29196.0618 13.0902 8.1751e+05
29224.1318 11.2119 2.0345e+05
29352.2218 11.1150 2.8223e+05
29387.7618 10.9308 4.6396e+05
29417.3918 12.0427 2.1379e+05
29445.0418 11.0260 3.4432e+05
29578.9818 11.2145 3.0333e+05
29663.7718 11.9806 1.6718e+06
29687.4418 16.3716 7.7257e+05
29819.5118 10.0284 8.3873e+04
29872.7518 10.7776 1.9004e+05
29999.0418 10.4921 2.3554e+05
30008.2718 10.1750 1.3748e+05
30062.2218 10.1937 1.1470e+05
30100.5218 10.5244 2.5431e+05
30288.0918 13.2505 6.1671e+05
30352.6819 14.4578 3.4837e+05
30385.0419 11.2202 1.1423e+05
30614.2719 14.7921 2.7326e+05
30623.9419 17.4396 2.1998e+05
30671.7319 17.8551 4.4776e+05
30759.6419 14.0543 1.8902e+05
30790.7219 14.1129 1.2379e+05
30804.8419 12.9673 3.9091e+05
30870.9819 10.8922 1.2192e+05
30900.9719 15.8509 2.1015e+05
30996.3019 10.8712 7.7555e+04
31011.3319 10.0672 7.0579e+04
31222.3419 15.0883 2.4461e+05
31357.7619 12.1174 8.9973e+04
31364.6019 10.6280 1.4888e+05
31392.3919 14.2853 7.6787e+04
31429.1719 11.7749 8.8772e+04
31671.0419 12.5918 1.3038e+05
31677.8619 10.8046 2.4985e+05
31706.4019 12.3498 9.9224e+04
31752.0419 13.4980 1.1627e+05
31773.5019 14.9980 1.2364e+05
31786.6519 12.3115 1.0376e+05
31799.3119 12.3153 1.3080e+05
31935.6819 14.4149 1.2184e+05
31956.0220 10.8324 2.6317e+05
31959.8220 12.8796 2.6579e+05
32060.4220 13.0297 2.7827e+05
32088.2220 12.6769 9.8990e+04
32235.9320 10.4823 9.3806e+04
32257.0220 12.9177 9.8050e+04
32357.5320 13.0118 2.9931e+05
32445.2820 12.4568 2.7637e+05
32493.0020 12.9664 1.9430e+05
32538.1020 16.4515 6.0270e+05
32637.2720 11.6259 1.1575e+06
32656.9920 13.6153 5.4056e+05
32734.1320 10.5031 3.2694e+05
32748.6220 12.2920 6.8455e+05
32765.8120 12.4879 7.2600e+05
32774.4120 13.8563 1.9414e+06
32774.8720 14.1651 1.9414e+06
32799.2320 12.5756 1.8333e+06
32873.5420 11.5561 7.5055e+05
32909.8020 12.8119 1.1389e+06
32961.5320 11.7986 1.4019e+05
32968.7320 19.6370 3.2816e+05
33146.1020 10.7806 1.5587e+05
33356.9120 10.7520 1.6195e+06
33357.5720 15.0608 1.5570e+06
34509.8821 10.4101 7.4108e+05
35204.6421 14.4471 7.4651e+05
35250.1022 10.4368 4.2194e+05
35652.2722 10.0743 1.2565e+06
35905.2222 14.7417 2.3969e+05
36196.1922 16.8336 5.5179e+05
36350.0322 10.4427 6.7053e+05
36354.2822 11.9296 1.6574e+06
36356.6322 11.7629 1.0102e+06
36384.8422 10.3301 4.4605e+05
37008.0223 12.5619 4.9243e+05
37025.0823 10.8515 1.3158e+06
37032.1423 12.4537 2.0023e+06
37032.5923 10.3159 1.8376e+06
37091.5623 11.4725 1.1570e+05
38022.2623 16.0334 2.6602e+05
38040.3923 14.8420 3.4564e+05
38042.5423 16.2443 3.0987e+05
38050.7223 10.4657 1.1548e+05
38254.0923 12.4201 7.2547e+05
38264.6523 12.3801 1.3501e+06
38353.2623 12.0489 2.6426e+05
38390.6623 12.9454 4.0008e+05
38464.1623 12.1051 1.4479e+05
38535.0524 12.8922 5.1025e+05
38585.4624 10.8096 1.6841e+06
38972.6124 10.9160 3.2132e+05
39138.9624 11.5960 5.0643e+05
39142.3524 12.1222 5.7766e+05
39143.1524 11.0859 5.7766e+05
39297.0424 13.9502 7.0224e+04
39312.2724 12.0452 7.8826e+04
39397.9824 10.2134 1.6334e+05
39439.6924 10.6183 5.0703e+04
39471.0124 12.6614 1.3039e+05
39522.8324 14.8304 3.1937e+05
39578.3624 10.5522 1.1499e+05
39579.6124 12.0875 1.1383e+05
39594.1024 11.5089 8.4311e+04
39639.5224 14.7827 7.8248e+04
39642.3024 10.9167 5.7495e+04
39656.0024 10.1983 2.7361e+05
39720.7624 12.9096 2.5302e+05
39749.9624 11.2916 6.1621e+04
39759.9724 10.6743 1.4287e+05
39774.0224 11.3701 5.9748e+04
39993.4524 12.3193 1.2898e+05
40024.4324 11.9573 3.2951e+05
40025.7924 10.7868 2.8919e+05
40026.3424 13.7631 2.7050e+05
40046.8424 10.9944 9.1336e+04
40069.9324 14.4232 2.3432e+05
40071.0224 10.4387 2.0764e+05
40300.7125 14.6070 9.6746e+04
41161.5925 10.3757 6.2053e+04
41198.6925 11.2291 4.9442e+04
41267.3425 14.0294 5.2887e+05
41825.9026 12.8966 4.9475e+05
41826.6726 11.7537 4.2674e+05
42685.4326 10.5188 1.7058e+05
43399.0626 11.8877 9.7733e+04
43701.6427 12.5306 3.1983e+05
43807.7827 12.8034 5.1146e+05
43966.9527 10.7346 3.4571e+05
44012.4827 10.7736 1.8255e+05
44032.7327 11.3809 1.1498e+05
44057.4527 12.2342 5.8183e+05
44109.0327 11.2811 4.3984e+05
44117.5227 20.1530 9.0110e+05
44140.5927 11.3284 4.4462e+05
44147.6927 15.0943 9.6348e+05
44161.9727 10.0132 2.1117e+05
44198.8827 10.3780 2.4096e+05
44217.6827 14.0658 4.1582e+06
44352.3627 10.4033 9.2122e+04
44386.1427 11.6553 1.4536e+05
44585.5127 13.5840 2.0997e+05
45718.0228 10.4215 1.3195e+05
45724.4828 11.6739 2.6904e+05
46717.2529 10.9493 6.1874e+04
46732.3529 14.0749 8.2494e+04
47138.4729 10.0644 8.3066e+05
47515.7929 11.7085 2.8703e+05
47612.0329 18.8310 5.5395e+05
47630.2829 11.1038 6.2632e+05
47661.0129 11.0105 1.2310e+05
48010.6029 19.0488 2.1405e+05
48044.9429 16.4673 1.4738e+05
48065.8729 13.7799 2.2871e+06
48202.1029 14.3385 1.4600e+05
48286.8529 19.1570 1.5592e+05
48302.3329 11.8226 8.7576e+04
48352.0930 10.7636 2.4481e+04
48509.7830 16.3322 5.2196e+04
48550.3630 10.2014 3.1806e+04
49464.7830 11.7478 8.9950e+04
49489.6230 11.4717 3.7045e+04
49868.6030 12.2947 2.7189e+04
50679.6031 12.6999 2.5988e+04
50899.0631 11.7443 4.2406e+04
51175.1431 10.3843 2.7139e+04
51360.1431 14.5276 6.2805e+04
51360.6031 12.1335 5.8355e+04
51470.5331 10.0225 4.6763e+04
52001.9732 10.2842 1.3949e+04
52149.8332 21.8341 1.5109e+05
52160.0232 17.6604 1.4126e+05
52547.6932 10.1328 3.2415e+04
52648.1432 10.0256 1.9205e+04
52764.6532 12.0502 6.6199e+04
53020.7932 13.1570 4.0914e+04
53201.4432 14.6019 4.3841e+04
53315.6833 10.4987 2.8243e+04
53366.4033 17.6456 5.1330e+04
53907.9633 11.4996 1.0051e+05
53975.8133 23.0316 1.3164e+05
54048.9033 12.3064 1.5832e+04
54135.0833 14.6131 6.0175e+04
54136.3033 16.4806 5.8065e+04
54412.6933 12.2825 3.4060e+04
54980.6434 10.3788 2.0440e+05
55090.6234 14.5157 4.6709e+05
55178.2634 11.4311 5.5016e+04
55316.2334 11.2270 7.6422e+04
55325.7934 10.5035 1.0148e+05
55390.5234 12.8189 2.6146e+04
55684.3534 11.3683 4.5746e+04
55688.2634 12.4659 4.0310e+04
55847.3434 17.0462 3.2985e+04
55949.7934 10.7839 2.1978e+04
56104.4634 10.8113 3.3181e+04
56346.1334 16.8631 3.9999e+04
56379.6534 11.6973 1.3761e+04
56540.9335 12.9456 2.3730e+04
56574.7935 11.9106 1.7385e+05
56577.9135 13.2905 1.7385e+05
56651.9435 12.1549 1.0345e+05
56858.1635 10.4712 1.9634e+04
56891.4735 14.9669 8.4946e+04
56957.6335 17.1168 1.1032e+05
57000.0435 10.3594 1.0141e+05
57000.9335 13.7234 1.0940e+05
57209.8235 12.3575 1.0569e+04
57503.8535 20.3649 2.0924e+05
57725.9635 11.4465 1.5148e+04
57739.7635 19.2040 5.2362e+04
57750.0735 14.2747 3.1257e+04
57759.8935 12.1966 1.8003e+04
57779.1735 11.4469 6.7605e+04
57783.1335 15.1009 7.6948e+04
57821.9735 10.7727 9.2157e+04
57881.3935 13.3952 1.7216e+04
58011.7735 10.2778 3.5635e+04
58025.7235 12.1220 4.8833e+04
58045.1935 12.1862 2.7622e+04
58145.2335 10.4747 4.1911e+04
58258.8336 10.8660 2.1907e+04
58275.8536 10.4808 1.9635e+04
58740.2536 10.1535 4.1293e+04
59069.7436 13.2167 1.6555e+04
59081.8036 20.2382 9.6435e+04
59086.5336 10.2355 1.7358e+05
59087.0336 11.8701 1.7358e+05
59088.0436 10.1598 1.7358e+05
59593.1736 10.6872 6.9841e+04
59744.6436 13.1600 4.1633e+04
59778.8336 19.4297 4.6526e+04
59873.5837 11.4140 2.9389e+04
59874.9337 10.6613 2.5241e+04
60237.9237 10.3648 1.6605e+04
60271.1237 13.1583 2.1583e+04
60317.7637 10.1693 2.4201e+04
60607.9537 10.3335 2.1234e+04
61450.9338 10.8791 2.0968e+04
61494.2738 15.9778 1.8980e+04
62101.8838 12.3245 1.9742e+04
62304.9138 11.7453 2.7078e+04
62390.8938 10.4140 2.4912e+04
62554.7338 10.3533 2.1324e+04
62696.9638 11.1050 3.0718e+04
62923.6438 13.4325 1.3279e+04
62947.9038 13.1970 2.5793e+04
63208.6139 12.3054 4.7381e+04
63244.0639 10.0230 2.2119e+04
63283.1239 12.0381 1.4620e+04
63642.4539 15.3890 9.7189e+04
63687.7339 14.0839 2.3473e+05
63710.6939 11.9980 7.4275e+04
63763.3839 10.1625 1.3223e+04
63892.1839 10.3630 1.2223e+04
64415.6639 12.1904 2.8838e+04
64646.3139 12.0523 1.2944e+04
64770.8840 13.6072 2.3510e+04
65909.6940 11.0086 3.8125e+04
66323.3240 15.2111 1.8592e+04
66650.0541 10.5038 1.1285e+04
66668.4341 10.2591 1.8036e+04
66732.4841 10.9593 8.9314e+03
66854.9841 12.0489 2.1639e+04
66866.0241 10.0529 2.2723e+04
67567.0341 13.5007 2.3852e+04
68442.4642 10.3816 5.4654e+03
68639.1342 12.9639 2.4526e+04
68851.8842 10.6685 2.5833e+04
68997.7242 16.4701 1.7516e+04
69006.1742 12.2988 4.1954e+04
69017.8442 11.2452 1.9459e+04
69263.6042 10.4143 1.3283e+04
70495.3743 10.9024 1.1134e+04
70819.2243 13.0104 1.2828e+04
71074.2043 10.2128 2.2638e+04
71078.9843 11.6419 2.1744e+04
72100.4744 11.7603 9.7728e+03
72599.7244 10.5298 1.7850e+04
73051.8345 15.6834 3.9353e+04
73137.3345 10.3509 1.1032e+04
73666.4845 10.2031 2.0696e+04
74225.3445 12.1339 1.1551e+04
74354.2145 10.6241 1.5159e+04
74541.1545 16.3344 1.9950e+04
74903.9346 10.2997 2.8763e+04
75252.2546 13.4688 7.1541e+04
75252.9646 11.2535 6.6805e+04
75418.1446 10.0463 1.2591e+04
75573.4646 14.8331 9.1773e+03
75698.3346 11.2999 1.6211e+04
78286.7948 14.5025 3.2690e+04
78342.8448 13.3149 3.3200e+04
78439.8448 18.5613 2.0004e+05
78446.3348 12.3945 1.6060e+05
78934.1448 10.2943 1.2751e+04
79782.5549 10.5784 2.8619e+04
80667.9649 10.6337 1.7638e+04
81180.4650 10.9337 4.5124e+04
82991.7251 10.2448 2.6724e+04
83753.4751 11.4390 1.1388e+04
83780.2451 14.3981 1.6953e+04
84055.1251 18.6091 5.1489e+04
84078.0151 18.4072 2.2734e+05
84079.7051 13.0772 2.2316e+05
84080.7751 10.7970 1.2758e+05
84123.6751 10.0453 2.2430e+05
84126.4251 12.6154 2.1413e+05
84330.9251 10.3068 9.4624e+03
84411.4352 12.4710 2.9261e+04
84445.3152 13.2239 5.4777e+04
84446.7452 10.8009 5.4777e+04
84447.2652 10.3375 5.4777e+04
84454.5252 14.7238 9.7117e+04
84462.2552 12.3822 1.7752e+05
84487.9952 10.9687 9.1483e+03
84494.7552 14.3684 1.6064e+05
84495.6952 21.6871 1.6064e+05
84497.1252 12.2384 1.6064e+05
84510.3652 11.3878 1.1841e+05
84523.8452 10.4189 7.2862e+04
84560.8352 15.3069 9.8782e+04
84902.0452 11.2329 1.9370e+05
85011.3552 17.1417 4.0708e+04
85215.3052 16.1447 6.0589e+04
85231.2252 15.9782 2.1395e+05
85395.9552 11.3720 2.5288e+04
85455.1552 10.4515 1.5690e+04
85865.8952 10.7975 2.1582e+04
85922.1252 18.2195 5.7253e+04
85933.3652 23.4779 1.2549e+05
85956.8852 11.9231 4.2252e+04
85986.4852 18.6029 3.0194e+04
86019.1353 10.9215 7.3697e+04
86038.1753 12.9057 9.5295e+04
