118.53000723449752 7.8801557408536365 188320.47368044156
303.28001851074333 6.404537780712412 98879.83710171442
918.94005608765 6.094996853500452 1266118.6759155658
1726.9801054065006 8.227824392322555 1246737.5298223456
2864.5501748382676 7.63567944231377 1067860.3125038983
3005.150183419811 10.26504606995182 1509080.2573432967
3050.1501861663933 6.892361068257753 303137.73608641763
3264.060199222424 7.284185997042427 47376.3112681778
3463.1202113720833 6.121564893697384 215086.37389988292
6541.760399277368 6.272193602880573 278789.5216364733
8252.29050367984 6.821164087214784 301162.5888833057
8621.390526207917 6.381269522280799 114939.50034418187
8677.330529622224 7.9683185075565985 547403.9135335863
9013.290550127596 8.125351417926288 509756.777492009
9024.230550795322 7.520635631764171 624549.5815294574
9184.740560592076 6.763389805083319 355874.94793709985
9238.580563878208 6.981281671333416 353444.5548418347
9262.52056533939 8.040855665970913 355059.3194928068
9270.77056584293 6.665613362126823 382778.15863291186
10031.540612276649 6.458374223573845 595655.5104840393
12124.810740039718 7.424791403329838 333626.58627130394
12826.440782863818 6.37966669950517 1940579.279888213
13024.080794926806 7.208782802153816 767868.0781593827
14204.980867003227 6.589835557597797 574050.3948551891
14698.170897105158 7.593815902899172 567599.385539439
15020.140916756647 9.018593360978755 1721717.612120736
15024.240917006891 6.769877359141047 1654754.2480693029
15027.240917189998 7.131299622607422 3955499.050389497
15569.240950271054 6.797778700415924 760925.7556079581
17776.13108496894 6.770768991930024 681092.7945160676
18015.68109958991 8.305791941326962 1546307.3828918012
18081.03110357856 6.74854957017768 364022.2543781817
18090.861104178533 6.554783744180678 172949.90770170066
18136.24110694831 7.641319340136154 635433.6807334187
18261.331114583198 6.474653975530135 666488.6726106122
18300.731116987983 7.483448719596137 523858.70292116876
18315.581117894355 7.440464685837203 490622.8602261117
18369.78112120246 7.729832283207484 940016.8368824
18397.521122895578 9.401977708152165 537000.273205273
18416.551124057074 8.849514185679467 1027656.6826144913
18490.261128555976 6.0213352546658685 315920.50435494835
18618.93113640937 6.096844144999507 407883.34023638145
20409.971245725785 6.456174350096626 252607.02521092453
20426.95124676216 6.446753686624116 241414.46735832386
20437.601247412185 6.429364361311704 159779.51577434005
21470.71131046822 7.625837849504154 971870.5805117798
21622.481319731527 7.956165029089563 528389.4490007265
22029.00134454354 7.006344489593031 254651.06079907287
22138.031351198202 6.261385466899956 149625.57674372563
22233.021356995934 6.875566174540714 457252.485091071
22284.611360144736 7.305715549696969 369791.9766527994
22499.821373280112 6.2964646136265925 120673.23938733236
23209.61141660226 7.0886965196930385 679983.5568474036
23433.66143027719 8.173983807901186 237657.80469612358
23447.841431142664 6.557617630230786 229623.80638636783
23999.72146482675 6.684355940359236 394090.12558372447
24190.931476497284 6.7571228844549935 1867942.8133348885
24295.061482852874 8.214487262458658 631311.0711968035
24448.23149220163 6.866918643130734 335188.06193483283
24748.57151053293 9.486063022849237 300904.45509512076
24784.0915127009 6.059567821960011 42697.92040006522
24842.071516239717 8.92372922880583 146730.23181194015
24879.68151853525 7.310546185420147 98741.68493981869
24926.741521407563 8.324815193657942 345462.91778198484
24952.151522958466 8.957132216542307 562118.1511408753
24981.341524740084 7.966639289546862 177650.33944683155
25071.92153026865 6.288625057545831 128929.59106227344
25455.601553686618 8.622255101759198 122857.05513889887
25598.42156240366 6.116605961690131 127522.4727765102
25669.441566738376 7.102888772698315 125469.65598750254
25809.41157528147 6.798003998743289 89935.16402591036
26127.13159467356 7.210052982621194 158422.34630871084
26223.101600531103 7.3880425514438 144669.77751606685
26430.761613205665 7.063082997852135 58082.154249535684
26557.72162095469 7.084775178684775 172221.92758484164
26676.741628219093 7.814077151444674 135177.94659287683
26751.77163279856 7.152957544124956 162090.71484598177
26923.551643283183 7.8759608998022665 146975.25089988898
26952.411645044656 6.0368006107254955 115101.45604884152
26959.11164545359 6.301811154687863 160269.3626553887
27184.761659226177 6.403849128687384 157929.6560959931
27351.631669411112 6.353670611959035 522789.22082413547
27404.24167262217 7.26111852652445 1518848.697001119
27445.021675111188 6.328375143261779 708977.2908983991
27470.17167664622 6.357652249944393 419339.3154205769
27478.201677136334 7.622268470746303 1194412.3045006467
27546.321681294048 6.020098471783861 112339.15172527984
27695.63169040721 6.584814528551697 334851.407426666
28357.49173080394 6.013943988263073 310272.14522689045
28687.921750971786 6.067760054119828 133012.7158442216
28891.38176339 6.21229351654671 127030.18002112272
29073.571774509997 6.382801367620797 257329.66996817573
29110.231776747543 6.728392538630558 253453.19238522978
29128.731777876696 6.45554881754048 333898.1088537829
29224.15178370067 6.68421706139887 187543.27402717696
29443.591797094225 6.2307058642695194 302444.7908595984
29687.48181198009 9.271077998842578 483643.87010016403
30008.26183155895 6.708329621098518 173536.13863477687
30352.791852587394 7.822745113635749 348371.3320192845
30385.051854556386 7.035460999163362 112541.99734967861
30614.38186855358 6.168881768468622 211411.43607851898
30623.961869138297 7.544768200590944 210170.7730318815
30671.871872062493 7.162444534670154 435931.1039426567
30759.711877423822 6.620478598088879 135515.19183239527
30790.75187931835 6.0110685038767055 120291.26710272329
30900.98188604626 6.2065511544647025 181346.31736383235
31222.37190566235 6.308439183895994 226102.60959584048
31959.831950673335 7.140320639896505 265785.233919882
32060.441956814084 8.552888022000946 278273.4790654
32534.061985721557 6.307066784045065 228145.09616432549
32748.5619988136 7.197964946344616 684550.6252264838
32774.42200039197 6.606224648126154 1941443.5075975817
32799.23200190625 7.8475050922172525 1821333.1068237438
32909.85200865796 6.0607091626575915 504663.2801042549
32968.7220122511 7.752803163886284 328161.12292704976
33357.60203598645 6.122170985974531 1140893.9693561348
35204.83214873243 6.5845367651331985 746506.0250178704
35250.132151497324 6.098614155747489 421941.1074348481
35581.85217174391 6.317875647476762 921365.1725682598
36020.76219853285 6.6558289391417755 398565.4916073504
36196.212209241465 6.789783832420143 490332.8887066511
36356.64221903334 6.049669668616868 975736.8596150386
37069.59226254836 6.018905926426063 114751.45564352337
37091.5622638893 6.176462227822122 115700.0935102594
37102.85226457839 6.110189334658619 80179.08921786571
37882.27231215041 6.284242593010581 136373.9888981944
37916.84231426039 7.394852496284286 156921.07271337573
38040.502321808 6.152909167681413 148855.87313108493
38041.0823218434 6.246004354739126 325988.9055707651
38042.562321933736 6.482811740441728 277181.80642625
38353.24234089614 7.8729588689574586 318862.1938856897
39025.04238189956 6.717191122245787 130117.00680792362
39142.10238904433 6.69377091070168 577657.4723784551
39297.052398501735 6.688757375768772 69019.1610711693
39597.78241685684 6.468822437945496 82960.52738005224
39655.402420373684 6.755823130788411 198708.555032059
39760.08242676284 6.032573898724729 138035.9494897511
40069.942445675195 8.689153202326588 234322.1242587087
41269.34251888077 6.351658270253471 447989.3734631218
43399.03264886674 6.542074946222329 97733.01014721647
43701.592667333534 6.700920798242715 297035.83509954065
44032.72268754411 6.532088493887811 114980.62807729603
44057.32268904558 6.994392544095359 581831.3361180982
44117.54269272111 8.788074703706675 901100.8318758648
44147.3826945424 8.850422864132852 988486.1275139862
44217.69269883378 7.55571159589894 4031176.7802326656
44386.142709115156 6.699070326116894 141925.39446246673
44585.20272126482 7.688474523259597 241314.07284158605
46714.44285122332 6.355063231545849 52631.00092319814
47612.11290601275 7.93900408926339 411533.89306310884
47629.31290706256 7.443550151628514 734129.9978025907
48010.57293033282 8.347509363385251 214053.6673180528
48044.92293242938 8.745731791074835 168575.79078385793
48065.872933708066 6.267664718150558 2287142.453559931
48202.13294202471 6.163957053249474 109193.03860376433
48286.89294719806 8.950723169402028 134419.9322596963
48316.82294902484 7.230577673164923 128467.942379219
48550.36296327899 7.462945920966377 31805.995509771925
48567.54296432757 7.420444758025948 65318.83088850435
49464.8230190932 7.743816319483607 44601.44877810083
49468.303019305604 6.606300893042586 77833.78836026699
49497.343021078064 6.643757341945898 72184.10970834339
49868.73304374592 6.498510962362392 22014.118545273206
50899.37310665119 6.061321504939548 38357.45966284496
51360.193134777415 6.7215600645051845 62805.33557118801
51470.543141512644 6.027728249948078 46213.09294962722
51526.00314489765 6.298134711934445 44134.48384019188
52149.85318297444 11.194362042178797 151087.16565558553
52160.06318359761 9.491541773216195 135012.13172022608
52648.18321339009 6.26325953803189 19189.17266591887
52764.653220498854 7.91329379100128 66199.30816247861
53020.713236127514 6.258834484498273 40914.267005271766
53201.36324715352 7.497340244845282 43840.86484234389
53366.47325723103 7.742991315018432 43944.6552630832
53975.92329442891 7.695772915602776 131640.69056628455
54135.09330414388 7.881324983719466 59151.818442544754
54136.29330421712 8.930929097283784 60175.36140152089
55005.45335726644 6.122495176503933 82761.07653848254
55022.073358280846 6.800855384647189 111092.98013036558
55090.66336246725 6.776112505098137 433228.24571955745
55450.783384447226 7.000414430294945 28950.441256560192
55847.333408650724 9.419959680190171 32985.37880164626
56309.89343688315 6.791169959034562 32317.94800561273
56346.14343909567 8.9929519688518 39120.52287834713
56400.04344238547 6.263768176867816 14991.340514479933
56544.02345117331 6.330328316794817 11683.931775310006
56574.76345304953 8.044080393210223 46028.94923870737
56577.93345324301 7.853882508910838 173846.23211066538
56652.413457788905 6.585577865452173 103445.42374418961
56957.65347641928 6.314283359969463 110319.36298602176
57000.03347900595 8.432226790218888 98706.08515827602
57000.94347906149 6.882770830883726 98706.08515827602
57404.18350367331 6.22997804951792 15515.645900337151
57503.45350973227 7.901406905164774 209244.18078510155
57505.96350988547 6.277071049799469 120260.5442366264
57739.76352415549 10.005131903064347 52362.12840882641
57750.09352478598 7.842790535144141 24809.1304398202
57772.54352615622 6.530906671197082 30685.43110497505
57783.153526803806 7.036312407913693 76947.97752455226
57795.35352754843 6.199181242362164 128719.31551396316
57821.96352917258 7.840272648965782 92157.14623514838
58012.11354077842 7.011397949457447 35634.707276626534
58045.363542807834 6.599644197638158 26520.675429957693
58259.13355585532 6.158818563062783 21907.306433937625
58563.82357445212 6.5986217916341445 35807.626862568985
58740.11358521201 6.689333711331205 29701.9157877801
58964.48359890647 6.344136779617393 21214.509674757348
59081.853606070166 10.721743658220344 82257.33493532675
59593.183637279275 8.271738389284476 50737.578862124974
59741.02364630271 6.0366309959281725 15814.062442296685
59778.843648611066 9.392650495062977 46156.1986952156
59873.323654377666 7.654812441341916 31970.44292275137
60513.953693478616 6.778911023194717 13910.605889044595
60608.09369922447 7.654792318509652 15361.191256034894
60611.17369941246 6.150371591832717 20928.68971573995
61494.263753312 7.81777394446997 18979.989554749372
61918.543779208 6.32460113496089 32226.58818378556
62780.22383180077 6.112721918392969 35463.801069747096
63208.51385794152 6.425222834412029 47380.73608078915
63687.7438871914 8.661066289907465 201427.4141227821
63710.68388859155 6.251181273388448 74274.98567069849
63758.54389151269 6.023661393904807 15577.661857750123
64140.60391483178 7.243962166836545 17252.206156238495
64415.64393161889 8.742322065937229 32892.81387645809
64706.3339493612 7.361810668020359 17892.63485631461
64770.82395329736 7.401181891481047 23510.427781902104
66323.37404805749 7.050692486030673 18531.001994348917
66343.60404929223 6.419370845393223 15516.826572790742
66344.9140493722 7.236302378174041 14592.144807319859
66855.1840805166 7.786130468245852 21638.78733210114
66866.11408118372 6.278218111063487 21562.784043069583
66926.90408489405 6.0592029234841265 13561.781710800149
67397.06411359034 6.925712559492088 28620.02802050664
67534.03412195033 6.64348537849422 9340.3727896134
67566.87412395472 7.359331220226027 23852.133334161183
68639.06418939601 7.752264226520339 24525.750134109352
68997.71421128626 9.012939195234134 17515.532771075366
69006.19421180384 6.974941801823897 38129.19726948829
70495.37430269619 6.63955483426022 11102.743698116981
70926.67432902065 7.077944737390856 30688.376374491832
71767.87438036343 6.0533300430638945 15725.0671439128
73051.82445872952 9.33635542168528 39353.26449199056
74354.19453821988 6.471409185382798 15158.764781149923
74541.2345496359 6.9685895846875345 18929.900770505265
75252.28459303494 7.399868486574609 71541.4269678739
75252.96459307645 6.955517247331907 66805.39399912866
75698.27462025602 6.394112984465854 16211.155366665696
76937.17469587248 6.173226133674762 25702.01187013674
78235.31477510466 9.243227962655734 59802.99440342716
78286.7447782437 8.521115738906131 37926.91597851588
78342.81478166595 9.773304759337876 36979.28310951307
78440.00478759795 11.052956604686521 138851.895082585
78530.29479310881 7.7334658020329545 46194.92956295036
78561.43479500945 8.998608675038069 37814.16799744367
78934.28481776641 6.1024407227985 12178.663621687847
80140.70489140044 6.4197115909792215 15966.851328792829
80357.5349046347 7.074555007891497 14679.095322851474
80489.04491266143 6.17936740693273 26720.08978143183
80617.10492047759 6.423717576409988 16878.82131124517
80668.00492358429 6.212323660415318 16136.93073604104
80687.824924794 6.070829855291623 14496.219320671382
80710.32492616729 7.4164498059448345 32800.94331374049
80736.53492776702 6.255567162690964 13687.516369131417
81679.30498530914 8.085115684714784 26554.458270671043
81857.9849962149 8.732935709620396 62481.732142051005
82845.4550564853 7.115463761620027 16197.680628491515
83286.23508338837 6.715346113167938 28823.888550917345
83753.32511189728 7.29829063993702 16054.760314290963
83780.26511354157 6.765950970537788 15717.576396855296
84054.00513024934 7.91098050683107 40068.23866326241
84078.04513171662 9.65847155064165 204490.11762698434
84079.73513181978 8.777804468818633 222839.69802541623
84126.42513466951 7.030855971680273 214133.25048101987
84411.51515207002 7.3464498057707734 26782.80553504938
84445.36515413606 8.89889287630909 54776.80397960508
84454.56515469759 9.573119697733732 93391.98840819183
84494.83515715547 9.845967156064692 128992.37989997366
84495.7351572104 10.604954634650046 153697.54548967505
84510.39515810517 6.7269283972830625 116624.82886201829
84523.86515892732 6.683481292696613 58340.94573886222
84560.92516118928 9.080064240777922 98781.73996066608
84953.03518512177 7.200230364768386 24025.326821495302
85011.43518868623 8.656067124705398 38425.23108216808
85025.29518953217 7.426439842873325 29046.546949005467
85137.45519637788 6.354484274695688 24761.431433689588
85201.60520029328 6.292696116170519 31441.09802147122
85214.50520108064 6.869196143357232 60588.720477995026
85220.99520147676 6.609403557362083 114981.38449065803
85221.68520151888 6.274289425875967 123667.82294064132
85231.30520210603 6.765225141692127 191183.93035161795
85396.01521215914 7.963251238292084 25288.092480227322
85922.13524427095 7.285849076213546 57253.15045712993
85922.88524431673 6.074215519127199 36436.73150411329
85933.37524495699 10.807476161307356 125487.8922157169
85986.50524819978 7.030093847473778 29968.812386306097
86038.16525135285 7.0471557029604766 80709.33300257292
86132.66525712068 6.284559330079965 31233.21262578721
