509.5800 11.9664 5.5287e+04
538.9500 20.4435 4.0977e+05
575.7400 12.5447 1.0715e+05
1032.1301 10.9863 1.4227e+05
1092.9401 12.9112 1.2327e+05
1122.4401 11.9279 1.3577e+05
1262.8401 13.0342 1.3021e+05
1401.3901 13.8995 1.0033e+05
1428.5401 11.3762 1.2357e+05
1499.1101 13.4700 1.2939e+05
1517.2601 10.9132 7.2385e+04
1756.6101 10.5547 5.5920e+04
1771.4301 15.5328 7.1998e+04
1823.5501 15.8178 1.1692e+05
1930.9401 10.3941 6.7805e+04
1980.4601 15.0227 8.3913e+04
2048.4201 12.0440 9.0592e+04
2065.4301 10.4130 4.9008e+04
2198.0701 10.2278 3.4773e+04
2208.9201 12.2401 2.4590e+04
2333.6701 12.7988 1.5079e+05
2403.3801 18.4521 2.7009e+05
2410.4901 14.6406 3.4393e+05
2430.7101 10.2927 2.6349e+05
2432.1201 12.0970 2.4414e+05
2497.9902 10.2250 6.1014e+04
2565.6902 18.0985 1.9168e+05
2576.6902 16.1127 2.8429e+05
2718.8702 14.7160 1.9461e+05
2760.9002 14.7306 1.2803e+05
2773.6302 13.7928 9.3190e+04
2798.8102 11.1771 1.3130e+05
2815.2102 12.3698 1.0793e+05
2841.1702 10.0564 6.1940e+04
2852.8502 10.8869 1.1839e+05
2871.1702 13.3027 2.4263e+05
2886.0002 10.1251 8.7479e+04
2968.3202 13.0253 9.7322e+04
2981.3002 10.6740 8.4659e+04
3015.7602 10.7400 6.0722e+04
3193.8402 11.3580 1.7119e+05
3316.8502 13.7329 7.6349e+04
3603.7302 10.3705 6.8961e+04
4102.1603 10.8598 1.2144e+05
4452.2503 12.9830 1.1250e+05
4762.0503 12.6213 6.5881e+04
5072.5703 10.4675 4.4443e+04
5189.8203 12.4138 7.6752e+04
5268.6803 12.9801 4.8720e+04
5354.7503 13.7839 5.0305e+04
5430.1303 11.1204 6.3052e+04
5430.6703 12.6503 6.1070e+04
5460.2303 11.2793 2.7585e+04
5466.9803 11.9378 6.2857e+04
5479.7003 11.0677 5.9199e+04
5489.8103 15.1281 6.9439e+04
5509.0903 14.5322 4.8957e+04
5512.0203 10.8864 3.1968e+04
5681.7403 11.3079 4.3774e+04
5688.0803 11.7546 7.6880e+04
5743.4904 12.7254 7.0075e+04
5774.1904 10.1681 3.0232e+04
5791.7004 12.2574 4.6751e+04
5806.0404 13.8234 7.1625e+04
5808.5104 15.1522 7.1625e+04
5833.9504 11.5163 5.6038e+04
5843.0904 13.3384 6.5824e+04
5873.3304 13.2165 5.4654e+04
5911.8004 14.3225 5.4792e+04
5967.3804 16.2300 9.8530e+04
6008.5204 12.8523 8.1438e+04
6069.6004 11.1406 5.2633e+04
6180.4704 12.5933 2.9266e+04
6210.3404 12.6556 3.3957e+04
6237.5004 11.5930 5.6742e+04
6407.0604 12.0660 3.8758e+04
6421.8604 12.9437 6.5121e+04
6440.7104 11.9944 6.0557e+04
6461.6204 13.8804 4.0742e+04
6484.3804 16.6496 7.9365e+04
6592.0504 11.3025 2.5180e+04
6599.9204 10.1130 4.0177e+04
6616.5804 11.0515 5.9461e+04
6778.0704 10.4169 3.1538e+04
6789.4304 10.3548 1.9419e+04
6819.8304 14.6564 3.3561e+04
6838.8804 11.1309 9.6871e+04
7000.5104 10.8168 2.4869e+04
9261.5306 13.9137 1.6015e+05
9291.4206 12.4902 5.2721e+05
9803.7806 12.5436 5.1747e+04
11187.1607 12.7094 3.2313e+04
11685.4807 10.5668 5.9810e+04
11933.1907 11.0884 9.3522e+04
11934.7207 10.8469 9.2822e+04
11959.2507 10.5046 4.9501e+04
11992.9107 10.3399 1.5940e+05
11995.6007 13.6510 1.5940e+05
12233.8307 14.6816 7.9039e+04
12235.2907 12.6667 7.8461e+04
12506.3008 11.0424 9.9168e+04
13469.1908 13.3136 9.0288e+04
13489.8308 10.8902 4.1090e+04
13648.6508 11.3821 3.3216e+04
13672.0608 11.0632 4.3946e+04
13878.2408 14.9834 4.2950e+04
14035.9409 11.8868 5.3082e+04
14577.7409 10.2213 1.9159e+04
14626.6009 11.6212 1.6796e+04
14691.0909 14.0393 3.9557e+04
14794.0809 10.4905 2.7823e+04
15068.1109 10.8113 5.3545e+04
15210.1109 10.4383 6.7056e+04
15261.8709 10.2336 7.4713e+04
15534.7309 12.3448 7.2095e+04
15576.8210 10.1238 4.3240e+04
16225.9210 10.0744 4.6838e+04
16227.4410 11.4694 4.2242e+04
16265.7210 10.3949 1.8453e+04
16283.8510 15.6269 2.7210e+04
16784.7910 11.5333 2.8958e+04
17028.2810 10.5081 1.2690e+05
17397.2111 11.6669 1.4613e+05
17544.7411 10.5140 3.3110e+05
17678.3611 13.8806 1.4423e+05
17702.7411 17.6713 2.2191e+05
17742.4011 10.2198 8.5393e+04
17804.3011 13.4331 5.0498e+04
17812.9811 10.5873 7.7668e+04
17987.6911 15.7720 1.1722e+05
18001.0711 10.9625 4.1383e+04
18065.3711 10.4597 4.0736e+04
18087.0511 14.8266 8.9375e+04
18098.2411 11.9279 4.9755e+04
18126.2711 15.2912 8.6470e+04
18147.4011 16.3188 1.2455e+05
18150.2911 10.5214 1.2678e+05
18153.7311 10.1138 9.4148e+04
18159.0311 10.3984 9.8556e+04
18171.1711 17.6911 1.0893e+05
18185.5711 12.6614 1.4879e+05
18187.3111 11.7182 1.4424e+05
18189.7911 14.2709 1.2710e+05
18206.8611 18.2885 1.4109e+05
18301.3711 11.8799 6.3636e+04
18331.2011 10.3261 5.8671e+04
18339.4511 11.5366 1.7111e+05
18343.3511 15.9196 1.7326e+05
18421.0411 13.7631 8.3017e+04
18581.5111 11.2007 1.3607e+05
18605.7011 10.5288 2.7669e+05
18677.3111 17.2764 9.9993e+04
18738.7711 10.0386 6.5300e+04
18760.5811 12.8949 1.0750e+05
18792.5611 11.1979 7.5498e+04
18912.0012 13.5237 1.3008e+05
18915.7312 12.5140 1.3008e+05
18940.8512 11.5680 7.2157e+04
18971.0112 16.8044 1.2229e+05
19000.8712 12.6998 7.1377e+04
19008.7112 14.3088 1.4649e+05
19025.2312 11.4733 5.8398e+04
19096.3212 15.4818 3.9629e+05
19108.3612 14.3546 3.1811e+05
19139.7412 15.4801 2.4198e+05
19189.0212 14.5439 1.8953e+05
19242.4712 11.2573 6.4161e+04
19269.9612 14.7701 1.3886e+05
19284.5212 10.9571 5.6033e+04
19296.0812 17.6249 9.1723e+04
19361.0412 12.6802 1.0568e+05
19362.7612 15.4489 1.0568e+05
19399.9912 10.1528 6.0766e+04
19462.6412 13.1855 5.6203e+04
19485.0912 15.9689 1.6838e+05
19521.3212 12.7772 1.4079e+05
19611.2312 12.2368 5.4267e+04
19665.5012 13.9714 3.9875e+04
19672.7312 19.8660 1.5635e+05
19746.3312 12.0799 1.1955e+05
19868.9612 11.7621 3.7676e+04
19937.8712 17.4871 1.6705e+05
20287.1112 10.5968 7.8972e+04
20414.2112 12.2530 4.8737e+04
20487.1413 10.0429 6.0072e+04
20575.9113 13.2255 5.6800e+04
20586.9813 11.3975 7.4499e+04
20603.6513 11.5293 8.9907e+04
20674.3713 12.6221 6.7539e+04
20726.4213 10.8755 6.8364e+04
20767.2613 14.7705 9.6896e+04
20795.2213 18.3669 1.0274e+05
20927.2013 13.9731 5.1812e+04
20960.3713 12.5992 3.9213e+04
21036.5413 11.8616 5.1836e+05
21040.0213 19.9489 5.1836e+05
21061.2913 12.9595 3.0324e+05
21063.2413 16.6757 3.0324e+05
21105.7713 13.4979 1.0605e+05
21117.4013 13.2415 2.3039e+05
21156.0913 17.2104 1.4303e+05
21223.1013 14.0664 7.8746e+04
21238.2413 16.1380 1.3150e+05
21678.7613 10.6038 3.6675e+05
21702.6213 12.0025 1.4944e+05
21792.7413 10.1444 8.6357e+04
21829.4113 13.0529 2.4330e+05
21841.4313 16.1978 1.1708e+05
21868.5013 14.0246 1.9831e+05
21909.2313 10.5621 9.5649e+04
21923.7613 10.1276 5.2263e+04
22158.7214 11.7765 1.2863e+05
22212.5914 11.4497 1.5465e+05
22292.8114 12.3390 2.5840e+05
22506.8614 10.3963 1.4731e+05
22741.9414 11.1242 1.1783e+05
22816.1614 15.9909 1.8230e+05
22825.6114 12.1409 1.3577e+05
22960.7014 11.3624 9.5915e+04
23009.9314 14.2720 5.2215e+04
23042.8014 13.4714 1.7149e+05
23182.8314 10.3650 1.0835e+05
23757.7715 10.3341 8.7817e+04
25575.0816 10.0032 4.2697e+04
25984.9716 12.8359 7.8991e+04
26471.0616 11.6574 1.6758e+05
26566.1716 11.6199 8.8792e+04
26631.5116 12.0311 1.3497e+05
27231.8817 11.6277 3.8058e+04
27924.1117 10.4322 1.7006e+05
27934.1417 18.5863 3.2969e+05
27971.2717 16.0047 1.2834e+05
29604.4818 11.2910 8.2846e+04
29625.4118 12.2462 6.7521e+04
30843.9619 11.3530 7.6425e+04
31088.8119 10.5622 8.5843e+04
31089.2619 15.2219 8.5843e+04
31489.5519 13.8535 2.2562e+05
31675.9319 14.5821 3.7023e+05
32367.4620 10.6695 1.2387e+05
32827.9720 16.5620 9.6694e+04
33383.5020 11.1663 5.6063e+04
34271.1921 13.3600 1.9723e+05
35114.4021 10.3554 3.5341e+05
35768.1622 12.7652 1.5266e+05
35778.9122 14.5218 1.8511e+05
35803.6122 10.7369 1.8647e+05
36263.7322 13.7938 1.0470e+05
36312.9422 11.2722 1.6755e+05
36500.3622 10.5858 8.3137e+04
37824.0123 10.1863 7.4321e+04
37988.2123 10.6219 7.8357e+05
38168.3423 10.4101 4.0923e+05
38304.2723 11.4366 9.4561e+04
38310.5123 16.1480 1.3439e+05
38550.7624 10.5080 9.3398e+04
39128.1124 13.8236 3.8286e+05
39174.1424 10.3253 1.9969e+05
39231.4824 11.2302 1.0632e+05
39299.9124 11.7497 1.4747e+05
39338.2724 12.6695 8.8382e+04
39407.8224 10.0591 6.6310e+04
39656.2824 10.0789 5.3962e+04
40451.3725 15.1113 6.9726e+04
40719.3325 12.8697 2.1027e+05
41471.1525 10.1674 7.3429e+04
41556.6025 14.1031 3.0329e+04
41597.9925 12.9649 1.1935e+05
41600.9025 19.3711 1.0513e+05
41984.3726 10.5671 2.5416e+04
42012.6026 11.6315 3.4019e+04
42139.1826 10.1836 3.3914e+04
42736.5326 11.2698 1.4348e+04
42755.0926 11.7374 2.3127e+04
42808.7426 18.4394 9.3980e+04
43590.3327 10.6073 8.8903e+04
43594.7527 12.4127 9.0461e+04
43660.7827 10.8385 1.1027e+05
43661.2527 14.3178 1.1027e+05
44124.6827 10.1926 1.6618e+05
44154.3227 11.9232 2.8626e+05
44933.1127 15.4492 1.6419e+05
46649.1628 10.8487 8.1949e+04
49787.1730 10.3328 3.2453e+04
50917.8731 10.6040 2.0683e+04
51025.4231 13.4503 6.8326e+04
51099.1531 10.0363 3.9225e+04
51113.3231 12.6797 3.7158e+04
51328.6631 10.8255 2.7325e+04
51877.7032 11.8171 2.1903e+04
53462.9533 11.3062 2.2460e+04
53975.5433 25.3025 3.1895e+05
54691.2633 14.8885 5.2430e+04
54971.0234 12.6225 4.2236e+04
57329.7735 11.1361 1.8026e+04
59968.7937 10.3944 1.2798e+04
62787.0538 22.0192 4.0125e+04
65479.0140 14.3522 6.5449e+04
68851.8042 10.3109 2.3880e+04
74559.1146 12.3698 1.6438e+04
75872.8546 10.8861 2.1520e+04
76194.2847 11.8681 2.8854e+04
76214.8047 12.7969 2.0545e+04
84123.1351 16.9713 3.1405e+05
84124.2751 21.0180 3.1405e+05
84166.4851 14.7369 4.4616e+04
85108.1452 14.2164 6.2024e+04
85154.7752 17.0478 1.6455e+05
85178.4952 10.3025 2.1195e+04
