43.30000264282243 11.147687963946732 112141.52479267797
524.3700320050068 6.101518206324635 8185.337002846156
905.9300552935824 6.123355471625194 4883.308050894928
1733.7001058166568 6.563518981773164 9445.184979911526
1758.130107307746 11.410661734020021 33974.832594224776
1771.7901081414861 6.052235608522952 7281.146373580169
1798.0501097442693 8.64370082449993 10713.035111226722
1845.140112618415 6.004527885726697 5110.828081839489
1865.2101138433907 6.393160513670526 5164.131257117077
1878.9701146832344 9.224468272394953 7658.551151555921
1888.5501152679515 6.022548882314219 8478.119531953766
3066.640187172863 7.3622653970349585 9212.724298123061
4188.720255659196 6.190782700970255 7296.710981061423
4546.260277481706 10.16060909794772 50606.802916126035
4642.3102833441335 9.576962430967331 11580.98189652425
4710.540287508563 6.099944432989406 7477.0729944947325
4777.7402916101255 6.359239908284493 5389.829884745689
5287.090322698384 6.069216298765214 4085.9743529168018
5369.290327715474 6.164139964334162 9154.308726004505
7192.230438978909 7.943557396909344 40285.56673419859
7194.410439111965 7.7889244355615705 190810.533078179
7195.11043915469 7.554959938568928 149330.74570694225
7206.9804398791775 6.478489317998007 292007.5565407417
7258.55044302676 7.0739846345157416 32102.769608979983
7288.160444834011 9.492375593217211 249920.3940814488
7327.870447257717 7.485779838953925 31093.003577010964
7349.180448558377 8.33282533913979 19659.144516767155
7361.420449305448 7.464194119456601 20519.37187124605
7372.980450011014 6.694087765207232 16866.97534139404
7384.180450694607 7.3394869598100385 42334.389817651594
7469.700455914334 8.517115369793107 76126.88453850857
7504.570458042631 6.846424118814302 15210.728349056168
7522.880459160185 7.759638083006557 33022.15412331695
7731.940471920195 8.23726995790899 34816.29457799113
7743.440472622099 9.27678992799754 50724.035080993825
7819.760477280302 6.01094144274727 20807.657623466628
8055.420491663848 6.770798004040328 77925.08861213946
8076.440492946807 7.304512832245465 96871.80563707057
8101.850494497711 8.100457630290887 34169.048103871246
8121.700495709259 9.343501343125327 84376.2865464378
8223.910501947663 6.3972042955880815 86995.23542916168
8386.030511842682 7.665484939041394 59008.24607471155
8594.970524595368 7.485519440302081 1622968.8078331503
9056.970552793613 6.241446598805211 8498.604559918824
13844.210844983572 11.806368159911594 93995.01873687103
13885.390847497 8.226571864329504 29111.96647956333
13896.870848197683 8.091864170832697 26034.065537663
14684.650896279962 7.9403554385943975 413746.80679551023
15385.190939037533 8.153347194537218 135980.63732446748
18239.841113271552 6.474201514986347 14138.731331477667
19845.761211289137 8.89925130714219 22703.136150593935
19855.901211908033 6.17486414284853 25129.573491358795
19862.261212296216 6.858437964300471 25282.06042158662
20542.77125383125 11.059089540357409 76800.33232359006
20563.241255080644 7.748068869002403 62966.91244613291
20579.781256090166 7.857074462514255 56429.664590335946
21277.0012986451 6.070201184983291 17261.502164310685
23572.03143872262 8.473326396017306 29813.584348061853
24839.771516099336 6.203129696376002 40015.370207184336
27625.541686129254 6.443116355508102 95763.42305276864
29542.621803138536 6.142721014948433 339310.2020653154
30739.281876176872 6.841593836346844 638545.8322250673
31337.831912709466 6.149242519957437 21830.19927865638
31752.62193802624 6.4824609668877144 301279.06093834096
31777.141939522822 6.558710124500176 330442.2475150711
33293.83203209424 8.220882240236948 64356.26635855111
33604.72205106946 6.157929018787799 259972.3375242612
33606.8820512013 6.79358761544369 259972.3375242612
35118.86214348524 7.01774893166455 441007.8018717875
36478.29222645827 11.65927362602887 175823.06325823828
36538.062230106334 9.954084892782632 75402.51095293004
37310.382277245015 7.200082060333369 32395.04256119335
37585.96229406508 6.552824668284453 64497.7332565517
37589.3622942726 6.327975746421879 58705.717031320404
37899.87231322463 7.864205387528894 231271.1223248642
39321.0723999678 11.199611445691511 305815.4220671027
39496.04241064712 7.270279504187485 697268.4990796132
39558.30241444717 7.630430686324068 591583.7822871355
39788.80242851577 6.265822588028255 244130.6441820686
39938.49243765212 7.328779141630043 425887.04688313504
39949.62243833145 6.057489934788408 621495.2742256452
40007.09244183914 6.167119593939243 268230.801993348
40324.52246121353 7.464853040886284 496430.5678392905
40569.742476180574 9.125132973544618 295976.5592098544
40812.22249098038 7.13152272088671 401720.4531563139
41191.312514118195 8.792480740634344 589568.8940085784
41290.482520171056 6.143089670944566 81271.58296020652
41354.62252408585 8.990142391310304 105973.63002098846
41426.9325284993 6.388547840473013 151351.0424526793
41565.842536977696 9.291924344866878 321751.5082056107
41843.622553932044 6.9756464144783115 642129.1789836057
41862.032555055695 6.0723283588128405 231156.9073532294
41946.44256020767 6.657282069442614 135680.7102812611
41993.56256308365 11.027356659804058 380898.1629847326
42006.30256386124 8.48658762882167 468850.3675441657
42142.30257216202 9.193820598489127 157270.03076737578
42263.41257955399 6.041187950116714 273899.3369405864
42312.122582527016 7.813193475264935 301743.71230343357
42621.042601381996 10.562634830740665 340780.6780019144
42934.152620492714 7.396838034720321 185906.68185668613
42963.772622300574 6.482089295325079 259727.47952329565
42965.61262241288 8.221151591058339 390900.8961751112
44268.43270193071 6.632343580457122 122724.60780150596
44287.692703106244 6.8043058629343 360334.96184984356
44856.77273784013 6.0607917504656825 596880.3076910094
44874.17273890215 6.647659777216875 80572.56909539049
44898.702740399334 6.024105955500646 176382.82938494973
45431.11277289507 6.019387988378616 124379.47502821311
45448.67277396684 7.784439972242534 610173.6332845419
45518.91277825395 6.8949775681536805 32615.710770345268
45547.99278002886 6.067817247487141 252710.0595954262
45614.54278409074 7.6530661192423945 636269.8195638987
45666.052787234665 7.233424724755082 191032.39926302643
45706.982789732836 9.963740802489221 1015787.5440741007
45750.10279236467 7.03681120632829 189075.8917780245
45781.90279430559 6.649345883447438 419378.85313299665
45800.61279544756 6.658551459973365 57086.80274219469
45911.58280222063 6.441626468408214 165656.12846079603
46138.55281607378 8.453775082193054 75675.77426981593
46448.70283500384 8.77093364620503 98423.80137730681
46463.002835876636 6.100869666812601 148124.4345376141
46783.91285546343 6.350177896928067 257037.9049942287
46897.11286237261 6.22441284396562 83959.65426740222
46991.40286812762 6.98900875753377 243198.10045101418
47031.84287059588 6.9130470972327585 166840.9244405229
47101.15287482623 9.734301003855084 283026.2247877143
47120.31287599566 8.198773420853533 367473.57913435565
47136.472876981985 7.255516382031337 184954.1842599447
47252.702884076105 6.026206216383538 431520.3190864913
47373.402891443046 9.828042955028694 537373.5314700602
47398.23289295855 8.129754331561916 314981.43310154293
47495.98289892474 6.89489125695793 347827.1680665749
47561.47290292193 7.559941825639789 220165.39430783564
47580.712904096246 7.5700401817656156 368776.2242544183
47683.29291035723 6.135061926800132 654976.8682149309
47707.39291182818 6.837312115821953 219016.00709973194
47753.75291465777 7.140692538564373 188272.09702249934
47779.202916211114 7.57754271555441 51362.99242262579
47792.44291701922 11.457923649374619 446025.45143811085
48092.412935327935 7.037376416389399 588558.6736794428
48282.51294693072 6.062608989732514 208969.73291859365
48439.582956517515 6.585331702781716 111430.37675702531
48507.492960662414 6.601304526104793 539170.7280699059
48510.1829608266 10.527624162486205 55320.883627695366
48668.802970508 6.594195425941927 132001.76292438112
48723.512973847224 8.99655444223383 114494.9298290852
49037.86299303363 8.060508933912367 78202.36464125024
49054.482994048034 8.641309398273672 93318.82098954456
49123.51299826129 6.117317382894932 37024.80903137109
49214.72300382831 6.9458855932688275 122286.7348107756
49255.07300629108 9.477202490936667 45014.746857422986
49273.85300743732 8.952740591640245 689207.2005422831
49284.04300805926 8.87153392442682 651329.9715816122
49288.63300833942 7.316152249315471 45991.263274105026
49338.353011374085 7.581910986240736 44254.35152599361
49579.4830260915 6.689903135738585 25782.958328666864
49801.953039669985 6.77494337333345 154078.23860049326
49851.32304268329 8.38179578235195 20988.329487787476
49884.973044737126 8.671411841589064 315046.5035284411
50220.79306523395 6.292197954845353 8971.40109902366
50982.60311173115 6.576719546148225 598951.5044628463
51085.98311804096 7.881632048852213 135943.690624213
51179.943123775825 8.555970000515806 178514.1377275198
51215.743125960886 7.128799393423348 197790.6931094908
51234.19312708698 6.8657990808766325 298147.0069292167
51246.31312782673 7.072629270716488 143012.14318188446
51687.453154751776 9.312615238417841 368539.8477385065
51710.22315614155 8.630156350712955 271578.2385036907
51884.063166751905 6.945339537669912 607501.6959582675
51967.99317187459 8.967294747965958 29841.693322526055
52064.83317778523 7.254967282125983 487470.04540875653
52631.513212372636 8.00671116291586 44070.40403717194
52692.51321609578 6.933839842978892 14347.670513240759
53151.953244137774 6.076152354972589 11782.404589429372
53335.56325534444 7.232972164839188 13444.153614678387
53623.153272897536 8.694979209184018 327509.89119489864
53671.97327587727 7.581267647868321 232493.05215830135
53789.38328304341 9.169512923258413 465503.69198098115
53897.12328961934 9.987133568241896 542479.3731542791
53923.18329120992 6.72084598633024 8626.976104995456
53976.31329445272 12.290805083093733 86190.48202444996
54155.47330538777 7.629802362592229 79065.09292192041
55059.26336055074 7.245960448930732 278842.8631091815
55123.873364494226 8.216639571845866 13360.59838193605
55127.203364697474 10.773696644803064 53137.25978096503
55215.29337007406 6.636935323736088 11491.366512726061
55229.90337096578 7.414853336209795 31099.579884597646
55238.1333714681 7.307367663371221 70347.50958605898
55244.21337183919 6.221129254458203 60985.86881064911
55400.76338139425 9.931487254767449 438498.34978875844
55653.773396836754 7.403384276439043 101442.62468616416
55712.693400432945 6.330963325438546 5538.400196355461
55835.88340795187 8.58738319598952 19378.208224706414
55861.59340952108 7.923248394151016 18167.55925500599
55869.593410009365 6.7703398285144765 42748.27155386771
55889.67341123495 6.188634379753808 14452.886137617767
56064.543421908165 6.033363471060738 104316.2686625038
56317.18343732809 6.8170624504642765 24140.87406863007
56531.173450389004 10.037172261538467 703766.714762866
56544.54345120504 7.178018975031698 172372.349248224
56759.77346434164 8.43992368628895 221549.42726914736
56994.39347866171 7.12707519916104 261769.55567792567
57099.38348506979 6.311074155304873 9262.174125670384
57428.93350518393 6.770889793558422 105289.78231366638
57656.433519069426 8.415183937789502 284956.8941838358
57680.69352055014 6.968742258965429 262148.75263528357
58096.533545931 7.391343914991959 324981.5689711137
59213.34361409568 9.101250369536244 349362.71827846183
59424.41362697837 6.9458365523745185 201605.23803523672
59655.39364107627 7.594024251868763 128115.03661794947
59893.54365561179 6.727399862994461 47928.468788095284
60132.14367017479 7.808220387758128 199170.2629015438
61380.34374635887 7.724408715725092 335413.63943190716
61640.74376225243 6.042400337583546 41301.73817070756
62198.66379630516 8.954248909816993 147476.90937061852
62817.423834071276 6.509340798548274 10227.849436076012
63298.433863429804 8.27217597205554 316817.4491388238
63551.513878876576 6.110435032046314 109956.35560515431
63826.21389564294 8.351762830873788 242120.6448164806
63973.52390463403 6.419934344903722 20189.26886692415
64264.48392239282 7.000239960633221 3517.5859955941296
64363.913928461545 9.209789841925222 17656.39332927031
65157.733976912474 7.2200125549788865 93558.71603354215
65750.0340130636 8.439430912918999 21474.882887257543
69614.87424895473 7.84715488197534 71926.30124117037
69936.0642685586 7.896251339074022 132173.78201120798
70258.83428825893 7.570763825403181 108634.86932989664
70581.29430794032 9.012065507028478 146257.28197152205
70893.61432700283 9.873236536103203 224226.93928050346
70989.27433284145 7.889495629256726 128958.44421441961
71022.70433488186 9.102440135109887 84083.91767250697
71090.49433901942 6.3171089133386324 163280.53805922123
74736.80456157254 6.66293528961225 44504.130269597656
74923.91457299283 6.71202559415341 11422.509360896836
75523.1146095651 9.219546154603801 246692.22165792945
76011.93463940031 7.879287882958038 40492.1663953811
76288.02465625151 7.805120348552441 284703.4439386007
76671.61467966398 9.254447080868367 87693.69301650203
76839.98468994047 7.001678717755235 83116.74141506944
76867.56469162382 8.401474838109198 240030.52760635148
77078.8247045181 7.831229710787548 192101.08560986916
77488.32472951201 7.172974013061931 173631.9316585253
77816.46474954009 10.235466733749345 388988.13602249365
77881.61475351652 8.97714322673734 80375.63828793228
77914.02475549467 7.453087356112106 21103.782076225158
78026.81476237882 8.768295420244076 272917.49552012776
78268.7747771469 9.486137066837506 305124.19114497
78276.80477763701 6.972687941127772 43073.378490747586
78673.53480185149 9.129782244515079 109615.81440532225
78807.44481002471 6.519433886385399 80017.53892820244
79335.59484226043 7.346438186287711 128016.96143897511
79881.80487559845 6.334185705537317 9248.830730334037
80271.0848993582 9.433801093994814 180800.06947778657
80303.0449013089 9.101876951070336 162083.84588026506
80322.98490252593 7.067572591347317 90077.04263597495
80327.86490282379 6.678256237952533 105338.48023034196
80356.5649045755 7.29073496213955 70388.44498976012
80438.6849095877 6.799628572443599 193889.73463522733
80504.05491357757 8.81409163525228 533561.0063544884
80701.41492562347 7.809201278254536 105882.46946040128
80756.78492900298 6.40635368319925 137603.46588976478
80869.92493590851 7.472780463080714 121350.90642167749
80923.99493920867 9.1247856091884 435576.89931755513
80971.47494210662 7.10199704631776 88729.70552510259
80989.86494322905 6.537516408993921 138757.79758976676
81013.3649446634 7.186933685781326 394981.84773969447
81084.15494898407 6.567939804164032 27440.04388507122
81098.6749498703 6.628926506045082 80121.19696444435
81153.3449532071 8.669137171836306 179184.52712308714
81207.07495648651 7.910866581190875 183826.64905819588
81219.08495721954 7.724360602799399 178757.8926355576
81232.06495801178 7.488610992446958 310856.5746678163
81286.53496133637 7.114857751208829 85253.45176542836
81306.67496256561 7.945362138003961 144580.37741027976
81309.13496271576 6.3428944340929085 168542.11796210485
81332.97496417083 7.5438342104430935 254028.81302043324
81410.1349688803 7.557099940289907 147292.48330108635
81451.17497138519 8.283778344055769 339738.106114743
81470.95497259247 6.162028407758325 89743.67207153844
81521.53497567962 7.319093824633016 134908.64628883643
81534.08497644562 7.519866473401359 119459.01760503915
81612.19498121308 8.48598564735858 52037.34051159911
81615.63498142303 6.706862662055593 45181.30409177605
81621.09498175628 6.775685349577868 41060.86208248623
81647.44498336456 9.44020630045787 187162.59811010867
81673.43498495087 7.534358200693685 157390.52939554193
81765.57499057465 6.063984781174102 163286.7092175297
81804.60499295685 6.754417084494134 362037.8043825567
81893.86499840484 6.248719344763567 133851.12410198167
81929.53500058196 7.064500639384414 108376.29457058285
81957.03500226044 7.024550732466521 178705.95587699764
81967.9150029245 8.054858457818517 79664.49855442662
82020.88500615754 8.725226426504424 528920.2699645025
82078.52500967559 8.631329180002687 107446.27103282913
82107.34501143463 6.189591810100859 145131.3152581203
82144.05501367523 7.324037551890097 240251.5517022122
82149.55501401093 6.896017372943913 86750.78003668063
82171.64501535919 6.336001232940458 59784.62275976168
82300.75502323944 6.983540596096563 81454.22477547755
82353.23502644256 8.202823427830916 332990.22908627044
82474.19503382538 7.708296093014249 156519.4882191631
82491.73503489594 8.638987552401192 283480.90042363084
82584.2450405423 7.399853873312179 579323.7323202901
82762.55505142549 6.083674598964 217291.44941754406
83317.2650852823 7.576140281400795 81910.29099738631
83329.60508603547 8.053794063913436 14151.48620494997
83407.05509076265 8.527953406403329 344403.5349034609
83625.86510411774 6.978724274896726 88250.08995133133
83635.78510472321 7.999439887151273 63632.85935783836
83684.38510768952 6.48767628553211 34528.340277986135
83837.54511703766 8.813685086202387 215993.40701215522
83860.5651184427 10.501505118148131 401056.04194768105
83961.7051246158 9.811618130734658 367217.7635659974
83963.42512472077 6.090940038217544 76241.87198075335
84050.84513005646 7.482010664854672 84661.49097551979
84101.95513317597 8.336115235941401 161120.5205856497
84123.88513451448 9.74545496297478 203461.92490063893
84126.09513464937 6.039606649143613 203461.92490063893
84390.52515078889 9.752563630581003 457091.0982211903
84434.99515350313 9.591402900477068 100196.98022316178
84516.0151584482 6.652924962826377 57189.54383405402
84685.23516877656 7.0500912669579545 105212.08259109856
85029.63518979707 7.720090941956465 114450.4371103307
85484.30521754792 6.043828847021976 4778.428551616857
85509.71521909883 8.245236564202838 411350.3212610056
85583.12522357942 7.146908396608728 426400.4613549003
85692.89523027925 6.87800574255651 5424.630357516153
85793.77523643647 7.498858792533214 112982.83899158835
85803.33523701997 11.682238414290625 47038.81805325637
85806.46523721101 6.095021133388227 51910.158385445895
85934.01524499604 6.54468569722169 200943.23905584562
85939.0952453061 6.9480684407379485 56125.75810979821
86035.66525120028 7.183807670544108 177504.20536957638
86174.06525964754 7.905627512420773 31653.50319378004
86175.88525975862 9.471934878384301 70941.43221165104
86351.83527049776 6.647600214000053 241948.49674908817
