43.4500 18.3088 1.1214e+05
305.6400 10.6559 5.5377e+03
979.1901 14.1370 6.0184e+03
1008.3901 15.3559 5.3964e+03
1733.6601 13.8880 9.5586e+03
1758.1101 22.7912 3.3975e+04
1771.7301 15.6856 7.7508e+03
1798.0601 14.9071 1.0713e+04
1878.9801 14.2949 7.6586e+03
1888.6201 12.0024 8.1204e+03
2020.2501 10.7319 4.9710e+03
3057.3602 12.3445 3.2739e+03
3066.6102 11.8647 9.8085e+03
3091.2702 14.7868 1.0830e+04
3279.5402 10.0525 4.7580e+03
4546.4903 15.6656 5.0607e+04
4551.6403 15.4753 2.4341e+04
4563.4803 12.4733 9.0127e+03
4642.2803 16.4733 1.2859e+04
5369.3403 10.1882 9.1543e+03
6727.9404 19.8403 1.1596e+04
7164.3704 11.7416 3.4320e+04
7192.2204 17.4009 1.9081e+05
7194.4104 13.7285 1.9696e+05
7195.0704 13.1326 2.0009e+05
7238.9204 11.5828 1.0308e+04
7258.4804 20.2339 3.2103e+04
7288.1304 17.7189 2.4992e+05
7288.7004 19.8220 2.2611e+05
7303.7104 11.5333 6.4121e+04
7327.8504 14.5100 3.4927e+04
7328.5504 10.4413 2.8642e+04
7343.9804 10.5787 2.1110e+04
7349.1804 10.8320 2.0184e+04
7362.9904 16.3894 1.8963e+04
7372.9205 19.2993 2.3646e+04
7384.1905 10.1978 4.2754e+04
7392.4505 10.9836 3.6749e+04
7469.6605 20.6495 7.6127e+04
7471.7305 18.3313 7.6127e+04
7504.5405 17.3321 1.6348e+04
7510.8905 10.4314 2.9619e+04
7522.9505 10.9601 2.6737e+04
7537.4905 11.2861 1.1891e+04
7539.5305 10.1826 8.7266e+03
7556.9305 14.7841 1.4529e+04
7557.8705 10.7973 1.3710e+04
7602.3605 13.4819 1.0458e+04
7616.9805 10.4922 2.1001e+04
7618.2105 10.8668 2.1001e+04
7618.9905 10.5183 2.0788e+04
7627.2905 11.0468 2.9450e+04
7628.1505 10.6748 2.9535e+04
7670.6205 11.9020 3.1766e+04
7674.4705 17.9356 3.1766e+04
7686.0205 17.9101 1.2605e+04
7702.1605 18.9505 1.7860e+04
7714.1005 11.0843 9.9525e+03
7725.6005 10.2395 9.2106e+03
7743.3705 14.4775 5.0724e+04
7757.0005 15.5816 1.4737e+04
7764.5505 13.3922 2.1169e+04
7790.2905 13.2865 2.1117e+04
7793.3605 11.1711 2.1162e+04
7797.8705 14.4307 4.2052e+04
7804.6205 12.9672 1.6195e+04
7849.4605 11.2923 1.5195e+04
7927.5705 11.4936 1.6117e+04
7958.3805 10.8150 1.9150e+04
7964.2905 11.3655 2.9075e+04
7968.3105 13.1997 2.9824e+04
7984.6105 12.4962 2.6181e+04
7986.3905 12.4517 2.4510e+04
8039.3705 11.2920 1.7503e+04
8041.6305 15.8705 3.2363e+04
8076.4405 13.2630 9.6872e+04
8101.8605 14.2603 3.4169e+04
8121.6905 19.3725 8.4376e+04
8207.1405 11.2142 9.5594e+04
8223.8705 11.0970 8.6995e+04
8385.9805 19.3804 5.9008e+04
8442.0605 11.7173 1.3337e+04
8492.5805 11.5707 2.9202e+04
8513.6905 10.5762 9.3265e+04
8594.8505 13.7524 1.6230e+06
8862.4405 15.7540 4.2133e+03
8867.4805 17.5450 7.1442e+03
8878.6005 15.5518 2.5511e+04
8907.8805 15.6560 3.9087e+03
8927.4705 14.1753 1.1408e+04
8940.1005 12.2529 6.4632e+03
9047.7206 16.4416 5.4676e+03
9056.7206 15.9836 1.2451e+04
9062.1706 12.1388 6.1301e+03
11632.5907 11.3284 5.1207e+03
11925.9807 12.1054 8.3339e+03
12122.7607 10.9616 7.9151e+03
12130.0607 10.0008 8.0820e+03
12433.0508 17.0535 6.7978e+03
12494.6508 14.7759 5.9101e+03
13242.4108 12.2381 1.4119e+04
13256.5308 11.1070 9.3568e+04
13266.9808 10.0927 6.5530e+05
13844.2108 21.0590 9.3995e+04
13857.1908 13.9577 3.0865e+04
13885.4808 15.9358 2.9112e+04
13896.9008 14.1193 2.5747e+04
14670.8309 10.5281 2.2196e+05
14684.6509 16.0728 6.0739e+05
15384.9709 11.6605 1.3598e+05
15858.8910 15.9863 1.5166e+04
16081.9710 10.2306 6.2721e+03
16160.4610 14.1091 9.7257e+03
16199.0010 10.9877 8.9559e+03
17556.8211 12.4934 5.8938e+05
17579.2111 11.4361 1.1521e+06
17995.2911 11.0009 1.3224e+04
17998.3811 10.3104 1.6197e+04
18031.6911 12.2798 1.0362e+04
18160.6811 10.7061 3.1467e+04
18162.0711 11.2075 3.1411e+04
18239.8611 11.2970 1.3999e+04
18299.8311 10.7217 5.3294e+03
18666.3611 12.5756 7.6738e+03
19375.1912 11.1643 1.6977e+04
19386.7212 11.7491 9.4641e+03
19537.8312 10.8321 7.0140e+03
19845.7212 17.3909 2.3863e+04
19857.6112 12.2083 2.7949e+04
20177.0012 10.5252 7.3739e+03
20490.3313 10.1399 6.0812e+04
20542.8513 19.9535 6.9505e+04
20563.4613 18.0996 6.2967e+04
20579.7813 14.6493 5.6430e+04
21276.7713 10.0735 2.6896e+04
21705.8913 11.4378 3.5473e+04
21740.1313 10.0099 1.5417e+04
23418.2014 12.7957 1.6033e+04
23571.9414 16.0831 2.9814e+04
23760.3315 10.9656 7.6928e+03
24839.1915 14.8844 4.1170e+04
24906.0115 13.0717 2.9452e+05
25108.2815 10.4547 4.4679e+05
25665.5716 10.4922 3.2930e+05
25725.9116 10.9589 3.8561e+05
26121.7716 10.6476 3.3997e+05
26196.3816 16.2689 6.0531e+05
26205.4416 11.7998 3.3435e+05
26243.2816 10.0270 3.8355e+05
26243.7716 10.8430 2.7596e+05
26280.1016 12.7417 4.9499e+05
26320.8516 15.6220 6.0135e+05
26345.4916 14.5495 2.5080e+05
26364.5316 11.2678 1.6495e+05
26387.7516 20.4265 2.4787e+05
26430.5816 11.1967 2.2302e+05
26439.7416 11.8724 5.1395e+05
26442.0116 12.8112 3.4391e+05
26468.6916 16.0128 1.5899e+05
26485.3916 20.2058 3.4184e+05
26520.6416 17.6332 3.3852e+05
26626.9816 13.1707 1.1228e+05
26653.8516 16.2948 1.6590e+05
26680.4616 15.5484 3.2707e+05
26684.1916 11.1449 1.1883e+05
26721.2916 22.3396 5.5009e+05
26837.2816 11.0897 2.5086e+05
26838.8516 13.0852 2.0927e+05
26874.9916 15.8854 1.9489e+05
26931.3916 14.7431 3.7122e+05
27054.2117 20.0817 2.7325e+05
27068.7917 10.0906 2.7751e+04
27169.2217 10.4422 1.2327e+05
27225.5817 10.4679 3.0567e+04
27284.2317 13.2579 1.1091e+05
27397.6717 12.9988 3.4705e+05
27446.6517 14.0530 3.6072e+05
27487.9817 20.7271 2.4164e+05
27500.6317 16.1187 3.3964e+05
27516.0817 11.4520 5.0770e+04
27542.3517 15.3796 2.0314e+05
27575.4517 13.1643 3.1574e+05
27674.7617 20.8820 1.5509e+05
27732.8017 11.5855 1.8149e+05
27807.6217 13.7087 4.1221e+05
28203.9817 10.9181 3.2791e+05
28247.1717 10.4096 3.5059e+05
28584.2917 10.0705 3.4205e+05
28743.8018 15.6579 2.5177e+05
28770.8118 11.7884 2.1751e+05
28778.7418 12.8389 2.8827e+05
28787.7618 10.6985 2.2403e+05
28793.3418 12.7252 2.0783e+05
28831.7718 12.8576 2.5054e+05
28856.8218 15.3592 3.3736e+05
28873.3918 10.7296 2.9872e+05
28894.3818 13.8549 4.8035e+05
28907.9918 10.2649 4.6485e+05
28916.9518 10.7403 2.1646e+05
28940.1418 14.8276 2.0268e+05
28947.0118 10.0896 5.8854e+05
28957.7518 12.3572 2.4092e+05
28991.5118 11.7506 3.6397e+05
28998.0218 12.5099 4.2115e+05
29010.5318 13.0001 2.6210e+05
29017.6318 19.6264 4.9494e+05
29074.7818 11.4591 5.3649e+05
29148.2618 20.8216 2.9165e+05
29289.3218 14.6741 2.2288e+05
29298.4318 14.4610 2.6775e+05
29303.5618 14.0410 6.0871e+05
29333.8318 10.1586 9.4665e+04
29354.9518 17.9694 2.3435e+05
29363.1918 12.4795 2.9183e+05
29375.4018 21.1650 2.5446e+05
29388.4818 19.9047 3.4776e+05
29401.1818 10.9309 3.7158e+05
29404.5918 15.4170 2.1041e+05
29412.6418 10.0945 1.7125e+05
29444.8518 10.0510 2.6621e+05
29447.4518 17.6633 2.6621e+05
29453.5818 20.1613 3.2530e+05
29470.8518 17.2735 2.2984e+05
29476.8518 18.5085 5.0291e+05
29480.9118 13.7697 2.1348e+05
29498.6118 10.7102 1.0009e+05
29511.9218 10.4797 2.5303e+05
29522.1018 13.3927 1.6242e+05
29542.6118 14.3290 3.5361e+05
29546.5418 10.4027 3.2004e+05
29565.8018 19.5307 3.8167e+05
29574.0318 11.3682 2.4665e+05
29583.5118 12.0175 1.5655e+05
29599.8218 17.6885 1.8149e+05
29618.3218 17.2999 2.2039e+05
29628.6418 10.4338 1.4487e+05
29679.7018 10.0946 1.6307e+05
29689.5918 17.1024 1.0847e+05
29750.0518 12.7322 1.1189e+05
29766.9418 11.0338 2.5747e+05
29786.2818 10.1558 2.7925e+05
29796.4618 21.4916 3.4081e+05
29800.0118 14.4576 2.9959e+05
29811.5318 13.5528 1.0963e+05
29832.1818 17.8791 3.0757e+05
29844.4418 10.9413 2.6361e+05
29846.8418 14.1195 2.1405e+05
29865.7418 16.0860 3.4238e+05
29923.0718 11.2513 3.9890e+05
29923.6818 11.4961 2.5172e+05
29959.9618 12.8127 3.3467e+05
29998.8918 11.7428 2.5207e+05
30002.3318 12.8498 2.9157e+05
30006.4618 14.5967 3.2969e+05
30019.3618 17.5252 3.1448e+05
30037.8018 13.1076 1.8420e+05
30088.6218 13.0572 4.5390e+05
30089.4518 14.2786 4.5390e+05
30091.4118 11.8480 2.8445e+05
30093.6018 11.8598 2.6543e+05
30103.3118 11.4513 3.0159e+05
30104.0418 13.5006 1.7891e+05
30120.1018 10.4808 2.8139e+05
30150.4718 10.6204 9.1818e+04
30155.8618 11.3998 1.7624e+05
30164.4418 11.4007 4.3550e+05
30187.3318 14.0374 6.1231e+05
30341.0719 10.9447 5.1580e+05
30369.3819 14.4917 4.9710e+05
30635.7519 11.4464 4.5845e+05
30712.3519 10.2269 2.7671e+05
30739.2819 24.9537 6.3855e+05
30763.3319 13.2553 5.5597e+05
30764.5819 10.8203 2.4364e+05
30774.8819 13.7664 4.7919e+05
30782.0919 15.1153 3.2351e+05
30787.8019 11.6553 2.3206e+05
30795.0819 13.4414 4.2891e+05
30801.1919 10.9030 2.4675e+05
30810.1419 20.8439 4.6395e+05
30851.6619 10.5397 1.4309e+05
30860.1319 10.2970 3.0088e+05
30860.6119 14.3744 3.0088e+05
30885.5619 14.5300 6.3096e+05
30912.3819 10.7225 2.8410e+05
30942.7919 20.0876 3.8242e+05
30967.0719 18.5844 1.6863e+05
30988.7419 22.0480 6.0428e+05
31001.2019 14.0402 1.4470e+05
31010.1819 16.1890 4.0206e+05
31021.4719 17.4547 1.5973e+05
31030.8119 12.4977 2.0933e+05
31038.2019 17.5950 2.5384e+05
31050.9419 10.3537 1.5159e+05
31054.9719 14.3142 1.6904e+05
31056.7319 14.0902 1.0139e+05
31078.6919 16.7593 1.9037e+05
31085.1219 20.7119 4.0128e+05
31092.3519 11.5151 3.4525e+05
31113.2119 22.4251 2.5242e+05
31122.8519 15.8398 3.1589e+05
31132.0119 10.6119 4.2959e+05
31152.6719 22.3547 4.9687e+05
31160.7619 14.8023 3.2549e+05
31171.9019 12.2212 4.7088e+05
31174.6219 11.7573 1.7399e+05
31179.6219 14.7490 1.3188e+05
31197.2119 14.4297 3.5091e+05
31205.6819 13.3602 3.2540e+05
31220.5319 10.4086 4.2146e+05
31249.5419 10.1829 1.3391e+05
31261.8219 10.7134 1.3258e+05
31283.5719 14.4604 1.5945e+05
31296.5619 15.1733 2.7619e+05
31340.3819 11.1356 8.7751e+04
31353.6219 10.5253 1.5247e+05
31357.4919 12.0214 1.9980e+05
31435.6719 10.9558 8.1933e+04
31446.1419 21.1801 4.8183e+05
31448.9019 14.6577 2.7321e+05
31478.8619 19.3020 3.1388e+05
31513.6419 11.8130 2.0266e+05
31539.5419 18.1727 2.2946e+05
31552.7719 10.0601 1.6407e+05
31582.6519 18.5483 1.5047e+05
31622.5219 13.9010 1.0174e+05
31642.2319 10.7429 6.9439e+04
31655.0719 22.2326 1.4301e+05
31679.6819 10.6892 2.8228e+05
31682.4719 16.9961 2.0131e+05
31731.1919 18.7548 2.8127e+05
31740.5319 22.5798 2.1811e+05
31746.3719 11.3816 8.6232e+04
31752.6019 24.5428 6.2678e+05
31759.1919 12.0221 8.0281e+04
31777.1219 24.7863 5.4555e+05
31796.4419 11.8784 2.4013e+05
31800.0819 11.4783 1.9199e+05
31815.1519 16.0853 2.4040e+05
31822.0519 12.1316 1.5228e+05
31851.9019 16.4513 3.4689e+05
31883.0119 13.4849 2.0345e+05
31893.5319 15.2276 3.8228e+05
31900.8119 14.4328 1.4335e+05
31908.6919 21.4512 3.1295e+05
31919.6119 10.6159 7.7626e+04
31924.8519 13.3157 3.8270e+05
31956.3020 22.5678 3.9532e+05
31988.1220 21.6127 2.9483e+05
32001.7920 10.0737 1.1881e+05
32024.1620 14.4015 1.7272e+05
32053.2520 10.3405 2.6729e+05
32056.6520 15.8112 2.3914e+05
32075.6920 10.1939 4.3536e+04
32105.1120 12.7881 3.3878e+05
32143.5120 20.6200 1.9408e+05
32172.3920 13.7284 9.5997e+04
32180.4920 18.5388 3.5852e+05
32185.0320 10.9026 4.2458e+05
32216.6920 14.3275 2.7171e+05
32259.4320 12.0054 2.0122e+05
32292.9320 10.1606 7.9570e+04
32304.4520 11.8603 2.0202e+05
32361.2520 16.4696 2.9382e+05
32373.2720 10.2062 2.1140e+05
32392.9920 10.9406 2.4892e+05
32398.8820 12.9229 1.4317e+05
32407.7220 19.5198 1.9913e+05
32432.1620 10.1878 1.2268e+05
32459.6620 14.5244 2.4363e+05
32473.3420 18.6488 5.8364e+05
32482.3720 15.2162 1.5625e+05
32495.5720 18.0009 3.0619e+05
32506.5620 12.8353 1.9589e+05
32511.8420 11.4931 4.7652e+05
32532.1820 15.6611 2.7923e+05
32537.8420 12.6258 1.1827e+05
32564.9820 15.8801 3.4218e+05
32569.0120 19.7149 3.4218e+05
32598.7220 11.3181 1.4713e+05
32606.3120 18.3430 2.1279e+05
32625.7520 13.7461 4.4255e+05
32638.8220 13.0966 1.9747e+05
32644.6720 17.3277 2.8683e+05
32683.1720 16.7340 3.6179e+05
32694.8120 16.8104 1.2768e+05
32702.9920 12.0586 2.7116e+05
32708.6820 11.1205 2.3863e+05
32712.4020 12.3814 2.7072e+05
32740.1220 16.0402 3.8638e+05
32778.0120 16.4086 4.3708e+05
32778.7420 11.1349 3.9287e+05
32807.5420 18.7007 2.7870e+05
32840.7520 11.5505 2.7180e+05
32846.6420 15.5102 2.3646e+05
32881.3620 17.4877 1.8957e+05
32900.7720 12.1522 1.0635e+05
32917.0520 17.5003 2.0424e+05
32938.9820 21.6099 7.0441e+05
32953.1820 19.6325 3.0692e+05
32956.1520 10.2373 1.0745e+05
32969.7920 12.3079 4.4170e+05
32971.5020 14.9353 3.0229e+05
32989.3220 22.1913 2.1116e+05
33013.1220 21.7374 2.4702e+05
33025.9020 18.2453 1.1530e+05
33030.2520 15.6890 3.6233e+05
33047.3720 20.3656 2.5442e+05
33062.0820 17.5976 1.2505e+05
33097.5120 13.9601 1.9193e+05
33107.2720 14.7285 4.7934e+05
33133.6320 17.3272 2.0640e+05
33140.3420 16.6423 2.1676e+05
33170.1520 16.5024 2.1150e+05
33181.8720 19.2153 3.0117e+05
33212.1520 14.0747 2.3777e+05
33244.8220 13.2088 3.2549e+05
33262.2520 16.8222 4.3057e+05
33265.7720 15.5203 2.8519e+05
33283.1420 16.8242 2.9195e+05
33293.7320 12.7755 6.6155e+04
33341.3620 10.4213 1.9053e+05
33348.6520 14.8946 2.8719e+05
33356.6220 16.4334 1.7845e+05
33394.9920 11.7441 1.4901e+05
33412.5920 10.9115 2.1355e+05
33433.4220 19.8240 2.4540e+05
33441.5420 17.2819 1.5483e+05
33471.9620 14.2066 1.3643e+05
33510.8220 13.1493 1.8758e+05
33551.1220 16.6926 1.7340e+05
33591.7321 17.1176 2.1956e+05
33606.7821 15.9834 2.9851e+05
33632.3121 17.3245 1.7804e+05
33672.9121 15.4635 2.4635e+05
33714.8921 18.1194 2.1053e+05
33745.6621 14.8034 1.0698e+05
33756.8821 16.4566 4.8847e+05
33776.6221 16.3700 3.0203e+05
33784.5621 10.1909 9.1367e+04
33787.9921 10.2544 3.0916e+05
33838.7321 12.5329 1.3512e+05
33850.5921 14.3679 3.6370e+05
33911.3121 14.4085 6.5896e+05
33924.7421 12.0696 3.8331e+05
33974.9421 10.1428 2.7642e+05
34032.5421 12.7134 2.9453e+05
34042.0021 10.8802 4.1188e+05
34049.8921 10.6844 3.4576e+05
34056.7321 11.4695 3.1465e+05
34171.2821 10.2970 4.5736e+05
34210.6821 11.0301 3.4976e+05
34257.2521 11.0298 4.0734e+05
34269.2721 11.9148 4.9434e+05
34388.6221 10.4576 2.9953e+05
34400.6921 10.1854 3.6049e+05
34515.3421 10.0732 4.2077e+05
34762.6921 10.3640 4.4257e+05
34776.2021 10.9334 2.0098e+05
34806.6921 11.5934 1.6033e+05
34856.9821 13.1053 3.0922e+05
34928.8121 10.0423 2.5300e+05
34933.2221 10.5171 3.6131e+05
35027.4321 10.0243 3.1353e+05
35093.7721 10.8978 2.2341e+05
35119.1021 16.8976 4.4065e+05
35550.3122 10.3313 2.1155e+05
35594.7822 10.6924 2.6632e+05
35602.5322 10.4370 2.2192e+05
35683.4522 13.2650 2.4616e+05
35705.0122 12.6975 2.5141e+05
35713.3822 11.6046 1.8856e+05
35779.7122 10.9787 1.7784e+05
35807.7322 10.3552 3.3086e+05
35815.2722 10.1548 2.8890e+05
35826.1822 10.0040 1.5822e+05
35845.0322 10.7747 3.1501e+05
35854.4022 13.5229 4.5774e+05
35867.2722 10.9048 4.8539e+05
35905.7922 10.7857 1.3066e+05
35971.3122 19.9623 5.4563e+05
35990.3322 11.9239 2.4060e+05
36076.7622 14.9604 3.6456e+05
36147.3322 12.7971 2.5058e+05
36175.2922 17.8091 5.1207e+05
36179.4522 13.7201 1.8973e+05
36186.9922 12.5156 2.4312e+05
36204.2522 11.9966 4.4400e+05
36212.0722 14.9764 3.7609e+05
36228.4822 17.7582 2.5812e+05
36236.5422 18.2670 5.3597e+05
36243.9722 12.3231 1.7856e+05
36258.4522 10.6094 2.1264e+05
36276.4122 13.4382 2.1813e+05
36292.9822 19.1173 3.9354e+05
36310.0922 18.4168 3.3520e+05
36320.5722 12.4218 3.1480e+05
36322.9922 14.1280 2.1692e+05
36344.6822 14.4249 4.7656e+05
36354.7922 13.2325 2.7753e+05
36366.6222 19.2971 2.5070e+05
36379.2922 13.5991 1.6767e+05
36390.3122 21.3453 3.5322e+05
36411.0022 14.2210 3.7080e+05
36414.0822 18.3064 3.7080e+05
36435.2622 17.3623 3.8665e+05
36439.1522 18.3214 3.7346e+05
36446.8122 10.1205 2.4307e+05
36456.2722 15.8982 2.8527e+05
36463.7922 21.9617 5.5600e+05
36478.3322 19.9822 1.7350e+05
36489.9822 13.0195 3.0815e+05
36495.6122 10.8839 2.0682e+05
36517.0422 13.4210 3.0219e+05
36528.6722 20.2173 5.0443e+05
36538.3422 10.4023 3.0007e+05
36555.5222 17.8239 2.6566e+05
36561.5622 20.0563 2.8061e+05
36577.9622 18.8182 2.5526e+05
36595.3422 22.7167 5.2691e+05
36610.4422 16.4167 2.3742e+05
36617.8822 10.9765 2.1222e+05
36627.3522 11.7537 2.7939e+05
36629.4222 13.7962 1.8273e+05
36632.0022 10.5024 2.4915e+05
36634.1622 11.0372 2.2896e+05
36647.9422 10.7408 2.7304e+05
36656.7722 10.0146 2.1702e+05
36664.1322 19.1760 2.4731e+05
36677.2822 10.1486 2.2177e+05
36680.9722 14.5822 2.2177e+05
36699.4922 19.8451 3.0759e+05
36715.6122 20.4194 2.1671e+05
36726.3122 13.0490 2.4484e+05
36734.3022 20.1415 2.4111e+05
36745.5722 13.7190 6.2403e+05
36748.0222 19.8879 6.2403e+05
36759.5522 15.7520 3.3800e+05
36769.0222 21.6297 3.0117e+05
36774.8022 18.9926 5.9670e+05
36780.4222 19.5506 3.7899e+05
36795.3722 11.8862 1.6436e+05
36803.7522 19.8130 3.8754e+05
36827.8622 12.5080 1.8937e+05
36839.1222 22.1851 3.4099e+05
36867.4623 24.3450 6.6009e+05
36874.1323 18.0347 1.7658e+05
36945.5923 23.6946 4.1501e+05
36951.9123 14.1120 3.4507e+05
36975.6623 16.7382 2.6035e+05
36977.5023 18.5495 2.3825e+05
37010.8923 15.7948 2.4267e+05
37014.9823 10.2440 1.9223e+05
37022.0923 16.0625 2.6185e+05
37040.1323 22.6566 3.9651e+05
37047.2623 13.8785 2.1673e+05
37077.2823 20.4749 3.2013e+05
37083.9523 19.7709 2.7371e+05
37092.7623 16.9883 2.9578e+05
37104.3223 22.1390 3.3439e+05
37111.3623 12.8538 3.2113e+05
37122.0223 15.8211 2.5903e+05
37143.2223 13.2917 1.5957e+05
37159.0923 15.9092 1.4388e+05
37171.1523 11.6584 7.0504e+04
37184.8623 17.7403 3.1288e+05
37196.0123 10.2500 4.2030e+05
37208.5223 11.9480 6.2710e+05
37223.6223 20.0771 3.9233e+05
37230.6423 11.7631 3.6497e+05
37253.4423 14.3435 1.9838e+05
37266.9923 19.8325 5.0990e+05
37272.5723 17.9577 4.0036e+05
37303.9823 19.9739 3.6933e+05
37323.0823 18.5568 2.5909e+05
37342.5023 22.6364 4.9819e+05
37351.0123 21.8267 2.1255e+05
37365.2623 20.7557 2.9721e+05
37381.3723 20.4236 3.5488e+05
37402.3923 17.7796 2.9057e+05
37404.7823 21.2332 2.9057e+05
37420.6123 20.2536 1.9268e+05
37433.8523 13.1887 2.9708e+05
37459.7323 19.7006 1.6417e+05
37489.7023 13.8395 1.5014e+05
37498.7123 19.8889 2.3144e+05
37537.8023 17.0006 9.8933e+04
37585.9923 10.7470 8.9758e+04
37618.3723 12.6104 1.6902e+05
37628.8423 10.1228 3.7905e+04
37646.9123 13.4173 2.6737e+05
37716.9223 11.9799 2.8328e+05
37720.4523 11.5182 4.3078e+05
37755.4323 10.1184 3.1686e+05
37766.0623 18.3961 5.4197e+05
37798.4723 11.0452 3.2088e+05
37802.8623 13.6228 3.5828e+05
37849.4223 10.3787 3.5804e+05
37864.7523 11.5988 3.8107e+05
37878.0223 11.9802 4.6778e+05
37896.4223 14.6990 3.9149e+05
37899.6823 10.1838 3.4364e+05
37929.8523 10.9346 2.9359e+05
37958.3523 10.7566 7.2354e+05
37968.3523 10.3778 2.7121e+05
37974.4323 12.3185 4.5932e+05
37977.2223 10.6497 3.4442e+05
38035.0223 12.2076 3.5541e+05
38063.7723 11.5413 2.8507e+05
38124.3123 15.6628 5.8040e+05
38176.8123 10.6741 4.7022e+05
38237.2423 12.1541 3.7834e+05
38273.0223 12.6478 3.2142e+05
38284.2123 11.0810 3.6623e+05
38324.8323 16.7730 6.2251e+05
38367.8623 10.0381 4.4807e+05
38411.0623 13.1950 3.4507e+05
38415.9123 12.2679 4.3341e+05
38474.2023 14.6776 3.9678e+05
38482.1923 10.3525 3.9270e+05
38501.8923 12.2127 3.3592e+05
38512.9124 16.0754 6.4590e+05
38519.2524 11.5254 2.4952e+05
38547.9224 11.1032 1.9423e+05
38553.2224 16.8214 5.6388e+05
38586.6524 12.3082 5.2233e+05
38603.4324 10.4295 5.3965e+05
38606.8524 14.9745 2.5372e+05
38611.1124 15.7848 4.0676e+05
38644.1724 15.3252 2.7514e+05
38664.3124 14.1488 2.9142e+05
38679.2524 11.2894 2.4697e+05
38706.0424 12.9117 3.1852e+05
38736.2124 13.9748 3.3322e+05
38752.8424 18.8112 5.4130e+05
38803.2924 11.0930 3.0549e+05
38807.3324 10.6852 3.5901e+05
38811.4924 12.1309 2.0122e+05
39121.6424 14.6684 2.3085e+05
39200.6824 14.0531 5.4858e+05
39224.3924 10.4844 3.5196e+05
39238.9824 13.6785 3.2627e+05
39286.9024 15.7070 6.4604e+05
39290.2724 15.3994 8.4486e+05
39292.9924 12.1831 2.5375e+05
39308.2824 12.3775 2.5674e+05
39318.5424 12.6841 4.7819e+05
39321.2024 13.2389 3.0582e+05
39366.3124 17.7029 4.0236e+05
39380.1324 11.6017 3.9434e+05
39398.5824 10.4623 6.0318e+05
39496.0324 18.4386 8.9034e+05
39546.6224 13.4769 3.8127e+05
39558.3024 12.1844 5.9158e+05
39570.4824 12.9622 5.3732e+05
39577.7924 15.8136 6.2636e+05
39624.4124 12.9064 4.1035e+05
39630.5024 11.2298 2.7913e+05
39634.6124 15.1864 5.6492e+05
39646.8624 11.6713 4.5042e+05
39692.8124 13.2738 4.9548e+05
39717.6124 13.7777 2.8828e+05
39744.8924 10.7022 3.1489e+05
39829.6824 10.4369 3.3907e+05
39851.4524 10.3325 2.7629e+05
39892.9324 14.0173 4.5273e+05
39899.6524 11.9050 2.6491e+05
39949.9424 10.2480 6.2150e+05
39981.1224 16.2033 4.4633e+05
39986.1024 16.2318 3.9040e+05
40021.3024 15.3702 3.2153e+05
40060.3124 12.0952 3.9636e+05
40070.9724 10.8112 5.2833e+05
40094.7224 16.1884 5.4141e+05
40112.0624 15.3058 2.8501e+05
40157.0625 15.6838 5.8801e+05
40167.4825 15.2272 3.5224e+05
40179.4125 10.9738 2.7009e+05
40286.1625 10.3784 2.4486e+05
40291.9625 11.3883 4.5964e+05
40300.6925 12.4918 3.4831e+05
40358.1125 10.0635 5.6791e+05
40361.3425 10.4067 2.2875e+05
40418.5025 11.5642 3.6180e+05
40538.4225 15.2176 5.1117e+05
40595.1825 10.6118 4.0230e+05
40671.6325 14.8742 5.8614e+05
40679.2625 12.1740 4.8548e+05
40698.0125 11.2471 3.0915e+05
40765.4025 10.3752 3.0505e+05
40777.8625 11.5464 3.5087e+05
40798.4725 12.4405 3.5469e+05
40819.7825 11.2147 6.4848e+05
40823.3725 12.8823 5.5715e+05
40832.0425 16.2453 3.6078e+05
40835.3825 10.1012 2.2271e+05
40841.2325 16.6248 6.4485e+05
40881.1725 11.1684 3.6264e+05
40908.6025 13.6439 5.2155e+05
40924.0525 11.8906 2.8482e+05
40930.1725 13.4230 5.0081e+05
40941.5125 12.0640 2.9851e+05
40958.3225 10.4385 4.3340e+05
40982.1025 10.3449 3.8123e+05
41013.1525 12.6977 4.8987e+05
41036.0025 11.0551 4.1639e+05
41059.2725 16.1865 6.2256e+05
41064.9225 10.0076 3.8343e+05
41090.9425 11.2624 4.5565e+05
41146.0825 12.2886 3.1731e+05
41166.0925 10.2178 5.3128e+05
41167.6225 13.6026 3.2166e+05
41176.6625 13.2613 6.3421e+05
41193.8325 13.3546 5.5986e+05
41220.5025 14.3593 4.1830e+05
41275.0425 11.9465 3.5846e+05
41302.4825 10.0542 5.9993e+05
41369.8825 11.7200 1.6929e+05
41378.8725 13.5805 2.5196e+05
41406.1925 10.7437 2.2182e+05
41419.1725 10.9625 4.3236e+05
41449.8725 10.8571 2.7935e+05
41452.8225 12.2358 2.4788e+05
41480.9925 12.1158 3.6309e+05
41493.6925 12.3707 3.4963e+05
41503.6325 17.6604 4.0774e+05
41514.5325 14.1200 2.6486e+05
41547.8925 21.3952 3.8909e+05
41581.7225 19.4525 2.9518e+05
41599.8225 17.2206 2.1430e+05
41615.8625 15.9631 1.8749e+05
41630.6525 12.6357 3.4270e+05
41637.9425 15.1093 2.6114e+05
41648.6925 12.5293 2.3121e+05
41682.5925 14.3367 2.2770e+05
41705.6625 11.0847 3.3779e+05
41712.9525 12.1197 6.8194e+05
41727.8325 11.1264 3.0876e+05
41731.5725 12.9593 2.6884e+05
41761.3225 11.0396 5.3393e+05
41846.1426 15.1639 2.7659e+05
41862.0026 14.3130 4.0263e+05
41870.4326 12.8711 5.4263e+05
41906.2026 14.5689 3.4599e+05
41920.0626 10.5051 1.8223e+05
41946.4226 15.1779 5.3658e+05
41988.4926 16.9960 4.4368e+05
41993.5726 14.5700 4.1569e+05
42011.8726 11.6855 3.9062e+05
42033.2926 15.2132 2.7800e+05
42038.4226 13.9420 2.2729e+05
42045.3726 16.0840 3.1133e+05
42105.6426 11.5828 4.7742e+05
42122.3626 14.8796 2.8219e+05
42150.8026 14.1426 2.9160e+05
42162.7626 12.8996 2.8168e+05
42175.1926 10.0684 2.6635e+05
42180.3226 11.5583 1.9687e+05
42199.8026 10.8190 2.5947e+05
42222.4926 13.3911 3.7961e+05
42251.7126 10.1152 1.9436e+05
42275.3326 13.5116 5.8674e+05
42277.6026 10.5741 4.3585e+05
42296.8426 14.1868 3.4684e+05
42303.7126 10.0638 3.5753e+05
42381.2426 12.9065 2.6860e+05
42409.1026 12.5576 4.4236e+05
42445.1626 10.3514 2.8436e+05
42453.3526 10.6846 3.5189e+05
42459.4826 13.0039 4.0279e+05
42482.5626 18.2743 3.4914e+05
42492.1726 17.6573 3.0402e+05
42502.8926 18.5645 3.9699e+05
42519.6026 17.3553 4.6123e+05
42585.4126 15.3555 4.8804e+05
42669.8426 15.1184 1.4061e+05
42679.8826 13.5820 2.7958e+05
42689.5026 10.1388 9.4029e+04
42793.3526 10.7665 2.9752e+05
42814.5126 14.1167 3.0879e+05
42853.5526 22.8456 6.0813e+05
42863.9926 14.5525 4.0572e+05
42923.8226 18.4350 8.1010e+04
42950.5126 11.2646 1.9118e+05
42966.1426 18.1887 3.3991e+05
43062.6226 10.1421 5.3464e+05
43064.5926 12.7489 3.8954e+05
43093.5826 11.6167 4.7337e+05
43108.9226 13.5407 1.6088e+05
43161.1426 10.2756 8.2382e+04
43196.5826 13.9512 1.8368e+05
43220.3826 13.3361 2.3619e+05
43233.1126 15.2880 4.7003e+05
43258.1626 13.3969 1.3572e+05
43272.9626 17.0664 2.9560e+05
43290.6126 10.6538 3.5448e+05
43311.1926 15.8152 2.9963e+05
43356.7026 11.0582 4.0357e+05
43357.3626 10.3772 2.7872e+05
43390.8326 17.8720 5.8659e+05
43400.4726 10.7465 2.8302e+05
43443.6527 13.7804 1.8319e+05
43464.8127 10.8935 2.0371e+05
43485.8727 12.4152 5.2262e+05
43525.8327 10.9414 3.5185e+05
43533.9427 17.4915 7.0275e+05
43547.8927 15.2021 3.2599e+05
43563.8527 11.6597 4.6467e+05
43593.9027 10.5405 3.1925e+05
43619.3927 11.2611 7.8219e+05
43639.7927 17.4102 8.3365e+05
43650.7327 19.0885 4.5861e+05
43692.0427 12.1617 4.8085e+05
43724.6427 10.5089 3.7490e+05
43732.1927 20.7693 5.2912e+05
43740.5927 12.9255 5.9272e+05
43756.1027 11.6488 4.8529e+05
43770.8227 17.4108 4.7071e+05
43857.0727 11.1592 4.7054e+05
44138.6227 12.0677 2.7286e+05
44154.4727 13.3298 2.5869e+05
44170.1727 12.3093 3.2285e+05
44242.3327 14.0056 3.4673e+05
44268.4127 15.5229 2.8789e+05
44287.6727 14.8532 3.6033e+05
44317.8427 10.0393 2.9002e+05
44337.1927 18.2656 4.1457e+05
44348.7327 11.6895 3.3266e+05
44378.6027 16.7038 7.5701e+05
44407.8227 14.1266 1.8513e+05
44414.9627 14.2123 4.5987e+05
44423.9227 13.8477 6.1406e+05
44427.4427 11.8937 2.6965e+05
44446.1727 20.3216 4.1571e+05
44474.3027 10.5354 4.4578e+05
44512.9727 12.8929 3.3416e+05
44546.7727 12.9792 2.7002e+05
44556.7627 18.8793 3.8072e+05
44575.0427 10.5112 3.2343e+05
44578.4527 12.4802 2.4925e+05
44600.2727 20.5626 4.0979e+05
44607.0927 14.5542 3.7077e+05
44627.9927 15.3915 3.4025e+05
44636.1327 11.6956 4.6317e+05
44642.2727 18.0090 4.2003e+05
44645.5527 12.5514 1.3129e+05
44655.7027 18.4492 2.6354e+05
44683.5127 23.0679 3.7554e+05
44691.0327 19.5438 4.9287e+05
44725.8127 23.3584 6.2137e+05
44733.0327 13.7685 5.5458e+05
44769.0927 20.0806 5.4185e+05
44813.2827 10.5465 4.2354e+05
44824.7727 16.7537 4.9392e+05
44856.7527 17.5010 5.9983e+05
44858.3227 13.9943 5.1704e+05
44874.1427 15.8412 2.6827e+05
44898.6827 20.7250 4.7373e+05
44904.2227 17.7038 4.6609e+05
44929.9327 14.4376 1.5332e+05
44951.1327 15.5284 3.5433e+05
44971.5027 22.6669 5.6973e+05
44975.5427 15.5367 2.0563e+05
44994.3427 16.8888 3.8176e+05
45002.3027 14.2021 2.7706e+05
45047.2027 13.2561 2.3111e+05
45091.4128 21.0608 3.6143e+05
45096.6128 10.4081 3.5529e+05
45103.9128 13.9803 2.9054e+05
45111.4528 18.3073 2.3041e+05
45123.6328 11.0797 1.0710e+05
45133.4728 18.4753 2.9854e+05
45144.3028 20.6200 3.9376e+05
45172.2128 15.1436 1.9514e+05
45184.5228 10.5468 2.0427e+05
45196.8328 10.0945 1.8395e+05
45211.4228 12.0942 3.1907e+05
45229.3428 10.7687 2.1745e+05
45247.4928 11.5180 1.3642e+05
45297.9928 17.7972 3.4825e+05
45348.5628 22.7422 3.9680e+05
45362.6128 12.4782 3.2982e+05
45366.3428 12.4170 1.8154e+05
45389.6228 13.5889 2.1631e+05
45399.2528 21.5360 3.6435e+05
45448.6628 12.4528 6.1017e+05
45450.2528 11.1569 5.0629e+05
45482.2228 15.7054 2.0182e+05
45497.0028 11.5907 5.6517e+05
45498.8228 19.3032 5.5380e+05
45518.9428 11.1931 1.5158e+05
45546.9128 14.8337 4.5299e+05
45578.4628 11.2493 1.1850e+05
45596.4328 21.3034 4.7789e+05
45601.8928 18.5888 4.2790e+05
45614.5228 23.5645 6.4928e+05
45635.2228 10.9071 4.8213e+05
45647.3228 20.5117 3.9683e+05
45672.9828 18.9847 4.3391e+05
45699.6028 23.9840 4.6070e+05
45706.9828 15.3390 1.0158e+06
45711.3128 17.4474 3.8437e+05
45750.0828 16.6997 4.7175e+05
45753.3528 11.4801 1.8799e+05
45754.8728 15.1464 1.5864e+05
45762.5628 15.3618 5.8101e+05
45789.4628 21.4380 3.4457e+05
45794.3728 16.1649 2.3937e+05
45808.2328 20.3964 3.1144e+05
45829.7628 10.4757 1.5280e+05
45864.5528 14.8877 4.4934e+05
45870.7728 10.1061 1.4065e+05
45891.3728 21.3121 2.3809e+05
45911.5528 14.8091 4.5628e+05
45922.1128 16.6686 2.8763e+05
45954.3428 11.3595 8.6328e+04
45980.8728 18.2595 3.0994e+05
46027.0028 13.2648 3.3463e+05
46030.9828 11.0233 2.3123e+05
46040.5928 14.1962 2.4186e+05
46046.2528 13.8682 3.1669e+05
46101.2128 14.8202 4.4042e+05
46138.4328 11.3024 7.5676e+04
46174.7128 19.4916 4.3484e+05
46224.2228 10.4003 3.9518e+05
46233.8628 14.2338 3.0838e+05
46285.0228 24.3422 5.3988e+05
46329.8028 12.1885 3.2721e+05
46352.3828 16.5681 4.2160e+05
46371.2828 19.6905 4.2375e+05
46405.6228 11.4603 5.4238e+04
46419.2228 21.3370 5.7532e+05
46448.6828 19.1105 1.7575e+05
46462.9828 22.4842 3.7725e+05
46487.4628 23.5499 5.5941e+05
46536.5028 12.3665 3.0405e+05
46557.6328 17.3760 4.3104e+05
46577.9228 10.9045 3.3652e+05
46583.2228 13.8739 4.1870e+04
46610.2728 18.9284 2.6201e+05
46619.9328 18.9289 3.9545e+05
46630.5428 24.8714 5.0870e+05
46660.8428 11.8309 2.8994e+05
46703.0529 13.1301 5.2418e+05
46705.9829 24.0065 5.2418e+05
46759.7029 19.6274 2.6976e+05
46783.9029 23.4785 3.6986e+05
46811.0329 11.5780 1.3171e+05
46818.6229 20.0066 3.1586e+05
46834.9729 10.7520 3.5615e+04
46897.0929 23.4124 1.9080e+05
46926.8629 11.1633 8.5772e+04
46940.5029 11.9639 2.1039e+05
46942.1829 13.0103 2.0430e+05
46946.6729 11.1309 3.6179e+05
46959.1929 16.7311 2.3025e+05
46986.4929 14.8573 1.6974e+05
46991.3829 18.2831 3.9025e+05
47014.7029 11.3958 1.1736e+05
47024.0129 10.1353 8.2041e+04
47031.8229 23.0471 2.6310e+05
47066.0529 12.6214 2.6840e+05
47101.1429 24.6266 4.4690e+05
47112.7329 10.3293 6.5645e+04
47120.3129 25.3726 3.6747e+05
47136.4429 21.2577 6.9595e+05
47151.5029 16.3971 2.2852e+05
47194.2029 21.2383 4.9393e+05
47210.8229 20.0200 2.3771e+05
47252.6929 24.0645 6.2718e+05
47303.2329 14.5380 3.0092e+05
47312.3529 13.2050 3.3624e+05
47352.3929 12.6993 4.7034e+04
47373.4029 16.7808 5.3737e+05
47384.7929 12.5774 1.9351e+05
47398.2329 24.8536 3.1498e+05
47407.2729 10.3636 1.1492e+05
47495.9529 25.5449 5.8025e+05
47546.1729 10.5918 1.3148e+05
47561.4629 18.4400 3.2581e+05
47580.7129 25.1463 3.6878e+05
47587.4829 10.2347 1.1683e+05
47616.4129 19.3506 1.6401e+05
47625.7229 12.5717 2.4984e+05
47668.0029 13.1091 4.2493e+04
47683.2829 24.3099 7.0392e+05
47707.3829 13.3678 2.9945e+05
47732.7829 23.9698 4.1444e+05
47748.1729 10.0879 2.0332e+05
47753.7329 22.7513 3.6695e+05
47758.2729 12.1293 2.4556e+05
47779.0929 10.5321 3.0923e+05
47786.8029 10.1814 2.7921e+05
47792.4029 22.9381 5.7995e+05
47818.3829 22.8368 4.3481e+05
47821.6729 12.9961 3.3110e+05
47827.3029 22.5031 3.8457e+05
47889.8829 20.7350 3.9848e+05
47943.0729 13.5070 2.9595e+05
47943.6729 12.0984 1.9539e+05
47957.3129 18.0477 2.9019e+05
47992.8929 14.0003 5.0518e+05
47995.1829 23.3249 3.9937e+05
48020.5529 11.5990 2.7691e+05
48084.7029 11.8190 2.2241e+05
48092.4029 16.6575 6.7818e+05
48103.3429 24.0224 2.9413e+05
48105.7729 12.5107 1.7461e+05
48142.2029 20.9312 4.1603e+05
48213.4929 24.1425 3.6860e+05
48231.5029 12.5380 2.0354e+05
48239.0029 14.4808 2.4298e+05
48250.6929 15.6555 3.2493e+05
48281.3929 13.4438 4.2523e+05
48282.5029 11.6101 2.6839e+05
48318.1629 13.1311 2.5873e+05
48325.9829 15.1559 4.4990e+05
48358.2930 17.2259 1.7439e+05
48365.5030 22.3273 3.9846e+05
48372.8930 15.8090 4.0567e+05
48413.8830 13.6138 8.2404e+04
48439.5530 22.7256 2.6572e+05
48483.5230 15.0875 4.8357e+05
48484.9530 14.6825 1.9252e+05
48507.4930 22.6082 5.3917e+05
48510.1630 18.8233 5.5321e+04
48551.9630 10.2525 1.7525e+05
48557.5330 11.8911 4.5523e+05
48558.3730 17.6274 4.5523e+05
48649.9030 12.1439 2.6222e+05
48668.7830 17.2349 2.8964e+05
48723.5730 11.7192 1.1449e+05
48753.5830 11.4002 2.9047e+05
48762.8930 14.3613 1.4507e+05
48778.6230 25.2995 5.3903e+05
48787.0530 14.7067 5.1794e+05
48795.4130 11.6173 1.6745e+05
48830.0830 20.5861 1.0047e+05
48836.2530 12.5875 1.9467e+05
48898.0430 18.0786 4.3406e+05
48946.8630 13.3771 3.1465e+05
48989.0130 14.6762 3.0918e+04
48998.9930 10.8707 3.8556e+04
49012.2730 10.4747 3.3952e+04
49012.6730 15.1805 2.5763e+04
49037.6630 12.4162 1.2510e+05
49041.7030 11.7915 7.5482e+04
49054.4530 18.5080 1.2584e+05
49122.1130 12.1860 4.0705e+04
49212.7830 11.2593 1.2229e+05
49255.1030 18.1844 4.5015e+04
49255.7830 13.1041 3.9777e+04
49263.1530 14.0975 2.5190e+05
49273.1330 13.9969 8.9110e+05
49273.8530 25.8570 6.8921e+05
49284.0430 24.4582 6.5133e+05
49288.6230 14.7960 4.3675e+04
49338.0930 11.1385 4.4470e+04
49438.3430 18.1190 2.6194e+05
49467.6030 17.0798 1.7828e+05
49504.0030 14.5157 3.7669e+05
49570.3930 18.8973 2.1658e+05
49574.6230 10.2305 1.9418e+05
49579.4230 15.2108 2.5783e+04
49598.0430 24.1913 5.0283e+05
49625.9230 10.3991 4.8161e+04
49686.4930 20.3210 1.9821e+05
49714.6630 10.5489 2.9357e+04
49722.7230 18.4392 2.0680e+05
49785.4230 15.3044 2.0816e+05
49796.5430 14.1267 1.3220e+05
49801.9230 20.7291 4.0515e+05
49851.4130 14.6507 1.9293e+04
49875.3830 10.8286 1.1346e+05
49884.9730 25.3751 3.1505e+05
49913.4930 18.1090 2.1287e+05
49923.5830 10.8969 5.9086e+04
49967.1830 13.7943 2.1111e+05
49990.8531 12.3985 2.6805e+04
50023.7531 10.0006 3.1331e+04
50033.8631 22.9478 2.8285e+05
50057.7431 11.5191 3.7123e+04
50158.9731 21.3623 2.9854e+05
50165.3731 21.3457 3.4270e+05
50179.3531 13.5351 2.4797e+04
50223.7831 16.6086 1.7299e+04
50239.1331 11.3120 1.1631e+05
50243.8331 11.4046 3.8180e+04
50266.3731 14.7208 2.1014e+05
50290.0531 14.1618 1.1438e+05
50321.7131 16.1710 1.8645e+04
50338.2531 12.5959 2.9471e+04
50347.8731 11.0085 4.4951e+04
50392.5031 16.0579 2.7469e+05
50426.8331 20.3363 2.2513e+05
50438.3831 12.6827 2.0700e+05
50440.7531 17.0976 2.0700e+05
50446.7731 12.2500 2.7851e+04
50465.8831 16.1932 2.7373e+04
50524.2031 12.7301 6.1938e+04
50525.3831 12.6691 6.1938e+04
50562.3831 18.2160 2.4564e+05
50602.9131 10.1137 3.2358e+04
50603.8831 14.5199 2.7081e+04
50635.6231 11.1662 3.0038e+04
50682.0031 11.1562 2.6808e+04
50698.7731 23.6138 2.9679e+05
50707.3231 14.9823 2.4857e+05
50747.7931 13.5472 2.6768e+04
50759.2231 14.0961 1.9747e+04
50800.3431 15.0487 4.7767e+04
50876.9631 14.3221 1.8024e+04
50911.5231 13.9380 6.9453e+05
50912.2431 15.4803 6.9453e+05
50933.8731 11.9508 1.4446e+05
50942.6331 15.5010 7.9277e+04
50982.6031 25.2547 5.9895e+05
51000.7931 13.5259 3.4368e+04
51024.7731 13.9345 4.3947e+04
51039.0231 19.1719 1.4840e+05
51051.7131 12.6369 6.6476e+04
51085.9731 13.6022 1.5214e+05
51129.0331 20.3131 2.6159e+05
51150.6631 10.3625 1.1467e+05
51154.5231 13.0779 1.1129e+05
51179.9431 23.3060 1.7851e+05
51215.7231 21.2358 2.3729e+05
51220.2231 10.5814 2.4215e+05
51234.1831 25.2092 3.9883e+05
51246.2931 20.5210 1.9086e+05
51288.5131 10.0561 4.0469e+05
51288.9531 24.7837 3.8510e+05
51333.9031 10.7336 1.8023e+04
51340.8531 14.3360 2.9236e+04
51355.7331 11.9960 2.9460e+04
51387.3331 10.0641 1.0589e+05
51394.8331 18.7718 2.6584e+05
51450.0331 17.5100 3.5569e+04
51460.3531 13.6773 1.9004e+05
51470.5231 22.8349 1.8281e+05
51478.5331 11.1812 1.1657e+05
51544.4931 12.0856 7.4376e+04
51546.9931 12.8085 3.5777e+04
51576.5031 12.2795 1.0312e+05
51579.2631 15.9523 4.1499e+04
51597.4831 20.6943 2.9954e+05
51646.2532 11.2346 2.5182e+04
51687.4432 23.0594 4.4152e+05
51710.2332 16.5682 1.7374e+05
51724.3532 10.7613 4.0307e+04
51751.9932 14.1673 1.7970e+05
51760.1932 13.9353 1.3023e+05
51774.5132 21.7506 3.7630e+05
51834.7532 15.1315 2.0105e+05
51861.5432 13.7049 1.2634e+05
51884.0632 24.9458 6.0750e+05
51915.8032 23.8998 2.9417e+05
51930.7432 18.7380 1.2002e+05
51953.6032 11.0941 1.9444e+05
51957.3132 12.7693 1.5057e+05
51968.1232 15.8740 4.6962e+04
51991.7532 20.4282 2.2752e+05
52013.4732 11.1164 2.0955e+04
52031.6132 10.7214 7.0456e+04
52064.8332 25.7823 4.8747e+05
52089.3432 10.2330 3.9394e+04
52144.9332 17.2198 2.3246e+05
52149.2232 15.1069 2.6099e+05
52160.8532 11.6233 4.5776e+04
52191.8632 14.6059 1.3895e+05
52208.9732 15.2412 5.6474e+04
52213.0832 14.4888 5.0225e+04
52315.3832 12.0074 4.6211e+04
52354.7032 14.2842 1.8364e+05
52374.1932 21.0281 2.8845e+05
52422.4132 18.4826 4.3346e+04
52453.8132 15.3298 1.5654e+05
52486.3332 13.5291 3.1722e+04
52495.6632 10.8715 5.2287e+04
52519.9732 12.9530 6.9231e+04
52558.8832 10.4079 9.6413e+04
52646.2232 17.9665 4.1105e+05
52656.6632 10.0594 1.5670e+04
52785.6432 14.1452 4.1815e+04
52929.5832 11.1898 3.2114e+04
52936.1932 11.5778 3.6203e+04
52986.7532 10.0953 1.3624e+04
53012.6032 20.9658 3.3440e+05
53019.0732 15.8626 2.7142e+05
53029.3632 10.9075 3.1266e+04
53151.8932 11.9006 1.1911e+04
53214.8232 11.2688 3.5854e+04
53279.0833 11.6358 1.4001e+04
53335.4933 14.8674 1.3444e+04
53441.4633 23.2049 2.3805e+05
53453.8333 13.0269 1.0754e+05
53487.0233 11.5849 1.7068e+04
53523.7733 13.3686 2.3677e+04
53586.2233 13.6863 1.5499e+04
53623.1433 22.4016 3.4608e+05
53671.9733 20.3935 2.3249e+05
53769.0133 12.7906 3.7185e+04
53787.7333 11.4491 4.9551e+05
53789.3833 26.3583 4.6550e+05
53820.9933 17.2939 1.1736e+05
53883.5933 18.0592 2.5673e+05
53890.2033 16.5410 2.0404e+05
53897.1233 26.5387 5.4248e+05
53952.9433 11.5967 1.8016e+04
53963.0333 11.9842 1.7424e+04
53976.2933 25.8778 8.6190e+04
54068.8933 17.5391 9.2595e+04
54103.7033 20.6618 3.3435e+05
54155.4433 18.4742 1.9671e+05
54192.0733 14.0865 2.9201e+04
54296.6533 14.2335 1.0183e+04
54314.9133 13.2496 1.5331e+05
54331.5133 12.9367 2.9762e+04
54357.5433 14.3130 2.3236e+04
54380.1133 13.7068 1.8067e+05
54415.3633 13.9948 2.1520e+04
54497.7533 25.9987 2.9881e+05
54524.7833 20.6088 1.0128e+05
54535.2633 13.4592 3.0434e+04
54641.9733 10.2412 2.5787e+04
54712.3733 21.3775 1.3009e+05
54723.7133 11.6042 5.1272e+04
54738.4633 11.2795 2.6302e+04
54744.6633 15.5003 3.7586e+04
54786.5733 14.6492 4.0393e+04
54918.3934 17.3032 3.5430e+04
54926.0634 22.1276 1.7025e+05
55005.5534 11.1751 6.2588e+03
55021.6334 11.9847 6.2452e+04
55059.0634 13.9263 2.7884e+05
55100.5034 14.0372 2.9261e+04
55123.8534 14.9443 5.3137e+04
55127.2934 17.7648 5.3137e+04
55182.1934 16.2672 2.5296e+05
55229.9534 11.1842 2.9829e+04
55238.2134 10.7157 7.5103e+04
55244.1634 11.1761 7.0998e+04
55362.1434 16.2957 1.0367e+05
55400.7634 24.9494 4.3850e+05
55408.9034 18.5637 2.0480e+05
55497.1334 15.1723 2.0520e+04
55560.5434 13.6315 7.4519e+03
55596.0534 11.3962 4.9830e+04
55629.1334 10.6951 1.4429e+04
55653.7534 20.8370 1.6616e+05
55672.4334 10.2622 1.6766e+04
55687.7834 10.1348 1.1708e+04
55700.8634 15.1204 1.6191e+04
55766.8734 10.2947 2.4713e+04
55835.8534 10.2116 1.9378e+04
55861.7034 12.8306 1.8033e+04
55934.5234 13.3126 1.6770e+04
56064.5134 22.3559 2.1616e+05
56094.5334 23.4668 3.6844e+05
56119.5934 10.1569 9.5534e+03
56124.1934 18.2761 4.5217e+04
56180.2634 10.1072 1.1622e+04
56222.7334 11.0490 1.4604e+04
56317.3334 10.2680 2.5331e+05
56324.3834 25.5755 2.5141e+05
56334.8434 15.2817 1.4712e+05
56347.2334 10.3094 8.4249e+03
56352.2034 15.0676 2.3142e+04
56399.2734 14.5820 6.2252e+04
56503.4134 10.4073 1.7751e+04
56528.6635 14.8420 7.0377e+05
56531.1735 26.3407 7.0377e+05
56544.5235 18.9956 1.8422e+05
56560.4435 14.4267 1.3530e+04
56705.3335 16.0404 1.2924e+04
56722.2635 15.7350 1.4820e+04
56740.6835 12.4309 1.3552e+04
56749.0435 17.2414 3.4894e+04
56759.7535 23.9336 2.4059e+05
56873.9335 11.1511 8.8941e+03
56952.8135 10.5785 1.1383e+04
56994.3935 26.1500 2.6177e+05
57019.1635 15.2018 1.3432e+04
57061.5235 15.8998 7.5805e+04
57152.9235 11.9459 3.8238e+04
57185.4335 11.1880 1.2378e+04
57189.3635 19.2765 2.4113e+04
57212.9335 19.9136 3.2856e+05
57320.3335 12.1516 3.4833e+04
57353.1935 16.2022 3.2735e+04
57394.0335 10.9061 3.9541e+04
57419.4435 16.0126 3.2458e+04
57424.5235 24.9848 2.4882e+05
57454.8335 11.5606 7.2015e+03
57523.1735 10.1972 3.2456e+04
57534.1135 18.0936 4.5199e+04
57555.2535 10.6243 1.6521e+04
57599.6835 15.8012 1.3898e+04
57656.4335 26.4364 2.8496e+05
57680.6835 26.2729 3.7824e+05
57814.5135 10.0222 1.1247e+04
57879.6635 19.9952 1.1326e+05
57911.9035 10.8237 3.1887e+04
57919.9735 10.1367 2.0530e+04
57974.1135 10.6655 3.0833e+04
57996.9735 10.3713 1.7369e+04
58005.5535 11.0473 3.5290e+04
58096.5335 25.1076 3.2498e+05
58134.3935 10.2518 1.5760e+04
58172.6736 10.9692 6.9226e+03
58227.6536 13.4897 3.4906e+04
58266.7936 13.4403 2.8726e+04
58313.2736 16.0246 1.3647e+04
58318.2036 17.0351 2.7653e+05
58351.3836 10.0193 1.0629e+04
58359.7636 14.7376 2.8663e+04
58445.3936 17.1745 2.6222e+04
58453.4536 12.4998 5.8111e+04
58521.9836 10.8219 1.2647e+04
58545.5336 11.2183 1.3827e+04
58550.5736 19.5289 2.3568e+05
58767.0236 15.5099 5.7587e+04
58856.1236 10.8812 7.9994e+04
58932.2236 15.2524 2.9199e+04
58996.3136 26.5749 2.9264e+05
59016.7636 11.7947 3.0910e+04
59178.8736 15.5958 1.9166e+04
59191.7936 14.4753 2.3053e+04
59213.3336 24.9757 3.5387e+05
59279.5636 11.5330 1.0604e+04
59335.7436 10.7324 1.8011e+04
59404.0236 13.9386 1.0426e+04
59412.7536 13.4035 2.0833e+04
59424.3936 23.8969 2.4539e+05
59462.2336 22.3945 9.5528e+04
59528.0236 14.3545 2.5266e+04
59536.4536 10.2116 2.0423e+04
59589.0536 11.2291 6.7284e+03
59598.0036 11.5298 3.1851e+04
59612.2436 15.7835 1.5519e+04
59655.3836 24.4145 1.4071e+05
59703.2736 10.7338 4.1007e+04
59730.8536 13.0420 6.1397e+04
59791.0636 11.9120 2.1190e+04
59821.9837 11.2641 1.5746e+04
59847.0437 14.1728 2.8169e+04
59893.5137 23.5602 2.2766e+05
59923.7937 10.6324 1.2639e+04
60132.1437 25.8487 1.9917e+05
60165.9637 15.4043 1.8819e+04
60175.8937 14.2089 3.0330e+04
60209.0237 11.6425 4.7587e+04
60210.4337 16.8901 4.4772e+04
60236.1037 18.1406 2.1694e+05
60374.7137 25.6220 2.1145e+05
60425.3137 13.7690 1.0202e+04
60533.0937 10.9641 2.5499e+04
60610.5837 10.9265 2.8559e+04
60617.6337 23.6851 1.4544e+05
60664.3937 15.3636 2.6574e+04
60863.6037 23.6507 3.4587e+05
60931.5237 18.9023 3.2077e+05
61118.6137 24.8234 3.8335e+05
61207.2537 10.0190 2.3034e+04
61380.3437 26.0384 3.3541e+05
61398.7737 10.8787 3.4461e+04
61414.6537 10.5411 1.5287e+04
61423.8137 17.7753 1.8371e+04
61533.6938 20.8151 5.0739e+04
61640.7038 24.0866 1.8498e+05
61658.1838 12.1913 2.7564e+04
61721.3738 13.8112 1.8617e+04
61731.1138 12.0438 1.0365e+04
61761.6938 13.3907 2.1323e+04
61869.7438 10.2307 1.5865e+04
61910.4638 25.8545 2.8026e+05
62060.8838 17.8520 2.5823e+04
62069.8938 11.0083 5.5433e+03
62115.6838 10.1243 3.2660e+04
62116.0038 13.0984 2.5732e+04
62198.6638 24.8095 1.4748e+05
62260.9138 16.0886 2.5663e+04
62314.4938 11.2441 5.2340e+03
62421.2738 17.4856 1.8235e+04
62469.8538 10.3500 8.6939e+03
62487.2638 22.5919 2.1821e+05
62544.6638 11.0139 8.8294e+03
62555.8438 16.5606 5.7584e+04
62685.8738 12.2909 1.3719e+04
62700.3838 11.1458 2.2986e+04
62728.6238 15.0467 2.0417e+04
62773.2438 22.9040 1.7478e+05
62787.4838 15.4030 2.2482e+04
62817.3338 20.3679 1.0336e+04
62838.1538 15.6684 4.5529e+04
62879.9038 17.8607 5.3901e+04
62924.0238 16.4870 1.6574e+04
63012.8938 16.6437 4.1467e+04
63033.6538 10.1153 3.5567e+04
63093.2539 18.7509 2.6599e+04
63114.9239 13.1659 2.5448e+04
63185.3639 14.9205 1.9958e+04
63240.2639 10.5240 7.0076e+03
63283.1739 13.9416 9.2067e+03
63298.4339 25.1825 3.1682e+05
63326.0239 14.3786 5.7790e+03
63376.1439 11.1240 2.2515e+04
63484.9439 11.5885 1.5176e+04
63519.2839 10.7784 5.4121e+04
63551.4839 24.8928 3.4731e+05
63568.7639 12.0916 1.3809e+04
63673.2939 12.0609 1.7021e+04
63680.0839 17.6623 5.8664e+04
63682.7939 16.9078 1.7155e+04
63735.0939 10.7483 6.8932e+03
63799.0839 12.4664 2.3271e+04
63826.2139 26.7231 2.4212e+05
63973.5139 14.5182 2.0189e+04
64028.2239 10.4219 1.0035e+04
64102.1039 19.6409 1.1614e+05
64257.2839 10.9991 1.4473e+04
64342.5639 12.3264 1.4218e+04
64363.8539 18.8832 1.7656e+04
64377.3639 23.2625 1.7838e+05
64456.6139 11.9442 1.7831e+04
64553.9239 13.6798 9.0859e+03
64567.6039 11.0507 7.3219e+03
64620.3139 16.7997 1.9140e+04
64640.1639 23.0668 1.8128e+05
64660.5139 10.4854 1.4365e+04
64681.8439 11.9499 1.8344e+04
64705.3239 10.1276 2.0122e+04
64744.4440 14.4163 1.8089e+04
64784.1840 14.1343 6.3702e+04
64793.7740 11.7259 1.9021e+04
64846.8440 11.5545 2.3617e+05
64882.0540 10.8425 2.4514e+05
64885.9040 25.2592 2.3257e+05
65157.7040 24.7881 1.8178e+05
65209.4340 14.7892 3.9987e+04
65224.1640 10.4286 3.0820e+03
65323.9340 14.3569 2.3002e+04
65384.4040 19.7739 1.7775e+05
65409.3440 17.6401 3.0825e+04
65430.8740 25.9015 2.7433e+05
65531.4740 10.6015 8.7219e+03
65717.4940 25.2370 1.8477e+05
65742.7240 17.0871 8.4382e+03
65749.9840 21.1947 2.1631e+04
65802.0540 13.3046 2.4186e+05
65810.9840 12.9253 1.2583e+04
65826.4440 13.6693 6.7030e+04
66024.5240 23.4883 3.4671e+05
66213.3140 13.0748 8.5160e+04
66350.7140 24.6674 2.5392e+05
66426.3941 11.4855 1.0823e+05
66699.5241 25.3705 4.6989e+05
67093.1341 16.7884 2.6344e+05
67502.1341 20.1638 2.3523e+05
67508.3741 21.4326 2.9503e+05
67891.4741 18.1654 1.0326e+05
68262.7242 21.4865 2.8446e+05
68616.5542 21.0394 1.8929e+05
68822.1442 10.1016 1.2719e+04
68852.6442 11.0605 1.6444e+04
68942.7042 18.0574 1.6956e+05
68959.6242 24.6022 3.6589e+05
69293.0242 21.1021 3.8797e+05
69495.3242 10.1061 5.3433e+03
69555.4542 10.3739 6.0175e+03
69590.8342 20.1691 9.8980e+03
69596.8542 10.4385 4.6949e+04
69599.9542 22.2790 3.6692e+04
69614.8542 24.6020 1.2373e+05
69698.3143 15.0575 1.8115e+04
69843.0143 13.7197 1.5004e+04
69888.4943 13.2001 9.4949e+03
69902.8943 11.7917 3.0595e+04
69936.0543 25.3883 2.2058e+05
69969.6743 10.7006 2.0891e+04
70048.2843 12.8556 4.2257e+04
70137.6543 11.9408 1.1023e+04
70220.1543 22.0571 2.0270e+04
70232.1543 17.1645 2.9096e+04
70258.8143 25.7073 1.4924e+05
70292.6043 12.8335 1.2121e+04
70368.3643 14.5028 1.5133e+04
70377.1143 10.6704 2.9060e+03
70503.8543 11.0013 1.4008e+04
70527.7043 12.0762 1.4229e+04
70581.2843 25.7723 2.5082e+05
70650.0743 13.0009 9.4645e+03
70678.5343 10.7973 9.6841e+03
70752.8743 16.2802 2.1189e+04
70837.0743 14.5550 1.8592e+04
70853.6043 19.9153 2.1924e+04
70893.6143 26.7692 2.2423e+05
70921.4743 12.6469 1.4435e+04
70948.2743 17.6808 4.2158e+04
70979.6643 10.3756 2.8775e+04
70984.1643 13.3662 1.4033e+04
70989.2543 22.5940 2.6814e+05
71016.0143 10.5409 6.7761e+03
71022.6943 25.4318 1.6446e+05
71079.8943 17.8558 3.4910e+04
71090.4743 26.5589 1.9206e+05
71132.2143 16.5651 5.5488e+04
71139.6843 11.4454 3.8426e+03
71181.1243 11.1455 8.6394e+03
71207.6443 18.4675 1.7128e+05
71281.7644 14.2626 1.9374e+04
71291.1344 13.0242 1.5433e+04
71300.3944 11.1792 9.6800e+03
71361.0844 21.2139 4.2393e+04
71474.3144 25.0656 3.4303e+05
71536.7944 15.3538 1.3067e+04
71547.7844 15.4509 7.3280e+04
71560.5044 15.9958 7.9870e+03
71614.2444 11.2950 1.0404e+04
71638.6144 22.4739 2.0711e+04
71659.3244 11.9354 8.6282e+03
71696.2444 11.0480 6.7114e+03
71896.1044 11.4506 6.8578e+03
71915.9744 24.6860 2.2293e+05
71938.7544 17.3831 2.0397e+04
71966.3844 10.9142 2.4154e+04
72070.5044 12.6618 1.1039e+04
72097.5244 10.1067 1.0234e+04
72138.1344 11.5001 1.1702e+04
72321.1844 17.3665 3.3408e+04
72328.2244 24.5070 2.4804e+05
72422.8944 14.5796 2.9022e+04
72534.5644 17.4901 8.9951e+03
72597.6844 13.8695 2.4263e+04
72622.6944 10.4085 5.4435e+03
72659.9044 10.1670 6.1687e+03
72752.8844 13.7372 2.2620e+04
72771.9544 13.8418 7.2970e+04
72877.5144 13.7958 8.5008e+03
72882.1144 15.8462 1.6203e+04
72995.7645 11.1906 4.8636e+03
73022.5645 20.5296 3.2477e+04
73108.0945 10.5160 1.3886e+04
73180.0745 18.5708 2.1082e+04
73203.5945 20.1985 1.9915e+04
73234.8345 16.5691 1.4011e+04
73279.4345 11.3604 1.0548e+04
73312.7045 17.4601 4.4737e+04
73376.7045 10.9008 2.2285e+04
73414.2945 11.7007 8.4001e+03
73464.3145 12.8472 1.1466e+04
73689.2945 12.8965 1.4112e+04
73783.5945 11.8753 1.1468e+04
73963.2945 18.3430 2.1798e+05
74179.9145 11.7737 2.9041e+04
74180.3345 16.8686 2.8062e+04
74208.9545 14.7515 1.0581e+04
74242.5045 10.2048 1.1915e+04
74369.8745 12.0792 1.3589e+04
74428.5645 16.9583 3.0672e+04
74707.2646 10.8533 1.9699e+04
74714.7946 13.0256 8.1174e+03
74734.8646 12.6213 1.5730e+05
74736.7846 21.6361 1.3206e+05
74810.3146 10.6314 9.3829e+03
74813.0446 10.2042 5.6879e+03
74845.8746 13.6892 4.0233e+03
74873.4846 11.7807 1.0659e+04
75002.8946 15.8537 1.0107e+04
75159.0546 16.6262 3.1732e+04
75321.4246 12.3876 1.0224e+04
75377.5246 11.2025 1.6455e+04
75383.4446 10.4920 9.4034e+03
75436.6946 21.6712 4.6967e+04
75466.3446 11.1766 3.1259e+04
75466.8646 10.5306 1.4723e+04
75523.1046 24.9336 2.6855e+05
75551.6246 15.1000 1.5808e+04
75610.8746 15.0031 1.2452e+04
75624.6246 13.6990 1.3286e+04
75632.8446 16.4575 2.5732e+04
75643.8846 18.7239 2.6418e+04
75679.1046 11.3916 6.6240e+03
75685.4946 16.8862 1.1476e+04
75700.7046 11.3397 3.5232e+03
75729.0446 15.1686 1.5851e+04
75738.7046 16.7803 2.3731e+04
75865.6046 10.7493 7.6418e+03
75884.4646 20.3140 2.0193e+04
75905.4146 11.3825 7.7689e+03
75953.4346 25.6840 2.8050e+05
76011.9146 24.5344 1.2444e+05
76037.8346 15.8745 6.7987e+03
76079.4146 11.0121 6.1303e+03
76103.2346 15.7441 9.2452e+03
76139.5046 10.2038 1.7335e+04
76177.4346 11.9096 2.0429e+04
76221.5547 10.7287 7.1433e+03
76249.2147 13.8709 2.4254e+04
76288.0247 23.5090 2.8470e+05
76419.6047 15.3736 1.6880e+04
76491.2347 20.6585 1.4857e+05
76556.8947 10.1379 2.3498e+04
76580.4047 10.0904 2.1063e+04
76671.5947 23.5615 1.4787e+05
76686.2347 10.5263 8.0873e+03
76706.0747 11.4338 1.9196e+04
76736.3547 20.2879 1.0557e+05
76742.8047 17.7950 9.4873e+04
76766.3847 10.0255 1.4203e+04
76790.5347 10.3385 8.8689e+03
76809.3047 13.9577 2.5759e+04
76821.9147 11.2914 1.2950e+04
76836.7447 17.7868 1.5227e+05
76839.9647 23.9732 1.5227e+05
76867.5647 22.8361 2.4003e+05
76897.5047 17.4398 2.2810e+05
76915.7347 15.9153 1.0930e+05
76920.7147 15.6387 8.6200e+04
77078.8247 25.1770 1.9210e+05
77153.3847 10.5544 2.3504e+04
77174.4147 12.8356 4.4851e+04
77240.5247 11.9403 1.8859e+04
77279.6247 13.1338 2.5666e+04
77297.0647 10.3919 1.9171e+04
77328.7047 12.3441 5.2957e+03
77398.2647 13.6509 1.4437e+04
77410.2447 10.3074 8.0643e+03
77426.2647 12.2819 2.7404e+04
77468.1747 21.1832 1.2210e+04
77480.5347 15.5667 1.8320e+04
77488.3047 20.6612 2.8439e+05
77506.1247 16.2704 1.6434e+04
77534.2447 12.7276 2.6927e+04
77685.6947 11.2556 2.1826e+04
77696.6047 10.2649 2.0028e+04
77709.8547 13.1104 1.7684e+04
77718.9547 10.1954 5.3773e+03
77726.0447 13.1063 6.8405e+03
77816.4547 26.8041 5.3458e+05
77826.1048 12.2747 1.0490e+05
77881.5948 23.8822 1.4448e+05
77913.1248 16.1037 7.0555e+04
77913.9948 15.1038 6.8373e+04
78026.8048 26.6234 2.8137e+05
78042.6548 26.1553 4.0147e+05
78123.4248 16.4171 1.5689e+04
78155.2248 14.3009 1.6770e+04
78171.6648 17.8027 1.7855e+04
78179.1448 13.4696 1.2031e+04
78268.7748 25.8837 3.0512e+05
78276.7848 16.5149 9.0940e+04
78343.8748 22.5089 1.6332e+04
78355.2348 16.8523 2.6414e+04
78356.1448 10.0082 2.5312e+04
78414.8948 10.7926 1.1160e+04
78421.2648 11.9251 2.7270e+04
78498.2048 11.5506 2.3135e+04
78516.6848 15.2432 9.5439e+04
78519.3948 10.7221 4.6063e+04
78531.7148 22.0895 2.1631e+04
78542.8848 10.7226 2.7837e+03
78581.0248 11.9010 9.6202e+03
78673.5348 25.6488 1.0962e+05
78691.4248 11.3991 1.8616e+04
78724.0748 13.5017 9.5686e+04
78729.9048 15.7160 1.5535e+04
78787.2148 14.9730 6.6094e+03
78807.4248 18.7275 1.4923e+05
78911.2048 11.5120 1.4572e+04
78922.9948 11.0759 9.7653e+03
79076.0448 11.7110 1.1265e+04
79103.8648 24.6444 2.4594e+05
79131.0748 10.1450 3.6570e+03
79194.8248 10.0407 1.4761e+04
79218.5148 12.7389 1.9672e+04
79245.5048 14.8023 4.6274e+04
79246.9648 11.8380 1.0432e+04
79277.4748 21.0876 6.0231e+04
79278.4448 13.8691 5.8584e+04
79335.5748 23.2919 1.9764e+05
79380.3648 10.1586 8.4091e+03
79405.0648 11.7136 9.6415e+03
79440.2348 11.3319 1.3401e+04
79482.3349 16.6843 4.7388e+03
79521.8549 10.0517 3.2214e+03
79572.2149 23.6713 1.6902e+05
79628.7049 13.4286 2.2446e+04
79648.1849 14.9059 1.5283e+04
79751.7449 12.9402 3.2671e+03
79756.4549 20.7922 2.0293e+04
79788.3549 10.7471 4.3917e+03
79793.5649 14.6890 1.1351e+04
79834.8549 21.1280 2.8206e+04
79843.3349 11.9095 1.9143e+04
79881.7549 15.6304 9.2488e+03
79919.0649 12.3469 1.2579e+04
79926.2249 12.2428 6.2622e+03
79944.0549 13.2122 1.2856e+04
79996.8649 14.3396 1.7173e+04
80024.2349 16.6581 1.3166e+04
80074.8749 22.9139 2.9552e+05
80107.2549 12.5653 1.7512e+04
80173.1449 20.3046 1.2456e+05
80244.6049 17.4788 9.5881e+04
80255.7349 12.9718 4.9225e+04
80271.0849 18.8127 1.8080e+05
80303.0449 22.8037 1.6208e+05
80322.9549 23.8059 2.2860e+05
80327.8449 16.6886 1.3236e+05
80333.5349 16.7449 1.3758e+05
80356.5549 18.3658 1.2865e+05
80394.3349 13.9688 5.1946e+04
80438.6849 22.4371 1.9389e+05
80499.6049 13.2761 5.3356e+05
80504.0549 23.9245 5.3356e+05
80509.7249 17.6630 1.0764e+05
80548.8249 14.4359 1.1125e+05
80551.8649 12.8743 1.9693e+04
80556.4149 18.2753 1.4709e+05
80571.0249 18.8564 1.7453e+05
80598.6449 11.5608 9.0296e+04
80626.0749 21.0333 2.7347e+05
80626.4949 10.9429 1.5832e+05
80643.7449 10.1215 4.3638e+04
80665.8449 15.0626 3.6028e+04
80674.8849 16.7170 1.9727e+05
80686.5949 13.1447 7.8794e+04
80696.4249 18.9847 9.4236e+04
80701.3849 25.2122 2.5055e+05
80741.4349 12.7431 1.2847e+05
80753.1449 10.7907 1.7507e+05
80756.7949 23.5946 1.1286e+05
80768.9249 11.5671 1.5414e+04
80796.2749 11.5394 2.8662e+04
80834.4749 13.6397 2.2319e+04
80862.2649 18.0845 1.6385e+05
80869.9149 23.8046 1.7317e+05
80923.9949 19.7312 4.3558e+05
80933.7149 16.9270 3.7530e+05
80970.8449 10.9325 1.7704e+05
80971.4449 22.3109 2.7232e+05
80982.6149 12.4349 1.6856e+05
80989.8449 20.0164 3.6969e+05
81013.3549 22.4082 4.3367e+05
81098.6449 16.8368 4.4827e+05
81115.5350 19.2367 2.1287e+05
81122.4350 17.0193 1.0768e+05
81128.4950 21.4642 2.2225e+05
81153.3250 19.8274 3.6415e+05
81156.3950 18.5558 3.1146e+05
81169.7450 10.8354 7.7644e+04
81207.0550 11.2653 2.6230e+05
81209.3650 12.9234 1.0443e+05
81217.2450 18.5415 2.6483e+05
81232.0450 15.8038 6.8192e+05
81234.0950 10.6122 1.4835e+05
81237.1050 16.3930 1.6085e+05
81286.5150 19.1605 3.1507e+05
81298.4950 10.9511 3.8856e+04
81305.7350 10.4859 3.5467e+05
81306.6550 23.2510 3.5467e+05
81332.9450 20.4068 3.8902e+05
81367.3450 21.7196 9.8736e+04
81376.2750 19.5221 1.8033e+05
81406.9550 13.8020 2.7282e+05
81410.1150 18.2322 2.7282e+05
81416.4250 15.8924 2.0170e+05
81438.1050 12.8368 8.7159e+04
81449.9550 20.0222 4.3572e+05
81451.1850 15.8102 2.1761e+05
81462.9650 11.8149 9.7637e+04
81470.9350 21.0202 2.7074e+05
81521.5150 22.5751 2.4216e+05
81534.0750 22.2830 2.1613e+05
81546.1450 17.8605 3.2209e+05
81570.1650 22.7115 2.3350e+05
81579.5550 15.4813 1.8316e+05
81603.2550 10.4871 3.5703e+04
81612.1650 19.3083 2.0787e+05
81615.6050 14.2513 1.2400e+05
81621.0650 14.4481 1.7424e+05
81643.8150 20.7620 2.1610e+05
81647.4450 18.0019 1.8716e+05
81658.1050 17.2148 2.7896e+05
81660.7450 21.5196 3.0308e+05
81673.4150 16.9633 4.2583e+05
81711.1250 17.6864 1.5498e+05
81765.5450 14.3705 2.0423e+05
81778.8250 21.9085 2.4401e+05
81804.6050 19.9172 3.6204e+05
81823.4450 17.4817 9.0295e+04
81842.0650 10.9227 7.4910e+04
81871.1050 11.4718 1.5251e+05
81893.8450 24.5686 2.4319e+05
81907.2850 25.1607 1.9419e+05
81929.5050 23.6172 2.9286e+05
81942.0050 14.0710 9.3386e+04
81957.0250 12.9442 2.4518e+05
81962.7950 11.9946 1.6337e+05
81967.8950 17.1658 1.8823e+05
81995.7050 11.4028 9.9043e+04
82003.8350 13.5064 7.4413e+04
82020.8850 19.6693 5.2892e+05
82024.5350 18.9182 1.1308e+05
82046.7350 15.9656 2.1619e+05
82061.0850 21.8408 3.8393e+05
82078.4950 24.5636 3.0508e+05
82107.3350 24.5148 2.1770e+05
82144.0550 18.6759 2.4025e+05
82149.5250 16.4498 1.7690e+05
82167.5550 25.0171 2.3977e+05
82171.6150 11.7527 1.5764e+05
82199.1950 12.0310 2.6174e+04
82227.3550 14.8427 5.3304e+04
82254.2750 15.0405 1.5193e+04
82296.3450 11.0558 1.4220e+05
82300.7250 22.3237 2.0261e+05
82353.2350 19.6673 3.3299e+05
82360.0650 13.0338 2.1742e+04
82391.1950 13.1804 1.6398e+04
82402.0250 16.1025 1.5354e+05
82413.8550 14.0255 4.3392e+04
82432.8150 11.2632 8.1179e+04
82474.1850 22.2461 2.0141e+05
82478.1350 14.2101 1.9982e+05
82488.7250 24.3200 5.5447e+05
82491.7450 15.6758 2.0315e+05
82495.9650 12.8764 3.4727e+05
82515.4550 13.5631 1.3227e+05
82545.7150 20.3418 1.1290e+05
82551.1950 17.9925 2.2673e+05
82584.2450 19.2924 5.7932e+05
82599.6250 12.2872 2.4425e+05
82604.5150 16.0914 7.6682e+04
82621.1450 24.0618 4.6743e+05
82635.1050 10.5870 2.4379e+05
82637.0050 20.7834 2.4379e+05
82664.7950 22.5688 2.1685e+05
82679.5650 15.1579 3.5139e+05
82682.0450 20.9015 3.1345e+05
82683.5250 10.2133 1.1787e+05
82708.0650 15.2351 1.0022e+05
82723.1350 19.4648 3.0879e+05
82762.5251 14.9838 2.5444e+05
82763.6951 16.9470 1.1640e+05
82802.3451 10.1426 1.2187e+05
82807.1451 10.3622 9.1613e+04
82820.4251 23.4819 2.3233e+05
82836.4551 20.1793 8.6044e+04
82869.4451 23.4394 9.2789e+04
82892.1551 15.8605 2.3683e+05
82921.6951 22.6545 2.8436e+05
82931.4451 22.2501 3.6182e+05
82937.2451 10.3567 8.6774e+04
82966.8451 13.9117 1.5567e+05
83005.7351 13.9491 6.2994e+04
83016.3751 23.2393 2.8229e+05
83023.6551 11.8206 1.4543e+05
83084.5451 21.9699 2.1075e+05
83096.5351 22.5899 2.4694e+05
83106.0751 11.5380 1.4746e+05
83158.7851 14.0754 1.5291e+05
83170.4951 21.7331 3.2336e+05
83218.0351 24.1222 2.1433e+05
83252.4151 12.2699 1.2133e+04
83290.6251 14.6667 3.9347e+05
83292.1951 19.0311 3.9347e+05
83317.2451 24.2920 2.9959e+05
83329.5351 17.4260 1.4151e+04
83368.1351 11.3562 3.9156e+04
83374.3251 10.4837 7.5596e+04
83375.7451 13.3948 2.4503e+04
83388.8051 14.7786 3.3065e+04
83407.0551 21.9492 3.4440e+05
83418.2851 25.0401 2.4080e+05
83436.6651 16.5080 1.7329e+04
83469.0651 16.3821 9.4223e+04
83546.1651 12.2892 3.1882e+04
83576.2451 11.4550 1.1004e+04
83588.7251 10.8635 2.9057e+04
83625.8351 24.9004 2.4017e+05
83635.7551 18.7479 1.1691e+05
83648.8851 19.9751 2.0206e+05
83666.3151 19.6756 4.4581e+04
83684.3551 21.8378 1.5400e+05
83692.3151 23.5755 2.6374e+05
83765.0451 11.6751 1.1427e+04
83820.4151 11.5302 2.8562e+04
83837.5451 25.2429 2.1599e+05
83851.9051 18.6240 4.8276e+04
83860.4651 24.3063 5.2950e+05
83915.8551 16.6347 1.0894e+05
83925.2751 10.4685 1.2224e+05
83939.3251 25.1474 1.9574e+05
83953.8651 14.1871 8.2577e+04
83961.6951 25.0924 3.6722e+05
84001.9351 20.0200 1.4427e+05
84005.5151 15.8476 6.4478e+04
84017.3651 18.3101 8.9710e+04
84039.4551 10.8895 1.4271e+04
84050.8251 19.3996 1.3929e+05
84101.9551 20.5563 1.6112e+05
84116.8151 10.8216 1.2232e+04
84122.4651 12.1918 1.0119e+05
84123.8451 15.6913 2.0346e+05
84124.9251 18.5403 2.0346e+05
84202.9951 13.3381 1.1021e+04
84236.6751 11.3770 4.5604e+04
84261.9551 10.3862 1.7868e+04
84269.2951 12.8351 1.4221e+05
84280.4151 11.9751 2.8524e+04
84331.1151 11.5269 1.0302e+04
84360.6051 13.0686 2.0541e+04
84390.5252 26.0387 4.5709e+05
84434.9752 25.8403 1.9405e+05
84451.6852 12.3116 1.3684e+04
84464.2952 12.7887 8.7162e+03
84515.9852 25.3297 1.4566e+05
84559.5352 15.1309 2.7753e+04
84598.6552 13.8530 4.1178e+04
84625.4552 10.7445 2.8503e+04
84658.4152 11.8227 1.0598e+04
84685.2152 20.8293 1.7203e+05
84717.4252 10.3218 1.6961e+04
84738.8952 17.9301 1.2347e+05
84755.2952 10.0236 1.4553e+04
84792.3452 16.5732 8.6305e+03
84821.5252 12.1003 8.1287e+03
84902.3052 11.3572 1.2900e+04
84909.2252 13.5760 2.1306e+04
84924.3752 21.0080 8.0569e+04
84960.5452 12.9473 6.5268e+04
84972.0752 22.9526 6.1352e+04
84983.3752 15.7295 3.5140e+04
84991.1752 21.5700 1.3603e+05
85029.6052 19.9224 1.9064e+05
85044.8352 11.3055 1.5436e+04
85055.3552 16.6449 1.8311e+04
85068.4152 17.8814 6.8592e+04
85102.4052 10.6443 1.7987e+04
85126.6052 21.9386 1.5526e+04
85152.1752 13.0029 1.0090e+05
85154.2652 10.0663 1.6672e+04
85171.0952 10.4121 9.5153e+03
85175.5652 10.2087 8.4109e+03
85212.4052 15.1495 6.7248e+04
85245.9752 10.2165 7.2613e+04
85503.0752 18.0826 1.5271e+04
85509.6952 18.2410 4.1135e+05
85569.9252 10.8187 6.5596e+04
85583.1152 25.2859 4.2640e+05
85599.6652 21.4566 2.8627e+05
85701.7252 14.8926 1.1950e+04
85740.1352 11.0464 1.7802e+04
85748.7252 10.6140 1.7099e+04
85793.7552 22.7646 1.8226e+05
85803.1152 18.1672 6.6296e+04
85806.4252 12.5925 5.3354e+04
85822.5452 10.3913 5.1517e+03
85934.0052 25.9095 3.1580e+05
86018.3053 11.8810 6.4471e+04
86035.6453 24.7429 2.3584e+05
86072.0153 10.8420 1.2740e+05
86115.4753 13.0044 3.9947e+04
86119.3053 12.4090 5.7319e+03
86133.3453 16.4714 1.8640e+05
86137.9053 16.0410 1.2320e+05
86174.0353 10.2993 3.5417e+04
86175.7853 18.0129 7.0941e+04
86199.3953 19.9007 3.8840e+05
86218.7753 24.8351 2.3388e+05
86249.5353 11.4858 2.6681e+04
86256.4853 15.7239 1.5921e+05
86258.7853 12.9952 1.5921e+05
86292.7353 11.4611 1.2069e+05
86294.4353 15.4790 8.5625e+04
86323.4753 10.4551 1.2808e+05
86328.7153 23.1547 2.4245e+05
86351.8353 25.0253 2.4195e+05
86364.7153 15.3995 4.9321e+04
