797.3900486688262 6.05228803920294 20425.227618088647
986.3300602008094 6.1622221710345535 17817.40962312075
2352.5201435864346 6.5336065809583515 21390.48619053434
2353.090143621225 6.058097740769506 25502.954365372134
3400.140207528089 6.104755079304928 68819.7660382102
3796.4102317144916 7.968739600121791 137800.09764602198
6182.130377327294 7.479231918510273 49605.64216060069
6228.970380186181 6.66573488491192 23338.629307601754
6311.560385227074 7.148270266784127 35900.853656768944
7961.33048592105 6.770049213990137 36733.829563571904
8023.440489711944 6.392866474116766 97888.92854659948
10359.180632274209 6.377311505655989 7905987.970703977
11823.650721658369 7.535047114137227 92611.86327296947
12507.41076339177 9.405543344180845 170677.71941218525
16612.241013930725 6.123720571872971 64933.3390797202
18602.781135423655 6.342136886599474 64645.86118073903
18680.301140155098 6.803846041705762 130443.26746986649
19928.12121631599 6.006990834836872 112657.47690565295
20507.431251674272 6.104821968855019 127915.46039057171
24805.651514016816 6.483948731253181 19795.880258566256
25094.111531623017 6.6436023116057585 87332.13084126462
25583.02156146372 6.734507419246492 794739.6550058208
26213.251599929907 6.932026743773961 27144.807229269703
27299.951666256817 6.4327256001777915 53178.99586357299
28986.11176917186 6.444097858697032 14684.32858573045
31490.31192201611 6.682043252164321 100084.94663172842
31680.391933617673 6.678051996385263 74101.81188690256
33215.242027297485 8.392157552154002 15097.192932912998
33983.59207419385 6.895190470510873 39598.215553206566
34793.93212365308 6.079729860789265 39752.72105104544
35420.782161912975 6.054175542457952 98957.13913118966
35690.26217836073 7.098339018940821 27304.888071959493
36292.1722150984 6.83813935851306 433576.54288111127
36726.222241590716 8.66517717887457 33863.719662498945
36998.46225820693 6.395528500093845 15657.577281220723
37023.86225975722 7.08801121607706 108266.76702853524
38341.81234019851 6.940342710901876 26244.015617743615
38373.35234212356 9.008909304183538 92516.87199416864
38376.88234233901 6.708871804953518 1660921.8085944736
41495.44253268082 7.67211967515646 30621.945273518708
41514.402533838045 7.563099313268704 15092.71551096793
41539.33253535965 7.874145402902132 293609.1459027169
48509.48296078387 7.017096115087377 66545.2329528038
48511.09296088214 9.269874430654585 66545.2329528038
48901.89298473468 7.020437731522406 8555.929966723821
50196.063063724556 6.690124584432813 30037.76284850678
50587.553087619206 6.023250332496328 54760.17975973882
52238.243188369335 7.54884246381983 12702.728795289677
53192.673246623126 6.43016836175553 329665.09367307846
53275.31325166707 11.231730624080114 27451.448824355994
53286.803252368365 8.927133230642562 103869.03564425594
53307.56325363545 9.500243701715616 941853.3033422595
53975.53329440511 10.642708600067955 191204.15157745703
57343.30349995749 7.202175269691208 4298.648664483466
58783.743587874975 7.6730380721321545 14947.632473513138
59473.3236299636 8.78507650631021 11423.358972219488
59772.453648221046 6.685917846885266 11116.564379731386
61248.62373831932 6.256898440636175 5705.588364518675
62607.53382126061 6.391263308527212 4408.00285299356
62787.05383221764 11.237203867794756 18957.498803455936
62818.3138341256 8.797456866625271 15069.410781136577
62924.89384063073 9.183689755763925 14658.341976739704
62999.323845173574 6.525335860787109 5688.955052548038
63302.1938636593 6.681004825431242 5876.855877558574
65743.62401267236 10.45011653647601 13585.52477693612
65750.89401311609 10.597477481134517 37187.940962608795
65993.01402789392 7.381873196207492 7842.856988030444
68851.08420233669 7.274700308252957 18851.77370711582
69674.00425256374 8.030037839926063 3889.9929673503193
72561.09442877774 8.15363700906984 8265.340507056899
74746.95456219206 6.62755082917692 7581.322386544776
74772.25456373623 6.251360243793932 11704.60804331664
75311.47459664762 6.053746022617977 37161.76665834559
75907.43463302213 7.002040236289271 16228.814022751529
76265.8946549008 7.78236949567201 8928.258247236627
77706.89474285246 6.015458495045794 4458.685747074799
77890.39475405241 8.178403969937465 6166.565472241057
78773.79480797087 7.870939132708638 3107.597803246337
79844.8548733432 6.716285182804103 8057.959777226603
79866.89487468841 6.234463777025662 3663.8738867329034
79884.02487573394 9.067276806399384 16205.744306046456
83329.07508600311 8.747734503934213 11331.78407111184
83485.25509553558 6.270395301326491 17560.327647657992
84123.09513446626 9.994520994202029 90045.1886183171
84124.24513453645 9.950563177287606 90045.1886183171
86113.2652559366 6.068230169163423 12139.770905038627
86127.45525680268 6.4186906470657705 11832.647861927426
