477.6700 12.5737 6.5742e+04
693.2000 14.1836 5.9697e+04
739.6800 14.1819 1.7596e+05
742.2400 10.9175 1.7596e+05
748.3500 12.1753 5.0811e+05
751.6800 12.9305 3.0408e+05
754.5400 11.1307 2.3432e+05
756.8300 11.8339 2.2689e+05
788.9300 12.7587 1.3431e+05
800.9100 17.1579 8.6820e+04
812.2000 11.5792 5.0685e+04
822.3801 11.9581 1.0311e+05
937.0801 16.4689 9.7330e+04
949.6701 16.2728 8.0987e+05
959.1701 17.3235 3.4101e+05
977.3501 16.8705 1.0892e+06
980.4601 10.1195 1.0892e+06
981.3701 20.2436 8.7820e+05
993.0701 17.9674 6.9893e+05
1016.3901 15.5242 1.3156e+05
1017.4201 10.4541 1.2869e+05
1023.8901 21.5651 2.2461e+05
1036.2401 14.6244 3.6844e+05
1037.0801 11.0097 3.2313e+05
1046.8601 17.6366 2.6950e+05
1049.3401 10.6430 3.9774e+05
1050.7101 11.6256 3.9774e+05
1051.6501 14.3958 3.8362e+05
1130.6801 12.9675 8.2845e+04
1139.6501 15.5178 9.4025e+04
1142.1401 11.4196 1.4973e+05
1143.9501 15.7477 1.4973e+05
1159.1301 18.4796 5.6719e+04
1164.0101 12.6820 6.2756e+04
1175.8501 15.8128 1.3997e+05
1178.7301 13.6162 1.3997e+05
1186.4601 11.9818 6.9742e+04
1194.3201 17.8723 8.7414e+04
1202.8401 18.9727 8.7061e+04
1206.2501 12.5804 7.9387e+04
1214.3901 16.0790 6.5980e+04
1224.1201 17.2552 8.9309e+04
1231.3901 12.8888 7.8861e+04
1244.1101 17.7279 1.7702e+05
1245.3901 16.5269 1.4441e+05
1261.0301 10.0247 7.8360e+04
1281.5501 10.4889 5.5404e+04
1290.9201 16.5931 5.7074e+04
1291.8201 13.0347 4.9163e+04
1308.7001 10.3017 5.4236e+04
1316.9001 12.5916 6.5212e+04
1320.3701 17.6996 7.7623e+04
1324.3201 11.9695 7.3485e+04
1326.4201 11.3823 3.7861e+04
1331.7301 14.7967 9.0405e+04
1334.0201 14.9046 8.9404e+04
1340.9801 14.1259 9.1619e+04
1342.6301 12.5376 9.2280e+04
1344.5101 10.9060 7.7436e+04
1353.0401 15.4610 8.5386e+04
1358.0301 15.9285 9.1363e+04
1387.7301 10.8892 1.6044e+05
1395.1601 14.8349 1.7291e+05
1396.2601 12.1182 1.6948e+05
1410.7201 19.5638 1.2795e+05
1418.0001 10.3935 6.4005e+04
1422.6801 15.6689 1.2839e+05
1452.0701 21.6090 4.0238e+05
1452.8901 19.5532 3.8637e+05
1459.9801 13.6083 1.7445e+05
1495.1001 18.6504 2.3865e+05
1503.5301 13.3362 1.6914e+05
1507.4001 12.2824 2.7548e+05
1512.1101 15.1175 1.5407e+05
1535.7301 14.2659 6.2320e+04
1543.6901 14.1980 1.0859e+05
1547.3601 13.0986 1.1502e+06
1549.7901 14.0392 1.1502e+06
1644.0601 15.7695 2.7513e+05
1646.6701 17.0460 2.4840e+05
1648.0401 12.4047 2.0987e+05
1654.0801 12.4518 2.2324e+06
1656.3101 16.9513 9.2476e+05
1740.1501 18.8035 2.1217e+05
1800.8801 15.9236 3.1799e+05
1866.1001 11.4478 3.1013e+05
1870.5301 10.0196 2.0940e+05
1888.6401 15.6348 2.5811e+05
1910.7401 11.8808 5.7772e+04
1927.9601 10.4658 3.2609e+05
1937.1501 14.9287 3.3396e+05
1943.8401 11.2663 2.6610e+05
1948.5001 11.1444 2.4887e+05
1957.4701 14.1066 4.0694e+05
1958.1501 21.5680 3.8745e+05
1981.6101 12.4449 4.1123e+05
1982.8301 14.3305 3.1995e+05
1994.0901 12.7857 3.1879e+05
1999.0101 10.1498 1.6738e+05
2006.0501 10.0797 2.0029e+05
2018.8201 11.5626 9.6984e+05
2019.4801 21.7687 9.6984e+05
2042.0301 14.0851 1.0958e+05
2050.8801 11.1971 1.5411e+05
2052.5101 11.6217 1.5411e+05
2083.3301 14.4977 1.6818e+05
2086.7401 10.7120 1.7796e+05
2087.4101 15.4296 1.8135e+05
2119.6601 10.7917 2.6678e+05
2157.4001 10.8430 2.4602e+05
2258.9901 14.4564 1.2561e+05
2260.3101 20.4995 1.2509e+05
2267.5301 10.9922 2.9046e+05
2268.8701 10.6919 3.3292e+05
2270.4401 10.6942 3.0224e+05
2280.8101 10.4672 2.7077e+05
2281.5101 11.4051 2.6087e+05
2295.5501 24.0659 2.6498e+05
2301.7701 12.3538 1.8632e+05
2307.4101 20.2303 3.1317e+05
2341.9101 14.0722 8.5466e+04
2342.8501 14.8324 8.1541e+04
2380.0501 10.9677 7.4096e+04
2382.4101 12.6575 7.6742e+04
2404.9901 15.4745 6.6745e+04
2406.4801 13.5375 6.5825e+04
2475.3302 13.3486 1.0720e+05
2476.2302 13.6605 3.9039e+05
2477.1502 12.5849 5.8652e+05
2478.2902 11.2946 5.8652e+05
2479.8602 15.7432 1.3393e+06
2482.7502 18.3992 1.1609e+06
2512.3202 13.6041 2.3442e+05
2516.5202 10.2700 2.7511e+05
2520.4602 13.8812 6.2171e+05
2521.7702 16.8401 6.2171e+05
2528.6802 11.8426 3.3581e+06
2529.9102 20.4583 6.0268e+06
2533.2402 20.5163 5.0392e+06
2548.5802 12.0585 1.4600e+05
2553.2502 15.6553 1.8520e+05
2561.4802 20.4728 2.7670e+05
2577.8802 10.2040 2.3655e+05
2578.6402 15.1354 2.3655e+05
2581.0402 11.3255 4.5190e+05
2584.7302 16.1916 1.4502e+06
2585.6702 12.2628 1.4502e+06
2589.0402 10.8372 9.1867e+05
2590.5402 15.6766 7.9217e+05
2608.9202 13.7107 7.7682e+06
2610.4402 12.1224 7.7682e+06
2613.4902 25.5826 7.0192e+06
2634.8902 23.4514 2.9727e+06
2660.5302 13.2747 1.1039e+06
2661.9702 18.9322 7.8905e+05
2669.4602 14.8338 9.4979e+05
2681.0702 16.6602 2.0917e+06
2683.0502 16.9899 2.0917e+06
2694.2802 11.0273 2.6065e+05
2695.7102 14.9027 1.6687e+05
2721.1702 18.9813 8.3108e+04
2744.1502 17.5785 6.2521e+04
2761.9502 13.4096 3.2751e+04
2767.4602 11.0050 4.7577e+04
2780.6502 13.6768 7.9108e+04
2782.1602 16.2058 7.9108e+04
2788.0602 12.8929 3.9368e+04
2795.3402 11.6918 9.7137e+04
2798.7602 10.3126 1.3792e+05
2804.6302 11.2116 6.2475e+05
2808.2502 10.6784 9.9602e+05
2810.3002 12.8064 4.6689e+05
2848.4402 13.9644 2.4439e+05
2851.2902 12.0483 3.0437e+05
2854.1402 15.4411 3.2320e+05
2856.2502 15.0068 2.8469e+05
2900.7902 15.4905 6.3551e+04
2901.7102 12.0098 6.3551e+04
2936.3502 11.3970 4.4448e+04
2972.6102 10.7952 4.1400e+04
2987.1202 13.6970 2.5103e+04
3016.2302 13.9250 1.4037e+05
3018.9702 21.1690 1.4037e+05
3062.0702 15.8037 7.4356e+04
3067.7402 16.8068 5.3416e+04
3081.6902 11.9135 3.4979e+04
3088.5202 19.4310 6.0123e+04
3162.5902 10.3105 7.3301e+04
3170.2402 14.7108 6.1693e+04
3172.1002 14.5529 5.9778e+04
3195.8402 16.1222 5.4812e+04
3205.2602 11.6433 5.0426e+04
3210.8602 13.5002 6.3170e+04
3215.6502 19.8342 1.0076e+05
3222.0402 11.4993 1.0213e+05
3222.8102 10.2963 1.0311e+05
3324.7302 11.6198 1.0480e+05
3325.3802 10.1325 1.0675e+05
3328.1302 11.9206 9.9269e+04
3337.7202 15.2360 2.8987e+05
3533.8702 12.5237 8.2805e+04
3660.5402 24.0074 4.9028e+05
3661.1602 14.4440 4.9028e+05
3661.7802 14.2810 4.9028e+05
3662.3202 17.3019 4.7646e+05
3780.8802 10.7738 2.2174e+05
3784.6102 13.3681 2.6531e+05
4006.0702 11.9194 2.3961e+05
4006.9202 11.4994 2.2152e+05
4014.0002 12.9696 2.6383e+05
4016.5102 11.8426 1.8400e+05
4150.4503 15.8611 9.5149e+04
4171.4003 13.4083 2.6010e+05
4200.6603 19.1872 1.2769e+05
4217.8803 12.6041 1.9380e+05
4218.4803 17.4470 1.9380e+05
4218.9503 10.4855 1.9380e+05
4255.0003 15.2155 2.0440e+05
4256.0003 11.9960 3.2275e+05
4259.8203 12.4332 2.7759e+05
4261.0703 11.7357 2.7438e+05
4407.0303 10.7882 6.4910e+04
4454.1403 17.1209 2.5433e+05
4466.0403 16.6058 3.7517e+05
4469.3003 10.0574 7.3346e+05
4469.8703 10.3279 7.3346e+05
4470.4703 10.8536 4.2241e+05
4498.4803 15.2939 2.8717e+05
4499.2203 19.5452 2.2551e+05
4582.9603 11.5078 4.7883e+05
4583.5003 15.5479 3.6791e+05
4590.7103 10.0699 3.0401e+05
4618.8103 10.2887 3.1105e+05
4620.9103 15.7799 9.9334e+05
4624.1603 13.1029 5.3863e+05
4627.5503 11.9401 2.6484e+05
4633.8803 10.4544 1.4649e+05
4647.1503 11.6063 1.6526e+05
4674.7503 10.5270 1.0107e+05
4760.3403 14.6350 3.0241e+05
4763.2303 11.2493 2.6281e+05
4880.2103 15.8086 3.2452e+05
4891.0703 13.6909 2.8945e+05
4893.6103 11.0382 2.6780e+05
4894.6403 10.9170 3.5481e+05
4917.7203 13.0927 1.7729e+05
4919.9403 10.1023 9.8706e+04
4952.0403 11.1222 6.6871e+04
4953.1703 12.7799 6.6871e+04
4954.2003 11.6821 6.2662e+04
4963.6703 14.3078 6.2201e+04
4990.6503 17.0889 1.3649e+05
5002.5303 19.6609 8.5939e+04
5045.8603 12.3577 9.5791e+04
5050.9203 12.6695 1.3426e+05
5058.8503 13.1832 1.8998e+05
5081.6103 13.7675 2.3595e+05
5083.7903 14.5659 2.2472e+05
5102.9603 12.9049 2.0175e+05
5115.1603 17.0262 1.3055e+05
5122.8003 13.4368 2.1649e+05
5162.6903 10.4436 1.8671e+05
5167.5903 12.7401 2.5908e+05
5172.9103 14.7349 3.2328e+05
5194.5103 12.5979 1.9492e+05
5242.7603 13.9156 4.2231e+05
5270.6903 18.5706 3.1939e+05
5320.2403 15.2554 1.2910e+05
5348.7003 13.5576 5.2355e+05
5349.2703 11.9149 5.2355e+05
5351.7703 10.3284 6.1304e+05
5407.6303 10.0215 3.2036e+05
5454.5303 25.3796 3.3569e+06
5493.4203 11.7188 9.8418e+05
5541.8103 11.5931 5.3470e+05
5577.2803 10.1405 5.2964e+05
5601.9703 13.9683 1.0053e+06
5638.6203 13.2150 5.0042e+05
5645.6503 11.1208 4.8525e+05
5646.8403 10.5215 3.4563e+05
5765.4604 10.8892 5.1105e+05
5769.7504 14.4914 4.9953e+05
5796.6504 10.1193 1.4802e+05
5801.4204 15.3703 4.6790e+05
5804.9904 11.9290 2.9927e+05
5811.8704 10.1933 1.8583e+05
5812.7704 10.1546 1.3779e+05
5822.6004 11.2552 2.9164e+05
5825.8904 11.9153 2.9164e+05
5833.6304 11.4432 1.9677e+05
5857.7204 14.3351 2.3055e+05
5863.8204 13.6919 2.3547e+05
5875.9704 16.5272 1.2608e+06
5893.6204 10.1987 4.8702e+05
5903.1104 15.7573 1.3615e+06
5904.0304 13.2499 9.5865e+05
5943.7404 15.9781 1.3480e+06
5950.2204 10.8204 2.5407e+05
5957.6204 10.8877 2.8674e+05
5996.7304 23.1465 9.4253e+05
6006.7104 10.7975 3.5160e+05
6007.3204 10.1691 3.1331e+05
6019.9504 11.5586 2.8620e+05
6027.9404 19.7869 1.1463e+06
6029.5204 15.8237 7.8509e+05
6043.3104 13.8750 2.3313e+05
6077.5804 18.5799 4.0420e+05
6078.3204 13.3292 3.8183e+05
6084.7904 12.5394 4.3892e+05
6102.0304 10.7812 2.4046e+05
6115.6104 16.2775 4.3083e+05
6123.5804 14.2410 9.5069e+05
6139.1104 12.7315 1.2544e+06
6195.2304 12.2590 4.7737e+05
6257.1504 16.2957 5.8401e+05
6290.8104 15.3378 2.2510e+05
6303.8604 10.1265 3.8199e+05
6305.7204 12.8602 7.7554e+05
6359.7404 22.3470 2.2689e+06
6393.3404 15.3326 1.4732e+06
6408.5304 12.7123 4.8164e+05
6445.0204 11.6568 2.8097e+05
6468.9904 10.0418 4.1485e+05
6559.6604 10.5869 4.9604e+05
6614.0604 16.7269 3.1182e+05
6651.8004 10.4942 4.0451e+05
6655.1104 16.1103 4.4222e+05
6671.1504 13.7661 4.6894e+05
6673.9004 14.3063 4.6131e+05
6695.5104 10.9345 7.0783e+05
6706.7304 11.4908 5.1539e+05
6723.9804 14.1450 6.9348e+05
6787.8904 15.7192 1.8643e+06
6803.0504 10.0313 6.8560e+05
6867.1304 15.3753 4.0568e+05
6867.8304 12.5438 3.1617e+05
6914.9904 14.7894 5.0301e+05
6917.5504 10.0715 2.9826e+05
6939.9604 10.7996 6.1951e+05
6984.2904 23.1820 2.4481e+06
6984.8304 16.1868 8.6622e+05
6993.1304 11.2018 8.2469e+05
7003.5304 14.9158 7.8814e+05
7013.6304 15.3030 6.3186e+05
7018.6404 15.1667 1.3809e+06
7019.1304 14.9621 6.5282e+05
7027.6804 12.6107 1.2634e+06
7072.9004 16.3986 9.6937e+05
7081.0804 11.3892 1.0230e+06
7229.7904 10.6436 1.1274e+06
7237.4704 10.2447 4.2631e+05
7299.3804 11.2549 8.5339e+05
7336.9104 10.0738 5.4079e+05
7352.1604 19.0142 1.2252e+06
7366.4604 22.6886 2.0340e+06
7408.5905 10.7815 6.8866e+05
7446.3605 12.5147 3.0090e+05
7471.6705 16.2957 3.8518e+05
7488.0905 11.6658 4.2203e+05
7547.4805 14.7637 2.6540e+05
7573.0405 15.1658 9.0010e+05
7573.3405 17.7004 8.7672e+05
7615.3205 11.7739 2.8929e+05
7659.6805 10.9506 5.5738e+05
7673.3605 11.7514 1.4603e+06
7684.4005 13.9234 5.6866e+05
7691.0705 19.3006 8.4554e+05
7743.4805 12.3168 3.6903e+05
7745.7505 12.1661 2.6912e+05
7751.6505 21.3600 7.9999e+05
7813.3305 10.7194 3.1535e+05
7860.5205 13.9835 8.7632e+05
7863.3405 13.7590 5.4924e+05
7867.6805 13.9975 8.1050e+05
7882.8205 11.2564 2.6974e+05
7884.5505 13.0505 2.4516e+05
7901.6805 10.2387 1.8582e+05
7916.2405 10.6428 5.5617e+05
7943.5705 13.7387 7.2255e+05
7968.3305 11.8522 5.1692e+05
8015.1805 12.1371 6.4715e+05
8029.2805 14.7535 9.0226e+05
8125.6605 10.3345 4.0939e+05
8155.2705 14.6162 4.4836e+05
8162.0605 17.7678 5.1546e+05
8168.3805 10.4441 3.2448e+05
8175.7505 10.3156 6.4802e+05
8188.9805 18.5907 3.6651e+05
8192.9905 11.4425 3.5995e+05
8201.0705 14.9240 7.6078e+05
8214.3905 14.3429 8.6161e+05
8262.4405 11.3575 2.3648e+06
8265.3405 23.0954 2.3648e+06
8283.3005 19.2167 2.0344e+06
8318.4505 13.9679 1.1539e+06
8326.8305 13.4943 3.8564e+05
8341.3505 12.2163 2.4201e+05
8347.3305 12.2121 1.0196e+06
8358.8305 10.6834 3.4432e+05
8359.6005 11.8446 3.9055e+05
8373.5005 14.0241 9.4253e+05
8394.2605 14.9342 8.5633e+05
8395.9505 17.4690 2.2198e+06
8400.2705 15.9775 2.2198e+06
8425.7905 12.9561 4.2698e+05
8533.7105 10.6670 5.3469e+05
8586.4005 15.8551 6.2170e+05
8612.2905 10.7723 4.6840e+05
8618.3605 15.9388 1.2678e+06
8693.9605 11.3054 4.8790e+05
8694.6305 15.5467 3.4387e+05
8701.9305 11.1902 1.4575e+05
8716.8005 13.4830 2.8126e+05
8719.8705 16.6857 2.5668e+05
8723.5705 11.0430 1.7726e+05
8731.4205 16.4345 3.8622e+05
8742.8305 12.5962 5.4052e+05
8769.7305 10.3088 1.1852e+06
8770.4105 19.6223 1.0505e+06
8780.8105 10.9637 7.4638e+05
8785.1705 13.5911 1.1313e+06
8796.5405 13.4782 6.0343e+05
8841.7305 16.7420 8.5455e+05
8843.4305 13.0237 7.7382e+05
8855.9505 10.3231 8.0415e+05
8867.4705 11.8834 4.5541e+05
8869.0705 11.5585 4.2059e+05
8904.0705 19.1738 1.0818e+06
8916.5705 13.8714 6.2946e+05
8916.9905 15.3217 6.7260e+05
8956.3105 12.1783 3.9938e+05
8981.4205 10.5655 2.5545e+05
8993.9705 10.1178 2.7993e+05
9049.8006 13.8694 4.6568e+05
9061.2706 18.5211 5.4474e+05
9104.3406 10.3799 1.6965e+05
9124.5306 11.6751 2.3834e+05
9129.6106 12.1433 3.2482e+05
9317.1406 14.5345 1.6797e+05
9324.9006 10.5843 2.3391e+05
9342.5006 14.1393 1.4249e+05
9404.4106 16.7012 3.9614e+05
9412.6306 11.6813 4.0968e+05
9415.2006 13.5782 4.0099e+05
9435.9406 15.3608 2.8666e+05
9436.8106 12.6401 2.7967e+05
9481.2006 17.3942 4.4339e+05
9533.7206 17.2346 1.7509e+05
9559.6806 11.0610 1.8600e+05
9588.2606 12.1715 6.6232e+05
9589.1306 20.9553 6.6232e+05
9617.8006 10.9793 4.5909e+05
9648.6706 14.4072 2.4046e+05
9722.1306 10.5355 3.7004e+05
9734.7306 11.8672 1.5753e+05
9767.4606 12.9332 1.3047e+06
9771.6306 14.8556 1.0532e+06
9820.6406 12.9398 3.3317e+05
9821.9006 15.2189 3.7765e+05
9826.6306 11.9245 6.5944e+05
9832.0206 17.6789 1.4992e+06
9861.0106 15.3105 2.7530e+05
9866.5406 11.6535 5.7373e+05
9903.6806 23.6323 8.4650e+05
9916.8206 10.5243 5.6066e+05
9919.7706 17.6777 4.2098e+05
9933.1406 10.3774 2.4726e+05
9939.6306 11.9973 3.5154e+05
9971.0306 10.4236 3.5701e+05
9977.4306 10.6400 3.4092e+05
10082.8406 21.4296 8.4140e+05
10084.3606 11.7872 5.0270e+05
10111.5206 15.5396 7.0812e+05
10132.4306 11.1673 5.9181e+05
10150.9006 13.6141 5.3089e+05
10163.3106 14.8050 4.0026e+05
10173.7106 10.3516 4.2019e+05
10183.6906 18.1355 6.1089e+05
10204.9206 11.4978 1.3531e+06
10207.6806 14.0026 1.2979e+06
10253.2106 10.5211 4.4207e+05
10255.7406 17.0187 3.9619e+05
10258.9706 12.5363 3.7013e+05
10263.3806 15.7412 3.6861e+05
10356.0606 16.9906 1.3416e+06
10365.4906 19.5103 1.2939e+06
10386.2306 17.7345 8.1912e+05
10399.1406 19.5826 7.9808e+05
10409.6806 14.8908 8.6597e+05
10424.3006 12.9867 5.5125e+05
10573.7806 12.0177 6.6740e+05
10588.8806 18.3938 1.0809e+06
10608.4106 18.2656 2.0138e+06
10612.7806 17.1216 1.9333e+06
10635.4206 13.3852 6.1614e+05
10648.1706 13.9864 5.3591e+05
10674.7507 17.1727 4.8482e+05
10761.7707 10.4033 4.3198e+05
10774.4407 21.3772 1.7973e+06
10815.9407 12.9504 3.2928e+05
10827.2707 10.0096 3.8575e+05
10852.0807 13.1758 1.8192e+06
10876.6607 15.4863 5.3753e+05
10909.7507 11.4917 4.1787e+05
10930.2207 11.1853 4.5189e+05
10958.6807 11.7977 5.0925e+05
10959.2107 11.2315 5.0241e+05
10985.1707 11.9225 8.5983e+05
11022.1507 18.7575 2.1677e+06
11025.8707 20.2054 1.4808e+06
11035.1607 11.7405 1.1561e+06
11055.6607 10.8038 2.2044e+06
11213.5307 11.5599 1.0541e+06
11225.6007 10.2390 4.7202e+06
11226.2807 18.4745 4.5748e+06
11277.1907 10.6735 1.5202e+06
11303.2507 11.2751 9.8529e+05
11357.5007 11.0927 7.2888e+05
11364.9407 12.5557 6.6421e+05
11401.3407 15.7959 2.2755e+06
11415.2907 12.7492 1.3494e+06
11417.4707 12.6974 1.0017e+06
11467.5207 13.6041 5.8038e+05
11498.5607 14.4341 1.1152e+06
11499.2307 11.1297 1.1074e+06
11520.7507 16.5874 5.6600e+05
11525.2807 13.4032 5.0556e+05
11611.2607 12.7321 4.8331e+05
11617.9407 11.9728 6.7290e+05
11686.9807 10.6112 4.1320e+05
11697.2107 14.7135 5.3980e+05
11732.1207 10.8086 2.1045e+06
11736.0407 17.3591 1.9609e+06
11773.7107 10.6095 1.6460e+06
11776.3607 21.1015 1.6460e+06
11796.8407 10.7582 6.1420e+05
11808.7607 12.9795 4.7386e+05
11881.3507 13.4346 8.2460e+05
11937.3807 18.1509 1.1686e+06
11961.3107 10.3655 4.1902e+05
11990.7007 22.4756 2.2304e+06
12021.4707 10.3885 4.8832e+05
12032.1907 23.2430 6.1038e+05
12042.5807 10.3086 8.0791e+05
12048.7207 10.0087 3.2422e+05
12060.1707 12.3338 1.6798e+06
12065.1207 12.3130 1.6222e+06
12074.7707 14.7946 9.0135e+05
12086.9607 13.2446 5.5761e+05
12109.2007 10.5904 2.5202e+05
12123.5307 15.8064 5.5591e+05
12140.6107 25.2191 3.8216e+06
12167.2907 11.0023 4.9460e+05
12175.2207 14.8550 6.1302e+05
12179.5707 25.3910 3.4057e+06
12199.4007 12.2150 3.3718e+05
12213.3107 10.4032 4.4198e+05
12215.8707 11.7603 4.0701e+05
12249.8707 11.1336 4.2799e+05
12255.3307 14.3504 6.4197e+05
12268.0707 12.6998 3.4297e+05
12277.5107 10.6323 5.3964e+05
12281.4507 12.3668 6.4089e+05
12289.6308 26.4246 8.4221e+06
12314.6808 10.6308 2.1398e+05
12333.1108 11.4990 4.5769e+05
12337.5808 10.2655 9.4777e+05
12361.6608 12.6881 5.1138e+05
12369.7708 20.3064 1.3819e+06
12423.0008 20.2354 4.9758e+05
12429.3508 15.1212 5.2090e+05
12444.7008 10.0849 6.6586e+05
12463.3308 16.7273 7.8913e+05
12501.7408 14.3109 5.2164e+05
12537.8608 12.2775 6.9605e+05
12587.8208 12.3980 8.4786e+05
12611.6608 18.8373 5.7904e+05
12726.7308 21.2159 2.3728e+06
12745.4008 14.7648 2.2995e+06
12786.6608 15.3290 1.4405e+06
12794.8908 12.8557 8.6751e+05
12802.7208 11.7056 9.8984e+05
12803.2408 11.9274 9.8984e+05
12812.6908 11.0664 6.1898e+05
12819.5508 14.1436 2.0593e+06
12844.3008 14.2748 8.5752e+05
12872.6508 10.2650 9.5120e+05
12916.6608 10.5138 9.4057e+05
12967.4608 14.1967 1.2307e+06
12994.6108 10.2829 7.9900e+05
13028.8408 12.4762 8.7284e+05
13039.8008 11.8445 1.0739e+06
13105.1308 11.6095 1.0678e+06
13112.4608 10.4819 1.7482e+06
13161.9808 10.6253 8.1359e+05
13191.5308 11.3762 1.0761e+06
13265.5508 12.3298 9.2696e+05
13301.7008 10.3971 1.2894e+06
13344.0708 10.0492 2.1825e+06
13382.8008 15.8608 2.4277e+06
13383.5508 10.7817 2.2846e+06
13391.3308 11.9400 1.1666e+06
13454.9908 13.3355 1.5163e+06
13485.3908 14.2457 9.4258e+05
13588.1708 10.1943 2.9112e+05
13608.3108 12.2227 1.1117e+06
13691.9708 13.8339 1.0683e+06
13709.3508 10.2168 6.3357e+05
13821.6708 10.5748 1.3070e+06
13839.4608 15.6346 4.2555e+05
13914.7008 11.4710 6.8699e+05
13983.3209 16.2714 8.4006e+05
14017.8609 12.0177 1.5392e+06
14021.2609 11.8337 1.5392e+06
14058.7809 13.0129 1.4125e+06
14062.1009 10.4646 1.4408e+06
14101.1909 10.2976 2.6563e+06
14106.3709 10.6577 2.8363e+06
14124.7809 17.6119 4.1765e+06
14125.5409 19.1595 4.1765e+06
14127.8109 11.0817 5.5093e+06
14136.8209 11.0201 5.1872e+06
14189.0409 16.3267 1.7876e+06
14205.2209 12.8863 1.6084e+06
14216.9509 18.6950 2.7185e+06
14217.7509 12.6739 2.7225e+06
14218.5709 10.0470 2.6720e+06
14240.1109 17.1944 2.4361e+06
14241.0409 10.1096 2.3845e+06
14260.8809 10.5882 2.2805e+06
14293.1209 14.9111 2.6117e+06
14293.8809 11.8688 2.6117e+06
14315.1809 13.3597 3.1751e+06
14316.7809 11.5564 3.1021e+06
14358.4709 10.3155 1.9049e+06
14361.7909 16.7217 2.2419e+06
14362.5309 14.4252 2.2419e+06
14383.8409 10.3840 4.9306e+06
14402.6409 19.5345 7.3726e+05
14408.8209 16.4938 3.4263e+06
14409.7009 14.8983 3.4263e+06
14410.5509 10.6424 2.6816e+06
14420.5909 12.7772 3.9313e+06
14422.6209 10.6354 4.5026e+06
14471.4909 26.1820 4.5503e+06
14472.2209 12.4770 4.5503e+06
14473.3909 14.5726 4.5503e+06
14474.3909 11.7771 4.5503e+06
14475.4709 10.5171 3.7209e+06
14503.6809 23.0118 3.0180e+06
14504.4209 16.6080 3.0180e+06
14505.0409 11.4218 2.8786e+06
14539.9209 18.8824 2.4922e+06
14540.7109 10.4673 2.4942e+06
14577.1809 10.5547 2.8643e+06
14580.8909 17.8501 2.8420e+06
14581.8609 12.5393 2.7660e+06
14590.1609 18.9293 2.0071e+07
14639.7109 11.9145 1.3743e+06
14647.2009 17.0535 5.3891e+06
14648.0909 20.9194 6.2307e+06
14649.8009 10.0547 6.2307e+06
14651.0609 10.0579 6.2307e+06
14673.1409 17.9350 5.9358e+06
14674.0609 16.2396 5.9358e+06
14674.8709 10.3912 5.9358e+06
14700.7709 18.6434 2.8101e+06
14730.0709 11.3095 1.6955e+06
14738.3409 11.6993 2.8317e+06
14754.5509 13.8805 1.1484e+06
14816.2509 10.7094 4.1337e+05
14829.0309 12.2177 7.6301e+05
14830.1109 11.9262 8.1604e+05
14866.5409 13.4327 1.2239e+06
14912.1009 24.2389 7.7974e+05
14912.6609 10.5750 7.6040e+05
14928.5709 11.9903 8.2761e+05
14962.7009 18.9342 8.2188e+05
14981.0809 19.3287 1.1214e+06
14987.7309 13.2057 7.9372e+05
14992.5709 10.7265 1.1560e+06
15055.6309 10.1994 8.7171e+05
15056.0209 11.7066 8.2679e+05
15076.0409 13.0366 9.5801e+06
15076.9409 15.9350 4.3335e+06
15094.3309 21.4401 9.4255e+05
15100.6509 17.7405 1.1046e+06
15124.1309 11.2605 1.6858e+06
15149.5609 11.8743 9.1703e+05
15183.4509 15.3894 5.0115e+05
15246.0909 12.9101 1.2931e+06
15263.7909 17.1460 1.8271e+06
15417.4509 11.1965 4.3577e+05
15438.4709 19.7811 4.4725e+05
15462.3309 12.2371 4.7323e+05
15473.9809 11.9035 4.2436e+05
15483.7809 15.5202 9.2406e+05
15504.2509 17.0889 7.9681e+05
15515.4509 23.4278 2.7261e+06
15550.6909 10.3941 6.8299e+05
15551.9909 12.7347 1.0001e+06
15553.5809 12.9324 1.0001e+06
15605.0910 10.1520 5.9636e+05
15621.7910 18.1429 8.4261e+05
15631.4710 11.7664 5.5598e+05
15641.0810 12.3477 5.0086e+05
15651.1510 12.1646 4.0621e+05
15728.4010 17.1726 1.1415e+06
15730.8910 10.9007 1.1415e+06
15748.7710 18.2734 1.1545e+06
15807.7210 12.0492 5.1712e+05
15826.1210 14.7228 4.3378e+05
15869.8610 14.6384 5.8532e+05
15883.8810 11.7141 4.4094e+05
15902.3710 15.1326 5.4899e+05
15905.3810 12.1754 2.5225e+05
15914.7410 17.5216 4.5407e+05
15922.6810 10.8027 3.3816e+05
15927.6810 10.1175 2.7095e+05
15932.3910 10.4535 4.5584e+05
15934.6410 14.0326 3.7211e+05
15941.4010 13.9621 3.0692e+05
15956.5610 15.3814 4.2190e+05
15965.2910 18.2693 5.8804e+05
16084.3710 12.6890 3.0692e+05
16096.5610 10.8627 3.0015e+05
16101.3310 12.3796 5.3750e+05
16103.3610 17.1246 3.9776e+05
16148.2510 10.5387 2.7746e+05
16166.0410 18.5469 3.2461e+05
16201.4310 18.9613 5.9028e+05
16254.8010 15.4813 1.1451e+06
16284.5810 10.5613 2.9946e+05
16385.5210 21.5041 8.9982e+05
16396.8910 13.6479 1.7412e+06
16397.4310 17.3934 1.7412e+06
16413.2910 11.1919 4.9839e+05
16457.8410 10.7227 8.0959e+05
16458.7010 11.0866 8.0959e+05
16497.7110 10.8788 4.2342e+05
16536.7310 15.2166 3.9931e+05
16549.4010 22.2593 1.4640e+06
16558.1510 11.6063 8.5834e+05
16608.3610 16.0730 4.2091e+05
16638.7010 11.2571 3.9615e+05
16665.6710 12.2849 2.2901e+05
16691.1210 11.2304 3.7768e+05
16728.4610 12.7350 5.7593e+05
16757.5010 10.8993 4.0786e+05
16775.6610 11.5082 9.8763e+05
16841.0210 17.9654 2.2529e+05
16894.1210 13.9099 2.3950e+05
16906.4710 11.2786 2.1225e+05
16928.6010 15.4697 9.5827e+05
17047.9010 12.4583 6.2866e+05
17084.4610 12.7436 9.9171e+05
17088.1810 11.5027 1.0028e+06
17107.9410 16.0510 8.5329e+05
17111.7110 17.7743 8.5522e+05
17134.1710 11.6995 5.2248e+05
17149.1610 10.3627 6.3604e+05
17188.3010 12.0421 1.3007e+06
17190.6510 14.6969 1.3007e+06
17217.5111 11.2875 6.9026e+05
17236.5111 13.1766 4.3085e+05
17304.0111 10.8699 2.2929e+05
17336.0211 13.6091 2.8886e+05
17338.8911 12.2675 2.1756e+05
17397.0111 13.0102 4.3170e+05
17419.1211 17.2066 4.0264e+05
17425.2111 11.6515 4.4298e+05
17442.6611 11.5810 4.0452e+05
17474.9311 11.5480 6.0541e+05
17520.7811 10.1852 8.7197e+05
17522.5511 12.8469 8.2548e+05
17550.9411 13.4425 5.3229e+05
17586.5911 21.2260 7.7507e+05
17591.9911 11.8674 9.0079e+05
17609.1511 11.3895 7.6371e+05
17735.3811 13.1544 3.1808e+05
17740.5111 10.3418 3.4874e+05
17752.8611 11.7539 7.4827e+05
17761.3611 14.1734 3.5910e+05
17773.5911 12.1135 7.9423e+05
17782.0211 10.3810 6.9284e+05
17792.6011 13.1426 7.5238e+05
17809.6511 13.7880 2.0833e+05
17815.0911 12.4209 4.7677e+05
17819.4211 10.1928 4.6909e+05
17852.2311 10.4691 2.9723e+05
17876.7711 10.3268 7.4372e+05
17978.5011 15.3348 8.4950e+05
17982.3611 11.6622 2.3934e+05
17988.8011 13.1261 1.0336e+06
18000.5511 10.3527 3.8636e+05
18057.8111 17.7075 7.0002e+05
18058.9311 13.5014 6.8641e+05
18161.8811 12.5432 5.1111e+05
18179.3411 11.6236 4.0418e+05
18184.6511 10.8737 2.6141e+05
18202.4611 12.8991 6.4000e+05
18211.1911 12.5947 6.3182e+05
18308.1911 10.2507 7.1094e+05
18308.6211 15.6699 6.6134e+05
18361.9411 12.4054 4.9443e+06
18469.3011 11.0753 5.8603e+05
18475.8311 12.4353 7.3884e+05
18505.2211 18.8645 2.5387e+06
18509.1411 19.8330 2.3300e+06
18570.5211 13.0759 7.1574e+05
18571.4811 10.8302 6.9563e+05
18623.5411 11.2121 3.4296e+05
18761.9011 16.6000 6.0472e+05
18775.8211 18.7683 8.8365e+05
18840.9611 13.5146 5.9098e+05
18946.9212 10.5832 6.0534e+05
18954.2412 20.4271 8.8162e+05
18969.7112 10.1083 3.4403e+05
18974.0312 14.5083 6.0039e+05
19076.2412 11.4907 1.0944e+06
19077.2812 13.0658 9.7304e+05
19112.2512 11.8963 3.5610e+05
19166.4012 15.1333 5.7859e+05
19190.4812 15.0094 1.0168e+06
19254.7612 11.6186 6.7931e+05
19270.9112 25.7353 2.8067e+06
19283.7712 10.1478 4.6478e+05
19301.8312 12.8123 4.7110e+05
19325.0012 11.5464 5.6626e+05
19336.4512 13.8330 4.7458e+05
19367.4412 11.0603 6.4779e+05
19387.2212 10.7220 9.3564e+05
19394.0812 14.1327 4.2915e+05
19451.7812 14.1559 5.6367e+05
19474.1112 10.0009 5.1116e+05
19533.5012 17.7417 8.9326e+05
19591.1612 11.2491 1.2933e+06
19594.9412 20.3168 1.2933e+06
19637.3912 10.9482 2.7383e+05
19644.4712 11.9358 6.5088e+05
19693.0912 14.7786 2.3199e+05
19714.5312 14.3589 2.3668e+05
19721.7312 11.5387 5.6849e+05
19733.6212 13.8677 6.7205e+05
19748.0112 10.7324 9.9046e+05
19748.6112 20.3143 9.9046e+05
19755.4012 10.4024 4.9832e+05
19772.6612 16.4788 2.7013e+05
19780.4312 10.4167 7.9321e+05
19806.3412 13.9257 4.2389e+05
19817.4112 19.9056 8.5464e+05
19897.5612 11.3310 2.9619e+05
19905.2712 11.2531 3.4046e+05
19919.5912 12.2679 2.7756e+05
19931.1712 14.2127 1.2381e+05
20027.1812 14.6509 7.7103e+05
20028.4512 16.5059 7.7103e+05
20029.3412 11.0235 4.9434e+05
20112.7512 11.3389 1.2657e+05
20176.5912 11.6928 1.2381e+05
20414.3912 12.0016 1.3387e+05
21127.8213 10.9444 9.9616e+04
21698.6613 10.2986 7.8393e+05
22235.9614 10.5185 3.3339e+05
22240.0014 13.6925 2.6522e+05
22280.5214 15.7871 3.2656e+05
22389.3714 14.4921 1.0731e+05
22428.0614 12.4608 1.2882e+05
22430.3514 12.1202 1.2157e+05
22437.1814 22.3580 3.4793e+05
22503.2514 12.6595 1.7638e+05
22709.7214 14.3121 1.2781e+05
22731.6714 22.5044 4.6955e+05
22772.4114 11.3465 3.7760e+05
22808.2114 11.2980 4.3736e+05
22855.0514 17.1431 4.4597e+05
22855.7614 13.2730 3.9871e+05
22895.9014 10.6045 3.2637e+05
22897.2314 13.3658 3.1724e+05
22912.2714 10.4189 6.0238e+05
22921.7814 13.5918 1.4421e+06
22962.8814 12.0012 2.9256e+05
22997.8814 11.6704 3.1822e+05
23023.3014 14.8597 5.1970e+05
23089.9314 10.6023 6.2264e+05
23093.3614 10.1344 5.4661e+05
23105.5714 16.8831 5.4899e+05
23117.5914 10.5204 1.1182e+06
23155.9514 10.5637 1.6748e+06
23158.7014 15.7934 1.6748e+06
23170.4014 12.2936 5.5322e+05
23311.0414 10.0573 2.0624e+06
23328.6214 11.2635 1.4142e+06
23330.5414 17.6602 1.6369e+06
23334.0314 10.5412 1.3606e+06
23347.9914 19.4131 1.4215e+06
23360.7014 10.0971 4.4062e+05
23365.5614 19.8825 1.7270e+06
23405.2114 15.0652 9.7118e+05
23420.3014 11.2451 9.6903e+05
23459.2614 13.9392 5.1592e+05
23468.3314 16.4441 1.7101e+06
23487.0314 15.4994 3.9574e+05
23493.9214 10.1189 1.8525e+05
23504.6814 15.1095 1.3781e+05
23546.6314 16.2601 4.2783e+05
23565.2314 17.1750 1.0500e+05
23572.9014 14.9863 2.0720e+05
23584.0714 17.2589 3.2661e+05
23613.1414 25.4348 1.9267e+06
23631.1714 10.7536 5.4966e+05
23636.1214 14.2452 1.3685e+06
23669.6514 12.6514 2.0539e+05
23688.2714 11.2389 2.6107e+05
23690.3414 11.6445 2.3579e+05
23740.5414 10.4481 1.4780e+05
23759.8415 14.2889 1.0166e+05
23765.7115 12.8205 1.2131e+05
23854.9915 10.8918 7.9722e+04
23873.7915 11.0153 1.1747e+05
23925.4915 23.9805 3.4995e+05
23941.2115 13.5180 1.1112e+05
23970.7515 11.7022 1.4468e+05
23971.2715 11.0937 1.2596e+05
23992.8815 15.3428 1.1206e+05
24025.0615 15.7417 2.1132e+05
24049.5815 12.4323 2.6977e+05
24050.4115 11.4069 2.6977e+05
24123.8515 14.2979 1.0132e+05
24167.2115 13.9744 7.9308e+04
24213.6615 12.1469 2.7779e+05
24256.2915 13.6847 4.5016e+05
24315.8915 13.0149 3.1020e+05
24317.3315 10.6970 2.0880e+05
24338.7615 19.3545 3.3328e+05
24379.3515 21.3760 5.6746e+05
24443.7315 14.9716 5.0130e+05
24475.6215 13.6759 1.8056e+05
24524.3915 23.7978 1.1794e+06
24558.1415 10.7558 1.1993e+06
24558.4715 10.0627 1.2241e+06
24624.2515 11.5490 2.7822e+05
24722.1815 13.1655 6.0213e+05
24742.2015 10.8372 5.2650e+05
24770.7215 10.7534 2.7483e+05
24796.3215 13.9695 2.2582e+05
24797.8415 12.6037 2.2582e+05
24799.8915 11.2412 2.0006e+05
24821.2815 13.9691 1.3655e+05
24839.8115 24.5125 1.4148e+05
24852.8615 11.8358 9.5970e+04
24867.7815 14.6014 1.3780e+05
24881.2515 15.7971 3.9443e+04
24902.3315 15.7945 1.1016e+05
24903.3315 13.4605 1.1016e+05
24910.8015 12.1236 1.8803e+05
24913.5415 13.2682 1.8732e+05
24946.0815 11.5486 1.8376e+05
24989.3515 21.9459 6.5368e+04
25003.4615 14.7712 1.3507e+05
25007.2715 12.6050 6.3224e+04
25012.8515 20.2220 5.1519e+04
25035.9315 12.2208 2.6624e+05
25041.5115 26.5365 2.9821e+06
25090.0115 10.9894 5.4024e+04
25100.3615 12.7815 1.5721e+05
25102.9115 14.1486 2.0005e+05
25145.3315 11.2895 3.4574e+05
25169.4415 15.6804 3.3369e+05
25212.6515 13.8432 1.9031e+05
25218.2315 20.1189 4.7486e+05
25225.6615 11.2915 2.0526e+05
25250.2615 16.6754 1.5671e+06
25266.2515 12.6546 1.0028e+06
25280.1515 18.3298 1.2861e+06
25320.9715 15.7252 1.6517e+06
25327.3415 12.6295 5.0810e+05
25344.1515 21.7841 2.4694e+06
25363.5015 10.4436 7.7304e+05
25371.7815 14.7053 8.8013e+05
25385.5615 13.6226 5.0620e+05
25411.7616 15.3536 8.1777e+05
25455.6816 14.5164 6.0506e+05
25458.2416 13.7420 6.9626e+05
25487.0116 18.2236 1.0251e+06
25495.6816 12.3475 7.7139e+05
25521.4016 12.1905 4.4677e+05
25560.0916 11.8825 4.5726e+05
25615.3916 14.9036 7.0968e+05
25703.7416 16.2376 6.8191e+05
25707.6416 14.1784 6.3399e+05
25741.9716 13.4661 8.3576e+05
25901.1816 11.6098 5.3348e+05
25939.3516 13.7929 7.1071e+05
26002.6216 11.4288 9.5671e+05
26011.1516 12.5436 1.3080e+06
26063.1516 11.4534 1.4297e+06
26096.8316 11.0884 1.2215e+06
26116.4316 10.9761 1.4690e+06
26284.5316 14.4307 6.1835e+05
26295.1316 12.2149 4.4261e+05
26302.1216 11.5426 4.9890e+05
26317.5916 17.1768 7.5082e+05
26327.8616 14.1252 6.7370e+05
26354.2916 13.8475 6.9838e+05
26359.2516 14.4056 7.9809e+05
26368.3616 12.3657 8.7732e+05
26387.6916 12.4122 6.5332e+05
26404.5516 13.2026 9.2345e+05
26405.2816 11.2503 9.0571e+05
26441.4416 14.6809 4.1030e+05
26470.0216 14.4807 7.2938e+05
26474.7116 16.7187 1.0113e+06
26497.1516 16.8072 4.0129e+05
26507.7516 16.7057 6.7148e+05
26621.0516 12.3927 2.2988e+05
26668.6416 11.5729 2.1895e+05
26752.5916 12.2609 6.4309e+05
26771.1716 10.3378 8.9606e+05
26793.5716 11.2795 5.6449e+05
26826.2416 10.5366 2.8009e+05
26835.4116 12.4261 4.1597e+05
26835.8316 12.8588 3.6253e+05
26846.2616 19.2692 2.3001e+05
26859.4216 11.0399 2.7837e+05
26882.7416 20.5528 1.1344e+06
26935.3216 10.8029 6.8921e+05
27091.8817 13.4725 5.3941e+05
27094.8117 10.9527 8.1179e+05
27097.0417 14.7552 7.0277e+05
27138.4017 10.4995 7.1517e+05
27243.4017 10.1322 1.6587e+05
27252.2317 11.9409 2.0012e+05
27344.1317 13.2100 2.4250e+05
27432.4917 17.6394 4.5211e+05
27433.0517 11.1675 4.4696e+05
27433.4117 11.4703 3.9875e+05
27455.4217 25.7544 3.3038e+06
27496.7217 19.6818 1.7250e+06
27513.9417 14.2874 3.3709e+05
27516.3617 10.3546 3.2949e+05
27544.6217 11.1455 1.9422e+06
27545.2717 10.5604 1.9422e+06
27548.3917 12.3504 1.9422e+06
27553.8417 13.7533 3.7625e+06
27569.0117 13.6965 7.3663e+05
27591.3417 10.9855 8.7114e+05
27683.2617 10.0722 1.8608e+06
27710.0717 14.8886 2.1919e+06
27725.5117 14.6088 8.8974e+05
27726.5817 11.4001 8.8585e+05
27748.1517 10.1469 1.0477e+06
27758.8917 19.1281 2.6124e+06
27781.4517 14.2763 4.5152e+05
27789.2217 11.5223 1.2965e+06
27793.8617 11.1452 1.1507e+06
27803.5217 12.3381 1.1834e+06
27820.2917 16.4780 9.0372e+05
27821.7217 11.5082 8.8495e+05
27884.2417 12.2401 4.0508e+05
27892.6117 17.8069 9.4889e+05
27937.0517 10.0286 1.3178e+06
27939.6817 21.4116 1.3178e+06
27946.1817 15.4003 9.7717e+05
28004.2217 12.4070 5.0215e+05
28109.2717 10.1778 3.3296e+05
28111.2217 15.3354 3.9414e+05
28111.8417 11.5560 4.6481e+05
28114.6617 14.0187 4.6200e+05
28162.7817 16.2300 2.5448e+05
28250.2217 11.4229 7.2059e+04
28296.7817 14.1199 6.1759e+04
28401.2217 10.2713 2.6586e+05
28446.3817 15.6010 2.1362e+05
28453.4917 10.5605 5.3061e+05
28455.6117 10.0749 1.5625e+05
28494.5217 18.6669 4.1726e+05
28497.9517 14.6888 4.0733e+05
28524.6817 11.3343 1.0902e+05
28532.0717 10.5576 2.3937e+05
28532.4617 10.6580 2.0428e+05
28651.4717 10.1735 1.6986e+05
28662.3417 11.0620 2.1169e+05
28697.7518 10.5012 4.5754e+05
28699.6018 22.6939 4.7473e+05
28759.3018 10.1446 5.0751e+05
28768.2918 12.4831 6.7591e+05
28791.1518 14.0181 2.3728e+05
28797.7618 12.4717 1.9513e+05
28810.7118 13.0088 1.6942e+05
28823.1918 11.3920 3.0189e+05
28827.7718 11.2352 3.5355e+05
28914.2818 21.0757 1.9643e+05
28915.2918 12.7550 1.3815e+05
28919.9818 12.2485 3.4225e+05
28937.7718 16.4460 3.5916e+05
28941.3718 11.8129 3.5106e+05
28954.7918 11.2724 1.0645e+05
28965.3818 16.0714 9.3721e+05
28966.0318 13.0520 9.3721e+05
28967.5918 11.2798 9.3721e+05
28976.4618 22.3867 6.6938e+05
28984.6718 11.9120 3.9417e+05
29079.0518 12.4516 1.6407e+05
29199.8218 11.6378 4.2473e+04
29346.5518 10.5194 7.7336e+05
29435.5818 10.7879 3.9806e+04
29437.9918 12.7112 3.5864e+04
29525.5718 17.1424 8.0256e+05
29527.1718 20.9504 8.0256e+05
29527.9018 10.0725 8.0256e+05
29528.6018 10.2217 8.0256e+05
29529.8518 22.5031 1.0614e+06
29532.7518 16.5651 8.9955e+05
29551.2218 18.5063 1.4849e+05
29560.8218 16.5478 3.5836e+05
29563.9218 17.6744 3.5836e+05
29564.8018 16.4151 2.8526e+05
29585.3918 13.3080 6.1873e+04
29591.3518 23.2134 3.3190e+05
29591.9618 13.2224 3.3190e+05
29593.8718 15.9700 3.2711e+05
29605.0518 11.6379 2.3987e+05
29613.1218 22.6993 4.3173e+05
29626.5218 20.2461 5.4945e+05
29633.7318 16.0408 4.1918e+05
29644.4818 16.9431 1.8497e+05
29657.6518 12.9927 3.5483e+05
29659.3118 11.0334 3.5398e+05
29660.1618 11.6402 3.3983e+05
29688.8118 14.9286 1.6235e+05
29689.5718 17.4754 1.6235e+05
29690.3118 13.0853 1.5049e+05
29701.1818 13.7369 1.0634e+05
29709.5118 17.3721 1.7497e+05
29712.5018 12.9317 1.6664e+05
29718.8718 12.2363 4.8210e+05
29720.7318 20.1362 4.7147e+05
29738.7518 13.2679 2.4716e+05
29740.4218 15.0049 1.2123e+05
29757.0318 15.9003 2.8110e+05
29757.7618 16.8563 2.8110e+05
29758.3618 15.7341 2.3699e+05
29766.5018 10.1939 3.1820e+05
29767.0218 17.0928 3.0872e+05
29803.4518 17.2840 4.2085e+05
29876.5418 10.0553 9.1245e+05
29877.7418 24.8197 9.1245e+05
29895.6618 18.6464 7.8209e+05
29896.3318 15.7049 5.4483e+05
29932.5418 12.2475 1.4654e+05
29951.4518 20.9505 7.5851e+05
29962.7518 10.1024 1.6650e+05
29964.2118 12.2455 1.3690e+05
29991.5918 21.5140 5.7897e+05
30079.3118 16.0917 2.4493e+05
30086.2518 14.6249 3.6622e+05
30141.8418 20.8006 3.7819e+05
30275.7118 10.5683 2.4253e+05
30356.5019 10.5645 4.0362e+05
30357.6019 13.9728 3.8602e+05
30358.2319 11.0634 2.5432e+05
30374.4419 16.2441 4.4648e+05
30431.1119 23.2754 3.0934e+05
30477.5819 12.7785 8.7274e+04
30484.8419 20.5115 2.1118e+05
30570.4919 20.4109 2.7430e+05
30601.1419 12.3179 1.6605e+05
30611.2719 20.0532 2.4568e+05
30633.0719 14.3425 2.2220e+05
30672.5919 16.4854 2.3458e+05
30678.7319 13.3020 3.8067e+05
30680.6319 13.3951 3.4828e+05
30734.8719 10.9525 3.1126e+05
30776.1119 25.9859 4.0278e+05
30798.1019 14.0200 1.4725e+05
30807.3819 17.0737 1.1579e+05
30822.1419 10.4806 1.2559e+05
30851.2219 16.0271 1.3293e+05
30876.6219 13.4842 9.2443e+04
30896.8819 15.0677 5.1281e+04
30921.8319 15.8247 1.1821e+05
30950.9519 10.4334 6.9136e+04
31025.0419 10.4225 1.1224e+05
31065.5919 11.7814 7.1424e+04
31133.4419 15.4014 1.4465e+05
31134.2219 14.0952 1.4284e+05
31134.9119 10.1301 1.4510e+05
31150.1419 14.2216 1.4749e+05
31150.8819 10.6851 1.4654e+05
31177.9919 12.3150 1.1815e+05
31190.7319 12.6829 9.4860e+04
31194.9119 10.8520 9.7970e+04
31253.9719 17.3770 1.6728e+05
31254.8619 12.3525 1.6728e+05
31255.4419 11.9321 1.6728e+05
31277.4519 23.6790 1.8202e+05
31293.8419 18.5436 1.7882e+05
31302.9919 12.1177 2.7541e+05
31304.4719 10.5004 2.9006e+05
31318.9219 11.9999 2.5898e+05
31320.4019 15.3313 2.5177e+05
31379.0819 10.7242 7.5120e+04
31410.3919 12.6714 5.0772e+04
31960.9820 18.9324 1.0734e+05
32112.8620 12.8037 5.5798e+04
32135.6420 10.3632 5.3233e+04
32179.4220 12.4266 1.8202e+05
32249.1320 10.5423 1.6503e+05
32251.6620 16.1218 1.7119e+05
32252.6220 10.9921 1.7707e+05
32261.1820 10.7611 1.1472e+05
32269.7020 13.3755 7.7798e+04
32309.1320 21.5511 6.5833e+04
32318.8620 16.0709 1.2909e+05
32319.8720 16.7676 1.2909e+05
32331.6320 11.6887 1.0672e+05
32339.5320 10.5959 9.6067e+04
32352.3320 18.9425 1.8414e+05
32353.0920 10.5455 1.8384e+05
32366.4420 10.0261 1.2850e+05
32371.4120 18.0793 1.5200e+05
32389.6320 22.4206 2.8930e+05
32390.5120 18.3564 2.6808e+05
32408.7820 10.8598 2.0608e+05
33057.3920 10.2281 1.8553e+05
33058.2620 15.0278 1.7595e+05
33068.4220 13.2306 2.2100e+05
33069.3820 18.7832 2.2153e+05
33089.8820 12.4263 1.9864e+05
33112.7220 11.1193 1.0070e+05
33148.3020 13.3822 5.3937e+04
33172.2520 12.3016 1.3954e+05
33303.1920 11.5098 6.9205e+04
33345.4920 18.8957 1.0068e+05
33381.5420 12.2508 7.8820e+04
33411.8720 12.8048 5.2065e+04
33546.0920 10.3903 6.2931e+04
33549.2020 14.8300 8.0354e+04
33691.0921 11.8544 9.4425e+04
33776.8221 10.5183 7.3295e+04
33828.8521 14.3193 6.5463e+04
33842.3321 11.6809 5.7762e+04
33924.7021 10.5003 5.8736e+04
33972.6321 11.9525 8.7450e+04
33973.6521 16.0470 8.7450e+04
33990.2321 15.8210 1.0530e+05
34003.0921 12.8561 1.7895e+05
34006.8221 20.3760 1.7691e+05
34007.8821 15.4897 1.5251e+05
34021.6721 12.8887 1.3731e+05
34022.4721 17.8427 1.3731e+05
34033.5021 13.6459 1.7598e+05
34048.5421 12.7264 1.8406e+05
34055.7421 12.1188 2.2987e+05
34059.1021 13.4626 2.2823e+05
34064.8921 17.5900 2.2909e+05
34078.0221 10.9323 1.6279e+05
34097.7721 15.1582 2.3324e+05
34098.7821 10.3123 2.2250e+05
34117.1421 10.1107 9.6932e+04
34122.8321 11.0051 1.1713e+05
34132.8221 15.2992 1.1682e+05
34151.8021 20.8256 2.8714e+05
34152.5821 17.8723 2.8714e+05
34169.2421 17.3567 2.6148e+05
34170.6421 12.2046 1.9903e+05
34182.4921 11.6397 9.4766e+04
34191.7321 10.6610 7.2657e+04
34206.2121 21.0941 2.0670e+05
34219.1021 17.7952 5.7727e+05
34248.6921 23.1158 4.2596e+05
34263.6421 14.5304 1.4892e+05
34276.8321 15.0015 3.8602e+05
34279.7021 14.8835 2.7993e+05
34573.1421 11.8856 1.4013e+05
34573.8621 14.4760 1.3018e+05
34582.4521 19.1054 2.7641e+05
34585.7221 10.8870 3.2372e+05
34621.1421 22.3248 1.0193e+05
34646.5421 12.9526 6.3064e+04
34648.3421 16.3687 6.3064e+04
34662.1621 25.4478 1.7158e+05
34671.9621 14.2888 1.5958e+05
34683.9621 13.0220 1.3876e+05
34703.1121 20.0577 7.3738e+04
34703.9821 10.1593 6.6830e+04
34710.4721 13.0197 9.9955e+04
34738.6921 10.6445 1.8155e+05
34756.4721 12.8882 1.6523e+05
34806.9321 10.8159 4.6191e+04
34812.6621 13.2287 5.6980e+04
34840.5321 13.2909 4.7561e+04
34891.9021 10.1683 9.0159e+04
35052.6921 17.5711 1.0378e+05
35053.4921 14.9712 1.0378e+05
35099.1221 18.5762 1.0544e+05
35150.5921 16.0849 6.7346e+04
35176.2421 14.5071 7.7455e+04
35179.2721 11.6655 1.3516e+05
35183.4721 24.0011 1.3002e+05
35218.6921 16.3236 5.5251e+04
35241.1722 17.9273 4.5773e+04
35250.8222 10.0572 3.5440e+04
35270.9622 23.0036 8.1630e+04
35371.3922 14.4485 5.5002e+04
35432.1722 24.3263 1.6352e+05
35557.3522 10.2900 6.0146e+04
35677.5222 17.7733 1.3162e+05
35678.4722 13.4312 1.3162e+05
35703.7122 19.7824 1.9297e+05
35732.1922 22.6641 1.1336e+05
35778.9422 18.9691 1.0625e+05
35834.6822 12.7014 9.9351e+04
35850.3522 13.0635 1.4681e+05
35898.8022 10.0191 4.1505e+05
35900.9222 11.1071 4.6322e+05
36325.8922 21.5551 3.4429e+05
36378.8522 14.6818 3.3538e+05
36434.4022 22.9540 2.5170e+05
36467.3422 16.5766 4.0839e+05
36468.4122 15.3744 3.5450e+05
36486.1122 10.0429 3.7217e+05
36509.8022 14.9075 2.6391e+05
36528.0622 21.0749 4.0751e+05
36608.5522 10.7805 2.7424e+05
36620.9722 22.1207 3.7850e+05
36633.9222 22.1237 3.7919e+05
36657.5322 10.9966 1.2839e+05
36789.1422 10.9821 2.7785e+05
36825.7522 12.6854 2.7316e+05
36914.5123 16.0387 9.4327e+04
36956.2123 12.6063 1.3953e+05
36969.2723 11.0131 1.4877e+05
37275.4923 14.1651 2.2878e+05
37495.3523 10.2492 6.1532e+05
37599.9823 14.3863 1.9776e+05
37605.6023 11.0988 2.4693e+05
37642.5923 13.8307 5.2891e+05
37723.5523 14.4001 6.7504e+05
37823.4023 11.3949 8.1168e+05
37859.2323 13.5917 2.1410e+05
37884.5223 12.2486 7.2936e+04
37904.8823 17.0382 1.0898e+05
37967.1623 22.0347 2.8925e+05
38177.4923 19.7095 1.2171e+05
38220.0523 10.8349 1.3659e+05
38336.8423 11.0364 1.5812e+06
38428.6623 11.4645 3.0363e+05
38447.4923 12.5119 2.0079e+05
38463.7023 17.3974 3.2647e+05
38466.5423 10.0137 1.8588e+05
38515.4224 22.6313 3.3685e+05
38517.0924 15.1907 1.2164e+05
38523.3524 19.8226 2.7535e+05
38728.4824 10.0502 6.7703e+04
39108.4424 10.5838 4.2842e+04
41774.8625 11.3049 1.3999e+06
41775.4325 11.2746 1.3999e+06
41777.6425 21.4370 1.3999e+06
41778.4925 11.0309 9.0739e+05
41787.6726 10.1523 7.5760e+05
41788.2426 10.3424 6.9735e+05
41819.6726 18.5654 1.7201e+05
41862.9526 11.9480 1.7659e+06
42311.0326 11.0264 1.4613e+05
42407.8426 16.1467 4.6763e+04
42416.1626 10.9615 7.6030e+04
42417.7926 11.8130 8.3023e+04
42418.4726 10.3182 8.3023e+04
42419.1126 12.4202 8.5255e+04
42473.5126 16.7158 7.1277e+04
42474.2826 13.4962 6.7179e+04
42499.1426 19.6961 6.8274e+04
42552.7026 25.9257 5.9842e+05
42556.3726 17.2073 4.3447e+05
42569.1326 13.3519 3.6292e+05
42578.4826 19.9542 3.5919e+05
42677.6426 10.1560 1.0667e+05
42687.2526 13.9387 2.7068e+05
42697.9926 12.9298 2.2532e+05
42701.6926 12.3053 2.7798e+05
42713.6026 13.2790 5.0580e+05
42715.6526 21.6618 5.0580e+05
42716.5826 10.7673 3.4068e+05
42756.1026 17.7668 1.4116e+05
42762.2226 10.3224 1.4623e+05
42772.6326 11.9911 2.5525e+05
42788.8226 10.5740 1.2546e+05
42793.0426 13.5666 5.6179e+05
42795.0526 15.9075 5.6179e+05
42795.6926 10.4588 8.8636e+05
42796.4926 19.3168 9.1625e+05
42799.5026 12.2962 8.1275e+05
42814.0226 20.6831 1.1167e+06
42875.6426 12.2407 1.4888e+05
42876.1826 12.8702 1.4888e+05
42879.3126 10.0210 1.4888e+05
42910.9326 10.7090 1.4358e+06
43053.0926 18.0840 1.5240e+05
43082.8126 12.0610 1.1448e+05
43098.4626 11.6729 1.5757e+05
43099.9326 11.9121 5.4940e+05
43103.4526 22.5253 5.9829e+05
43123.0026 12.7229 3.9135e+05
43123.4126 12.6017 3.5485e+05
43369.1926 14.7484 1.5547e+05
43387.8826 15.9611 7.8666e+04
43414.2226 16.1421 1.8767e+05
44039.3127 10.1146 2.0119e+05
45174.6928 10.3006 2.7566e+04
45488.1328 12.2134 4.9811e+05
45492.0928 15.5544 5.6267e+05
46761.0629 12.2404 6.8039e+04
47083.6129 12.7464 1.1198e+06
47255.3029 11.5713 2.8486e+04
47662.8129 15.2978 1.2021e+05
47667.2929 13.5474 1.2021e+05
47782.2929 12.1014 2.8504e+05
47821.0029 20.8818 5.7302e+04
47828.6829 12.1656 6.7019e+04
47842.4429 16.6473 6.3316e+04
47843.1729 16.2882 6.2557e+04
47848.5429 11.3188 5.0789e+04
47858.2529 17.3784 8.8153e+04
47868.5729 10.7089 6.9677e+04
47884.9029 12.6907 3.7524e+05
47887.3629 21.3486 3.3404e+05
47890.4829 11.9013 2.1036e+05
47903.1729 16.3505 3.1346e+05
47907.5629 12.5578 2.6640e+05
47957.6129 10.7834 1.0425e+05
48046.1829 10.2580 1.2383e+05
48059.2629 12.1774 2.7254e+05
48062.3829 20.6750 3.1967e+05
48066.3229 15.7185 2.9922e+05
48108.3029 15.3744 4.0441e+04
48135.8229 12.5946 7.0940e+04
48136.3129 21.5452 6.6525e+04
48161.3529 10.3441 2.4365e+04
48163.6429 10.1037 2.3579e+04
48194.5129 12.2785 3.0304e+04
48236.0629 10.2482 1.7036e+04
48315.6929 13.0948 3.3559e+04
48455.3630 18.5554 4.0861e+04
48592.0330 15.3332 1.3001e+05
48592.8430 15.8503 1.3001e+05
48593.6030 14.7462 1.3001e+05
48605.3330 21.5101 5.2658e+05
48606.6530 15.4912 4.5336e+05
48652.9630 12.0346 4.7882e+04
48659.9930 18.1905 1.3631e+05
48716.2930 19.6549 2.1604e+05
48716.9630 11.3371 2.0213e+05
48721.1030 10.7861 7.8705e+05
48722.3930 13.0017 5.6404e+05
48743.0730 25.7993 1.2098e+05
48746.3930 10.8694 1.3881e+05
48750.0830 10.4258 1.2089e+05
48758.0830 20.4320 3.7121e+05
48767.2730 15.5296 1.4486e+05
48768.0330 15.2538 1.3880e+05
48784.6830 21.5893 1.6120e+05
48785.6330 10.9916 1.6120e+05
48807.4330 15.7765 6.6002e+04
48808.1830 11.9715 7.6167e+04
48820.3030 15.9710 8.7834e+04
48821.7530 12.9504 8.7834e+04
48843.2130 20.3621 4.3487e+05
48892.0630 13.4655 1.0766e+05
48910.4630 10.7910 2.3584e+05
48913.7030 18.3270 1.5954e+05
48925.2230 10.6002 1.1620e+05
48967.6530 19.2537 1.3614e+05
49004.4230 11.8550 7.3533e+04
49034.0130 14.9977 7.9749e+04
49053.3030 13.6640 1.2921e+05
49074.5530 18.1570 2.8980e+05
49095.1430 12.4179 4.1733e+04
49135.2930 10.6933 3.6298e+04
49200.4630 13.5390 5.8062e+04
49262.5030 14.0591 4.2956e+04
49312.0130 10.0959 2.0475e+04
49381.4830 12.6836 5.1423e+04
49402.6130 10.1286 3.2053e+04
49507.1730 12.0973 2.1945e+04
49578.5830 12.9357 2.1982e+04
49876.6130 14.0533 5.3249e+04
49946.8730 19.0058 1.7629e+05
49982.6331 16.6334 1.4884e+05
49983.9431 17.6255 1.3424e+05
50010.6131 20.7271 1.4767e+05
50024.6831 10.1134 1.4520e+05
50046.1131 15.7595 3.7545e+05
50046.4731 12.8671 3.7545e+05
50085.7131 15.9577 9.2311e+04
50101.9431 10.9964 2.0611e+05
50103.9331 14.5945 2.0611e+05
50187.2531 10.3169 2.9992e+04
50318.8931 12.6452 9.4068e+04
50320.5531 10.7969 1.6953e+05
50323.8431 12.9185 1.7703e+05
50338.1231 14.3923 2.7370e+05
50365.4131 11.2830 2.0434e+05
50369.9231 10.0763 1.6822e+05
50389.3831 12.6028 3.8055e+05
50389.8031 16.3230 3.8055e+05
50401.2231 10.9218 8.3194e+04
50418.0931 17.9305 1.0637e+05
50418.8131 10.5598 9.8305e+04
50451.1731 25.3051 1.9143e+05
50451.5831 15.2627 1.8603e+05
50565.5131 18.2292 4.2452e+04
50585.0231 24.2588 3.4416e+05
50600.8831 16.6560 9.3841e+04
50601.6931 13.5673 9.3841e+04
50613.2531 16.0059 7.2598e+04
50615.1631 11.2389 6.1303e+04
50621.1531 10.6068 8.8611e+04
50633.5731 21.9282 1.6026e+05
50650.0131 13.7772 1.0796e+05
50656.4331 11.3051 1.4871e+05
50702.6431 16.4841 4.1740e+04
50711.4431 11.2041 1.2873e+05
50743.0431 13.9734 3.4806e+04
50793.4131 14.3979 5.8054e+04
50813.3331 11.5116 3.7453e+04
50938.1731 13.3253 9.7986e+04
51020.4631 11.6713 1.0901e+05
51087.7031 17.9144 6.0378e+04
51856.6332 10.0540 9.3973e+04
51858.1232 14.9815 7.5137e+04
51906.9032 13.0582 9.0740e+04
51908.5332 12.0968 1.2161e+05
51921.4832 20.5641 5.7129e+05
51922.1732 13.2436 5.7129e+05
51922.8032 15.6460 5.7129e+05
51924.4832 17.4603 5.7129e+05
51925.4632 13.6062 4.1674e+05
51939.3832 15.0272 2.9814e+05
51940.0632 17.5557 2.7287e+05
51949.4432 17.9314 8.1325e+05
51950.5632 10.1555 8.1325e+05
51951.4132 16.4056 5.5915e+05
51981.4132 25.0815 1.0164e+06
51991.7932 20.3812 4.2237e+05
52024.7732 12.2127 6.1149e+05
52027.3632 18.4974 6.1149e+05
52027.9032 11.4919 5.3434e+05
52097.1332 11.7014 4.3474e+04
52128.7832 10.7596 3.2722e+04
52586.8832 10.7150 4.6694e+04
52709.5232 10.5595 1.9296e+05
52711.0732 13.7074 1.9296e+05
52727.8032 19.4969 1.8072e+05
52742.4932 10.8154 1.3822e+05
52754.7932 19.4828 4.7125e+05
52809.7532 16.9199 1.8641e+05
52833.7332 15.4566 1.2268e+05
52848.7432 11.7597 1.7230e+05
52850.7732 12.6078 2.7337e+05
52883.9632 24.7003 1.3426e+05
52887.6332 11.1361 1.5589e+05
52888.4632 11.4392 1.6867e+05
52942.3332 22.2649 9.6548e+04
52954.6732 11.0129 6.6826e+05
52955.1632 17.2141 6.6826e+05
52955.6432 11.6333 6.3498e+05
52991.7032 20.0061 2.5730e+05
53014.6232 11.1389 7.8660e+05
53116.7632 17.8119 2.3734e+05
53178.7632 20.6062 8.9387e+05
53208.0732 10.2662 7.4027e+04
53217.7932 10.2018 9.7353e+04
53242.6432 10.6133 1.1040e+05
53261.2233 10.7073 4.1290e+04
53272.9433 17.5702 5.7884e+04
53293.2133 13.3897 9.1583e+04
53333.8133 12.9315 7.8633e+05
53336.6533 13.1083 7.8633e+05
53342.6833 18.4033 7.2716e+05
53369.8833 12.1563 1.3316e+05
53391.8733 14.8324 1.3388e+05
53477.2733 10.2541 1.6239e+05
53488.8033 10.5237 1.0155e+05
53490.8933 11.1402 1.0074e+05
53505.1633 16.6977 7.3081e+04
53514.6033 18.8267 2.0603e+05
53538.2033 11.9610 1.3935e+05
53539.5333 12.0916 1.2592e+05
53549.6233 10.1667 8.1576e+05
53550.8133 19.2122 8.1576e+05
53551.3733 11.0447 7.3112e+05
53576.7433 21.1147 1.4612e+06
53610.0933 10.2058 8.2202e+05
53610.7833 24.1589 6.3810e+05
53638.1333 14.8367 2.0335e+05
53638.8533 11.0742 1.9698e+05
53647.0633 15.0204 3.9550e+05
53682.9633 15.3982 1.4595e+05
53706.3433 24.3256 5.7630e+05
53711.1933 10.8009 1.2633e+05
53731.5633 18.6260 2.6709e+05
53768.1633 17.5846 1.2470e+05
53770.0933 13.6509 1.0086e+05
53804.1233 12.6776 1.2705e+05
53819.5833 14.5308 8.9591e+04
53826.9733 13.4346 2.9708e+05
53861.5433 12.6336 2.1430e+05
53865.7233 11.1235 9.7568e+04
53872.0033 12.4602 3.1818e+05
53872.5133 12.5491 1.2898e+05
53892.8733 13.9359 8.3814e+04
53939.0333 10.0708 8.5319e+04
53975.3933 11.0635 2.9316e+05
53987.9533 13.5434 7.0836e+04
53994.7433 10.8538 1.1472e+05
54013.4233 20.4780 2.6279e+05
54016.0633 18.2442 7.2368e+05
54018.8633 22.6261 7.6965e+05
54029.5633 16.3096 6.6459e+05
54032.6533 12.5167 3.9904e+05
54050.4133 10.3767 1.1534e+05
54076.5833 11.7514 1.0297e+05
54078.8033 17.7823 1.1026e+05
54097.3733 16.3145 6.9415e+04
54098.6733 16.0862 6.8758e+04
54104.6633 12.3180 1.2065e+05
54113.8533 17.2850 9.2932e+05
54114.9933 10.9912 5.2590e+05
54121.3333 10.7996 7.5580e+05
54159.3933 11.6488 5.6201e+04
54162.8733 12.1093 5.3998e+04
54172.8033 11.3934 6.6061e+04
54173.8433 14.6051 5.9288e+04
54190.2433 11.5650 3.5893e+04
54220.6333 10.1615 1.4132e+05
54226.0633 11.4725 1.3417e+05
54320.8833 12.7799 6.3310e+04
54321.6033 10.6673 8.1924e+04
54331.9833 15.7855 3.0509e+05
54346.5133 17.1695 1.5720e+05
54350.4833 12.1805 1.7253e+05
54352.2933 12.7766 1.7021e+05
54404.8233 14.2374 1.1679e+05
54427.1933 14.9028 1.1019e+05
54443.7633 11.9344 1.3141e+05
54445.5433 11.3346 1.3141e+05
54447.5933 12.2583 1.3316e+05
54508.3733 23.7128 1.1908e+05
54614.1833 18.7593 2.2646e+05
54627.3433 11.9105 2.7266e+04
54658.6333 10.0547 6.3299e+04
54659.9633 15.3831 5.1428e+04
54687.4033 12.9050 9.8937e+05
54688.9733 23.4967 9.8937e+05
54718.1933 15.0748 1.0872e+05
54727.5733 12.9704 1.1132e+05
54740.5833 16.1734 1.1354e+05
54741.1433 13.7427 1.1354e+05
54742.1733 11.2425 1.1354e+05
54754.3633 15.1709 7.0354e+05
54754.9433 20.6442 8.3340e+05
54759.0733 10.2571 9.6046e+05
54806.0633 10.7204 1.6260e+05
54807.1833 23.9252 1.6574e+05
54807.8233 13.4173 1.4893e+05
54826.9333 14.6022 8.5337e+04
54844.5633 11.5606 1.3106e+05
54891.7334 11.1119 3.4081e+04
55097.8334 13.8936 1.4966e+05
55098.5234 13.2129 1.4966e+05
55099.2134 19.2213 1.3412e+05
55114.0834 14.6917 2.3574e+05
55120.1034 24.0063 1.1133e+06
55122.6034 11.2856 7.6383e+05
55142.8534 12.2886 1.6561e+05
55162.7334 20.0454 1.4616e+05
55177.9034 14.7604 8.2370e+04
55185.9134 16.8040 1.8704e+05
55187.0034 17.0185 1.1482e+05
55195.4534 17.9316 1.3375e+05
55221.5034 15.0133 4.7473e+04
55222.4134 10.5323 4.6125e+04
55235.3834 17.1319 1.0407e+05
55235.9834 21.7839 1.0407e+05
55275.8934 10.4419 8.0336e+04
55348.0234 19.0230 7.1489e+04
55349.1134 12.3941 6.9071e+04
55356.9834 14.3286 1.6260e+05
55366.9834 17.8817 6.1843e+05
55368.1134 13.4185 7.0390e+05
55401.3434 13.1825 2.6416e+04
55458.8534 10.2403 6.2364e+04
55465.5934 12.9784 6.0010e+04
55470.3834 10.2378 6.9813e+05
55471.7534 23.7620 7.1156e+05
55476.4934 15.5571 7.3864e+05
55495.8434 11.7005 1.2438e+05
55496.9634 10.2475 1.2116e+05
55510.2534 13.9182 2.4601e+05
55517.8334 16.1214 8.7661e+05
55518.5034 10.5683 7.3717e+05
55561.5134 23.9931 1.0973e+06
55565.1134 11.8240 8.2451e+05
55613.4134 17.6923 1.5937e+05
55621.4334 10.5218 3.7877e+04
55635.7234 23.2092 7.9963e+05
55643.1834 16.5884 2.1124e+06
55644.2534 24.7739 2.1012e+06
55711.8234 11.2200 1.7689e+05
55744.4834 14.1233 1.8328e+05
55755.8934 12.3459 3.8316e+05
55790.1534 11.3107 6.2908e+05
55794.4334 11.2349 8.4253e+05
55811.5534 11.3230 3.7235e+05
55812.8334 11.0605 2.4065e+05
55838.3834 11.6385 3.3561e+05
55839.6934 11.2742 3.3561e+05
55863.4234 16.7815 2.1773e+05
55905.0934 15.4580 3.1415e+05
55927.9834 20.1209 5.6866e+05
55949.2734 19.3891 4.3029e+05
55952.3034 17.2205 3.7109e+05
55977.1134 10.6745 4.8933e+05
55984.9234 11.1476 1.8545e+05
55990.2234 10.2862 4.6749e+05
56000.5334 13.9214 1.3214e+05
56017.5934 16.9066 4.1108e+05
56058.8634 13.8092 5.9379e+05
56069.8534 16.3029 2.9317e+05
56084.2234 16.2890 4.6273e+05
56086.2434 11.3491 4.0455e+05
56096.4234 14.1325 1.5200e+05
56107.2934 12.8980 2.4385e+05
56108.9634 20.7482 2.4385e+05
56121.4934 11.5568 3.8988e+05
56126.5334 14.1663 1.1985e+06
56128.2734 17.8778 9.8780e+05
56141.5634 13.8888 3.7716e+05
56164.2634 24.9367 1.8644e+06
56182.3334 10.6880 8.2527e+05
56188.5434 12.5167 6.9930e+05
56202.3134 12.6053 6.8010e+05
56204.3934 12.0767 6.8010e+05
56205.9634 11.2984 3.8587e+05
56213.1534 11.4113 4.4507e+05
56217.2934 10.8794 1.5221e+05
56229.7634 10.8373 2.7365e+04
56236.7434 14.7974 4.3575e+05
56238.3034 11.3417 2.2415e+05
56243.3434 10.0346 1.0995e+06
56244.8634 21.4535 9.5510e+05
56253.4534 16.7316 1.6898e+05
56263.5934 16.1400 3.5981e+05
56272.0234 17.6032 2.9967e+05
56277.8934 10.7990 4.5753e+05
56292.5234 12.4026 4.5932e+05
56293.2234 11.1954 4.5932e+05
56299.2434 14.7066 6.7734e+05
56300.7434 20.5695 5.2696e+05
56312.2034 10.3318 1.7098e+05
56321.9134 15.0552 4.3783e+05
56333.7734 10.0058 2.7047e+05
56360.6334 15.4977 2.5164e+05
56361.9734 16.9183 2.2989e+05
56365.2634 12.9217 2.3560e+05
56377.9034 10.8982 5.6265e+05
56378.4534 17.7837 5.0965e+05
56393.1234 23.0797 4.6543e+05
56426.7434 12.2420 3.3353e+04
56440.2034 16.8936 1.3146e+05
56465.6134 18.0911 1.9105e+05
56485.0234 11.3737 4.8582e+04
56493.2934 12.0263 2.7572e+04
56500.0534 15.2515 5.3633e+04
56528.2335 14.8170 4.7733e+04
56567.6135 10.4206 2.1832e+04
56584.6835 13.0577 2.0816e+05
56586.2435 12.5375 8.8742e+04
56612.9135 14.3684 1.2669e+05
56626.5535 17.9405 1.6083e+05
56644.0835 14.1617 1.8156e+05
56664.2935 10.9141 5.1624e+04
56672.6935 12.1376 3.9132e+04
56708.7035 21.5830 2.6889e+05
56711.9335 13.9606 5.1008e+05
56715.6835 17.1339 6.5621e+05
56716.4335 15.5681 5.8878e+05
56719.9435 10.2680 4.2290e+05
56744.5535 19.7569 9.8664e+05
56766.5335 20.0457 1.2900e+06
56767.2535 23.5384 1.2006e+06
56789.2535 17.5469 1.6854e+05
56789.8835 16.3593 1.6741e+05
56799.3135 16.1520 8.8692e+05
56800.9235 18.7740 7.5433e+05
56811.5035 16.0391 7.4224e+05
56820.5835 10.5680 7.6418e+05
56824.6735 20.2712 9.7569e+05
56825.3935 13.5820 7.6220e+05
56826.7435 10.3846 3.7603e+05
56911.5835 10.0122 7.4190e+04
56913.8535 10.3339 7.8749e+04
56915.1735 15.3392 7.5144e+04
56940.9535 11.7179 5.4743e+04
56944.0935 10.4498 3.3419e+04
56951.8135 11.0721 4.5892e+04
56952.4135 15.8713 4.5892e+04
56962.7335 18.9777 8.3217e+04
56991.1135 15.6329 6.5793e+04
57019.7335 13.9869 9.6612e+04
57021.8935 22.3979 9.6612e+04
57049.6835 12.6904 3.9337e+04
57300.0435 15.0363 5.4598e+04
57352.7735 12.9962 3.5233e+04
57374.4635 12.1168 4.3883e+04
57425.6335 11.6924 2.8407e+04
57458.8635 12.7906 4.1289e+04
57461.3635 10.8847 4.0685e+04
57476.6835 10.8471 4.2351e+04
57477.4335 12.4987 3.4807e+04
57487.6335 16.0962 4.6512e+04
57505.0735 11.6257 8.4451e+04
57505.5435 13.4057 8.4451e+04
57506.0235 12.6212 8.4451e+04
57520.3035 11.0302 8.5336e+04
57629.4735 12.4589 2.4139e+04
57638.8035 14.3358 4.6798e+04
57642.6035 12.3888 3.5068e+04
57679.8435 14.4611 3.0095e+04
57686.4435 13.4802 2.2690e+04
57720.2235 14.9567 3.3411e+04
57721.0335 10.2882 3.3310e+04
57730.5735 12.8401 3.4235e+04
57773.0435 17.7222 5.3482e+04
57783.3535 15.2282 1.3526e+05
57783.8935 12.1424 1.3526e+05
57794.3235 11.4135 2.0456e+05
57795.0235 10.0086 2.0456e+05
57809.7435 14.4797 7.3334e+04
57815.8835 13.9884 2.3789e+05
57817.3635 16.6259 2.4296e+05
57818.7835 11.1532 2.3947e+05
57821.4835 11.8085 2.1548e+05
57827.1835 21.1814 4.6795e+05
57838.4635 15.4721 2.5586e+05
57866.5535 10.6282 2.2448e+05
57867.4535 23.3173 1.6202e+06
57868.0835 14.6007 1.6202e+06
57870.9935 20.7871 1.1024e+06
57916.0935 18.6957 6.4242e+04
57917.0035 11.2653 5.1585e+04
57927.7635 10.2504 4.7785e+04
57946.4235 12.2644 4.4632e+04
57961.5335 18.4543 4.6443e+04
57968.3335 13.4910 5.1292e+04
57984.4935 17.1499 2.5094e+04
57991.2935 12.0656 2.4101e+04
57996.6335 11.6723 7.3956e+04
58088.2435 13.6497 2.3420e+04
58098.6335 15.6136 3.8223e+04
58112.0735 17.3081 5.0024e+04
58135.5035 10.1556 4.6349e+04
58205.2536 16.7609 5.1396e+04
58221.0636 10.9071 3.1790e+04
58243.0036 10.3481 2.7969e+04
58243.8336 11.7147 2.3259e+04
58250.4536 10.8550 3.1142e+04
58251.2136 10.1585 2.4056e+04
58255.6036 15.3684 4.0085e+04
58277.5836 12.0490 2.4507e+04
58282.3736 10.2459 2.1134e+04
58294.5036 11.0070 2.0672e+04
58310.2636 13.0022 2.6749e+04
58316.6736 12.3984 4.7306e+04
58325.5936 14.3037 4.8341e+04
58327.6236 11.8938 4.8341e+04
58332.5236 10.0038 3.9566e+04
58375.5536 12.8239 2.4116e+04
58401.5236 11.1328 2.8737e+04
58435.7136 18.1395 9.8558e+04
58462.7936 10.4440 1.2430e+05
58463.4336 16.6691 1.3821e+05
58471.7936 21.7353 7.4628e+05
58480.8536 12.4476 2.7687e+05
58491.6036 14.3608 1.4464e+05
58515.1436 10.4756 8.0674e+04
58515.9936 14.4966 8.0674e+04
58517.5836 10.5861 7.0441e+04
58523.9036 10.2912 4.9422e+04
58532.4136 14.9703 8.4551e+04
58545.8936 16.6088 8.4694e+04
58553.5436 14.9198 1.0172e+05
58554.8436 12.6960 9.2998e+04
58570.7836 10.9997 1.1022e+05
58591.8136 10.1684 1.1705e+06
58593.0936 13.3450 1.1705e+06
58593.7636 12.3623 1.1705e+06
58594.5336 18.3867 1.1705e+06
58595.6536 17.0177 5.5121e+05
58611.9836 10.4767 2.4063e+05
58622.2836 18.3057 8.2218e+05
58622.8836 14.0926 8.2218e+05
58623.8436 17.3802 7.7159e+05
58635.3436 20.1448 1.1781e+06
58680.9736 11.8559 5.3140e+05
58681.6036 11.0439 5.3140e+05
58682.2836 11.9544 5.3140e+05
58683.6036 20.8452 4.8054e+05
59126.2336 10.5908 3.7327e+04
59370.0436 15.8710 9.5190e+04
59554.7236 14.1921 8.2298e+04
59931.9937 16.7155 8.8906e+04
60123.8537 12.3931 5.6217e+04
60371.7737 13.1854 5.7999e+04
61142.2437 12.5767 6.1010e+04
61189.8137 10.9994 1.7325e+05
61190.4837 19.7280 1.6572e+05
61405.8637 11.7275 3.0275e+04
61435.2537 11.0635 2.6001e+04
61515.2938 11.5382 2.9514e+04
61844.6338 10.4046 4.1705e+04
61861.0938 14.8016 7.4845e+04
61868.9738 12.6519 9.4293e+04
61926.7238 18.2388 1.6587e+05
61939.6138 10.1177 9.7538e+04
61973.2238 10.6510 8.4602e+04
61978.5938 10.4462 4.9166e+05
61982.3038 20.2828 4.6116e+05
61989.5338 18.1850 2.5628e+05
62011.7638 21.4086 1.3457e+05
62015.8938 12.9544 1.5329e+05
62032.1638 12.7399 1.3785e+05
62035.8038 10.6942 7.9175e+04
62056.5638 15.5032 4.4545e+04
62058.5138 15.5835 5.4775e+04
62305.0538 13.1667 4.3912e+04
62374.6238 12.6601 1.6581e+05
62376.2938 21.2615 1.6274e+05
62786.8438 20.0281 9.8861e+04
63233.3939 12.7300 8.3195e+04
63317.5339 10.7076 7.6267e+04
63492.7739 11.1064 6.4359e+04
63513.4939 13.2986 1.3704e+05
63618.6739 12.8017 2.4499e+04
65186.5040 10.1411 6.7801e+04
65701.2840 17.5556 4.8205e+04
65824.6740 10.8902 3.7485e+04
66073.6840 10.9501 8.0502e+04
66084.1640 12.6433 6.5435e+04
66411.5241 15.0768 2.1218e+04
66419.6341 14.8683 4.4061e+05
66426.6541 11.2589 2.9235e+05
66439.5141 10.1010 1.4835e+05
66454.3041 13.7109 3.1114e+05
66772.7941 12.7594 3.8603e+04
67115.7841 11.3120 7.9875e+04
67563.5041 15.8008 5.9373e+05
67648.6541 10.2746 4.7873e+04
67746.8741 13.4076 5.2832e+05
67749.7341 12.6432 2.5459e+05
68338.9242 14.9354 2.3784e+04
68599.8742 14.5678 2.9154e+04
70275.6243 12.3057 8.0147e+04
70362.2643 10.0328 1.2835e+05
70808.3043 14.3222 3.9000e+04
73123.7245 22.0578 1.0087e+05
73162.1345 16.9920 1.8710e+05
73169.9445 14.8869 2.7698e+05
73181.2045 17.5750 6.7525e+05
73184.6845 17.9960 6.7525e+05
73365.1045 11.9672 3.4543e+04
73781.1445 13.5985 4.6819e+04
73786.7445 12.8733 4.7287e+04
73798.5745 10.3520 3.7519e+04
73835.0445 13.8155 4.9915e+04
73916.1645 11.0900 3.1793e+04
73971.4145 10.9312 7.7540e+04
74019.1445 10.1765 4.7372e+04
74048.4845 12.2506 9.3417e+04
74058.9045 10.7382 7.0593e+04
74113.3945 13.8451 2.0699e+05
74124.8745 16.4482 4.0255e+05
74126.7845 16.5558 2.9311e+05
74154.7345 21.5125 2.1761e+05
74161.8445 10.8592 1.6518e+05
74171.0945 11.7706 5.9666e+04
74315.2545 18.7741 7.9252e+04
74387.5045 21.1952 9.7717e+04
74388.4645 10.8825 9.7717e+04
74410.1045 14.7351 9.1486e+04
74410.8745 20.9853 9.1486e+04
74415.3845 23.7328 4.6715e+05
74426.2945 13.1599 3.4841e+05
74562.1846 13.4349 9.9150e+05
74563.7546 18.7502 7.8962e+05
74612.9346 13.9037 1.0090e+05
74638.5946 11.3233 7.5868e+04
74639.6346 14.8371 6.4792e+04
74650.9546 19.0422 1.1654e+05
74653.3546 11.6285 1.1581e+05
74664.5046 10.9367 1.0535e+05
74666.5246 14.1709 1.2930e+05
74667.8646 10.0693 1.4164e+05
74680.0646 15.7905 1.1562e+05
74681.5446 17.5390 1.1562e+05
74687.4846 24.5719 6.8014e+05
74701.5046 15.4836 2.2285e+05
74708.1046 11.3932 5.4975e+05
74710.5946 13.2734 4.5171e+05
74733.8546 12.5721 9.5451e+04
74790.9046 13.5180 3.2477e+04
74800.2146 13.8002 1.3711e+05
74867.6246 13.1708 3.1962e+04
74951.9146 17.9272 8.7783e+04
74957.6346 10.1941 6.1709e+04
74979.7346 13.2387 3.7856e+04
75047.6746 11.1388 1.2351e+05
75048.9646 11.6973 1.2565e+05
75073.9946 13.6413 4.1524e+04
75082.7746 13.3939 6.3611e+04
75126.0946 10.8947 1.0102e+05
75170.7846 10.4178 3.7366e+04
75418.1146 10.4268 5.6704e+04
75503.5646 12.0053 1.3924e+05
75511.2246 12.2612 1.9065e+05
75512.9246 11.1722 1.0107e+05
75518.8846 10.9468 3.1768e+05
75519.8246 16.1769 2.9455e+05
75529.4646 14.5994 5.6539e+05
75530.0946 10.5500 5.6539e+05
75533.5446 15.1692 4.7187e+05
75554.9246 12.5059 2.0261e+05
75562.3446 15.1465 1.3295e+05
75593.3946 23.6679 4.2298e+05
75622.3046 21.7719 2.3400e+05
75645.9446 21.7258 1.7114e+05
75652.5246 17.5057 9.0434e+04
75667.0646 10.8300 8.6700e+04
76364.0047 11.8927 6.1874e+04
76468.3447 11.6121 4.0901e+04
76575.6047 12.9337 2.5934e+04
76685.9847 11.2108 3.3985e+04
76748.7647 12.5540 2.7747e+04
76846.9447 14.5305 3.7539e+04
76962.2547 13.0765 3.6372e+04
77434.8447 10.0172 5.3384e+04
77798.8047 11.1091 2.5764e+04
77865.8848 11.1411 6.0711e+04
77937.3348 22.6170 5.4520e+05
77943.9648 14.4309 4.7980e+05
77988.1048 17.2338 1.2732e+05
77996.9148 10.8389 1.2223e+05
78000.3848 14.8600 1.5276e+05
78052.1948 11.8534 9.1975e+04
78056.6248 16.6429 9.4215e+04
78086.9848 11.6512 2.1528e+05
78097.6448 14.6762 1.6704e+05
78103.3848 13.4713 3.3265e+05
78115.9348 16.3319 4.9979e+05
78134.2948 11.0125 1.2204e+05
78140.5948 19.5569 3.4913e+05
78171.7748 18.1519 1.0455e+05
78235.9748 10.1819 9.7878e+04
78251.6948 18.3713 3.8606e+05
78256.1448 16.9083 3.2850e+05
78268.1448 19.0171 3.0417e+05
78269.6648 17.8284 2.7004e+05
78272.9048 10.0948 1.6348e+05
78290.4948 15.5443 2.7451e+05
78291.6148 15.0000 2.7451e+05
78305.1048 12.0717 1.0452e+05
78310.0748 11.6301 1.6336e+05
78324.2148 14.6041 8.8048e+04
78349.4448 19.5483 3.6492e+05
78350.3248 25.2357 3.6492e+05
78378.3448 11.6770 2.3451e+04
78403.2048 16.1842 3.8639e+04
78411.2648 15.0677 6.6283e+04
78424.4948 14.2395 1.0253e+05
78429.7848 16.4792 1.3111e+05
78439.0648 14.4860 4.5562e+04
78457.5248 18.2391 1.0398e+05
78463.4848 15.8485 1.4415e+05
78466.2548 11.2887 1.7839e+05
78468.8148 14.7756 3.2899e+05
78472.4548 15.5999 4.0089e+05
78485.8648 18.4392 9.2821e+04
78498.2248 18.3975 1.4241e+05
78498.8848 10.9936 1.4241e+05
78506.8648 11.3389 1.5324e+05
78511.1848 15.6166 2.0523e+05
78521.8048 12.8023 1.1660e+05
78524.6448 13.4671 1.3143e+05
78530.4748 10.0673 7.3111e+04
78539.8348 13.4058 1.2554e+05
78636.2048 15.4324 5.6461e+04
78637.1948 19.4281 5.6131e+04
79074.5648 18.1229 5.0502e+04
80118.9049 24.9145 1.0336e+05
80125.3549 16.0795 3.0633e+05
80127.0349 14.3424 2.9411e+05
80149.1749 12.0997 3.3458e+05
80151.6649 15.4082 3.0458e+05
80166.9149 14.4692 1.7365e+05
80189.5049 12.3730 2.9735e+05
80192.9649 14.2842 2.9812e+05
80199.5549 12.2374 4.4315e+05
80201.1449 11.0504 4.3746e+05
80220.2349 10.9271 2.4205e+05
80239.8849 13.7323 3.0649e+05
80240.4349 20.4072 3.0649e+05
80259.6049 10.8532 8.6656e+04
80302.9649 11.8126 9.7674e+04
80326.5749 19.5353 1.4251e+05
80342.9949 15.3397 1.0735e+05
80382.4749 15.5665 8.7023e+04
80385.7349 11.3219 5.5363e+04
80394.6049 12.8106 1.2019e+05
80396.1149 10.2070 1.8278e+05
80397.2849 12.4490 1.8757e+05
80408.0949 12.0883 1.7667e+05
80426.9949 10.8169 1.7578e+05
80428.5849 17.4299 1.8310e+05
80432.5649 10.7215 1.3683e+05
80682.0149 11.3057 4.4010e+04
80708.7749 10.1362 4.6875e+04
80717.9449 10.1957 1.5642e+05
80785.6349 10.0889 3.4148e+04
80839.4749 10.5655 5.7624e+05
80843.0749 23.2268 5.3982e+05
80851.5549 12.1282 1.8727e+05
80852.4449 12.5693 1.9985e+05
80856.6449 16.4648 2.2995e+05
80887.3449 18.7596 4.4441e+04
81188.1150 11.3390 8.5226e+04
81224.4750 21.5348 1.1125e+05
81225.2950 19.9160 1.1125e+05
81243.0850 22.8649 6.2392e+05
81243.9150 23.2488 6.2392e+05
81245.0150 14.5773 5.4465e+05
81265.3750 15.4484 6.4542e+04
81308.8050 11.2780 5.7179e+05
81309.5450 11.3090 5.7179e+05
81311.2150 21.7047 5.7003e+05
82226.9750 11.7662 3.5999e+04
82241.5450 18.2850 8.6374e+04
82277.2450 13.0465 7.3265e+04
82288.6650 10.9572 4.5579e+04
82307.2450 19.9890 7.8524e+04
82351.9950 20.2421 2.6668e+05
82361.5350 12.6076 1.1692e+05
82362.4650 12.4287 1.2401e+05
82390.4850 13.4211 7.1726e+05
82391.0750 14.5718 4.0470e+05
82401.1650 12.3274 1.3129e+05
82423.9250 20.5843 3.9524e+05
82424.6950 13.7541 2.6985e+05
82481.0050 11.7396 1.1195e+05
82504.6650 14.7742 6.4094e+05
82505.4050 25.5652 6.4094e+05
82518.3950 16.2536 6.3493e+05
82535.8150 11.5137 1.1422e+05
82551.0950 13.6159 3.6822e+05
82579.6250 11.5491 1.4365e+05
82648.3350 23.1565 2.2413e+05
82663.1850 14.1278 7.9696e+04
82678.8450 17.1194 1.1165e+05
82692.2450 11.2721 1.5121e+05
82703.0050 20.9675 3.7509e+05
82714.7650 19.6519 4.7995e+05
83022.9651 12.1086 6.1710e+04
83164.2951 11.2182 4.2026e+04
83189.2351 10.5833 6.7281e+04
83198.4551 15.0743 9.3967e+04
83340.9451 11.2448 5.1530e+04
83447.4451 12.3080 2.9416e+05
83457.1551 16.4070 2.3811e+05
83464.7651 21.7689 8.0950e+05
83468.0051 18.2151 6.4381e+05
83486.3351 19.3925 2.6883e+05
83487.1151 17.7617 2.4627e+05
83487.8451 13.9486 2.4627e+05
83506.9951 19.8030 6.9946e+04
83520.7751 12.7463 1.2723e+05
83521.7451 19.9329 1.2834e+05
83522.5051 15.3232 1.3899e+05
83567.2751 18.5220 8.8356e+04
83575.1451 14.3648 7.2095e+04
83608.4551 13.3900 7.7721e+04
83614.1451 10.5038 1.0871e+05
83634.9151 11.2302 6.3743e+04
83642.8151 20.6018 2.3386e+05
83650.0751 21.2760 3.3687e+05
83651.2251 12.8048 3.3170e+05
83671.2551 19.2426 6.5032e+04
83679.0551 13.0588 2.0946e+05
83680.6851 10.4306 2.0245e+05
83681.3651 12.1550 2.0245e+05
83682.8651 12.8793 6.0040e+05
83685.8351 14.5444 3.8758e+05
83695.7051 19.7489 4.5861e+05
83696.9251 10.1097 3.7854e+05
83729.9851 15.7768 3.2145e+05
83741.1151 15.6049 4.2248e+04
83746.7351 17.2256 5.1482e+04
83752.0151 20.3547 1.0458e+05
83766.8751 11.3558 1.1503e+05
83780.4551 12.4305 2.9282e+05
83782.0451 15.2574 4.1228e+05
83818.2651 13.3630 2.2518e+05
83820.5751 12.1603 2.9066e+05
83869.9651 16.0309 3.8160e+05
83883.7851 17.4484 1.5489e+06
83885.3851 21.6493 1.5489e+06
83911.5751 18.0540 4.5937e+05
83913.7451 12.8071 2.7837e+05
83925.9951 13.6158 3.9949e+05
83957.5651 15.5033 5.8790e+05
83965.3351 12.7942 4.8841e+05
83968.6851 17.5975 3.4902e+05
83972.4451 14.6701 1.5324e+05
83992.2651 10.7791 5.3646e+05
84055.0651 12.8441 2.1082e+05
84061.1551 11.8662 2.0560e+05
84080.8451 11.5492 1.9918e+05
84124.0351 12.6785 1.9090e+05
84162.0551 18.8829 6.7036e+05
84261.7951 10.2148 1.9322e+05
84362.0751 10.5374 2.2350e+04
84367.1151 15.2027 3.3887e+04
84408.7052 11.9864 9.5254e+04
84417.4652 15.0619 4.2046e+05
84423.7852 12.0805 4.8194e+05
84436.9752 13.4642 2.8146e+05
84447.7852 16.4945 2.3207e+05
84477.2852 14.2158 3.2802e+05
84478.0752 10.5045 3.2802e+05
84486.5552 11.5959 3.3375e+05
84526.6852 10.8910 9.8713e+04
84591.4752 12.0939 3.3367e+04
84604.9752 11.2411 2.2680e+05
84605.5752 16.0176 2.2680e+05
84653.3752 15.2452 6.2016e+04
84810.7252 10.1297 3.3095e+05
84811.5052 14.1559 3.3095e+05
84820.1752 13.5255 5.1622e+05
84832.3652 19.3837 4.0861e+05
84856.3852 21.8513 3.9747e+05
84858.2152 14.2847 3.9636e+05
84871.2752 21.0527 7.2714e+05
84923.1552 11.9784 4.3145e+04
84985.4752 11.8450 6.9788e+04
85015.2952 10.2090 5.1433e+04
85033.0752 15.1490 9.7396e+04
85111.0652 10.2015 4.3018e+05
85117.3152 10.1308 2.9002e+05
85138.1252 19.7747 2.8517e+05
85159.9352 14.6884 1.9341e+05
85160.4052 10.6077 1.8594e+05
85172.2852 11.2676 1.5300e+05
85181.3652 13.0924 3.7298e+05
85223.6252 13.1527 1.2258e+05
85528.3452 13.9193 4.6526e+05
85530.0752 15.5452 2.8768e+05
85540.7252 13.2914 4.0959e+05
85542.8152 12.2244 2.7098e+05
85547.4152 10.7257 2.6421e+05
85634.2052 10.6616 9.6807e+04
85654.8752 12.2265 1.0780e+05
85702.6152 14.7059 3.5094e+05
85704.2952 15.4580 4.1444e+05
85705.2252 14.4073 4.1444e+05
85712.5652 17.4142 4.5954e+05
85713.3252 13.4594 4.5954e+05
85723.6252 10.8582 4.2958e+05
85731.7352 10.6149 2.6425e+05
85739.2052 25.0408 8.4132e+05
85750.4852 11.7058 3.3901e+05
85763.2952 15.6878 3.0691e+05
85764.0252 12.7138 3.0691e+05
85764.7252 10.5149 2.6761e+05
85784.0652 21.8168 3.6988e+05
85827.9052 10.1627 8.8078e+04
85958.4152 18.6060 1.2505e+05
