409.4500 11.8006 9.5029e+03
4151.3403 10.0922 5.3544e+03
4784.1903 12.9758 1.0139e+04
4790.9203 11.6769 1.0782e+04
7253.2204 12.2754 2.5983e+04
7302.5704 13.6282 3.1957e+04
7329.9704 10.9563 2.1970e+05
7331.7804 10.8147 2.1970e+05
7333.2404 17.5313 2.1970e+05
7365.0304 11.4377 3.5667e+04
7372.9305 10.4045 4.6851e+04
7421.3005 14.0421 1.7742e+04
7444.1205 10.7802 3.8860e+04
7449.5705 12.1609 3.6265e+04
7460.8805 14.1890 2.6225e+04
7466.4505 12.2600 2.2711e+04
7479.4405 12.4317 1.8070e+04
7491.2305 12.5623 1.7599e+04
7514.6505 11.2720 3.9803e+04
7517.9505 10.5878 3.3690e+04
7522.2205 15.8625 9.0084e+04
7537.6605 14.5358 5.4198e+04
7546.8705 11.7201 3.6200e+04
7556.4805 13.4839 5.4111e+04
7563.5705 13.8988 9.8641e+04
7571.1005 10.7643 3.2775e+05
7574.3105 20.0903 3.9689e+05
7575.5905 10.1729 3.2564e+05
7603.2405 13.9195 9.7210e+04
7618.8605 14.0045 7.7760e+04
7626.8205 16.9361 9.5407e+04
7643.3805 10.8786 5.8216e+04
7657.0605 12.7310 2.2263e+04
7666.7205 11.0066 6.6656e+04
7669.9505 14.3894 7.0994e+04
7670.7705 12.9030 7.0994e+04
7676.5605 14.9100 1.7831e+05
7684.9805 11.5441 1.0107e+05
7692.7205 19.4802 2.2120e+05
7693.8405 10.4832 2.2120e+05
7697.3705 16.2887 1.9977e+05
7704.5505 15.9345 2.0735e+05
7709.1705 11.3213 3.8707e+05
7717.0505 11.1300 1.1467e+05
7720.9305 12.5628 9.3076e+04
7734.0905 14.9584 1.5088e+05
7744.0105 19.5497 1.8707e+05
7790.5805 11.6866 2.1202e+05
7791.0605 10.4341 2.0187e+05
7838.7605 11.0193 1.8646e+05
7851.5405 17.5724 2.0076e+05
7852.3405 11.1887 1.9005e+05
7888.3405 18.5662 1.8444e+05
7889.3405 11.1258 1.8444e+05
7889.9705 11.5494 1.8444e+05
7921.6905 11.9024 6.9663e+04
7960.9505 11.7580 4.1700e+04
7962.3405 10.3105 4.1156e+04
7969.0005 10.8092 3.5563e+04
7986.4905 16.2599 2.1867e+04
7987.3305 12.6908 2.3297e+04
8010.0305 13.8777 2.1207e+04
8258.7905 11.1680 3.1303e+04
8408.2205 10.2229 4.3356e+04
8411.9405 14.4174 4.3356e+04
8444.2705 16.7367 1.3783e+04
9497.5406 21.3011 2.1727e+04
9508.0206 22.0335 1.8803e+04
10759.3007 11.4264 2.0854e+04
10915.7007 11.4278 8.5531e+03
14114.1709 12.0881 2.1486e+04
14131.3009 13.9965 2.6426e+04
14217.7709 20.2141 5.6604e+04
14432.8909 11.1445 1.2137e+04
14994.6909 12.1050 6.2304e+04
15030.1209 12.7659 5.3990e+05
15038.3609 14.6486 8.1348e+05
15041.1409 10.2609 5.4155e+05
15116.4909 11.8683 4.0141e+04
15584.6510 12.4732 1.1159e+04
16014.7910 12.4083 1.1571e+04
16403.8410 10.0370 3.4298e+05
16410.5210 10.1837 4.7905e+05
16436.4010 12.7869 8.0106e+05
16468.9810 22.4509 1.2438e+05
16478.7510 14.7759 6.0194e+04
16490.7510 17.7203 9.3817e+04
16496.9610 11.2260 7.4261e+04
16503.5910 14.4968 9.9561e+04
16551.3610 11.9711 2.2244e+04
16555.0710 12.2422 2.2244e+04
16565.4610 17.5105 7.0976e+04
16567.4610 14.4988 5.7598e+04
16645.5410 12.3915 1.5882e+04
16655.2310 10.6966 1.8496e+04
16660.6110 11.0010 1.3405e+04
16748.6810 17.5640 1.1980e+05
16750.4210 11.7683 1.0146e+05
16778.7410 16.6021 6.5954e+04
16783.0410 13.0341 5.9244e+04
16788.8110 17.2314 5.1105e+04
16799.9210 19.7612 7.1616e+04
16852.5310 19.3575 9.4232e+04
16895.2710 13.8591 4.4613e+04
16897.8910 11.8566 4.9137e+04
16904.3210 20.1206 1.9865e+05
16934.0710 21.8241 3.1574e+05
16934.9710 11.1528 3.1574e+05
16937.4410 20.1048 2.5045e+05
16944.5010 15.1242 1.7032e+05
16970.5210 10.9421 3.3562e+04
16989.5610 15.8067 3.5529e+04
16990.5610 15.6953 2.8863e+04
16995.5110 21.3338 1.2439e+05
17005.0810 12.2492 1.4287e+05
17005.6410 23.3188 1.4287e+05
17012.2210 11.1211 1.4495e+05
17017.6010 21.2253 3.6949e+05
17019.8610 12.5632 3.0567e+05
17051.1810 22.6465 8.1188e+04
17056.1810 17.8844 2.0931e+05
17058.9610 16.0869 1.9988e+05
17072.7410 17.2317 1.0099e+05
17088.5910 20.2043 4.5502e+05
17089.7510 21.1203 4.5502e+05
17091.2410 14.3463 4.2697e+05
17096.3610 13.1126 4.4419e+05
17110.5410 19.7238 4.2877e+05
17112.8210 14.6957 1.8037e+05
17130.6110 14.0142 8.1017e+04
17133.2510 14.1971 1.4736e+05
17134.0610 11.9251 1.7823e+05
17136.2210 12.0511 2.1640e+05
17146.3710 14.4521 9.1781e+05
17147.4610 10.7096 5.3987e+05
17155.3110 12.9274 4.4301e+05
17177.0210 12.1918 3.0355e+05
17346.7311 10.7281 1.0769e+05
21162.6113 13.5335 1.3543e+04
21887.0813 13.1889 1.4818e+04
22370.1114 15.7282 1.0530e+04
22400.1914 13.0124 1.5038e+04
22432.1614 14.1092 8.8336e+03
23072.2214 13.2643 1.6882e+04
23214.9714 10.1434 1.2424e+04
23250.7214 11.0582 1.6913e+04
23548.9314 10.1307 7.1919e+03
23774.9615 16.9992 1.2775e+04
23971.4215 13.2504 1.3528e+04
24840.8015 15.8623 5.5704e+04
24952.4515 15.4515 1.3307e+06
24979.2915 17.1652 1.4052e+06
25018.2015 12.7600 3.3808e+05
25026.8915 12.5473 7.7506e+05
25055.1815 10.1715 6.9486e+05
25068.9315 15.6657 1.0371e+06
25260.9715 10.1673 6.8105e+04
25626.2116 13.0168 3.0082e+05
25749.0716 16.8668 2.4005e+05
27290.2517 11.2553 2.3157e+04
27302.9117 11.2576 2.4935e+04
27366.1617 10.9267 2.9507e+04
27484.7517 11.7701 2.9506e+04
27525.0917 11.3568 5.2427e+04
27591.1717 10.8431 7.8484e+05
27646.8217 10.0790 1.3989e+05
27729.0117 10.1364 4.0931e+04
27743.1317 11.1290 1.1993e+06
27775.2917 13.0011 8.1417e+05
27776.9617 10.3995 3.0568e+05
27807.3117 13.8221 8.1469e+05
28309.2117 12.6945 4.1244e+05
28400.2117 11.3944 3.5850e+05
30176.7918 12.0407 4.2411e+05
30520.2019 12.4194 1.5672e+05
30591.6219 15.1147 5.0507e+05
30608.3019 14.4157 1.7699e+05
30678.4819 15.2404 1.1539e+05
30724.1919 13.7703 5.1785e+05
30875.5219 10.1767 2.0902e+05
30894.1819 15.7057 4.1721e+05
30940.0919 12.6478 1.6317e+05
31228.1919 11.3906 1.0608e+05
31235.1319 16.3218 3.0134e+05
32060.3020 10.0204 2.9407e+05
32182.1720 14.9509 2.9286e+05
32312.5720 12.1730 3.2129e+05
32351.3020 10.3215 4.4778e+05
32362.1720 10.8022 3.3211e+05
32382.7220 11.8186 3.2686e+05
32409.0620 21.3710 3.9447e+05
32493.1320 10.2817 2.6829e+05
32505.2920 11.9190 3.6111e+05
32751.6120 12.5750 1.9914e+05
32781.9620 16.4610 5.1891e+05
32837.7220 18.9381 5.9785e+05
32859.6020 10.1155 2.7405e+05
32889.8720 13.7444 7.6463e+04
33002.2420 11.0061 4.0047e+05
33030.8420 12.5186 4.6589e+05
33187.7520 15.6776 3.4935e+05
33258.0120 17.5378 7.8875e+05
33380.6920 12.5429 2.8679e+05
33474.2120 12.0865 1.6767e+05
33603.2721 11.5936 2.6992e+05
33641.3221 11.4921 8.2747e+05
33969.9521 12.0890 4.4016e+05
34007.4021 11.4769 3.5519e+05
34139.1921 13.9022 6.4811e+05
34229.5221 12.6062 4.4149e+05
34236.8821 15.6231 1.5000e+05
34302.2621 18.5127 6.7305e+05
34579.7521 19.0161 6.5150e+05
34593.9221 12.5898 1.4442e+05
34604.9721 18.9349 4.2011e+05
34678.0821 10.1721 1.6533e+05
34700.6821 19.8826 3.5558e+05
34710.9421 12.1484 2.6696e+05
34767.9121 10.4169 1.0183e+05
34792.6721 13.0195 1.3439e+05
34838.6921 16.2022 2.5753e+05
34855.1421 14.3593 2.2095e+05
34875.9021 12.1835 1.1734e+05
34904.3821 11.7357 3.2762e+05
34921.8621 10.2491 3.6800e+05
34944.8221 16.7616 2.3413e+05
34964.0421 12.2606 5.5800e+05
35021.1921 11.6243 3.9424e+05
35025.9321 10.3936 2.7142e+05
35031.2421 14.6489 1.6733e+05
35036.3921 17.0080 3.3894e+05
35041.8221 16.2248 6.7950e+05
35061.2721 12.3345 1.0264e+06
35064.0021 10.5056 3.4563e+05
35093.0721 15.2420 3.1853e+05
35098.7321 13.4494 1.8671e+05
35124.9521 11.9160 3.3827e+05
35142.6721 12.4818 2.7047e+05
35161.1821 11.9364 2.8316e+05
35180.8721 12.6330 4.4394e+05
35184.6021 11.9423 3.9295e+05
35195.5521 17.9106 4.5430e+05
35212.3421 11.0124 2.8818e+05
35241.5122 17.5570 4.2256e+05
35255.4322 20.5190 6.5171e+05
35263.6922 11.4274 3.8977e+05
35297.9522 16.3940 3.1423e+05
35317.9522 17.2185 4.4006e+05
35325.7722 12.7367 4.2377e+05
35348.4022 18.4682 4.8373e+05
35366.4022 11.2936 9.2119e+05
35368.3122 19.1532 9.2119e+05
35369.9522 13.3800 9.2119e+05
35375.1422 10.4931 4.3951e+05
35438.5322 11.4919 2.2252e+05
35444.2622 14.0545 2.9351e+05
35468.3822 17.3909 3.8944e+05
35482.0622 14.4162 1.7570e+05
35499.0122 13.6450 2.2835e+05
35508.0022 19.9867 5.8174e+05
35525.1022 16.5119 2.2503e+05
35541.0122 13.4314 5.4124e+05
35566.3222 20.3209 4.7526e+05
35726.5622 13.8404 2.9979e+05
35742.7822 10.9433 4.8909e+05
35847.8522 16.2111 2.4874e+05
36090.7222 16.0851 8.4896e+04
37231.1723 10.8177 6.2781e+04
37269.3823 12.6536 1.1195e+05
37389.3623 10.6379 1.7144e+05
37405.5023 12.9386 8.6327e+05
37421.1023 17.9732 8.6597e+05
37465.5123 12.9082 9.8853e+04
37480.3223 11.9907 9.4351e+04
37507.7823 11.4012 5.6102e+04
37546.2823 10.4568 7.9152e+04
37552.2223 14.9976 1.2665e+05
37631.2723 16.7067 1.2403e+05
37685.6823 18.1148 2.4178e+05
37695.1723 11.0292 1.5761e+05
37709.7523 13.3698 2.0182e+05
37732.5423 12.0566 7.1606e+05
37733.1723 11.0009 7.1606e+05
37754.8823 10.5463 3.9954e+05
37778.2323 14.0027 7.4231e+05
37802.9623 15.6784 6.6502e+05
37823.2123 12.5572 1.7812e+05
37838.8823 10.0458 1.9865e+05
37859.1423 15.6594 4.4770e+05
37871.3123 10.6826 3.7981e+05
37873.9123 13.1807 3.7981e+05
37925.1523 11.1678 2.1135e+05
38032.3923 14.0505 4.6495e+05
38120.2823 12.6307 5.4267e+05
38145.2023 22.7064 7.6150e+05
38176.8723 20.8594 7.0607e+05
38296.6623 12.3828 3.7190e+05
38311.4523 11.8843 1.3895e+05
38339.1123 12.7168 3.0245e+05
38397.9823 18.7328 7.3645e+05
38705.6224 12.4815 5.2020e+05
38723.9024 13.0983 3.1474e+05
38783.3624 13.2350 3.3582e+05
38822.8624 11.3369 3.6796e+05
38850.8824 16.2975 6.3373e+05
38858.5224 10.1860 4.2729e+05
38858.8724 15.8576 3.7434e+05
38921.6924 11.4052 1.3421e+06
38947.2424 14.5416 2.4775e+05
38964.4224 13.4703 3.8855e+05
38981.5124 18.5083 7.1130e+05
38992.1424 12.3141 4.4426e+05
39026.7524 10.4407 4.8352e+05
39028.7724 10.3209 6.1388e+05
39061.1924 12.1604 4.1528e+05
39083.1524 15.2041 1.4747e+05
39101.3124 10.4839 1.7808e+05
39124.1924 13.2835 2.5468e+05
39229.0024 15.0833 6.3574e+05
39231.6024 12.3493 6.3574e+05
39247.1424 11.6338 3.3964e+05
39291.6024 12.9480 2.9016e+05
39346.1824 11.6636 3.4658e+05
39356.4024 18.9211 5.6478e+05
39375.5224 10.2158 1.1574e+05
39392.4024 17.2271 3.1025e+05
39414.5824 18.2583 3.9990e+05
39424.0224 10.2604 1.4137e+05
39431.3024 12.8240 4.2866e+05
39441.9924 10.5201 3.3322e+05
39450.5524 15.1831 1.7625e+05
39463.5724 12.4692 1.9796e+05
39475.1624 13.2301 1.2000e+05
39483.6024 12.9396 3.4632e+05
39520.9224 10.0376 2.1354e+05
39549.0224 13.1165 2.8372e+05
39564.8724 11.1097 2.4529e+05
39577.3724 10.4172 4.6056e+05
39603.7824 14.4690 1.0385e+06
39644.3024 11.0282 3.9963e+05
39669.5024 10.9077 3.1985e+05
39679.4924 19.3463 4.6273e+05
39708.1324 13.3003 7.2251e+04
39737.4924 15.5041 4.6329e+05
39800.3524 17.1342 2.5696e+05
39817.1824 14.3929 7.4413e+05
39819.2724 14.0805 6.3420e+05
39837.4624 12.0737 6.7963e+05
39851.2124 13.3921 1.2867e+05
39868.8524 14.2024 5.5407e+05
39891.0824 16.2791 4.0490e+05
39904.5624 10.2233 2.7060e+05
39926.5724 17.2819 6.6982e+05
39949.4824 12.6328 4.5119e+05
39957.4324 14.6157 3.9308e+05
39974.8124 13.5244 3.8059e+05
39977.5124 15.1910 3.8059e+05
39983.1924 10.9180 1.1834e+05
39998.5324 13.8507 3.7374e+05
40009.2324 10.8226 1.1246e+05
40035.6324 12.3411 5.0295e+05
40036.7624 12.1512 5.0295e+05
40063.3324 15.0925 1.3700e+05
40090.9024 11.5988 6.0955e+05
40092.8124 14.1716 6.0955e+05
40116.5124 19.9263 8.1550e+05
40129.4224 16.6651 5.0348e+05
40138.4924 12.6052 2.9573e+05
40144.4525 11.5373 3.7231e+05
40162.5725 10.2845 1.8370e+05
40171.9125 14.9649 2.8952e+05
40236.2725 12.7605 2.6269e+05
40254.1325 13.0087 2.7568e+05
40273.3925 11.7898 3.5906e+05
40290.3025 10.0130 1.9082e+05
40319.4625 10.8750 3.3851e+05
40326.7425 10.6037 3.3692e+05
40334.4325 10.3410 2.0457e+05
40339.9325 13.5070 4.8175e+04
40348.8525 11.5559 1.6626e+05
40370.8825 12.5002 1.4165e+05
40376.5525 15.9921 4.7075e+05
40386.5625 10.8462 2.4343e+05
40399.1025 17.5430 2.1185e+05
40434.6025 13.5553 6.6399e+05
40548.7425 11.0461 1.7499e+05
40570.9925 11.1022 3.1446e+05
40579.2725 11.0678 2.6873e+05
40584.0625 10.6218 4.2328e+05
40591.3525 12.0503 4.4681e+05
40621.2825 10.5809 1.0869e+06
40629.0925 15.3107 2.2308e+05
40635.8425 10.3673 3.0370e+05
40654.6625 12.3580 2.3757e+05
40672.5325 11.1452 4.7579e+05
40682.9425 12.5258 4.2110e+05
40690.3925 11.0285 3.4949e+05
40696.5625 10.3436 3.5037e+05
40705.0725 16.4735 6.3714e+05
40715.0025 16.2927 4.2323e+05
40724.7625 14.6671 5.7939e+05
40734.0325 19.3644 3.0534e+05
40751.9625 18.8341 4.2958e+05
40763.2625 14.2582 6.0492e+05
40763.8725 10.9242 5.0967e+05
40773.6025 15.6229 6.0329e+05
40791.4925 11.1959 6.1207e+05
40792.9725 13.1958 6.1207e+05
40807.7825 13.6365 4.0495e+05
40810.9225 10.1442 4.0272e+05
40819.0425 13.3196 2.0561e+05
40828.7125 11.7604 5.9405e+05
40834.9525 13.6875 4.5433e+05
40837.9325 14.8588 4.1546e+05
40846.8525 10.0767 3.6121e+05
40849.5325 14.7175 3.3247e+05
40859.2625 10.1405 4.0000e+05
40865.8125 14.8459 3.7829e+05
40872.4225 14.0949 2.3864e+05
40885.1025 11.6406 3.3755e+05
40898.8025 13.5106 2.6850e+05
40906.6125 19.9463 5.3567e+05
40913.9325 12.6049 3.0798e+05
40923.0725 14.0416 9.6439e+05
40930.7225 14.2859 1.8837e+05
40944.8325 12.0942 1.8542e+05
40950.3225 14.8722 1.9754e+05
40966.6925 12.5452 2.8330e+05
41047.0525 12.4904 1.8663e+05
41056.9025 17.1599 2.6674e+05
41178.5925 11.8887 2.5228e+05
41607.6325 17.1191 5.0764e+05
41644.9325 12.4954 4.7210e+05
41651.8225 10.0403 8.6632e+04
41666.2925 12.0414 1.2504e+05
41752.5125 10.0363 4.0279e+05
41771.2025 12.1649 4.6794e+05
41794.9326 17.3897 3.6234e+05
41842.1926 14.3133 4.7078e+05
41863.4826 15.2443 7.3539e+05
41875.7026 12.8848 3.9661e+05
41885.2126 12.3562 2.8228e+05
41887.9426 10.8746 2.8228e+05
41926.5726 14.4216 2.1531e+05
41937.8226 10.8657 2.5702e+05
41987.5526 14.9040 1.5027e+05
42174.3526 14.6201 6.5630e+05
42232.7026 12.7984 1.9315e+05
42298.6226 10.7137 2.3427e+05
42318.7726 12.3573 2.4847e+05
42336.9726 21.4807 6.6885e+05
42372.9526 18.3162 2.1793e+05
42413.9826 13.5180 1.1032e+05
42424.8726 12.5801 2.9468e+05
42457.2626 15.5731 1.9419e+05
42470.7126 10.5428 2.2034e+05
42479.2626 13.3696 1.5954e+05
42490.9026 16.5221 1.2638e+05
42551.6926 18.7956 1.7410e+05
42574.2826 12.7269 9.9800e+04
42657.9726 19.4233 2.4372e+05
42674.6826 12.2475 3.0270e+05
42717.3926 18.8011 9.7538e+04
42776.5626 11.1935 1.3071e+05
42788.2726 10.5382 1.1584e+04
42810.3126 14.6170 1.8875e+05
42895.6026 10.3344 9.7003e+03
42910.7026 10.1083 5.5908e+04
42944.1626 11.5142 1.0342e+05
42956.4726 11.9683 6.3155e+04
43031.6426 10.6773 3.1733e+04
43038.0226 10.9174 9.9830e+04
43051.0726 11.1188 4.2816e+04
43104.3926 17.0873 3.2936e+05
43122.6826 10.7647 8.9467e+04
43300.1726 11.9871 2.0327e+05
43389.4226 10.1510 3.5437e+05
43450.7227 10.0543 4.0689e+05
43468.2827 10.4574 4.5603e+05
43478.6727 11.1465 4.9997e+05
43522.5927 10.6237 3.0132e+05
43529.2127 10.1557 3.3464e+05
43551.4127 10.8435 3.7439e+05
43564.0127 23.4576 7.2857e+05
43571.2527 11.6796 3.9702e+05
43603.7327 13.8068 4.3511e+05
43607.9127 14.1880 4.8085e+05
43615.5827 14.9348 3.8776e+05
43630.2727 17.2238 4.1199e+05
43653.5227 17.0196 7.2751e+05
43664.3927 18.4904 5.3635e+05
43674.5127 16.3190 4.7805e+05
43722.1527 15.2274 3.5103e+05
43738.1127 11.5867 3.3070e+05
43755.3027 11.6052 3.3932e+05
43821.8027 17.4537 3.3349e+05
43853.5027 10.7416 3.5874e+05
43866.5127 10.3072 3.6996e+05
43897.6827 12.0151 3.0320e+05
43975.5527 13.8877 1.1597e+05
43981.5627 10.1023 6.3739e+04
43986.4027 11.4999 1.4520e+05
43995.6727 22.9858 3.3460e+05
44009.8627 20.7800 6.2405e+05
44032.8327 17.8270 3.7453e+05
44101.7727 10.3515 1.9878e+05
44138.7327 17.8645 1.1518e+05
44170.8927 11.9578 9.2288e+04
44327.7127 10.1283 1.3681e+05
44584.8827 12.2165 2.7445e+04
44712.5327 11.8268 1.1785e+05
44886.2327 11.3664 1.7827e+05
44888.6827 12.7530 1.7077e+05
44906.3627 13.9611 2.9447e+05
44914.5127 11.2513 2.0492e+05
44926.2827 13.7972 4.2518e+05
44932.1927 12.1849 4.6389e+05
44932.6627 11.4959 3.9249e+05
44979.5127 16.7276 6.7566e+05
45027.2427 11.9081 3.6364e+05
45027.8327 12.1751 3.7106e+05
45032.1627 11.3823 4.5990e+05
45039.5727 13.9458 9.0800e+05
45043.1827 14.1002 8.1255e+05
45062.6128 14.0963 5.9913e+05
45080.3228 13.6762 2.2681e+05
45187.8728 11.5174 7.4661e+04
45219.7728 11.4974 1.0288e+05
45281.9128 10.5974 3.1113e+04
45287.1628 15.7055 9.8000e+04
45378.7728 12.2091 2.4558e+04
45405.5328 11.9849 2.9545e+04
45428.4628 10.1136 2.0772e+04
46077.4728 11.4289 8.1081e+03
46104.8828 10.4403 1.1178e+05
46132.9028 11.6862 6.5454e+03
46147.1328 11.9158 7.2371e+03
46264.5428 10.9408 8.4055e+03
46285.9928 10.0747 1.1504e+05
46310.9628 11.8974 7.4250e+03
46326.6228 11.7418 7.5760e+03
46342.4328 11.2442 9.0439e+03
46350.4628 12.3514 1.0230e+05
46373.9428 10.1980 8.1347e+03
46390.0828 11.4958 1.4620e+04
46456.0228 11.3576 7.5279e+03
46473.0928 12.2187 8.8930e+03
46478.0828 17.8406 1.1361e+05
46500.2628 12.9415 1.3732e+05
46560.5328 10.9610 7.7386e+03
46875.8329 10.5246 7.8305e+03
47026.1529 12.8382 1.4026e+05
47790.1629 13.9063 4.4073e+04
48066.1429 10.3607 7.3245e+04
48185.6429 10.8061 2.9121e+04
48372.6930 10.5157 4.9038e+04
48392.0530 10.2779 2.7949e+04
48412.6930 10.7666 3.7938e+05
48413.1830 12.1840 3.4859e+05
48510.0830 12.4692 4.6591e+04
48861.2330 17.4914 8.0797e+05
53976.2733 23.2545 8.2049e+04
62817.2738 12.6230 1.0110e+04
73562.7145 14.5652 2.7053e+04
73848.0445 10.6162 7.4441e+03
74121.4845 12.8367 1.2943e+04
75409.3146 11.9083 4.6809e+03
75419.7046 11.2510 9.5004e+03
75512.0846 10.8917 5.4115e+03
75546.4746 12.4586 9.4500e+03
75586.6846 10.1045 8.6337e+03
75623.7046 10.9395 1.1500e+04
78204.0948 14.5648 2.5957e+04
79681.9349 10.7586 7.8524e+03
81447.2850 17.5867 2.1096e+05
81889.7450 16.0142 2.9133e+04
82095.6650 14.9539 1.4375e+05
82114.3850 15.4614 7.2257e+04
82547.7850 22.4422 1.7403e+05
83484.3751 13.8382 2.8783e+04
84124.8951 18.3082 1.9928e+05
85464.3352 24.4852 6.7214e+04
85476.6552 22.1891 4.3802e+04
85504.5052 23.4163 1.5323e+05
85514.5352 19.6285 1.8756e+05
85677.5152 10.0659 1.8879e+04
