177.1100 11.2129 1.7130e+04
12464.1508 10.0527 1.0238e+05
14157.9309 10.8947 4.0116e+05
20526.0713 10.0915 3.2933e+04
22268.4414 10.4697 6.2339e+04
24065.5715 11.9792 2.0655e+05
25600.5616 12.5485 1.9489e+05
26137.0116 15.3474 4.5857e+04
26942.7816 13.1416 8.6365e+04
28292.1917 12.5128 1.6337e+05
28363.9217 12.1588 5.4854e+05
28368.9717 15.2881 5.4854e+05
28646.1717 10.8808 9.4950e+04
28869.5918 11.5770 9.2491e+04
28956.6318 12.5261 1.0580e+05
29055.5318 16.0853 1.5934e+05
29057.8118 12.2171 1.2487e+05
29657.2818 10.8445 9.1375e+04
29826.3418 10.4961 2.1429e+05
29865.8518 11.4481 1.2038e+05
29875.0218 11.5769 1.3280e+05
29887.8218 13.5039 1.2780e+05
29911.7818 12.2392 1.1794e+05
29936.7318 10.1841 1.5185e+05
29991.3818 11.0553 2.0459e+05
30032.6918 16.4324 1.5518e+05
30051.6018 10.4966 1.5840e+05
30087.6018 13.5615 6.3325e+04
31638.2619 11.7611 1.9531e+05
31823.3119 10.4341 9.9735e+05
31901.2219 10.8419 3.0968e+05
32189.4220 11.0467 4.2085e+05
32339.1320 14.0526 4.8786e+05
32491.6420 10.1477 4.4017e+05
32576.8920 17.1762 8.8121e+05
32597.9920 11.9581 8.1460e+04
32626.6820 12.5729 1.0116e+05
32639.5620 13.7653 8.5175e+04
32671.6020 11.9834 2.2187e+05
32819.7620 10.5032 2.0241e+05
32889.0420 14.1516 1.9978e+05
32912.8020 10.0028 1.3907e+05
32947.6220 10.0849 1.3402e+05
33021.0320 14.5761 1.6301e+05
34848.2821 10.8823 5.7760e+04
34955.8921 10.6880 7.2815e+04
35652.3622 14.0727 8.5498e+04
35654.6522 10.2069 8.5636e+04
35936.4422 10.6785 8.5898e+04
37281.5723 10.6016 9.1013e+04
37731.5723 11.9943 8.4286e+04
37948.4823 10.1540 5.1240e+04
38102.3123 10.0001 5.0187e+04
38289.0923 10.7107 3.5439e+04
38798.5824 10.6949 3.7468e+04
39030.0924 11.7137 8.8750e+04
39695.2724 11.6672 9.2024e+04
40111.2424 11.2130 1.2992e+05
40189.4225 11.3379 1.9763e+05
40774.5325 10.7089 5.3513e+05
40815.6025 13.2426 2.1155e+05
40855.4625 10.1188 2.9897e+05
40937.5725 13.7310 3.0238e+05
40957.4325 15.1144 2.7181e+05
40978.5925 15.2501 4.0930e+05
41013.2025 13.3211 3.2126e+05
41156.2625 12.7736 1.9403e+05
42757.7526 11.1992 1.4188e+05
43973.7527 11.8834 6.5670e+04
44170.0627 10.2659 2.8658e+04
45221.4628 14.2050 6.7956e+04
45649.9428 12.7658 1.2267e+05
45741.2228 10.4138 7.4408e+04
46207.8528 14.0734 1.0904e+05
46488.3928 10.1422 3.5747e+04
46528.5528 10.6730 1.0295e+05
46604.1728 12.7652 7.7791e+04
46956.4329 13.5212 1.7813e+05
47343.7129 11.1343 5.4444e+04
47391.3729 15.3631 1.0757e+05
47611.2429 10.7166 1.5774e+05
48721.4330 10.3466 1.4361e+05
50074.4431 10.9910 2.5856e+05
54532.2933 24.2728 7.0300e+04
66369.1141 10.4765 3.4970e+04
67897.3341 11.4320 1.6394e+04
67926.5241 10.2688 3.6397e+05
67928.3541 11.1301 1.0737e+06
67931.3341 11.2734 1.2560e+06
76863.6547 11.7344 1.0247e+04
78706.2148 10.3002 5.3472e+04
80770.1549 10.1168 3.8834e+04
80772.0949 10.7453 3.8834e+04
81672.7650 11.1134 1.3507e+04
84998.8552 10.2736 4.0861e+04
85546.0852 10.9839 6.3740e+04
85620.4052 11.4103 5.3521e+05
85654.0652 21.2977 1.7348e+06
85656.0152 11.7613 1.7348e+06
85745.5152 20.7184 4.7674e+05
85747.4752 12.6446 4.7674e+05
85771.9752 10.5033 1.1535e+05
