14129.610862403008 6.006012320823492 86022.55405249412
14153.950863888602 6.3549581413967156 214239.45604769982
15238.730930098323 6.836985510930522 70688.08768381823
17098.251043594424 6.47510795911882 57408.49988609584
24263.361480918058 6.018683729968578 67486.33768682709
28364.13173120921 7.3759819823142205 174655.807962878
28369.031731508283 8.997215266400424 548537.5042780681
28646.301748431502 6.593796772942737 94949.8112657437
28956.821767384143 7.641586503709606 105585.03921104112
29657.5418101527 6.0657428420542745 91374.53647075697
29826.091820440175 7.5686979013816975 214289.4114480182
29887.901824212757 7.7742436026653134 121588.4226015643
29911.911825678213 6.892239433783376 117896.96862612189
29991.511830536612 6.548947400815821 201723.19683381187
30032.931833064686 7.037415508452896 155178.48392691705
31638.451931057858 6.0117126592600805 194253.7557248824
31901.461947110714 7.508623046575377 309683.6318405574
32189.541964693723 6.462034303581747 420850.78989707166
32339.3519738374 7.658705535482404 487857.842033845
32491.7919831416 6.907805285048188 294961.79880578566
32495.321983357055 6.033888796999222 436917.8070750459
32577.14198835095 9.236734194125996 881206.5545087805
32598.13198963208 6.096559377527273 81460.42195899213
32626.701991375852 7.204094276508071 101159.93996217006
32639.771992173584 7.803751337518478 85116.77930791251
32652.071992924317 6.168960091495737 249012.27235623857
32819.84200316419 6.0227261261778455 143710.88373517783
32865.22200593396 6.089869526038437 128029.94665190761
32889.23200739941 7.225083067397299 191672.34162673162
32987.052013369874 6.026167841865018 190755.2028015686
33021.26201545788 7.009444718326535 163007.8841143199
33046.19201697949 6.039103253173155 230020.9255293532
33073.29201863355 6.1179728403023255 103374.04454310186
33089.00201959241 7.182846353606077 105542.27303824532
34955.98213354383 6.166595755696857 68642.62264740345
35447.9521635713 6.452126246296435 52516.77049848932
35652.512176056654 6.30127590033195 85498.01129150024
37108.062264896376 6.093626133195357 342933.9655212083
37731.58230295302 6.415091356983528 74038.05908661777
37948.60231619887 6.136906373977941 47039.1946507625
38138.49232778884 6.681392778978474 71442.16452463093
39435.43240694778 7.356505240077642 81377.35384714488
40066.962445493315 6.88758482385809 442816.13290490553
40111.382448204495 6.776522016969735 128148.65715252893
40189.28245295913 6.0077977487797005 197628.71841592807
40799.90249022842 6.066309144546108 204478.1960932745
40815.722491194 7.175201767771915 211546.04063454276
40827.91249193802 6.174615609552441 241153.0394723842
40867.102494329985 7.9534496184420895 333305.05675305624
40909.892496941684 6.6211507046940925 276268.64886036
40937.622498634184 6.8670747847920595 302377.64778623264
40957.59249985306 6.7356569256707095 271810.4372336792
40978.762501145175 7.664384767915243 409298.5029863252
41006.122502815095 6.4002164173255816 265324.27746515593
41013.36250325699 6.310491252871811 321263.85874499334
41156.352511984405 7.103540809657634 194031.42611436502
41188.10251392227 6.455197180484975 215803.95994965936
43223.962638181314 7.112718069341497 96016.7262107499
43973.89268395341 6.389141165125456 64926.906333346364
45221.562760105146 6.612988270415961 66782.62654944323
46207.98282031145 7.024925841781631 109042.15377974995
46321.562827243826 6.231436478018303 80800.39307578704
46528.67283988481 6.193294893860297 102601.40187161119
46604.27284449907 6.88999061018002 55962.93865728724
46758.44285390886 6.844412083578485 100510.16085848652
46956.52286599871 8.010194703754783 175743.85430515214
46996.802868457205 6.374867664688219 78885.63993967121
47343.72288963152 6.126696964300262 54444.06688817575
47391.50289254778 8.154418601429102 104581.22559079959
53062.37323867024 6.81643095771679 115860.2993369992
54532.41332839437 6.2996088416650675 70300.1318391828
66371.28405098169 6.225273655533117 34969.5635573631
67931.01414618007 9.343155179999956 1298357.4807254206
78706.30480385161 8.259894084206207 53471.63856526644
80772.22492994537 6.955662745932534 38834.40169196652
84998.99518792695 7.555888273262451 40860.5289575997
85546.13522132173 8.657092524602703 61828.138458963134
85607.87522509004 8.16193054265044 109555.83579820198
85620.41522585542 9.50247050708814 535208.8734698015
85654.22522791901 9.125047353924854 1734783.4910728065
85656.02522802888 10.365698216961137 1734783.4910728065
85736.13523291842 6.135451308648921 25214.27016583384
85745.6952335019 6.783400477090849 476738.7634205505
85747.48523361117 10.53993231483276 476738.7634205505
85773.81523521821 9.422628557405206 115353.14390480444
