154.3200094189459 6.94656992998255 34872.964546160896
169.58001035034243 6.247945650824948 30802.308609886542
391.52002389648584 7.8059649340489505 58327.379839166155
415.9200253857437 8.031423759425385 61990.13793566781
479.55002926941097 9.44847116311463 63436.96016796867
503.46003072876164 7.810925120957341 40834.967229785856
649.32003963135 6.603710236345828 27565.589100994137
850.7200519238313 9.70645685424931 160146.73841394484
877.3200535473666 6.828382378813446 58319.67348952055
900.1200549389682 6.477508317156519 47265.58473839888
1099.9000671325725 8.822002099771353 110127.40888523926
1218.7000743835495 6.479643470325843 22122.727621459213
1443.5000881042533 6.364765766326934 23764.253208790527
1752.190106945197 6.4773395055093825 20010255.918667525
2502.3701527325534 6.049646338642463 23618.83528257132
2628.450160427866 7.620500110930016 79114.46024486594
2748.500167755137 8.401660042118955 49258.922483685594
2774.0901693170267 8.633107086600555 48441.67798511941
2834.5701730084334 6.188526946701971 56180.5335539189
2874.060175418712 7.238583609030798 48561.81240605535
2977.8101817511097 7.002112022166066 158407.20631706022
2984.8001821777457 6.345705155913232 75496.89026548501
3060.9701868267935 9.411526304171208 83715.1171472039
3075.6701877240107 6.704519306197148 91508.01853322487
3172.530193635876 6.454144153320623 21104.696687963245
3414.3602083960086 6.994555327958102 36280.6893037527
3421.2602088171516 8.983240598611077 82759.65018083688
3430.570209385389 7.16941192511454 46113.400588719844
4746.420289698504 9.793905043648595 73584.8265989639
4763.93029076723 10.36893823164406 102683.67544861932
5244.440320095235 6.483358473565062 86125.19595340577
5429.700331402608 7.214511464753024 38675.22631872526
5743.130350532859 7.233041191759643 44496.87298625751
6004.250366470359 7.013167624214068 792425.0202940761
6342.980387144799 7.3058202073407195 109156.08018295311
7649.080466862822 6.071429973656803 4921299.185370202
8092.700493939239 6.519285687996183 4266024.785246203
9365.610571631505 6.330851451475845 1725438.2934288243
9576.19058448429 6.942721155719506 45823.32230794432
9933.040606264685 7.07298926132542 62858.102846635076
11331.280691606487 8.194863905329434 67474.68631777326
11546.780704759565 7.553856653923078 2304062.482999216
11567.840706044964 6.632338692271836 629758.2641296948
16664.641017128968 7.802491294363242 93797.24351632797
16670.44101748297 8.472488288043328 101729.49720480343
18419.26112422248 10.098652619407027 107870.65265097232
18427.971124754098 7.444415903932445 57608.9863315744
18501.941129268867 7.145261879979972 50730.73366182397
18980.861158499825 6.288907637508233 61767.89886657708
19357.02118145881 6.729102453580389 3215314.3121685483
20158.50123037727 6.518538622156563 1540463.0821005984
22759.861389151694 6.294229262871249 24191.907811696343
24948.21152271799 6.74165154778418 39838.42211514814
25978.061585575048 7.923759843793745 94230.23494809361
26016.761587937108 6.261116985073973 69238.67311311727
26326.90160686655 8.534709726090453 234523.37445272144
26760.691633342994 6.809002929997273 38030.016095365674
27220.67166141795 7.058145531488436 276151.9630287733
27487.611677710673 8.16577405998689 63542.830598135515
27542.771681077375 7.408096553150124 42777.004813021646
27805.57169711741 6.286940370447913 47040.3563656568
27857.711700299787 6.580962783781739 47170.59368909469
28365.13173127025 8.28187687823672 380324.8670687605
28426.181734996444 6.605267165142377 124919.27581187493
28582.861744559432 9.022567790762688 190715.71866756253
29512.081801274526 8.523917263335292 13892630.527242303
29539.701802960317 6.795046243065421 2470240.4810613594
29793.501818451037 6.222160357389567 1482950.654185868
30932.801887988397 8.275099312497238 83008.69621140922
31197.641904152948 8.311025390518253 57736.03242934897
31479.1919213374 6.071626425562228 160035.36957794175
31499.891922600826 6.9278925085301015 46970.983399822166
31519.65192380688 6.409852938610852 44392.62307897096
31522.52192398205 6.937114435904206 89258.54414612267
31556.861926078 6.015905507206071 44013.969820964405
31561.78192637829 10.555510384610178 241688.0234432512
32373.921975947385 10.462337528681447 1111425.496623851
32443.301980182005 8.285598395353848 528259.1842865556
32457.65198105786 7.512699414545995 532895.1349538529
32488.761982956665 9.025100638701046 372900.74416996725
32500.641983681762 6.685248355723477 166503.60553544332
33006.82201457654 6.065814961125572 274930.9029307487
33052.0920173396 6.321228340839045 247806.95173895027
33219.202027539184 7.322876400350538 154047.16327481065
33314.852033377196 7.517843420264011 217355.43306497135
33324.5120339668 6.499010289505128 158644.32386030143
33524.01204614331 8.667087614938097 153617.44136302077
34183.20208637708 7.939317318480377 83286.24629304378
34457.63210312696 8.871384301099441 56742.16982687209
35319.42215572645 6.068831582711097 392649.7896325785
35707.74217942762 8.039898209959093 152906.1742889201
35833.462187100966 6.836631370980058 41685.578157954966
35852.9121882881 7.092594438982848 76788.99613170794
37289.09227594557 6.509774830444288 93310.40486166859
38955.94237768203 8.745317152095561 60376.78496200897
39357.18240217178 6.197736425050093 49780.691615282936
39360.67240238479 7.695961842378904 242629.7822421804
39372.31240309524 6.499873464239713 53387.90465134338
39384.78240385635 6.113985312358516 113557.8237890539
39402.062404911034 8.668393518738343 131268.68213240078
39409.25240534988 8.320211211277798 159395.6836152872
39495.71241062698 7.304997077465888 289778.8476103115
39529.4424126857 7.986612094605678 194169.6500714969
39581.47241586135 6.849082335519945 77991.05802363278
39586.79241618606 6.450943255479271 204974.47198476168
39593.33241658523 6.04935538148104 169649.83247485993
41079.75250730912 6.3244774750472255 29620.363358036102
41386.25252601639 6.417485916498188 25880.763641569094
41395.9225266066 6.917134997973336 38909.981123051424
42105.97256994461 6.091871189434857 27330.12866876834
42491.17259345536 6.797994365772332 2869571.4496078487
42825.82261388077 8.147462816588575 91978.09609977796
42838.54261465714 6.020876779360512 97046.75149756856
42849.25261531083 7.544598681171345 79507.7435697832
42856.65261576249 7.664574234719343 177006.75683997804
42857.572615818644 6.546626754120607 154192.25274236855
42873.372616782995 7.552760903446465 42070.108123592385
43272.80264116227 7.218978539717152 33692.99670840788
43650.66266422502 6.8790534562307855 48029.7736243574
43737.072669499066 7.542070046315861 38495.97877979891
43804.45267361162 6.670358862661536 32431.818886815952
43838.122675666666 7.16139309523541 50711.57091952771
43869.10267755754 6.355398333539869 43212.79312824056
43915.48268038835 7.586359105281291 66429.41874978371
43983.26268452531 6.332026757220576 192860.4991934197
44014.77268644853 8.11314826278128 337110.97033136664
44021.06268683244 6.690465935741568 154138.118126309
44064.54268948625 6.013107748570967 50660.28890786336
44069.572689793255 8.037301858433654 106163.66923883953
44083.322690632485 6.795376063604391 58450.58796516307
44111.26269233781 7.387350264118203 63037.7387184769
44114.722692548996 7.8029577906126875 118287.69411442394
44122.5526930269 6.506733914506225 52107.17068983967
44143.502694305585 7.580435914617036 61241.855598307404
44384.112708991255 6.621559137526705 25478.009137900193
44389.072709293985 7.389184780895286 38990.53115509895
44438.98271234025 7.707877232772304 66493.95976372685
44485.95271520707 9.077571768804548 88009.56992299156
44503.79271629594 6.007491221374498 52451.565075123355
45363.9127687935 6.1435599206800555 78198.72108817591
45501.48277719011 6.338877913828358 50898.18895495618
46340.35282839068 6.641580675532805 48227.16339009888
46357.93282946367 8.624030260613145 239046.25469463412
47051.30287178362 6.191625875758358 59464.1856451847
48331.0829498952 6.032884950637143 69501.48732530711
50906.30310707416 8.8999209357012 30369.91769446932
51076.073117436106 6.807655056486686 16079.340720559856
51077.80311754169 7.446449517351053 88570.95324999922
53944.43329250692 7.724414849686288 35211.96525617918
54533.28332844747 7.728979789355741 84959.49034091819
56276.98343487448 7.930516120641264 43387.294358133026
56948.60347586691 6.254990739976093 7053367.105715784
57472.573507847505 8.510279615635366 14688.531032328068
57896.093533697116 7.20579324044484 21853.033972829217
58288.25355763266 6.3753905349510065 25725.772495888647
58315.32355928489 6.1285932240110474 45599.69488089781
58329.603560156465 6.476060532691466 21083.930310939926
61262.45373916344 7.7764684203395955 29241.471138713903
61543.753756332626 6.343841499443993 38849.69212254563
62006.87378459923 6.381583092318873 17719.803059827853
63126.31385292443 6.043843286097576 24429.90269224596
63499.7538757174 10.23986692906182 84682.40299886091
63593.41388143395 6.086414210992637 11912.248173374293
63986.213905408564 7.591497880966258 16817.312443841074
64026.25390785241 7.143965075246049 26937.217244006868
64049.64390928002 6.245421720145403 30737.425515941857
65596.08400366723 6.625978414797046 43115.55860084617
66369.05405084559 9.000939556833428 112359.57021364749
68215.75416355922 6.430103295575437 13804.694715024414
70357.90429430568 7.442433069352103 42796.200807431276
70693.14431476711 7.449221940316775 46480.59204411176
70880.27432618862 6.1294004183261706 36684.21670661227
71548.30436696194 6.1285358625668 16985.522495424557
71602.58437027493 9.01232694165247 36630.768340146045
75222.71459123013 6.6665213952787985 19058.923667526222
75358.06459949125 6.8252863942198 18372.126935524444
75764.18462427885 6.311011840033645 14912.316783545159
75855.48462985136 6.206364465792094 20811.685910096447
76175.62464939115 6.571148779018743 18973.211874411114
76307.3446574307 6.130093684020487 19242.988237085305
77924.8747561569 7.076423745302106 31300.060737778098
78646.96480022979 7.493064033834134 18056.807680724065
79170.72483219756 6.389468512343563 14281.822802541992
80432.17490919036 10.027122633218735 53507.61360213988
80611.45492013275 6.112376592385108 15354.177181730012
81728.14498829009 6.101739403779862 14526.022638971495
84751.24517280549 6.7055551186004285 40164.14540884856
84791.5351752646 8.51858911695505 48283.53734888877
84817.44517684601 7.5394841407099005 27011.06256513331
85046.75519084198 7.626221592425594 41131.91436899601
85070.41519228608 7.3531750292921805 72830.39369892837
85249.81520323579 7.562613322070939 2344490.7349776276
85299.79520628633 7.89097866897647 73955.51374978575
85365.97521032563 6.31987853520006 39889.35717504045
85559.5352221396 7.0248310158199585 47484.25335272043
85620.7752258774 7.355841932809063 124118.22468607093
85656.31522804659 9.218907026644649 433937.46041754965
85748.02523364412 6.681820047982677 130820.57337331293
85835.97523901216 6.8648497862870785 34546.38472571426
85923.50524435457 6.07414839960622 54027.68504381548
86145.40525789827 6.3184013194219055 85335.57203044379
86170.46525942782 8.127512909320137 56378.67286777191
86344.36527004183 7.995101979371956 34821.3402385737
86386.73527262789 7.074553599286167 36892.44917781647
