848.7400518029817 6.352566156275431 105807.30314414646
1590.4200970715392 6.672642691752252 11754.785496340926
2344.9201431225674 7.049685248990315 11589.553130830438
2725.940166378184 6.0191355937934405 41221.877445521946
3262.2301991107297 6.158618992886668 21131.17686080528
9167.730559553867 6.350995378671273 96943.17991335603
10257.40062606205 6.68301848078856 19500.60165729664
11208.580684117473 6.158678044684435 78447.94247710862
12772.49077957097 6.032977632594041 186441.7442558742
12777.670779887132 6.217782041472794 384274.41220809496
13375.890816399586 6.089573427336316 40803.29402712596
14616.310892108819 6.09124646800014 109946.49364248417
16377.230999586853 7.986506518203481 44125.05640824884
16885.031030580507 6.139882970050944 48521.71268934679
17041.161040109928 10.440351007472175 270586.73644109664
18339.33111934394 6.29609564894182 24461.779854251105
22188.231354262167 8.578309997240863 52566.88964226138
22189.981354368978 6.545132536315607 49828.48724047368
23157.451413418665 6.148656522881927 25276.823054853805
25002.681526042572 7.473328748733507 24350.80626123287
27439.36167476573 8.529988937764916 80404.17961478769
29442.501797027697 6.507936356612407 109138.64057497254
29462.52179824962 6.14496525632962 920031.1638620719
29654.241809951283 6.717471173625903 80383.27145192058
29886.80182414562 6.103884532224555 205521.73440086574
32520.79198491162 6.7635856743766904 71508.36444239806
33382.82203752576 6.137375073575165 31543.411287489456
34807.70212449354 7.068038865687374 124375.09147329649
36248.27221241896 6.455735778303637 187535.01872857043
37707.85230150466 6.033651732647154 147450.701921772
40137.77244981522 7.463581990856739 106391.39320940578
40452.29246901199 6.776668564729409 69901.02331460976
40810.13249085281 6.248833224061302 111231.49735885373
41063.292506304475 6.985438090811251 42562.88301241436
42547.7225969069 6.263635439231378 443383.6281409565
49132.78299882709 7.8174574328329784 21496.206817977574
53061.853238638505 8.094293395574818 269017.6813435913
53139.50324337788 8.548974962525385 30229.918037062944
53754.8832809377 7.857972909754572 21431.042632703677
54532.503328399864 9.745818722813835 107708.88538440179
54644.13333521321 7.694535355832807 34063.316142377844
55483.96338647237 6.609969508391229 17783.998895948942
55717.64340073507 6.1224327136674415 24408.597931312925
55750.60340274679 6.451308537772122 44691.483445369005
59261.45361703208 6.3011770341852 16553.27269549333
59285.403618493874 7.247274649775953 31190.360874606526
59292.1936189083 6.6056490321626 19827.668818092763
59294.79361906699 6.708020265075475 49703.03229162086
59430.623627357396 7.018640697817665 8181.5938342346135
59460.963629209204 10.092237368932912 71028.34862069167
59823.57365134117 6.704749151739312 23856.972359615138
61045.80372594017 7.550415203241237 67843.55565768918
61247.953738278426 6.534357921358359 27704.921120947245
61284.27374049522 7.681817139631184 66396.67633257291
61546.503756500475 6.869038602666224 14250.398609078875
61653.06376300438 6.565413187150423 7895.21057368294
61660.25376344322 7.796079188531717 37414.62463779706
61745.50376864647 8.17661887706337 55950.83826460742
61769.65377012047 8.565582445198041 131290.50831437428
61779.96377074974 6.170313064173188 13752.755507620339
61820.34377321434 10.30607524246897 68180.374464238
61881.15377692589 6.18949871484279 19444.33274742937
61927.68377976586 6.891186414378245 14663.5610955297
62016.59378519249 6.722009379219701 43603.75691292317
62187.98379565331 6.3907481042697 12128.65911200273
62210.183797008285 6.786576567798882 27745.435370430143
62280.1338012777 6.460190811812034 42675.74236701722
62282.00380139183 6.0641936154203036 26632.881480078115
62451.213811719594 9.244714869979298 39160.629141509395
62498.05381457848 6.024837911375713 17201.535507269356
62538.41381704186 6.493760825307442 9573.9900016368
62542.46381728905 7.259803037590512 15907.998872446802
62592.6438203518 9.416715511505917 22756.831395113455
62598.22382069237 6.6642244843333325 28829.2287532366
62648.34382375146 8.635506517062046 17146.400538256046
62682.70382584862 8.056790018466566 8508.052809148683
62698.423826808095 6.410634071866806 38238.9910364191
63247.44386031762 7.67784516474262 39280.821978539905
63266.65386149011 7.5112822295183355 15953.191371572557
63276.363862082755 6.820611130329115 22509.715813495575
63343.61386618737 7.2594220582828095 12120.621451402874
63427.733871321645 6.795008299633177 16568.303123388538
63448.923872614985 7.838150101920164 46058.05894411209
63545.81387852868 6.523859617559859 17598.413587494135
64385.24392976343 6.589490625372209 9900.605849455147
65332.36398757104 6.874083139310846 27638.669954308767
65374.36399013452 8.943139681452216 34622.14957380749
65387.233990920045 6.10958745721359 9497.89811410246
65396.21399146814 6.206462471435959 10095.374661619686
65445.353994467405 7.495042640939505 24601.780890439608
65467.81399583826 8.85012826460436 17948.3650146406
65666.22400794824 6.109679900207274 9241.864428102584
66368.88405083522 10.199428511609849 175076.05538895298
66370.9040509585 7.175923811439238 175076.05538895298
66664.72406889185 8.97245990783642 27044.451035726615
66716.92407207789 9.777741672353455 13310.110512382405
66784.73407621669 6.147288117824387 9650.074069754935
67001.27408943324 6.624984708533463 10412.60071038363
67038.76409172144 6.705419096932277 24685.754609560634
67158.24409901391 7.365566718024474 13174.899413193018
67176.24410011256 6.8550277684106975 15313.506034936692
67179.44410030787 6.479604787261816 86624.8546101122
67185.06410065088 8.612591668364626 99414.43409958556
67210.02410217433 10.73859463431323 17164.367821340784
67217.49410263025 7.165390272492801 14043.77180023706
67252.68410477808 6.0883200012026935 17911.658591744756
67458.78411735743 8.353262421387196 11685.869559252664
67608.3041264834 6.666787578124958 7719.831465970412
68070.11415467005 6.216066206279243 16667.889651118316
68145.90415929591 8.89847558608495 20849.8428249168
68153.10415973536 7.949291727938583 31794.419569499503
68174.9741610702 6.192382754217591 56845.829483105015
68330.13417054042 6.429236677592855 13249.824260556992
68339.32417110133 6.057624837153465 10124.468534841973
68342.69417130701 6.171648718064927 14604.119733864352
68391.21417426845 6.91058158647802 11791.748225607758
68401.6041749026 7.281582857834463 11524.518115735149
68429.70417661768 7.634108793140516 31813.063847343736
68658.86419060451 7.472488349317979 10530.618541029657
68677.00419171168 6.186509959947632 11476.17418478229
68697.7941929806 10.039373378633346 42705.18212077913
68821.16420051051 8.638373970165166 16465.278247331924
68833.42420125881 9.540943866381538 68768.39779250926
68855.91420263148 7.418186344921018 38902.272216131576
68979.72421018824 8.473523464030633 30800.19146407786
69019.76421263209 10.33482481525287 44982.34082569165
69033.65421347987 6.745565848708604 17598.01230903092
69312.32423048854 6.2128693517840565 16488.807394884796
69650.60425113552 7.160791557400115 11512.070528526701
69732.4042561282 6.503031545328922 10362.042619475847
69868.67426444545 6.085048934815908 32034.014756627214
70019.00427362087 6.594614237255878 12023.494037706492
70038.11427478725 8.092390765344664 27519.3009100798
70132.85428056972 7.494787124448446 29790.244352596175
70159.76428221217 7.842658416214092 15797.459780757861
70171.44428292506 7.704890080474101 40549.65302557435
70326.80429240748 9.735682845516138 72035.48585206672
70346.49429360927 7.87995186570326 106370.88590008335
70406.4142972665 6.797701485577212 17829.8558939611
70539.59430539516 8.798832644973093 31468.717946920493
70614.93430999355 9.074873177258073 66469.33355441285
70624.04431054958 6.669370365346827 23807.900140613885
70663.21431294033 8.102036463837074 34147.3968521484
70704.60431546657 7.056819045853574 15781.11255476954
70743.63431784877 6.468275503619618 27027.801999095223
70756.16431861355 7.386437614293095 22794.62554158484
70853.02432452541 7.758289973365921 21974.776031040143
70862.24432508815 6.1225660886272495 16378.641177716723
70878.60432608669 6.662306423887025 12772.796397474247
70929.9943292233 6.480898125774267 12867.898556027421
70939.23432978726 8.609905510656397 15949.134295469361
70952.5243305984 7.1372050276135175 13589.431304707312
71634.60437222927 6.4138002249136346 22816.304265830222
71785.49438143887 6.256405185700174 6631.1899450060355
71868.61438651211 7.019577640495965 26265.91050526904
71939.64439084743 7.468237503814439 25002.5591120553
72089.59439999965 6.196273900687471 11366.942066211534
72159.3844042593 7.4404480688839225 11539.453227957174
72254.69441007657 8.294752117711482 37102.793749254415
72255.6944101376 7.345821673383286 36350.720238555754
72272.7944111813 6.27701378032469 42102.91544001815
72896.7644492654 9.520373544824139 20861.986383102332
72931.19445136684 6.129472158579693 10566.502731656677
73560.35448976773 7.042604885300059 19360.265678089905
73975.31451509488 10.509876103745501 35135.22426507374
74014.18451746732 7.288683851400534 8716.759761736374
74037.60451889675 7.72585931514382 15692.852495681935
74210.82452946928 6.4494184824289595 5633.135627708441
75719.9946215817 7.12279865424283 8904.076832289282
75926.44463418241 7.6474098646201005 8888.819739222063
76029.25464045744 7.636250958965475 42200.6757480879
76254.89465422941 7.144471149586494 10422.535442293547
77791.48474801543 6.471659482095693 14910.88976471098
78064.87476470183 9.365802332535376 42049.23199131421
78087.86476610502 6.060197221176683 12185.262090610757
78138.04476916777 7.502239642238282 11050.693994538766
78180.5847717642 6.137440437172023 10666.79900507475
78212.42477370756 6.294952684588626 14869.144767963398
78229.13477472747 6.878177023422115 14195.497049226378
78267.45477706633 9.320378861207459 17088.4813041833
78299.41477901701 7.908990810551843 18715.667270610516
78456.44478860137 7.856512708465565 26439.758241948883
78706.85480388519 8.825528325026111 67277.48399557901
78891.33481514495 8.6856936148495 22074.266055308348
82545.86503819977 6.248555254651373 8472.099744642577
83107.42507247468 6.899712491490421 16941.16511119737
83156.50507547028 6.254098508439079 9760.457512012785
83879.13511957612 6.692168395372832 21733.57351582926
83984.6051260135 6.2743385517780945 11647.034194691823
84000.89512700775 6.59331903826086 7032.840807076843
84053.26513020418 7.603097745131588 19221.186208229123
84103.31513325898 7.211739777004114 26116.796218079435
84117.57513412934 6.806030081481521 28713.174215215975
84119.10513422273 6.248178934283695 17866.866239993455
84703.67516990205 6.58093459164178 25551.608733063567
85011.93518871674 6.835495428812504 4967.104252097978
85548.24522145052 6.426084406584826 20416.726411770498
85609.73522520356 6.822163872102713 33798.40900959761
85619.70522581208 7.261457814418167 164999.37395056596
85622.1252259598 6.428977341649202 164999.37395056596
85655.04522796907 9.264161253295756 603419.6666250608
85657.92522814486 7.31435781231124 603419.6666250608
85746.74523356599 7.576082889511289 177296.04201237473
85749.57523373872 7.552267716505408 177296.04201237473
85775.90523534578 6.919085168200514 44544.03908833811
