95.48000582763707 6.245649358048858 7646.6656598781265
135.53000827209524 6.242605722765547 6838.936743177347
1046.2800638598671 7.649780537948364 11065.746204796784
4413.25026936342 7.567138685299055 9399.44693364929
9095.57055514957 6.915119801938456 272592.1581760136
9222.360562888218 6.26915806922096 8580.595987085
12761.750778915453 6.620715913007246 7964.015545092277
14365.390876793877 7.293522862692457 12170.056511490428
14873.270907792414 6.421639436419898 9450.179492582536
15463.560943820858 6.472100938505683 14121.774683052494
15816.370965354674 6.516201632470518 31321.012521612996
15817.060965396788 6.6355018854936585 23701.116741910962
15828.080966069396 8.210041165496552 13454.1175160468
15832.460966336728 6.941999016217175 21333.574906720292
29987.091830266836 6.457033187304175 13534.418737065042
39436.52240701431 6.702104385611837 22804.361027873412
40730.762486008454 7.9294012780689025 14402.16550547025
43172.08263501481 7.19444229658698 15204.94400713249
43637.11266339799 8.995273378235488 18133.33242268351
44012.32268629899 6.409781479339189 15327.279825064
44443.46271261369 9.587762668699728 20754.38829846333
45134.25275477617 7.593042422696986 13101.860356063977
45197.022758607345 7.2435153207793705 11585.909058256346
45220.83276006059 6.855439056216376 11490.323501422756
45520.582778355885 6.453059201037281 6113.491522438757
46311.45282662676 7.625979901167906 17721.033584664474
48649.682969341 6.973549319492834 13573.405360792061
48662.7229701369 9.534174713509119 20780.024137745644
53060.12323853291 10.632279077599627 93158.62195765637
54356.92331768331 9.190516892677525 25639.71884157614
54532.14332837789 8.496382863473464 71604.87385859297
54533.61332846761 8.09979297413032 71604.87385859297
55175.85336766683 7.0015410087461225 8132.311414575462
55554.4133907723 6.383613195036994 6422.462306149198
56679.62345944967 6.088974357683497 8128.265284101566
59803.403650110085 6.469987772242768 4642.337687575224
59880.543654818335 6.668699573716199 4249.670958438529
61409.36374813011 7.397736314858793 127140.1277412978
64734.02395105127 7.485048351343473 6680.26346371032
66335.69404880946 7.334009649307071 14689.465190651632
66369.14405085107 8.425082089464585 41669.90457542441
73330.7944757565 8.48375263241852 7770.616898567354
74453.04454425321 9.668419782349046 22524.88704688657
74907.60457199735 6.776757460542727 8449.96763474603
75113.78458458158 6.766795433402662 5996.030915239736
75165.43458773404 9.384449723742915 29139.92186385386
75202.40458999052 7.211093011584362 10288.10313263692
75203.02459002836 6.530130640864179 6775.261455686848
76832.68468949491 6.725720047991884 4675.547054740145
77305.87471837614 7.120310076893669 4835.506242330719
77524.1547316989 7.836793984667216 7871.087149354708
78705.50480380279 7.440920201647694 7614.992075819735
79404.21484644867 6.1557942850678495 4696.089806799421
83537.96509875276 6.854672338143845 11522.135695450806
84760.3351733603 7.533816653736317 6534.289274301044
85619.92522582551 6.01671912465821 62279.370852562395
85655.3652279886 9.90625593132705 256157.15042109753
85746.91523357636 6.138811623747716 79370.40556972999
85899.1952428708 6.3499286168543465 7865.672965428855
