2316.300141375741 7.529677580207644 167818.3415647687
2317.720141462411 8.969259948319985 143172.47481750624
6266.22038245974 7.43009997749014 53025.053220023154
6309.710385114159 9.1101510665744 91909.39781920407
6313.440385341821 6.0992737083943895 80350.01985962097
7255.350442831448 6.007009061132923 34470.47492896523
7284.680444621609 6.110210026630249 41466.67025049215
7352.820448780545 7.644514792746526 182489.20634974583
8609.300525470002 7.756130252927218 69321.83318333306
10025.090611882972 6.007119778676371 104058.2832369549
11346.800692553754 6.487374887636404 128140.98732340151
13079.92079833501 11.280238479769764 242947.67591354257
15462.19094373724 6.187875357026576 25851.590359225163
15695.95095800482 6.686260062469719 404624.2759184671
15745.44096102545 8.087048958412053 41250.312980530114
18757.311144855415 9.960592818826854 136493.5227132385
19113.571166599802 6.522800249701413 260512.85923286976
21272.811298389362 6.690818817234735 18422.693520684577
21909.041337221763 10.083198471990237 78302.26981739733
24501.201495434663 6.762008523728288 220238.88839975977
26585.101622625833 6.828123151604943 15786.556390169331
28026.251710586654 8.093655865594078 216559.1713622643
29555.311803913075 6.137655057615378 48047.502047615344
33712.39205764112 6.578205859738284 84527.56509541317
34335.472095670906 7.268096023705846 187100.17316013496
34992.512135773446 7.087348357421211 39737.87295262717
43888.36267873307 6.4250544727281635 35618.7935679787
43902.53267959794 6.0123106838838964 19237.72741326345
43919.182680614176 6.392949568787745 24775.09946138215
43971.90268383195 8.276254017437887 62936.43535380633
44049.432688564004 8.126829432580198 241570.35202635167
44050.812688648235 6.032520994829898 241570.35202635167
44051.8426887111 7.3527554028857915 154524.1669635491
44201.75269786088 7.084515974348508 77924.15332464565
53060.243238540235 9.787090452637663 226708.08288208407
53062.36323866963 9.60336834844301 226708.08288208407
53161.483244719435 6.613577888561212 11474.05628584194
54532.37332839193 8.349481726933972 114310.99819238752
54534.303328509726 6.296865613342392 114310.99819238752
56031.823419911096 6.134645316553775 8153.652349905137
56395.043442080285 6.762603307443751 7371.545412107152
57456.843506887424 6.505555189731749 8111.863562767723
57486.59350870322 6.757711228544033 11354.633310058083
59579.593636449805 7.179142402676077 24875.192374381913
61721.0937671566 6.377184458034575 80028.47759427005
63383.39386861535 6.005213661612795 8031.571079817304
63587.55388107629 6.539524613966367 4941.325311497844
63887.97389941247 7.930095412425111 5996.105516765958
64333.85392662683 6.1791202800201255 5320.003845560341
64626.84394450952 6.011761901047221 5243.046444212748
64637.44394515649 8.298758286606772 10403.661982011487
64683.78394798486 6.223807450968445 19389.221267520563
65985.32402742456 8.705948036422804 19905.67809330403
66369.04405084497 9.637167238420737 67487.06057573321
66371.13405097254 6.654179507211753 67487.06057573321
66516.31405983362 6.2203899559901785 13991.001431491273
67014.48409023951 7.107135980296105 5830.55321516176
67360.96411138697 8.282468247860418 21405.62431946484
68696.78419291896 6.773103802859885 6005.673932890721
69281.32422859645 7.4784106873897365 7452.625855058144
69826.9842619009 6.2848539036844295 6991.720035358606
70306.88429119167 6.057526268702975 5716.448300516349
71553.6743672897 7.068064801835867 4536.092921655409
71688.79437553676 6.191777864611869 4472.04658362182
71749.0143792123 6.109029394258513 7591.4692800963
72517.06442609036 9.417591425597085 28275.0376503048
75607.62461472319 6.084501925130578 4665.22789057622
76135.65464695157 6.241826307685088 6390.931096702055
76278.57465567472 6.746236908475979 10378.931964935686
77238.41471425872 7.961452187202499 9662.865216818731
78577.28479597686 6.145179329458259 28315.575032763532
78705.11480377898 6.956210966736182 18335.694381929974
80773.2149300058 6.670805354693032 10878.797348851336
81024.1049453189 7.175730994725334 12517.700680510923
85621.38522591462 8.61994218387363 104363.91930276579
85654.7852279532 8.307269531775376 378708.9009688683
85657.0052280887 8.373069665080285 378708.9009688683
85748.50523367341 6.984278740622306 95196.3785150917
