2276.110138922738 8.629707779918107 17348.54492267803
2292.8401399438562 7.135848735951522 8331.076840426424
2344.480143095712 8.334692021672517 12002.535312182292
2358.130143928842 7.240510111570806 11823.498407092618
2379.0301452044764 7.700494384116132 16059.291333349158
2392.2801460131923 9.030453684944836 79427.37148134156
2399.1601464331143 6.132787167739175 15799.900804806242
2744.1901674920755 8.028954957968436 240630.57205465203
3722.6802272143696 7.228838121490351 12863.835235984061
4144.320252949235 6.705130637954549 33999.17747209765
5606.690342205221 6.1947321453690805 16997.86643668292
6933.130423164699 6.015184274670405 20173.617629714357
7216.880440483425 7.935341377700294 266291.49545497703
7222.620440833767 8.05017587576154 335353.2381097599
7240.530441926907 6.09763387767696 60439.00008281992
7242.910442072171 10.552009177856968 293221.3496005577
7266.950443539456 10.288008372086113 183049.1205908949
7336.520447785671 8.209710116248173 118909.11944504737
7338.7504479217805 6.066018283302009 171917.3370126765
7347.380448448514 8.281218723225164 1277257.3411781297
7354.38044887576 8.206569155307804 2368754.5891259047
7884.080481206084 7.07704163808903 62047.36192608834
11618.460709134564 6.003228169819132 35809.84221475165
12716.950776181078 6.631751842754149 12526.27901254732
13823.440843715873 8.714775474090253 54238.31660214484
13843.330844929862 6.0709087906208925 14293.008796179938
14032.500856475883 6.5856627990552665 39288.92565999581
14695.10089691778 7.952919781493428 66231.4726143155
15900.700970501768 6.210252550425695 18624.657049657497
17822.051087771673 9.51808401664204 63111.15447782095
18030.011100464544 6.349971235165328 70881.82697985729
22948.361400656824 6.858858655682753 22035.31442665687
23634.121442512296 7.267231111268281 34938.578192717665
23789.401451989834 6.526301423838652 39904.3963565656
25424.98155181772 6.485589241172052 192262.76382893184
27436.781674608257 7.482177185826492 45471.500240797184
31565.7519266206 8.478690198578743 56695.604497672706
31930.841948903926 8.482590424305872 51877.39618197714
34657.97211535474 6.139374023886948 30688.114640940174
35152.19214551954 7.064295748382009 58584.547686006095
35698.1521788423 6.2037018562686805 27434.918575794058
39056.15238379836 6.409579476571577 15396.515970035765
39135.29238862869 6.196483941543533 7931.880689070296
39434.1024068666 6.156091474721276 54948.15599417362
39435.82240697158 7.4058396281205665 54948.15599417362
40117.5724485823 10.380378527409283 35760.678491172
40763.28248799332 6.350602780057447 13798.325388711672
44036.782687791914 6.5921867179998435 14440.466850053226
47723.04291278338 6.124126013344931 202076.78544425286
47848.11292041705 6.143949825297086 15435.092869114269
48287.2229472182 6.8729513008989995 15775.939482071812
50139.22306025532 7.644724794678878 17113.13641922719
50250.65306705646 7.323853352837731 6458.454126230808
51070.76311711201 6.016273506487891 7306.64312522467
51172.12312329853 7.719194230773808 22032.47594723163
53060.53323855794 11.481375068876117 112248.14721391062
54532.13332837728 9.891608253160264 198184.39905727984
54533.993328490804 8.255947507422162 196842.86531587495
54642.79333513143 6.121984684019804 15452.52492646974
59577.62363632957 8.092260647348994 7430.354431694371
60511.5236933303 6.448593655261968 4984.850911965566
60952.503720245586 6.526340756141646 5687.504160457941
65658.97400750573 7.856885507697668 5651.341685513928
65672.64400834008 6.162137774465462 8564.394639636652
65710.68401066186 7.353830084512849 10880.500738338136
65946.4340250509 9.584982233587395 12330.20898113748
66034.35403041712 6.086676570332144 4122.86229781111
66103.49403463709 8.275605429618519 9653.166338086121
66369.53405087488 8.5114590443885 43404.11929784534
66371.55405099817 6.242774548394372 43302.319394660524
67704.18413233546 6.392273936221083 3996.9074140048006
69078.78421623439 9.51130469061791 119096.61884429395
74065.66452060941 8.45636878848801 5911.597927086838
75597.3946140988 7.566720642402424 2990.4094858049266
76012.63463944303 6.033783693789918 3129.645744884429
76112.71464555143 7.945927304048343 6856.680464992781
76254.78465422269 7.480048480263528 7755.702994879661
78417.79478624236 7.376617194482 6374.790798414827
78705.21480378509 9.727569177861184 14041.740169542092
80246.26489784331 6.492471061701086 7155.669144153632
80670.88492376007 7.19065583158372 4255.174770029979
80770.67492985076 9.116287936344376 14864.990520980713
82312.1150239328 7.762086875898761 7513.423170771935
82464.82503325348 7.25122136027923 9877.506336566023
83701.8451087552 6.690521647660368 6631.497783286596
85619.30522578767 7.326807541794002 106535.3728806285
85654.71522794892 9.113262857244253 373345.43836991274
85657.13522809664 6.675760804443744 373345.43836991274
85746.37523354341 6.021721200269546 113993.25242957946
85748.5952336789 7.034504911850642 113993.25242957946
