487.07002972839535 6.986876644516368 388119.97281131055
719.9000439392116 6.435839595425401 466500.76653588965
1196.1100730047651 6.6832449553282665 224255.43466794436
1732.5801057482975 7.471523446828885 364045.220819821
1963.140119820564 6.474984794550041 209286.45413289074
3413.880208366712 6.597146397274577 266546.97583712236
4427.730270247209 7.082415454960744 211938.89110953844
4907.100299505633 6.713765994044016 663603.3149020731
6845.480417814967 7.2926112851953055 1090971.313483136
6846.930417903468 8.595089875760866 925719.8089152926
7048.590430211818 9.818674689201302 802416.7660583659
8505.450519131502 8.585029489465036 600132.8496967205
9504.59058011417 6.0403461478560905 404690.11064371135
9692.180591563756 7.254779021217327 297165.0109631504
12807.970781736498 7.562178313171825 377669.5853325807
13499.020823914845 7.3377758664920645 371968.5579391752
15215.830928700618 6.030671277587284 662819.8341029315
15602.69095231268 6.2190683689770045 243433.54152920036
15875.830968983824 8.1509056094344 291617.3110013389
16404.98100128058 7.512780235767715 303275.16026710975
18702.921141535713 6.460747317836058 201956.40127574714
20019.781221910474 6.204099522384684 98350.18173423418
20054.831224049758 6.767384136331501 2516934.034142401
20277.191237621537 9.956753415993425 365276.4194295387
25983.25158589182 6.160385733400909 273146.588368494
27394.981672056987 6.067070349129348 173984.27713711478
27592.091684087627 6.721054216029243 125812.45457923616
27680.801689502056 10.439208654004371 1224413.8019833956
29217.0317832661 6.6708491140180035 356996.75044254854
31794.261940567747 6.29296648478071 315546.79283456254
31802.441941067013 6.7153493453986215 460821.19620503957
31939.43194942822 6.718450934836123 208525.68239874378
31963.491950896725 6.180796847801443 302829.57768813375
32015.451954068114 7.662707328410973 503278.4159563289
32016.85195415356 6.237273492921508 329141.2828408037
32169.921963496214 6.141124412095595 239238.8600019739
32183.521964326294 6.111205417831343 468350.45520248095
33050.65201725171 6.528925523406015 305157.28815438267
36744.40224270033 7.109929263164159 508964.83882761
37488.36228810805 6.934478906983633 238825.20779746256
37498.86228874892 6.810774236347989 224297.16967415836
37593.31229451369 6.678997518761959 349284.2175812199
39036.27238258498 6.778003637640392 282452.12241702556
41849.27255427689 6.129425061773262 235671.8319884402
42000.91256353226 6.182613574771519 148821.5730755687
42044.31256618119 6.485168285219492 192699.74059271303
42673.84260460465 7.91560824511818 541670.672578598
43653.862664420325 7.283108102012404 302524.8082285794
43804.93267364091 6.448556233729601 171568.9328443641
44206.64269815935 7.51184290387326 203151.53432074786
44271.99270214799 6.701156089434406 454647.744853866
44296.82270366349 7.484236618780348 403449.56955540803
44630.18272401018 6.303367709015744 225688.36781664114
45168.37275685869 6.87674673199915 397651.9395300433
45978.10280628069 7.212061214136668 374499.7805509015
46878.33286122637 6.067241334423598 262994.40472300356
47304.272887223684 7.942076717408476 491574.84949882486
48739.30297481097 6.301979400420138 379840.30083251104
48989.742990096616 6.076534169169884 398738.0236321298
49470.053019412415 6.6374150846376825 201159.77140606462
49628.63302909137 6.415851364700976 222050.7143039567
51049.25311579914 6.034888069599576 114332.26213715253
51631.18315131733 6.257538394742015 90951.6684831267
51673.333153889966 6.034739407744746 126343.47540695446
51754.30315883198 6.504101038813017 131186.44335899904
51779.03316034138 6.7069393828148955 124019.5800999007
51901.43316781208 6.3085664707350695 91014.28673251631
51960.61317142414 9.107307900515066 216808.5139277215
52634.093212530104 6.156522092788775 129943.83240118634
53401.883259392285 6.391042461943627 105203.52948304178
53586.13327063802 6.758648054776702 87703.14571371902
53667.96327563252 7.045515378195167 155884.76008300108
53707.46327804341 6.862902961878025 84698.02141412754
53751.00328070088 6.866952314043894 115783.44471868471
53775.89328222005 6.659061984501216 113591.96486721565
53905.413290125325 7.110237370444887 147026.604190189
54157.02330548238 6.454002736238335 174377.72430817535
54246.45331094076 6.497874463383155 93277.21267992075
54317.853315298664 6.958451009192636 108344.04493848112
54344.633316933185 6.2503420896639525 112643.79628342653
54385.76331944356 6.467999743377284 140934.8317127338
54927.703352520955 8.35418870153773 139604.4455677862
55028.86335869527 6.545373211122845 56982.83473062434
55205.75336949178 6.903426788938551 60934.48202143868
55613.95339440634 6.815647635320146 62191.70617717246
55838.123408088584 6.1233446319229765 57060.24861603862
55972.84341631125 6.208992673088703 36462.251481594496
55989.63341733602 7.459204638162504 81278.0521190073
56161.22342780905 6.5707486844113 71079.71264018734
56773.73346519369 8.71650496076427 104583.4737624617
56842.313469379485 7.58596723161511 63074.42089262443
57750.243524795136 6.180565059281246 37025.97413017716
57962.81353776938 8.250827360528426 85669.58393632612
58005.63354038291 6.798714133803026 51392.80050781601
58373.74356285056 6.8182503435751585 128878.16196337454
58374.3635628884 6.287107749656085 140619.693245745
58794.85358855307 6.985153021565871 104334.70043032798
59539.02363397361 7.79909220394663 53085.138006173955
60221.20367561057 6.909995995488102 67201.05305545582
60229.09367609215 6.183312816708136 42246.32305589795
60490.19369202842 6.750652772418508 60782.48670170443
60885.12371613304 6.286149166286721 52396.232268292406
62181.543795260244 6.828682832691731 51972.918793993515
62474.013813111196 6.100218236422859 42339.247487675646
62520.65381595788 7.610176178804585 75838.92109759182
62676.143825448235 8.098502312600147 54778.212515695675
62694.063826541984 6.165692044811968 30831.296515414928
62741.06382941063 6.966925847842561 62584.88075326098
63062.07384900353 7.025541283327025 58826.82022431816
63176.7138560006 7.096691680879629 44021.96134134748
63261.12386115258 6.793130760186364 78152.96499926626
63356.82386699365 7.655066995956843 93048.74228169005
63643.033884462515 6.08020217283565 39332.48410883472
63797.57389389489 7.149910502418626 40224.93267935251
64046.87390911095 6.576207488247517 41452.61150542923
64085.40391146264 7.965918917060048 173609.50323936975
64589.54394223291 6.421009366117359 84688.36458167549
64896.103960943845 6.588468253823778 77871.11545917668
64962.133964974 6.94400398794575 64555.96327350736
65133.033975404906 6.192329379613118 66682.68526949109
65473.85399620691 6.967819694511363 77411.97910071065
65758.39401357385 6.2152457292707215 92519.7354069568
65873.47402059777 6.178255449020018 56717.89079329191
65938.58402457178 6.275775408841182 54841.02256633257
67197.0541013827 6.283525660908078 35872.99052649668
67380.81411259851 6.3915127203776585 86022.76289777357
67923.81414574062 7.576217034332855 94082.05657148332
68544.04418359644 7.684041046076651 38857.69415088714
68585.89418615076 6.046757892613315 31208.279612910028
68900.8442053738 6.638537974672822 52911.68431365423
68948.24420826686 6.141805221101597 44727.0837183218
69071.59421579554 6.214398952222927 42641.99984750284
69338.1742320663 6.056210448858878 21228.578649563005
69344.05423242519 6.90322887611705 55116.713298324896
69545.04424469265 6.039399369140313 25697.527793069457
70025.82427403712 6.9213721499436645 24597.80622615699
70028.74427421535 6.218261994486373 43746.406779831756
70457.1343003622 6.279099666638803 51520.61541926634
70514.79430388148 6.204321491958731 33894.62823309833
70563.56430685817 8.815425962490904 67184.71874485721
70713.55431601284 6.596049519161952 31559.995137921534
70773.37431966396 6.671549804686763 71533.44798464199
70921.78432872219 6.449700424741245 24114.32386093607
71023.96433495876 7.076560109129607 26707.914770151965
71260.0043493655 6.068660150307711 35806.23509381331
71278.79435051235 6.797094175398046 51244.461347097225
71299.28435176297 6.449664600305391 53378.82018839814
71319.62435300442 6.421645271949439 41060.06044811261
71406.68435831813 7.5581879326622765 37765.9527806678
71453.74436119045 7.906295867245077 63368.621291629905
71559.60436765163 6.29899421180703 35467.519013494806
71696.3643759988 7.117009932014926 52695.5162690322
71859.69438596767 7.3511304158102995 40467.00825564864
72629.49443295255 6.301225715245267 47466.79378610399
72735.29443941006 6.360988391793834 46673.383197573115
72854.79444670376 6.392240174238148 45651.99727003713
73259.17447138517 9.934421992697812 76731.05254901103
73318.11447498258 7.376834624615751 77349.33588449388
73333.08447589626 6.526686587733652 62927.913717575015
73435.26448213284 6.641389595530749 80657.60379014848
73533.53448813077 7.033302054148501 82349.98895321456
73575.40449068631 10.045814516878943 100514.26827652389
73703.47449850308 7.398729096574207 50080.59972917996
73815.19450532192 7.5582570627905294 66449.72682306031
74111.90452343167 7.999492066111093 86831.34949057433
74528.64454886747 7.009218877213166 34666.35287467885
74703.73455955411 10.061045095882136 76969.84773359001
75174.42458828275 6.591060527126605 76577.34300767345
75423.11460346158 7.605321051882397 48178.859527422275
75662.64461808134 7.61017706004272 49779.6266861305
75742.24462293973 8.814061658400492 117557.80421517903
75879.07463129118 6.554868397069819 48364.831819085215
75928.51463430875 6.140529402189285 31378.655596037268
76182.71464982389 6.305303244256918 62111.27149130711
76194.57465054777 7.19347050042444 28214.42308788098
76450.77466618498 8.959247307639634 106569.39549000314
76893.49469320646 7.937462967379143 69068.68376900468
76894.06469324125 6.226710112514014 58917.94404405224
77046.43470254118 6.671060313586195 60863.45247014699
77062.76470353789 8.761221187109271 102403.781500914
77315.92471898954 6.598030294370124 47081.88713436095
77524.66473173002 6.1584687210894735 31064.994194406416
77652.07473950651 6.062055360055786 33343.059148392254
77733.96474450469 6.100419266389918 30716.14557741615
77806.67474894255 6.030795769531786 34627.38615517157
77837.40475081815 6.047168764292811 30311.50251134575
78293.20477863798 7.362375061098673 47828.71956629103
78304.56477933134 6.172775528796234 35252.04196196008
78402.37478530119 6.048736010581681 142083.4552263124
78597.5247972122 6.77378045737881 99110.40142059303
78789.6648089395 7.85159981119319 102267.1888542752
79008.49482229583 6.448540676134751 149286.87426561484
79009.06482233062 7.014397434961587 138252.6546199913
79024.70482328521 6.566431713180788 87241.40295225194
79028.51482351775 6.753293029802147 94863.27281033585
79244.62483670806 7.633019897315047 55579.918879871744
79402.92484636992 6.379628437830044 48770.41331128322
79460.39484987762 6.09114514135721 40273.89693807135
79548.36485524688 6.3825341884612135 62539.75258049804
79987.50488204986 7.323482693524145 36651.17687482837
80011.66488352447 7.953606759516339 36749.756222888755
80041.934885372 8.00266637951917 155577.926944937
80055.85488622161 7.179861896081759 29946.38817389889
80121.40489022246 6.6721623508136805 37776.45640491922
80380.18490601715 6.068382076739087 46509.035970267316
80633.80492149688 7.8402087444277155 39399.942406126436
80815.74493260162 6.264564423236485 30767.445443767443
80839.69493406342 6.465525782838734 61781.740843864995
80982.32494276886 6.172694097678974 90667.61936621058
81215.92495702667 8.325240665953189 48240.973576610144
81259.94495971344 7.858558858933307 60558.24375795258
81321.70496348297 9.037208078316361 117932.57350235715
81396.54496805085 6.191482604819009 33491.20218926609
81461.15497199433 8.117430307420324 63799.13534085609
81472.01497265717 7.669839563074377 44418.752774091
81501.58497446198 8.759796677119517 176410.6164378518
81546.48497720245 7.7481688415936425 60453.62424917714
81595.10498016998 6.4978382696158965 41367.895751571115
81630.4749823288 6.693982779726473 49818.68716891343
81678.98498528961 6.372751076249557 156743.4940911519
81679.92498534698 8.095344406606122 154455.792472919
81752.7749897934 8.789717159183512 159200.5789499157
81776.7349912558 6.782829348460321 99872.8055612744
81816.32499367218 7.9522295092987765 43544.2032578385
82109.69501157806 7.444806980199419 253606.83548101064
82110.28501161408 6.767293197929051 238267.86569092973
82111.15501166717 7.784108659563054 166111.5583859497
82173.46501547028 6.0072229612735395 52670.269326664435
82229.31501887909 6.06208496380767 57476.464070003814
82348.425026149 8.894625040900431 197645.44426295065
82349.16502619415 6.020730933100492 155205.1355096871
82516.96503643585 7.347840787431012 154297.68156536546
82909.20506037629 6.757179667622909 61358.958877055426
83054.03506921601 6.023867003585438 82064.26784630395
84073.88513146271 6.8525507100182566 119351.43337968845
85116.78519511629 7.884434227273308 141495.50076205324
85240.22520265046 6.236890600202912 130185.13149311118
85416.99521343964 6.814086082794426 183847.32805946158
