2403.9001 11.2857 3.2886e+04
7529.8505 11.6684 1.4019e+05
13369.1308 10.0257 5.5044e+04
14710.4509 10.3581 1.8222e+04
19020.0712 13.8310 2.1017e+05
20655.8213 12.5091 2.2074e+05
23167.3914 10.0595 3.3698e+04
24761.3915 10.1601 3.2008e+05
24814.0815 12.0128 3.8263e+05
24896.8515 10.4375 3.1467e+05
24952.3715 10.3325 7.1964e+05
25033.4815 12.1065 1.0270e+06
25074.2115 10.7400 7.4608e+05
25140.5315 11.0417 2.7005e+05
25172.4715 10.4502 3.0617e+05
25210.4315 10.3004 3.4837e+05
25360.9915 13.1496 4.3086e+05
25377.8115 14.7369 6.5944e+05
25465.6216 10.0309 4.3944e+05
25515.7716 10.2763 2.7303e+05
25538.9116 14.7222 3.9845e+05
25557.6616 11.1773 1.7647e+06
25558.6816 14.2280 1.6194e+06
25609.6516 10.2539 5.6838e+05
25618.9716 11.6115 6.1019e+05
25706.6716 10.0841 4.7810e+05
25712.4316 11.2030 4.0600e+05
25760.6116 14.3310 5.8109e+05
25832.0316 12.4466 2.1700e+05
25900.8516 10.2533 1.5782e+05
25919.0416 17.9331 1.0439e+05
25938.7216 17.2273 2.1814e+05
26033.7416 13.2191 1.8750e+05
26097.9416 10.8108 1.3449e+05
26114.6816 12.7154 9.4639e+04
26136.8416 17.7989 2.4065e+05
26167.2616 11.3124 6.9882e+05
26454.4216 11.3791 1.9303e+05
26481.3516 10.9983 8.0461e+04
26640.0416 10.0885 1.8428e+05
26858.9916 10.2792 2.8879e+05
28292.8317 10.9784 1.2897e+06
28810.9918 15.3420 9.3514e+05
28846.1018 10.7339 3.4985e+05
28879.1118 11.5455 4.4671e+05
29019.8018 11.1696 5.7966e+05
29359.7418 13.9434 2.6165e+05
29395.1818 15.1636 3.8193e+05
29472.5718 12.8923 5.5662e+05
29718.2018 10.9527 3.2343e+05
29868.8318 10.7413 3.3767e+05
29874.9318 10.7656 2.9259e+05
29882.8618 11.0867 5.1175e+05
29889.3318 10.1789 7.9363e+05
30191.8218 10.0213 8.9780e+05
30212.7318 10.9357 1.3540e+06
30215.2218 12.0124 1.2413e+06
30286.1918 14.0244 1.2630e+06
30303.8218 13.5638 9.1480e+05
30346.7619 11.2488 9.9264e+05
30366.0419 10.7991 4.7011e+05
30610.2619 10.0947 1.4072e+05
32140.6420 16.6526 1.1467e+06
32161.0320 11.3107 4.3313e+05
32184.4820 13.2149 8.5140e+05
32189.3020 10.3111 9.1530e+05
32565.5120 10.6319 6.5144e+05
32632.4920 11.0348 4.8582e+05
32721.8420 10.2354 1.0233e+06
32726.9720 16.0049 1.0233e+06
32735.4520 10.3671 7.9696e+05
32914.9620 14.3779 4.7926e+05
32962.9020 10.1158 5.9645e+05
33056.2620 15.7859 3.6866e+05
33119.7120 11.3880 3.3722e+05
33234.8020 10.4808 3.7058e+05
33276.7820 12.0818 3.9198e+05
33313.7820 10.9935 1.0504e+06
33739.8521 16.6379 2.2296e+05
33755.6421 16.3670 1.7035e+05
33761.0221 10.6135 3.0435e+05
33929.9421 13.3323 5.5210e+04
33938.6421 11.2486 6.5810e+04
33939.2721 11.5213 4.3584e+04
34361.7521 16.2091 6.1189e+04
35076.3721 12.1643 6.0687e+06
35361.2522 15.5366 2.1268e+05
35410.9422 10.2715 3.5255e+05
35480.5322 10.7690 6.4510e+05
35541.5122 11.9024 3.9407e+05
35648.2722 10.9552 2.5052e+05
35658.9522 18.2399 1.5078e+05
35668.9622 12.0544 2.0939e+05
35678.9022 10.8955 1.5988e+05
35682.2122 10.7829 1.5630e+05
35693.8522 12.4145 9.2756e+04
35698.2422 10.4824 2.4431e+05
35702.9922 14.2822 3.6193e+05
35744.1322 16.6493 1.0214e+05
35816.8522 10.4141 1.4240e+05
35926.0722 10.8769 1.1129e+05
35959.0022 11.1317 6.7295e+04
35964.3422 11.0157 6.5524e+04
35979.7022 11.9785 2.9412e+05
36046.8522 13.6332 2.2211e+05
36053.0622 11.6502 1.2469e+05
36108.7022 11.2842 1.0961e+05
36112.5822 12.7938 1.6255e+05
36147.4922 14.6710 2.1162e+05
36169.3122 17.2492 2.7647e+05
36183.1722 11.3724 3.8833e+05
36384.7622 10.0282 6.1929e+05
36387.6722 10.7323 5.9692e+05
36403.2322 10.9896 2.2685e+05
36469.4522 11.3680 4.9813e+05
36501.5822 12.8112 5.0784e+05
36679.6622 10.0682 7.4082e+05
36773.7322 14.6794 5.2382e+05
36813.0022 11.9463 4.6135e+05
36837.6422 11.0842 4.4762e+05
36973.9923 11.1688 1.3069e+06
36977.4923 10.0060 7.9993e+05
37032.3223 13.1208 2.1564e+06
39478.2624 12.8701 3.6077e+04
41021.4125 14.4686 4.7924e+05
41035.5725 12.3011 6.5352e+05
41305.1025 23.6430 5.9547e+06
41313.0525 11.6521 1.0581e+07
41315.8525 17.4179 8.3901e+06
41437.0325 15.1769 5.3323e+06
41438.0525 22.0846 5.3323e+06
41475.2525 24.1392 4.8708e+06
41542.5325 13.0346 8.2126e+05
41618.3125 11.5818 3.9278e+05
42119.4326 15.4340 2.7330e+05
42282.2526 11.9311 1.8507e+05
42327.3826 11.8814 4.5794e+05
42473.8526 11.5359 5.9634e+05
42781.8726 10.3717 5.0408e+05
43037.9626 14.0074 1.0229e+06
43080.5126 12.2602 2.7492e+05
43173.7526 15.2836 1.4683e+06
43199.7526 12.6098 1.6466e+06
43224.5326 16.3717 2.6208e+06
43252.7026 16.8087 2.9249e+06
43307.2126 10.1331 4.4788e+05
43516.3827 15.4086 1.2263e+05
43918.9427 10.3878 1.1336e+05
43926.2727 14.2367 3.8542e+05
44239.2027 14.9489 3.9964e+05
44308.8127 11.2456 6.8427e+04
44318.8027 11.0232 1.9423e+05
44327.1827 10.5296 4.7212e+05
44727.0627 10.7976 6.1974e+05
44730.8827 10.9722 6.1974e+05
44770.7827 10.4056 8.3884e+05
44786.9027 12.8049 6.7074e+05
44822.1627 10.0870 9.9100e+05
44875.3427 11.5404 5.1393e+05
44885.2727 11.4746 8.7112e+05
44917.3227 16.2984 6.8528e+05
44959.9027 13.8245 7.7969e+05
44993.8027 11.4904 5.6667e+05
44998.6627 10.9969 7.6071e+05
45001.6027 11.0394 7.2269e+05
45044.1227 10.0777 5.8019e+05
45056.8328 13.2781 3.6267e+05
45058.5528 12.0885 3.4428e+05
45066.6028 11.5682 3.6790e+05
45128.1128 11.0862 1.1757e+06
45176.6128 15.8139 2.0425e+06
45382.0128 11.5958 3.3032e+05
45435.0528 10.0784 4.2968e+05
45564.6328 11.1967 4.1507e+05
45597.6528 13.1167 2.0926e+05
45723.6928 12.5386 1.8206e+05
45772.7928 11.2222 1.0964e+05
45774.6628 11.4924 8.6339e+04
45783.2428 12.7092 2.1406e+05
45812.6228 10.4394 3.8569e+05
45820.6328 10.2541 3.8998e+05
45854.7228 11.3727 2.1619e+05
45859.6628 11.2333 2.5858e+05
45898.4728 13.8339 3.2884e+05
45913.3628 14.2634 3.4565e+05
45916.1328 11.1502 3.0412e+05
45943.2228 12.5050 1.3805e+05
45982.8728 12.8414 1.6338e+05
45993.6928 15.6704 4.8412e+05
46062.3128 19.4162 3.7321e+05
46079.0428 13.3588 6.1036e+05
46146.9228 13.6125 3.4982e+04
46155.5028 13.8828 1.4737e+05
46241.4528 13.8233 4.7556e+05
46320.5028 18.6650 1.1929e+06
46368.7728 10.2251 3.0310e+05
46406.8128 10.6884 3.8541e+05
46453.3528 11.8851 3.1468e+05
46560.4628 12.0047 1.7738e+05
46597.1428 12.6030 1.2832e+05
46692.8128 11.0603 2.5726e+05
46738.2529 13.2541 6.3003e+05
46773.1829 10.6689 5.1524e+05
46811.9629 15.7312 6.4614e+05
46851.4329 10.9824 4.4099e+05
46873.5929 19.9458 6.2686e+05
47085.1329 14.3288 5.0786e+05
47131.6729 10.1284 5.4874e+05
47156.7529 12.6104 3.8142e+05
47173.7329 12.6770 3.2302e+05
47440.5129 10.1330 1.9191e+05
47636.4929 11.2612 8.6838e+04
47640.8029 10.3297 4.6225e+04
47938.8529 10.3192 8.2904e+04
51312.1131 13.8154 7.4699e+04
52006.6032 10.3888 6.7868e+04
52953.3632 10.4554 6.1464e+04
54381.6733 10.0613 1.1703e+04
54487.9233 10.3227 1.4996e+04
58864.0636 14.2931 1.6566e+04
59859.7137 17.2087 1.4143e+05
59887.7637 10.2121 2.9086e+04
60305.9137 10.4021 6.5825e+06
60306.2537 19.4941 6.5825e+06
60306.8637 26.7300 6.5825e+06
60539.2637 10.1974 3.6274e+04
64329.0539 17.0813 1.8018e+04
65275.6640 14.3225 2.9154e+05
65276.8840 22.8217 2.6694e+05
66016.6140 10.4990 2.1210e+04
67176.2841 11.2896 2.7004e+04
67510.2641 11.1764 2.9119e+04
67691.1341 10.2831 8.7222e+03
69498.3842 12.5090 1.6506e+04
71755.5044 11.4927 2.5217e+04
72022.0344 13.8518 1.4837e+04
74278.7845 10.9755 4.8282e+04
74375.3945 13.5880 3.7856e+04
74442.7145 10.9956 4.2460e+04
77363.4547 13.4324 3.3472e+04
77368.4247 13.9124 1.6793e+04
77373.9647 16.1764 3.3289e+04
77404.7647 10.1902 1.2014e+04
79229.7848 10.4571 8.0174e+03
80595.6649 11.8632 9.4709e+03
80988.2249 11.5321 8.1352e+04
80990.1449 14.7360 8.1352e+04
81503.7250 17.2470 3.4996e+04
