552.190033703005 6.191729393616176 17254.67020638894
1474.7800900134332 6.988175116262778 2343219.620075481
1788.0401091333074 6.127995932953523 314918.3619280387
2280.72013920411 6.6446720754574 25777.70058889324
2299.300140338143 6.144387557873866 21616.591742771485
2522.720153974619 7.205029261196988 50420.59508032017
5250.180320445576 6.281925403938876 56850.84396535609
6406.700391033959 10.45150092342321 378068.3747504967
7182.660438394802 6.503767980148978 304368.2461318274
8943.330545857578 6.8108821296936535 166934.5066913082
9237.300563800083 6.982055717243289 163249.2928336676
9301.230567702061 7.597640025760123 239431.88389766443
10573.410645349772 6.65168560446265 529482.2706783767
10582.960645932657 7.10869384216378 1434101.0879439786
13869.430846522879 6.801367171287828 1295228.4539729313
13874.62084683965 6.364862294274195 4279699.370333969
15123.800923083552 6.6107159117969685 728167.3504739079
15694.840957937071 7.184619095334747 1203312.6965407706
16120.640983925841 7.318762179498104 180706.66755498966
16200.880988823303 6.682666097149716 40997.194878399445
17209.6110503913 6.473491129845823 196964.9908003015
18338.041119265206 6.5765459973146925 1224267.2837904042
23484.771433396694 6.376785985316163 532630.1105433208
24270.391481347135 8.880632286294379 3191402.5067963186
24271.781481431975 6.59696531066217 3029750.840269954
26937.111644110817 7.656024110855967 135192.1663163482
27516.75167948924 6.095641880319122 263065.65119121183
28291.681726787214 11.573283298159962 1432485.2766454471
29022.331771382553 6.029934628594615 659807.3552080791
29248.94178521373 6.910818920986262 224438.29265930963
29505.921800898548 6.244171906522432 237286.59499601292
29534.22180262584 6.78693244364664 187089.59791090828
30077.63183579296 6.645793154721225 2027486.8338981734
32812.48200271497 7.4239506996986995 621320.1426320166
35143.42214498426 6.482157197167645 27209.344492173932
35280.70215336317 9.79541819235566 49342.33590704149
35395.66216037977 7.40247607963153 73270.92196578388
35662.022176637096 9.166017317566375 233523.6729912258
35781.652183938735 6.464475039066852 33134.64572312241
35793.912184687026 6.499671733256004 36968.55702183116
35801.602185156386 10.21476807286568 317411.94064490683
37009.7422588954 9.10793064958221 758300.1511208465
37658.77229850905 6.372950060042374 21257.263425276513
38302.24233778335 8.476816776502135 51754.48421101139
39173.322390949856 6.411066529710056 199135.72276602365
41694.29254481766 6.346389998568507 1314903.8246121216
44458.09271350664 7.995230371091582 1299981.061077648
45128.35275441606 12.201885929393715 1105172.6412769365
45141.792755236376 6.520393225451569 1244773.8627834574
45890.31280092241 6.390013199761717 13664.510480576351
47522.862900565364 6.354082883304831 560553.5683847137
48989.17299006183 6.954654940987 410283.8013691242
53632.22327345113 7.390507134139051 1939673.8526287552
54615.193333446856 6.614505126717579 10651.562577402885
57247.21349409262 9.205378128985702 3851303.149921926
58184.32355128928 8.653702561394537 18517.175598416772
64331.8939265072 7.366043375886105 7560.616081545748
67176.35410011926 6.948483318028314 9565.975335751235
68817.78420030422 10.135822280258017 9759.459281543264
69223.67422507778 7.378512946853549 4964.628741962045
69498.68424186305 7.346390882720432 5274.0640092157455
71217.58434677639 7.454368394975209 8132.613380965209
74067.04452069364 6.972210436847327 5290.237741310841
74072.44452102322 9.920337148237305 14311.097947534601
74187.83452806607 6.952951502789057 29461.434891491324
74189.38452816068 10.739281556474594 29461.434891491324
74277.78453355619 8.375690002649032 53072.770614913024
74279.36453365262 10.918108136076862 53072.770614913024
74306.3845353018 9.720390131159675 8182.32558895258
74333.46453695462 9.79226383681661 7315.7314473454335
74375.78453953764 10.294670743162845 12824.169188802785
74402.85454118985 7.160789257649133 6123.403447297513
74441.47454354702 7.656464544615209 48206.18856517784
74443.04454364286 10.815100224482075 48206.18856517784
74515.00454803495 7.4563116586683815 4628.2483040112
74728.23456104947 8.942517124059647 6153.1411062743055
74749.33456233732 6.304334782459229 3226.407495016254
76020.40463991728 7.28978133764471 155512.44905548246
76026.07464026334 7.607915076520076 274570.9642199117
77226.95471355924 6.470237263641954 2325.7346806467326
77909.114755195 8.446051396176575 5875.509817999768
78177.8647715982 8.112979887991994 4174.089460506409
78637.3147996408 9.103616274749346 7728.59652374758
80988.454943143 9.02766820934246 43574.80111966425
80990.43494326386 8.801925940948284 39181.81081977988
82355.88502660432 6.548243040445556 18167.556015421924
83505.11509674774 6.330823726271251 6065.437495502123
