244.81001494201752 6.24287146498542 11518.822018091389
752.4700459271269 6.56553216495127 16144.837853542718
756.8100461920194 6.492273278197763 12177.041843054765
784.0600478552275 9.947268074158101 33755.80171462053
1551.280094682623 6.186613618938393 32959.90104120582
1684.0001027832093 6.885445957568138 17031.597022222995
1716.0201047375551 10.151856056625212 77301.84743877006
1902.360116110847 6.638509786278932 39529.45709361439
1952.4301191668774 6.152588183475554 31472.252634772467
2216.5901352899255 6.945020623594092 40380.81357462091
2233.4301363177574 7.344240209833239 40398.28911340437
2337.3801426623622 6.959992958439685 32408.624795844233
2440.2701489422698 6.493024157450703 23653.033086110714
2733.990166869517 7.483196545693157 20753.20242142748
5968.580364293235 7.2983028309842926 14571.844074308274
6964.46042507693 6.244203846862694 15949.265893543037
7634.480465971708 7.339434422707604 62189.02185517199
7898.670482096587 6.215035889399724 20054.617011875685
8850.900540216098 6.480640147051659 135307.49839827724
8851.750540267978 9.546515426333087 135307.49839827724
8863.910541010166 9.57432251292103 86652.20932313231
8873.020541566195 8.981824205389636 62962.456882274564
13024.670794962816 6.036129977031951 89777.40622659116
13232.39080764104 6.397470257695389 129949.1112526561
14185.900865838676 7.515058125943932 206502.31284019316
14287.770872056328 7.389606749911326 383978.16830271384
14529.90088683477 7.676281400978597 325638.1316628403
14689.350896566828 8.763947317677765 505762.1082117385
15271.390932091732 9.066998222765699 252210.82813067283
15331.760935776425 8.524611688385658 253332.9590952611
15341.970936399593 11.0867180926887 1252452.1277602925
16238.95099114691 7.398301234623952 69334.12490552303
17023.741039046694 8.203765232778554 31412.526194061335
18026.211100232613 7.027392918177956 18887.719180447097
18096.661104532537 7.489335137641441 29727.340984077622
18232.281112810128 8.764383143135113 59040.94348419327
18370.32112123542 7.0417600984026985 34342.949786937155
19258.77117546211 6.88990640266037 43985.558359029215
19281.481176848218 6.876841445462176 63901.8884504899
21063.241285598222 8.732427711034902 52258.97506847768
21103.751288070758 9.562981229741887 72978.59304795809
21314.56130093758 8.984844067652809 579336.1057580943
21654.47132168404 6.61648133036603 137686.50314887587
21680.441323269122 7.551994220224951 128456.36499314813
21686.681323649984 6.016876488453964 74943.3104027636
21810.27133119332 6.807853360407382 258023.2274918452
21811.091331243366 10.291888218973776 258023.2274918452
21845.681333354572 9.529317717980481 211639.43171893706
24828.591515416963 7.998283569898237 63048.1535576225
24915.05152069406 9.986490107850331 142161.09716878034
24949.541522799165 7.050649337388236 61777.755565088664
25097.82153184946 6.563360882176607 42606.24034713698
26340.761607712502 9.497175235672053 91761.54785948327
26377.631609962868 6.505251640533551 22215.430029128
26491.991616942847 6.264981093170721 27218.101078402386
26531.941619381203 8.932269876663945 59354.229448106664
26538.521619782812 8.407562733892574 134882.20127509732
26560.10162109995 9.17951646332682 76199.0446477751
26569.461621671242 10.676188608500455 170426.93370186095
26586.111622687476 9.349049231682368 105445.5738603884
26900.151641854958 6.696467380136665 76232.31317761223
28088.971714414776 8.248942967933834 140500.4336820677
28098.77171501292 9.553133296016682 207810.25364988434
28292.531726839094 10.931390816590941 492603.8978278915
28957.161767404894 7.042151523584339 107084.41448413495
29670.041810915638 6.549247061373962 160892.7713430283
30808.33188039135 7.728547892003655 369779.48286968266
30828.81188164135 6.142842352168749 145711.14624595505
30998.86189202038 7.830200598935046 168834.5755559304
31102.631898353997 6.136794636384164 128668.48133356302
31145.551900973627 8.631610639143002 317378.2577026018
31223.961905759395 9.424989089774341 449991.06465742155
31352.861913626824 7.432184344974717 270838.1713180422
31431.80191844494 6.416062940659246 66854.06694735856
32097.831959096187 8.20798888424291 191795.8003890901
32127.52196090832 7.7725453643531806 339384.04647823196
32140.961961728637 7.513625980166488 233123.72453553134
32160.851962942626 7.945719664518809 428180.7078412378
32296.291971209226 7.602962964294354 383990.09242204885
33731.74205882215 8.857571032517251 250303.17521246278
33734.27205897657 6.072648431609638 187681.43882992546
33969.01207330396 10.083675021041591 972858.7659140424
33971.65207346509 6.8519048572556 827509.1390601852
34498.64210563001 6.125096663268693 666423.7879092967
34525.80210728772 7.02642001445571 1950218.8292436253
34715.18211884656 8.647209888738713 345485.4337839007
34744.48212063489 8.762964078799268 212039.01784500087
34770.612122229744 8.182160865803253 197968.77107171746
34826.642125649545 6.157380287726785 107679.37962493213
34904.84213042249 9.008874551375099 291509.0189805779
35198.59214835157 8.061237860685205 681960.5786934345
35283.06215350721 10.337006452598143 772122.1761670295
35299.62215451795 9.836826742143975 531887.8175519722
35664.932176814706 7.001722768680121 133249.37693785012
35688.06217822645 7.688432683720053 276961.49063599826
35741.892181511976 7.694968962289198 430300.5206803153
36729.852241812274 7.48507488616604 347639.59948299587
36791.76224559096 7.194620470751678 166556.2335160458
36831.13224799391 6.606624320195064 737081.5841046168
36862.47224990675 6.402644612102434 345246.18955257564
36913.332253011 7.697474761040022 425748.67408837256
36955.2522555696 7.733994157100749 418358.1044165401
36959.37225582106 6.5311934370919875 391128.07770003245
36999.80225828871 7.032810984922524 231796.40137603617
37343.37227925856 6.863696592108307 272789.282145488
37405.4322830464 7.5613287834970215 321175.23652694
37442.72228532241 7.30627424620482 301749.42175236583
37446.22228553603 7.923825795064712 504547.60623774637
38432.17234571365 9.68920042167691 598594.4008861217
38494.65234952712 8.61666355612751 421428.30744817137
38543.962352536764 10.544221874008333 1242886.1377645982
38689.21236140212 7.200765138317809 208113.23871605322
38694.452361721946 9.872874135122421 841415.9629839581
38876.04237280532 8.659405053541127 324431.50683541567
39224.02239404433 6.109099998889165 554526.3484689
39345.55240146194 7.759797075511125 450416.10023500305
39406.842405202784 8.056813420870244 746827.7318449577
39505.83241124466 7.962861237443233 487835.228520569
39537.4624131752 6.856863178449219 295733.58143843635
39667.42242110732 7.56241072132882 117121.89916214299
39724.35242458206 9.144171445799698 224458.24278890406
39765.55242709671 8.227183292029173 166553.5675378666
39786.74242839004 6.077822249997759 172859.55016093637
39787.802428454735 6.024014763147565 124881.6843514366
39809.86242980117 7.006631512642188 92596.51693794921
40680.88248296402 8.734150947050338 782865.9270127262
40767.97248827957 8.476909914470003 828817.4702007672
40809.20249079605 7.807395360099277 388742.3319655928
41324.81252226639 9.41489750399444 439962.6112123737
41328.702522503816 6.417324168940499 441623.67331023683
41833.22255329727 7.5870702322186 331443.3104476374
41974.33256190995 7.941219841234311 455485.489452936
41981.55256235062 7.572774395406578 431145.2152301124
42398.41258779374 6.226042435732995 147460.6446362864
42759.572609837196 6.5313194911870465 122506.17967516715
43325.75264439408 6.0253792429374275 326621.8707936081
43455.622652320715 9.844120614149732 534897.6257464793
44353.1527071016 6.697758893202206 458261.2160224361
45000.75274662797 6.620859986152634 39053.409196895824
45127.21275434648 11.886734723497566 1242019.0744266524
45638.712785565964 6.804396108874533 406014.6147586301
45775.09279388994 7.508910993803511 42230.618455942655
46221.66282114641 10.428168531635873 233505.46822492543
46441.41283455889 6.070798746934539 19050.64253062469
46451.652835183886 7.3899357503734295 32135.801040260234
47905.77292393633 11.148506905607844 389691.7372498949
48267.96294604266 8.249220050883874 311729.6524412539
48341.42295052631 6.561259574292063 166349.48131083784
50840.46310305561 6.227584365274571 145109.59157310677
50853.8831038747 7.87934012804704 224488.9830841822
50864.27310450886 9.769877590633394 684938.8603043243
53076.08323950703 7.079003001922142 44801.03985835841
53615.673272440996 7.948841069016624 244463.32641449088
54366.053318240556 9.5960161977756 457390.18575433805
54372.87331865682 8.581840272623102 472523.9918079093
54388.333319600424 8.522204749120268 1091742.3679067688
55610.313394184166 9.979170105585538 134236.3781480931
55782.50340469381 8.367620675854521 113879.58430680027
56032.00341992208 9.036211477363523 38009.304478801045
57230.95349310019 7.152639890631936 273109.8908903551
57253.00349444601 8.747693518404917 322856.4567177506
57257.94349474753 6.24636605251377 195639.20478492233
57265.69349522055 6.333752643126981 230610.11006098834
57303.723497541716 7.338970939432351 241511.16982452176
57320.37349855795 7.315618221495292 266775.5193354824
57337.68349961447 7.820972811200733 432838.6277405704
57389.91350280234 6.670614570779837 147916.78490656422
57422.233504774995 7.670862136199411 119123.56181748309
57826.983529478974 7.4667804489670395 121789.6183676377
57847.333530721044 9.390548228169676 236299.540062446
58022.923541438206 9.760002409965365 515937.3429088721
58092.91354571006 9.166791148072557 588750.6353691207
58113.51354696738 6.182983514534675 149966.37713439824
58297.71355821005 7.868328762076653 183026.84127779215
58309.77355894614 6.118574559568274 90132.42610217254
59194.54361294822 7.476939819816989 35782.15700725646
59283.233618361424 6.399153480928097 23301.831725093754
59596.60363748801 6.246021677154953 87601.63396053335
59821.74365122947 8.770954220866816 165792.46873983418
60644.423701441876 9.063253984585348 42860.199581747795
60928.71371879356 6.265226934987189 41128.28176180454
61521.453754971546 8.054473388474612 81164.18325977057
62448.2238115371 6.589684344110835 17571.943731484338
67653.15412922083 8.471681692773572 29398.200638577986
67766.78413615626 7.21806812287579 44627.640031643765
68139.7141589181 9.270308917628162 40277.026749080374
69157.61422104579 8.490523042134754 48412.01729032868
69294.77422941737 6.964744869470457 51130.90875117624
69312.13423047695 6.872151045898153 45541.759421812196
69418.09423694423 8.537605419435362 205779.45514533028
70530.39430483364 6.9821476678326375 77851.63556591567
74345.38453768216 6.218800638187097 16950.345236165904
78988.9548211032 6.08053894653506 12180.74379460105
80988.42494314117 7.214533068107961 61125.36647689211
80990.69494327973 6.389331109132612 61125.36647689211
83737.93511095796 7.000450686906898 134800.73990039396
84035.09512909516 6.081235336445939 19686.85165298992
84658.38516713776 6.537558600572436 26296.748844128244
85214.2752010666 7.8700292223059245 35714.6539637856
85225.79520176972 8.90842329883345 79434.10257609481
85261.25520393404 10.761966788140866 73433.35628002453
85356.53520974946 7.460985689985517 33331.263324910404
85699.07523065645 8.984849896198746 46312.40093856405
85722.9852321158 6.430286164167628 29997.93345991575
85742.39523330049 6.662086898596475 29207.65954322295
85827.6052385013 6.194691345804174 23867.72576833502
86329.93526916108 6.862159728203831 50833.55550005928
