237.6600 13.9168 7.3732e+03
730.9100 16.4601 3.4760e+04
764.7300 10.1718 2.5971e+04
789.5000 12.9684 1.7628e+04
800.1900 21.3520 4.6017e+04
841.9901 10.2615 1.8199e+04
854.0301 13.8680 2.6160e+04
874.9701 19.6552 4.6307e+04
917.5301 15.1597 2.1293e+04
1187.5501 10.0614 9.7796e+03
1191.8901 12.2312 1.3643e+04
1213.8201 15.9671 1.6733e+04
1598.2001 13.1849 1.7009e+04
1634.8901 13.8077 2.7877e+04
1644.6801 13.4431 1.0366e+04
1659.4301 12.6194 2.9605e+04
1660.5301 10.0081 2.4244e+04
1670.2501 20.0221 4.1486e+04
1674.2101 10.6167 4.2984e+04
1677.5501 14.1208 2.9622e+04
1754.1101 10.1438 6.4805e+03
1771.0201 15.2818 1.7660e+04
1790.7301 16.0568 1.6342e+04
1812.0101 12.5585 2.7310e+04
1825.1901 16.1743 2.6634e+04
2144.2401 15.1333 9.2171e+03
2156.7301 16.2949 1.8624e+04
3098.1602 11.3588 2.3856e+04
3320.1602 14.0222 1.1799e+04
3462.2902 10.3268 1.0156e+04
3595.3202 10.2256 7.5505e+03
3676.9902 13.4576 4.7131e+04
6178.1304 10.4145 2.2551e+04
6198.9304 21.4706 7.4786e+04
7000.7404 13.3534 2.5112e+04
7071.3404 10.2088 8.7888e+03
7087.7104 10.2459 9.8721e+03
7160.1404 10.4032 1.1215e+04
7207.4204 11.1417 4.4659e+04
7234.8604 11.3497 1.8173e+04
7289.0604 10.2155 2.0986e+04
8381.5605 10.9093 1.7171e+04
9432.7006 12.0866 3.3531e+04
9447.4906 10.7072 3.6501e+04
9449.7006 10.1012 2.7364e+04
9468.7406 13.3370 3.9411e+04
10307.9706 11.8918 3.7629e+04
10310.0106 10.2585 3.6958e+04
12354.1808 13.3344 5.6402e+04
12379.4708 14.7437 6.3117e+04
12384.5408 12.3141 1.9054e+04
12389.6708 18.5134 3.5675e+04
12406.4008 12.5526 6.1032e+04
13801.4908 15.0172 6.9778e+04
17468.9711 11.6193 2.1448e+04
18112.4511 10.7385 3.1754e+04
18366.0611 11.9516 5.4528e+04
18438.0511 11.2937 2.7178e+04
18461.6911 11.2721 1.8340e+04
18600.4911 10.5991 3.1078e+04
20191.6512 11.1339 1.5754e+04
20241.3012 17.8365 6.0901e+04
20906.7513 12.9735 5.1745e+04
20925.2913 10.6882 8.0212e+04
20937.7313 10.0372 3.8038e+04
20999.5413 10.7321 3.9480e+04
21043.2313 13.9511 4.2217e+04
22232.9114 11.6145 2.4174e+04
22418.5114 17.1537 3.1979e+04
22617.4014 10.2503 1.4225e+04
22641.3514 11.6641 1.6446e+04
23159.6014 12.8305 1.3508e+04
23747.7214 11.2045 1.9081e+04
24409.3715 12.1477 1.3915e+05
24436.6115 11.7832 6.2238e+04
24670.1915 10.4182 1.3195e+05
24723.5215 15.5945 7.2861e+04
24747.1415 10.6922 9.1465e+04
24780.5915 10.6643 1.0189e+05
25094.4315 10.4848 3.0040e+04
25175.5215 10.8985 7.9269e+04
26016.4316 12.2033 2.0472e+04
26905.4216 11.1366 3.6052e+04
28292.0517 26.5043 6.5013e+05
28916.0518 10.3626 1.0292e+05
30139.3218 12.2102 8.3598e+04
32445.3120 11.4250 5.4591e+05
33187.1520 11.3816 4.1747e+05
34046.1521 10.9856 3.4313e+04
34057.6521 13.1167 4.2979e+04
34680.5521 16.2594 4.7898e+04
34794.6221 16.5547 6.5541e+04
34796.8021 10.8287 6.5541e+04
34809.9921 11.1267 3.1609e+04
34839.7721 10.3115 5.1550e+04
35372.4522 14.7191 4.6548e+04
35431.8222 18.7292 5.2696e+04
35517.6322 13.1636 3.7646e+04
35700.0422 16.4612 1.0097e+05
35804.9622 10.4839 1.8774e+04
36278.9522 10.2330 2.4226e+04
36453.6622 11.0332 5.1785e+04
36666.5022 14.4534 1.1430e+05
36886.1623 12.8772 3.7789e+04
37621.1223 11.0434 1.8406e+05
37660.5623 10.4611 1.7468e+05
39504.7724 17.8460 9.9167e+04
39633.8824 11.3824 1.4382e+05
39689.9924 10.8485 2.5013e+05
39718.2524 10.8726 1.8836e+05
40004.1424 16.4867 1.1100e+05
41052.2625 12.7046 1.8719e+05
41054.5425 12.8035 8.6829e+04
41219.3925 11.4765 1.0162e+05
41353.2325 12.6527 1.0455e+05
41366.2325 10.0771 1.1238e+05
41446.1325 10.5211 1.0897e+05
41613.4325 12.4351 2.0275e+05
41881.5126 17.5013 2.4745e+05
41951.5626 12.8458 1.4595e+05
41964.0026 11.0393 1.0880e+05
42069.8526 15.3048 2.0890e+05
42076.6626 10.0269 1.9618e+05
42093.0626 10.4232 1.2602e+05
42233.2526 10.0283 8.0136e+04
42275.4426 11.9612 1.1070e+05
42330.1026 17.3143 9.4295e+04
42369.9526 10.0999 8.7780e+04
42417.8726 14.3464 2.6739e+05
42422.0626 10.5353 1.8682e+05
42448.2626 15.6877 1.9278e+05
42539.7426 13.2436 1.4428e+05
42567.6826 12.0578 7.8700e+04
42597.4526 16.2825 8.6818e+04
42614.3926 22.3496 1.2628e+05
42744.5526 14.6902 7.9000e+04
42762.1426 12.1223 1.0678e+05
42841.9026 18.6374 1.8071e+05
43270.1026 12.2631 9.2376e+04
43343.9426 18.6055 1.0948e+05
43377.5826 12.6020 1.3779e+05
43403.8926 17.3463 1.5839e+05
43546.1927 12.8516 2.2275e+05
43732.9927 12.6758 1.3953e+05
43855.9427 15.5064 1.6309e+05
43897.8227 12.9332 1.4848e+05
43932.9927 13.2702 1.1900e+05
43965.6127 11.7488 1.6871e+05
44009.8427 11.8095 1.7171e+05
44091.0827 10.6428 1.5212e+05
44123.2127 14.2811 1.1011e+05
44154.8727 14.4085 8.9939e+04
44320.3127 15.5935 6.6878e+04
44546.7627 19.6181 9.8859e+04
44710.6727 11.4772 1.9836e+04
44743.1927 13.4322 3.1125e+04
44868.2427 10.4658 9.5374e+04
44904.0227 20.8923 9.6222e+04
45018.0027 14.2185 1.4606e+04
45059.8328 12.2581 5.0313e+04
45098.1028 10.2738 1.0253e+04
45127.2328 26.2052 1.5778e+06
45289.2128 12.4411 3.3230e+04
45306.8528 11.4554 2.5286e+04
45584.5428 10.4761 9.4430e+04
45625.3528 10.9823 4.1263e+04
45684.1328 11.9707 1.1940e+04
45689.4928 16.0586 2.8053e+04
45703.7628 13.6065 7.4572e+04
45706.8228 11.6722 6.5344e+04
45714.2928 10.3097 1.4795e+04
45734.9328 10.5871 1.0567e+04
45826.1828 15.5663 4.6039e+04
45862.8828 11.5733 5.0365e+04
45872.4328 12.9714 9.0157e+03
45908.2528 14.7572 8.8314e+04
45914.6128 12.3952 3.4028e+04
45933.5228 10.4667 2.2304e+04
45952.8328 17.5694 5.5987e+04
46003.0028 13.5395 1.0061e+04
46117.6828 10.9624 1.0306e+04
46272.5828 10.4037 1.6629e+04
46297.5828 14.4359 1.0532e+04
46510.8828 12.4169 5.4385e+04
46514.4228 19.1783 1.4170e+04
46843.2929 12.4059 6.7729e+04
46845.0429 12.6157 1.2084e+04
46976.4029 19.4497 4.0652e+04
46984.0229 13.5346 1.3756e+04
47060.1929 15.6116 1.2164e+05
47066.6929 16.0969 4.4269e+04
47168.0029 12.9028 1.1514e+04
47211.4829 15.8853 1.0361e+04
47242.6729 11.2351 2.9670e+04
47357.7129 17.8911 4.5644e+04
47423.4929 15.4741 7.2641e+04
47503.5529 11.0024 8.0899e+03
47512.0029 11.1801 1.4217e+04
47594.7429 21.2896 9.5232e+04
47604.8629 12.9236 1.1095e+04
47612.7829 10.7791 2.1392e+04
47859.0129 11.0551 1.2995e+04
47876.3729 13.4512 1.5172e+04
47916.6929 10.1573 5.6162e+03
48135.0329 11.1742 6.6952e+03
48237.4629 10.8247 5.6000e+03
48294.3229 20.5956 8.0112e+04
48760.1330 11.2253 1.6093e+04
48822.9230 18.6858 3.7295e+04
48953.7430 10.7342 3.0357e+04
49049.6030 17.9487 2.8165e+04
49256.5330 10.4191 1.1017e+04
49273.5230 15.3800 1.0093e+04
49333.8130 13.3545 1.2420e+04
49362.3130 10.1040 1.2552e+04
49402.5930 10.5137 1.4583e+04
49412.9430 10.7297 1.5067e+04
49429.9130 10.2604 1.0879e+04
49576.7230 10.0637 1.5263e+04
50019.5831 14.2241 7.0622e+04
50146.5631 11.7539 1.1699e+04
50162.0331 17.7024 1.6995e+04
50403.8031 13.3755 4.1439e+04
50422.5031 11.7837 1.1369e+04
50598.0931 13.7191 1.0398e+05
50994.4331 19.2974 4.4721e+04
51013.3631 12.5984 1.0628e+04
51160.8031 13.7440 3.6794e+04
51254.9731 13.6597 5.6624e+04
51327.7331 13.1793 1.2705e+04
51586.5831 11.6610 1.6740e+04
51599.5831 13.5011 3.4978e+04
51620.8932 12.5526 2.2204e+04
51797.6432 12.6078 4.9983e+04
51856.8932 19.9025 6.5300e+04
51882.3932 14.3979 4.4746e+04
51894.2132 11.5323 8.8453e+04
52006.8332 10.9258 5.1512e+04
52453.9832 10.9695 1.9650e+04
52667.7232 16.2062 6.6821e+04
52710.9432 12.5302 4.0446e+04
52749.2532 11.8372 2.8708e+04
52805.4832 11.2764 5.7895e+04
52821.9832 11.2654 9.8378e+04
52976.4232 10.7894 1.6139e+04
53044.3532 11.6881 5.3081e+04
53046.6632 10.7228 5.3081e+04
53124.1832 11.6843 1.4281e+04
53147.8832 10.1668 1.3847e+04
53189.0032 11.9026 2.2612e+04
53248.1133 14.3313 9.8744e+03
53458.0633 10.0299 1.6035e+04
53510.0033 10.0200 2.8809e+04
53616.1133 11.7841 3.6277e+04
53756.2833 16.5135 1.0238e+04
54122.9633 15.1954 9.6618e+03
54157.1533 11.8710 1.3768e+04
54394.3133 17.1152 1.4292e+04
54501.6933 10.9992 2.8298e+04
54503.4233 11.1323 2.8298e+04
54613.6033 14.6518 8.5255e+03
54656.1333 17.7268 1.3624e+04
55141.1534 15.0481 8.6708e+03
55359.5134 15.6410 1.2107e+04
55440.4134 18.4828 1.7483e+04
56406.3734 15.0177 1.2803e+04
56682.7935 15.7603 1.1862e+04
56852.5235 10.4257 1.8455e+04
56879.3135 13.4785 1.2142e+04
57336.3835 15.6541 1.2431e+04
57766.3235 10.2219 1.3573e+04
57821.2435 10.2559 1.5120e+05
58013.9135 10.5853 1.5478e+04
58184.0336 23.6048 3.8776e+04
58548.1136 10.3614 5.4400e+03
58843.6636 18.5435 1.6635e+04
59254.1336 13.8619 1.0734e+04
59463.0436 14.7201 7.2472e+03
59698.5336 10.5304 8.3538e+03
59730.3836 17.3644 1.4313e+04
59813.5937 14.9983 1.2403e+04
60011.1637 19.2590 1.8869e+04
60406.6137 11.8187 1.5702e+04
60581.5537 11.1670 1.7184e+04
60615.1137 11.6424 3.1284e+04
60773.4437 11.7519 1.2237e+04
61247.4237 19.6021 1.1077e+04
61443.2138 10.5387 1.2978e+04
61523.5038 10.9896 6.9531e+03
61779.6538 10.4534 5.7553e+03
61867.2538 18.7292 2.4154e+04
61991.0438 10.5682 6.1987e+03
62198.8338 10.0888 5.0440e+03
62361.7438 14.9519 7.0922e+03
62529.3538 17.7031 1.5323e+04
62576.3938 20.3051 3.2210e+04
62658.0838 13.9433 1.4125e+04
63243.4939 14.0618 1.1904e+04
63742.4639 10.3519 9.0749e+03
63874.2739 13.4347 1.4822e+04
64036.3139 10.6520 2.1593e+04
64059.9739 16.3995 3.9909e+06
64061.7839 17.8341 3.9909e+06
64454.9839 21.5219 1.5799e+04
64949.0040 10.7758 2.0490e+04
65758.3540 13.5232 4.0940e+04
65812.2340 11.0909 1.2539e+04
67065.7141 12.9391 9.7689e+03
67176.0541 22.3376 1.9039e+04
67300.0741 10.6195 1.0776e+04
68468.6442 13.6309 9.7690e+03
68572.2142 11.1959 8.6767e+03
68816.5842 11.4463 1.7431e+04
69493.6242 23.1702 1.6503e+04
69770.1043 10.6745 1.1932e+04
70106.2543 10.7792 3.7839e+03
70162.3243 14.8924 1.0434e+04
70195.2443 22.2768 1.8072e+04
70956.4443 14.3910 6.5930e+03
71004.0743 10.2653 6.0038e+03
71014.1643 15.3335 1.0127e+04
71196.6643 15.4013 8.2824e+03
71219.8243 11.8590 1.1853e+04
72275.1444 10.9848 6.2380e+03
72652.8244 10.9543 1.0595e+04
72812.9944 11.9622 1.1351e+04
73006.7845 11.4624 1.9288e+04
73119.7145 11.6054 8.1604e+03
74104.4945 10.9906 4.9951e+04
74188.1845 22.5056 1.4412e+04
74278.1645 24.8515 2.6676e+04
74374.6045 18.0138 6.3511e+03
74441.8545 23.2606 2.3355e+04
74722.3146 11.2801 5.3636e+03
74813.3346 16.9083 1.1466e+04
75784.3546 10.2258 5.1743e+03
76257.5147 10.1611 1.7556e+04
76911.0547 12.1166 7.1534e+03
77284.3247 10.7996 1.8697e+04
77659.0947 20.1791 1.4366e+04
77953.9048 13.5651 5.4220e+03
78061.0248 13.6209 3.5074e+04
78540.3748 10.9422 1.9948e+04
78608.3948 10.3404 2.7846e+04
78848.4748 11.6132 5.4704e+03
79209.9948 10.4502 1.9610e+04
79247.7248 10.2057 3.3004e+04
80034.1649 10.0161 4.2761e+03
80700.6449 11.5447 4.0875e+04
80988.0449 24.1566 6.1398e+04
81221.7550 10.0554 1.1903e+04
81255.5750 11.4590 1.3827e+04
82356.1950 10.3686 2.8721e+04
82890.2851 11.6364 1.7409e+04
83303.5951 14.0355 1.5382e+04
83334.6151 10.0335 1.3325e+04
83365.4051 12.9638 9.3729e+03
83429.8151 12.1421 2.0455e+04
83431.9351 11.3974 2.3990e+04
83503.0851 17.2304 1.0523e+04
84492.1652 10.3025 1.2764e+04
84517.6552 10.8001 2.9128e+04
84570.5852 12.8096 1.0024e+04
84657.0252 11.6914 1.6096e+04
85022.4252 10.6611 7.8764e+03
85134.2152 12.7902 2.0408e+04
85269.4152 10.7878 2.3206e+04
85280.2052 11.3443 2.4084e+04
85290.2952 17.2254 4.1842e+04
85361.3152 10.2566 1.7347e+04
85380.6052 14.2306 3.1561e+04
85407.4452 14.4191 3.3234e+04
85422.1152 10.4758 1.9089e+04
85431.8252 11.3972 1.9612e+04
85572.2752 10.1602 1.2700e+04
85608.3952 12.1546 1.8857e+04
85623.0652 10.7067 2.4060e+04
85632.9252 12.3447 4.2510e+04
85917.9952 12.0321 1.6432e+04
85938.4652 10.7792 1.7871e+04
85970.2052 11.7176 2.6681e+04
86119.4953 10.2160 1.9305e+04
86224.6053 10.7529 1.0161e+04
