59.45000362854026 7.264268007523965 240272.7207759227
141.10000861206106 7.9221374054264695 295608.1429134398
203.1800124011238 9.209659624554828 142740.78570847685
383.55002341003564 7.088796862819332 86817.20314727003
393.42002401245264 7.263522322026645 96253.18621684263
1023.9600624975624 6.954526196494868 118581.40164496998
1184.560072299809 6.307487471268003 64177.57185262934
1333.7700814068653 7.1113361485607705 139086.5697966295
1705.9501041229312 6.120882600087643 150644.8124228863
2111.2001288574297 7.970666432384612 154762.08177131324
2345.2701431439295 6.691583503277468 160349.53157529162
2583.960157712412 6.271661311649292 81843.89872046083
2624.3001601745705 6.049272082421523 68375.77312090923
2796.5101706854352 10.802337352556355 355426.281999482
2805.690171245738 6.536251686956637 75892.45363220817
2868.010175049449 8.569362417370924 126465.80067495254
2901.5201770947374 6.429235491822176 112118.61984319125
2972.530181428844 8.40466035649421 158023.74411287945
2988.2501823883167 6.251698398799962 123956.9340133469
3309.850202017224 6.20027359124028 125313.47559887558
3624.660221231703 6.635137994065853 145218.22146522548
3826.2902335382223 6.963995274082552 785715.9002195994
3844.7302346637107 6.736794289946415 1473866.5347008
3921.8402393701317 6.6723637858779465 389017.0757555434
3931.7902399774316 7.082270594407072 1122816.7128334672
3932.740240035415 6.6734989141697145 1085813.3277558715
4201.93025646547 9.638284986111337 536140.5765788642
4351.980265623795 6.356396419578282 124586.91184716392
4735.77028904848 6.687473868535391 175158.30594591994
4958.980302672137 6.050397826600933 96953.70012959538
5018.290306292133 6.622938557922394 137431.48717246807
5053.310308429584 6.489071073699955 88635.46062104838
5263.160321237812 8.589573652357993 298272.64245197136
5318.580324620381 6.666052787088142 108187.47559546569
5566.090339727193 6.0890285088845735 103205.81503709244
5780.370352805808 6.272659114728829 107738.08317388668
5834.050356082175 8.376805057868545 135676.55469919002
6607.210403272119 8.326345360821618 600398.254389004
6615.130403755517 6.520001324882883 229698.36384139748
6769.400413171412 6.820202520038811 232092.88819532027
7356.66044901492 6.466055891587358 273900.16311873385
7454.120454963407 9.19250651579752 251605.5988035053
8682.810529956698 6.982631573781067 245145.93021261288
8862.440540920443 8.626280140556956 329967.6066338819
8984.070548344149 7.386880403251555 125694.18428666098
9003.080549504428 8.747459408658345 332697.09438969643
9047.870552238193 7.3552670870111845 1469614.9088266238
9331.520569550816 6.769723109487585 204028.06982646222
9466.840577810093 6.893714633012791 172103.63155276416
10200.070622562904 6.627406842927668 254709.37410073378
10401.300634845009 6.273517654792191 139438.87184970375
10794.200658825725 10.199958976922067 520733.4443086598
10812.690659954264 9.194495326721425 552586.8450282266
10840.430661647379 8.60009179882504 643249.2176110367
11081.120676337932 7.355494910813063 135935.64402378578
12465.3207608228 7.0067753428812924 584686.7389243944
12696.780774949999 6.076145927282716 438752.8278176732
12909.600787939502 7.055447864767032 187265.6374337565
13033.960795529834 10.035728334062656 509571.28648673516
13827.060843936819 6.070036847613419 135334.3612113191
14624.200892590387 6.253770533351597 252315.1375228887
14796.430903102471 9.066785221661325 209403.55400874495
14895.300909137019 6.361435909359803 120230.42867984055
14905.070909733331 6.474555262983184 140639.8098379525
14944.550912143 6.02612945995539 132843.2827202575
15163.24092549078 8.855825430772878 281024.39186603465
15246.660930582333 6.044736111233661 154665.54666488973
15346.630936684018 9.259655285203065 153871.8449967757
15362.590937658139 6.825296730169814 214040.6585811431
15442.500942535458 6.231933893063047 117846.31490157028
15642.330954732113 8.757890203738036 230704.0054621335
15720.210959485532 6.411247034453168 165741.6954606932
16526.20100867926 7.220601665894692 89413.87982607231
16550.771010178894 7.848910303090843 163064.1652042313
16553.931010371765 6.104530928197244 165340.0656065406
16717.3210203443 7.006068469389147 170475.1247077052
16904.621031776187 6.0288512228736675 147493.05048166742
17577.94107287238 9.35920513439443 137015.86266200023
18675.861139884102 6.140341020326539 129271.75962907608
18795.651147195505 7.721047541017596 100097.96207226395
18879.511152313913 8.190932183916491 215634.39277928823
18961.40115731208 9.866771580763 454913.19304104854
19186.661171060863 7.090885973217541 370033.0129245641
19216.071172855907 6.320410387538596 2866140.2178396313
19470.18118836555 7.580814582160283 153866.10868454538
20514.8012521241 6.055739191307321 179822.6573742045
20560.811254932327 6.1659376955795215 159907.29529024905
20580.55125613716 6.988567432490663 171886.0478095679
20643.211259961623 7.568956355305861 229394.0577031424
20908.031276124955 7.612128938118586 218674.14734776795
20957.62127915169 6.379233711851543 88434.2772422727
21023.731283186724 9.962155120822882 270457.16163798363
21121.4712891523 7.224295169354133 164449.4281494061
21214.82129484993 6.01273033796486 154528.40539745626
21232.65129593819 7.182670273442462 311339.53598448227
21242.201296521074 6.152061122436179 114352.0006706799
21342.131302620317 8.084274993161955 452821.291618533
21343.231302687458 6.252904036602005 220362.78003336827
21373.67130454537 6.342823412636092 244273.2322178835
21399.071306095662 8.304761790713984 336682.1359756948
21407.481306608966 6.51323411993325 113163.74845774032
21495.78131199837 6.921154727704587 221427.6070102539
21576.27131691109 8.653860756173126 287729.69633388636
21820.32133180672 9.581721812998563 350712.6919519811
22069.291347002647 9.03159122092701 256168.8221789458
22379.311365924765 6.417297499909993 281106.00107989233
22491.281372758873 6.593685596570648 149874.6076825679
22618.041380495688 7.533017653916872 296529.0143642042
22694.671385172813 6.472015293197666 179182.83936519787
22713.54138632455 6.481548982425952 157772.30772315495
22720.72138676278 8.111435803356763 207640.21011336995
22795.161391306236 7.1355696742122205 226192.3775508657
22917.361398764733 7.0729714613898915 204493.74731977435
23419.711429425748 7.326668967725136 158152.91533100448
23997.14146466928 6.199786337487727 94112.36766131021
24119.601472143644 8.14167527756786 324909.5798624558
24568.23149952585 7.082528997502304 496156.8949777652
24569.561499607025 8.311933382218314 197270.94036247177
24843.101516302584 6.457550823713841 58435.70616999051
25667.171566599827 6.30871167708199 427427.2145310555
25724.581570103855 7.0909129584743535 139947.42517037786
25797.011574524633 6.233535779142695 405212.0250272925
25827.93157641184 8.24737479816114 453232.86064586823
25980.70158573618 6.505298140454747 234567.0084113192
26042.65158951731 7.646662000700245 177757.2711107236
26050.471589994602 7.446165622423967 215850.2034059958
26058.111590460914 6.723089459488138 182018.37716076188
26317.211606275123 6.23268763433876 187542.14260619908
26332.82160722788 6.291500287027039 193448.86158294108
26423.321612751562 6.226012088014269 121540.84280581475
26510.981618101905 6.610449400756742 171142.51151531603
26519.30161860972 7.014171724311895 193630.06388684982
26527.0116190803 7.941514093104444 193089.55742995825
26535.181619578958 7.941052066563163 208795.59122169166
26610.04162414805 6.206338271421014 120741.48772071625
26643.761626206153 7.256968082681794 184155.6110216735
26651.231626662087 7.418521093858281 168526.28331544265
26659.131627144263 7.437957051166445 177040.412603898
26665.26162751841 6.441764969465973 130551.27342794123
26672.95162798777 8.442722871632176 178520.387297398
26700.421629664404 8.603784685534235 155981.6921726839
26726.801631274513 9.255693057710031 200201.19140663912
26734.641631753027 8.448789301508562 202959.8533936359
26741.52163217295 7.691368650152693 197716.22565798447
26748.221632581888 6.9857185620666735 163261.76303837597
26756.32163307627 8.003525828581434 146019.24948197027
26791.141635201515 6.195001237713238 99331.34673710266
26851.761638901466 6.344653255644351 82232.74439700172
26868.56163992686 8.88830352618593 177447.74851459515
26875.96164037852 7.74035101653213 155332.62675534707
26883.64164084727 8.351412500081105 169282.8683704788
26891.971641355693 7.127674510297099 150161.38032746993
26899.731641829323 8.50135258984188 184539.00815288452
26948.301644793803 9.133193305509192 198208.04609760453
27007.97164843577 8.3448858893823 189932.54898456173
27015.521648896585 7.095835044110051 139330.66374247966
27150.131657112528 6.67685064896278 84240.30864678821
27346.581669102885 9.212580510518873 522008.8885812263
27896.82170268687 6.766754985175111 75208.83678861245
28159.88171874278 7.725098986862384 132311.8954880657
28292.09172681224 9.962174907987789 2402464.7063277634
28350.521730378525 7.0316688300164145 87583.7294918436
28556.161742929795 9.970332091828224 492384.4580204383
28564.30174342662 7.640508363805939 466040.69522757427
28575.42174410533 6.7384587435492636 362482.45884893986
28985.141769112655 8.32061288589166 99648.83616715687
29025.34177156627 6.047776476424507 99767.60367069114
29515.13180146068 7.915896919595216 169588.62126435657
29536.261802750356 6.025051921384175 154193.07552676034
29719.941813961294 6.8492248553603545 217839.7507168745
29891.851824453846 6.245887761681676 378560.37178402446
31322.791911791497 6.396990591658599 202426.67141131384
31513.291923418696 6.636836236070459 241606.39166059642
32441.44198006848 6.120532832383213 666729.0667491563
32661.57199350415 6.077910004176546 160818.51357791372
32664.481993681762 6.513000111980627 165354.40334421003
32678.0419945094 8.221646314804703 192138.60847655643
32680.86199468152 7.73684178592186 352902.8386249072
32729.79199766797 6.884839929016881 413300.6898048387
33600.75205082715 6.142303188275585 278668.6009591627
33749.672059916506 7.071472905972358 837708.8875555183
34039.05207757886 6.404294847028362 115893.59797755252
34089.4220806532 6.3143313615640135 217088.94360633762
34090.07208069287 6.045677874699253 111695.65501324789
34103.49208151197 6.2302677748261255 230166.41585212888
34171.722085676396 6.5396922550348515 93941.26723742117
34370.61209781568 6.079222807015503 348169.16868093284
34511.07210638868 6.600837687892313 167855.78269305098
34514.712106610845 7.495647535143587 185367.70062081562
34703.842118154425 6.234608704825308 121405.37491218546
34902.7221302931 7.6512162579660155 318899.5925766836
35659.482176482066 6.802849728334471 148962.78940689084
37208.28227101332 6.048582882173687 155697.79844230053
37224.43227199904 6.233685086879261 121354.39022166847
37786.18230628554 8.76831847946691 224577.75842348926
37863.4223109999 11.442266325065749 1066674.9152387225
37877.392311852556 9.755708382056978 546179.7252860948
37883.65231223464 10.19264713527669 618405.7015885052
38265.05233551345 6.1985623596875286 509749.66609773686
38300.97233770583 7.201502531658665 869387.4670303043
39002.602380529934 7.171105409810586 239458.2985817027
39038.5123827217 6.107549597912026 170378.46427554885
39339.39240108596 6.092453502606528 234097.63337050652
39413.82240562881 6.458617294789904 399275.0747365454
39628.29241871902 6.5250667470384425 795045.989986892
39640.23241944778 6.339031168615908 782009.5234850979
39640.99241949416 6.320254565174982 705620.4356562711
39676.65242167068 7.490881490071598 314823.4568235999
39700.172423106225 8.353260610572223 452684.64631069335
39714.692423992456 6.027372239273969 418965.2545168432
39860.48243289077 8.103144129829417 513163.15481075604
40019.09244257156 6.520490827762897 261489.51777060257
41538.68253531998 8.105591610013944 272339.6140777693
41682.56254410172 10.696403171078858 625943.2372430858
42658.652603677525 8.112121720288126 444086.97917297186
43177.97263537431 7.244304153375227 551672.8460861171
43185.042635805825 7.452533608691067 498198.97991350485
43511.91265575639 6.226669957301044 368042.3835143079
44267.99270190385 7.64914327960257 308991.80541265936
44658.44272573503 6.746004721765157 136483.6711723415
45078.66275138323 7.223602836584695 227398.3086284385
45128.392754418506 10.072418474409602 1360068.3846138492
45141.552755221725 7.881090753350647 3929573.149744498
45268.68276298112 7.190180206367838 275178.77305541
45653.78278648577 6.146705094338281 930624.7314796696
45842.46279800188 6.413477355054451 174175.750728731
45923.652802957324 7.205430866870358 134172.5713552186
45963.92280541521 6.607507595751468 522843.36251928663
46042.39281020464 7.631210212387799 308239.33168157504
46084.64281278337 6.067828784008717 105325.85124320335
46452.13283521318 7.241594958032231 473237.9964944898
46486.13283728838 6.614572622398221 140793.6969233096
47105.172875071585 7.414261266304922 538621.6107951478
47362.86289079973 7.970837769149401 248611.5826713349
47629.78290709124 6.137673062266885 170290.64414250434
48558.54296377826 6.970586911775742 1665755.8273207585
48725.79297398639 7.04202719731209 84800.00930931896
49941.83304820758 6.152371463154416 100976.40500579824
49965.9030496767 6.923935542438838 88447.97343539815
50142.11306043171 6.577912370148925 156275.03316631142
50246.123066779975 10.676710858298122 663510.539846711
50273.36306844257 8.383604231007597 117300.5809492521
50313.79307091022 6.0319626714751315 96487.77242417357
50557.17308576496 6.5498197021136795 117394.43930826905
50559.85308592853 6.541300728418347 217459.18013128557
50692.86309404682 6.99804079856931 120360.04946428626
51379.17313593586 6.682064931401355 389927.72697981435
51997.32317366474 6.091467806566241 69995.21094998342
52078.693178631176 6.743788135838859 122899.29828489087
52253.40318929463 6.156257847275886 116706.97974208227
52515.813205310864 6.74062746017015 97874.93654670333
52520.6732056075 6.093497617025112 124333.75239993543
52640.87321294392 6.2665841961125865 368813.50978372735
52792.74322221333 6.027398974129079 71887.95900714138
53027.16323652119 9.664041115231406 1176651.3761957926
53028.523236604204 7.193339725402817 876913.647454217
53208.87324761189 9.496055226128165 213527.57638308217
53271.36325142598 7.6691687603822665 69409.86409104179
53427.593260961505 8.22849082050921 116715.01848262387
53598.34327138326 6.878773017603122 55426.31464366424
53666.02327551412 6.340043645885176 467399.23701580125
53703.533277803544 6.518839642750384 161299.66495518995
53720.923278864946 6.0175239488429835 121826.48152766172
53735.89327977864 6.26653292459088 56480.478037773326
53844.583286412555 6.8738688380240465 77816.04220269858
53936.48329202169 8.107042603859506 69264.03849133693
54047.09329877279 7.194957769052263 78831.01633465239
54075.21330048909 7.622950117564652 35228.44515933336
54125.66330356832 7.808959971315807 43714.74588892582
54536.73332865804 6.171897086987167 75114.15496269442
54693.103338202105 7.463480780232628 64378.02290493427
54812.84334551046 6.002791765670131 122495.81025561971
55002.533357088214 6.508866446930087 113395.57789202685
55143.88336571554 9.339896644503591 341739.07590794953
55210.91336980672 7.060069152327276 312491.5923854697
55291.30337471334 6.18131040096685 84456.768146815
55339.74337766988 7.554562997888668 424405.4282651999
55370.66337955709 6.229430603783621 371197.2041768929
55628.01339526449 7.3061392839550505 57969.981454016124
56192.24342970236 6.387573898566947 86672.18401145519
56295.993436034754 6.743404984631257 209041.29309952402
56487.22344770651 6.399594446945179 134929.98499735698
56878.87347161093 7.45294742504987 53276.418780705695
56978.47347769003 6.218108478233398 36992.41828517977
57031.49348092612 7.349037575444809 75611.19298208856
57098.16348499533 8.68159313070129 123292.32966533849
57158.52348867941 6.24740153097109 46051.093006990945
57237.52349350119 6.72733581121714 69057.25061730237
57267.42349532614 8.00811492744784 129909.94807499893
57309.16349787375 7.369208389435921 99393.67253961033
57394.04350305441 7.6703396420780825 97104.37721207239
57398.273503312594 6.625410545209083 96008.34342245522
57408.79350395468 7.727359800020654 86015.11796389695
57526.93351116538 6.252111950513181 55078.9783488678
57532.22351148825 6.007236838266511 71365.97442985288
57666.56351968771 6.201986516890207 30407.21370264937
57696.033521486424 7.521859728456374 37995.32088520528
57836.74353007468 6.1560421345209395 55314.68761983244
58045.413542810886 6.06819972805627 39270.18618079985
58137.45354842856 6.133816472326825 63856.57276287226
58185.3135513497 6.3474105313704685 48725.97745128791
58279.383557091285 6.800023189490263 32199.80108821521
58296.86355815818 7.351059898356402 53480.678741522905
58471.423568812475 6.536205360644886 39042.37647631052
58572.56357498557 9.422366576432767 72509.77457834689
58644.933579402685 6.043593066000648 23055.184673399468
58671.3235810134 6.942200653955237 78889.11735375617
59044.81360380942 6.969125202483731 121258.17647469403
59164.59361112022 6.435540052706133 40421.482886574864
59178.16361194846 6.592522538216329 38176.460436227484
59266.063617313455 7.851810807982136 51403.80531933523
59285.87361852256 8.376917711232764 87289.38400305016
59336.97362164145 8.773031335613434 35606.50702904491
59351.07362250205 6.071303955308857 38712.523548101286
59371.57362375328 9.345779192533834 92938.70506068997
59597.37363753501 8.402677720000764 82446.50315520687
59639.913640131446 6.908907173714859 75693.5112927971
59882.55365494102 8.498693451839726 57119.16427977842
60037.42366439354 6.129945545902474 35065.38412787235
60175.22367280418 6.474405125561676 30071.44740071135
60464.35369045127 6.708118830716471 41539.49281150099
60752.05370801109 7.219747173287815 58174.20909787323
60849.55371396202 6.505704818615939 60767.398116944525
60909.9137176461 6.725368416023479 36651.81380097253
60919.9537182589 6.643907694388628 28528.463623231513
61233.1437373745 8.092278717105353 39911.90130988131
61279.483740202864 6.538642302931593 43566.22427152826
61296.47374123985 6.404097689294597 51466.10407402612
61519.423754847645 7.458004981090919 34010.84570428074
61525.013755188826 7.361063766111325 86376.01705323125
61539.50375607323 6.90282029952363 32797.58731293217
61552.583756871565 8.383444145118895 37778.14417385779
61565.3637576516 6.128635149981426 26954.308186156228
61631.16376166771 7.076075739487921 32647.171448148398
61653.263763016585 6.603094197195282 32585.4546322217
61810.36377260521 6.652070924820465 90293.17370488911
61909.41377865074 6.567828810028013 49891.45685147867
62048.9637871682 6.326552393378891 38221.31018724332
62099.5837902578 6.976801555325842 40533.666358498805
62165.58379428612 6.119290987240787 24098.435995984724
62201.603796484604 7.298988696696468 39685.07444247715
62228.56379813011 6.186210476144221 20572.803127685784
62232.24379835472 7.576247524669293 72154.67688750548
62536.023816895984 8.443784981427655 61483.99211454198
62537.193816967396 6.23731861716901 40615.22073051167
62539.67381711876 6.263206176442163 54515.301342592655
62554.973818052604 7.136707231823387 57872.8472503862
62573.46381918114 8.852662860626214 100912.93699662569
62583.00381976342 9.048228737058855 209313.87218881326
62708.373827415395 8.94341409647224 71924.23337947417
62796.023832765124 6.694525326193107 47935.393152015764
62975.54384372216 6.297785952728091 45117.08705756367
63125.14385285302 9.564624870468625 68664.30527062129
63151.863854483876 7.140793463243039 51791.148105253626
63299.79386351281 6.22830390367831 52090.063400940744
63371.04386786156 8.046432888366972 32710.27076495582
63461.02387335351 6.103958461269323 22522.593997983102
63491.58387521874 6.131588093627906 22162.292350794698
63516.40387673363 6.64708511265094 18837.079205497885
63844.47389675744 8.521315098095137 37520.60657595203
63891.88389965112 6.991230461481229 18963.719694666423
63908.81390068444 7.690114314831095 42914.09954509606
64139.93391479089 7.123923716016633 74789.73173100912
64153.973915647824 6.291787743130392 92503.82413118948
64183.383917442865 6.250794623653686 22268.05898677074
64192.22391798242 8.66960427159151 86883.63167082681
64214.00391931176 6.5951513294557325 40068.74710968468
64227.5639201394 6.500828988060012 364872.107872298
64271.35392281213 6.5513822797185695 76562.16202790095
64294.47392422326 7.827357689415946 110588.03897654089
64315.63392551477 6.025936979365237 20585.443104491544
64349.40392757592 7.760760798740357 34355.32266709079
64400.30393068261 6.030964605645137 26495.200921569
64551.343939901366 6.064480653828372 12817.558864282422
64606.013943238155 7.039560414671528 46787.57916562711
64612.87394365686 6.6661037020353096 63679.92104896228
64731.22395088037 6.212795813917456 33840.44190080883
64795.443954800045 6.700188149581987 56564.527973680815
64823.533956514526 10.181642616199392 99192.70426545256
64849.24395808374 6.618980686877497 36022.39914418958
64893.0639607583 6.85076333509402 19989.577070683594
65001.52396737817 6.0556761617996235 28030.249403579837
65179.013978211304 8.375041317533839 23816.006664078097
65187.053978702024 7.5323490919374825 22506.270636567584
65353.82398888086 6.256016181352694 26512.383795886748
65467.963995847414 9.868258340397169 77778.64993475779
65524.83399931848 7.345742089427931 56649.6868215502
65546.8840006643 6.311524540042391 52559.57458600533
65567.89400194665 6.501532170618015 27216.026566828066
65584.91400298548 6.777081307400551 26220.927722043853
65743.01401263513 7.124654661727922 26325.079556899163
65929.134023995 6.643875564296527 14592.187184392975
66458.534056307 8.812700603379973 56368.4296792953
66482.18405775049 6.0940430409230855 37611.993289402606
66593.53406454675 6.274331664688468 13743.294260502227
66615.94406591455 6.734341954953024 29397.374225001884
66636.57406717371 8.225184584173725 26931.163308003914
66791.20407661158 6.226882996298694 35815.183855424795
66807.67407761683 6.44039482238949 72105.65336906393
66827.1640788064 8.212166854757085 126404.97100513637
66854.81408049402 6.616080569431176 22588.916785859154
66874.83408171595 6.558469521937721 37757.94353829598
66966.89408733485 7.58550730203212 36019.978709037976
67043.94409203761 6.9769813094081785 22731.72967996356
67072.08409375513 10.040953536348567 45799.44078506212
67097.71409531946 6.78156666866881 28945.033652738777
67149.53409848231 7.439959982438157 58452.90899980018
67177.34410017969 6.074928665668622 23977.45706100921
67224.404103052 7.185855779513345 40427.90548722752
67233.20410358912 7.193489978122465 70210.39940207411
67269.91410582972 9.959615816296745 140449.37706470312
67291.03410711879 6.194757422258152 87006.26925720926
67412.64411454127 6.2340369041417345 72684.38569302058
67442.06411633691 6.604795251549604 47797.804213910844
67515.76412083521 6.776903166972061 82998.03059411513
67540.87412236781 6.818453205125481 61333.38466850674
67547.72412278589 6.670528131584989 39439.52428787629
67561.01412359705 6.802777961847087 45361.62914951794
67605.17412629236 6.215407396636506 39183.6753443478
67621.3341272787 9.012137505966484 69662.25224886101
67636.07412817836 8.167435520908679 59486.73062874353
67699.72413206325 9.389480088871478 50490.991632784855
67707.4141325326 7.428915166386588 42776.61111428627
67742.83413469447 6.076839790798538 63041.970578877685
67782.20413709742 6.073820541214841 92157.23172470128
67839.45414059168 6.0847310812205615 84452.85410556791
67879.34414302638 6.944429135504771 167643.44020533827
67901.84414439967 11.2255490469181 232920.01591434478
67915.16414521265 6.3653567461545 249520.78465522293
67969.5041485293 7.208332156302308 37258.59322860748
67970.35414858119 7.045575262730315 30893.86573568107
67979.33414912928 7.145422796229201 32281.7411805247
67995.99415014613 7.0406711301400495 24410.902673151526
68004.75415068079 10.272465544700024 67802.98335356222
68026.60415201442 7.31221532357198 17564.920442889314
68049.12415338893 10.45923397666094 75345.62061786311
68068.34415456202 9.620729867440726 60381.845933007884
68079.59415524866 7.685278966825761 22854.487470882457
68097.81415636072 7.394176596631044 25168.838452038435
68116.48415750025 6.599431712837176 39203.21793294676
68126.13415808925 7.194923130902816 54381.76566506025
68139.11415888148 6.008901994289041 238716.8558083435
68172.05416089197 6.963160666361274 95417.09569428858
68173.74416099512 7.4387827616140605 81947.39857838757
68225.93416418055 6.739915519498559 134069.90011418273
68249.42416561427 6.615857701257246 238867.9522965825
68281.53416757411 8.913726749484113 275943.1750963255
68318.79416984828 6.421702565176007 163421.03737664057
68574.70418546778 6.779149049100632 19665.871048333414
68746.05419592616 6.662008462931807 27040.835684824313
68748.6141960824 8.50757264641431 105931.70696039818
69042.33421400965 8.65816024246459 63263.184345806505
69101.13421759852 7.449700166874719 46338.9416629311
69153.09422076991 8.225453505975173 50698.569087165364
69159.00422113063 6.55113311591907 100927.12123858092
69182.75422258022 6.583965318382438 66074.05638725171
69209.51422421352 6.761625277943928 50938.22806771185
69328.29423146327 6.647501010617794 24865.150618458294
69413.86423668604 7.11505964397041 45207.56933121861
69432.97423785242 9.065905388352459 51609.999446785885
69506.43424233608 7.470516715832542 41528.53352684644
69691.47425363002 7.542837451262879 61264.144233501975
70053.75427574184 6.119601803383259 14907.711017326
70216.14428565334 7.966421751469376 51659.12569743377
70260.04428833278 7.484647264797341 133877.75558240115
70344.32429347682 7.606621260108835 36963.136081826065
70596.85430889003 7.51203287672379 49069.364920335145
70597.68430894069 7.24977744269599 46910.673398673265
70648.38431203518 6.846879697556196 63932.61862067567
70663.15431293666 6.588274685451624 31311.39920547019
70914.00432824733 6.932613444025851 25037.940898584144
71164.04434350856 8.512581810852875 33189.056604027464
71301.69435191006 9.203337006355005 66151.69367844285
71398.35435780972 7.990434448963136 36633.949187894206
71660.07437378383 6.625049904385992 54635.461624992
71892.30438795804 7.072295106573581 32877.60429900504
72166.31440468227 6.074045642925094 13056.097711432254
72291.4444123196 6.834147838399526 17776.748710691918
72486.07442419887 6.372130766992532 22040.240228017225
72841.34444588285 6.3473611244383426 17176.125647038647
72898.82444939115 8.681586389827917 62089.1900452353
73448.9444829678 8.846356827022998 48092.60130147924
73466.05448401211 8.135285109104029 21849.62315369634
73598.33449208585 6.586895693122043 14170.47806902186
73632.17449415127 7.9770660851226305 21574.202972556734
73656.08449561063 6.69146273836522 34109.51730710669
74036.01451879971 7.469242849538074 23619.242310407386
74279.2445336453 6.94395820365484 33979.86778406475
74350.1445379727 6.009404247368865 37128.20733986768
74543.62454978177 6.159139302691007 19999.11928323018
74769.66456357816 7.027565588390533 92772.28145770164
74770.59456363492 9.342566153342489 70878.80032371749
75024.2645791177 9.788472117541732 113326.75537934537
75133.78458580228 8.774544130087728 46875.494822374705
75165.66458774808 8.12689163769323 18326.113725506595
75213.83459068814 7.307813604952019 32151.16990001325
75324.76459745878 7.25395287481506 50881.55032850465
75521.1746094467 9.33084022490149 62920.18253483809
75629.98461608792 6.869160670997124 27381.375843782833
75685.63461948454 7.648996496505121 50078.03866625982
76080.01464355558 6.238389655721207 32753.78147251091
76122.78464616605 6.546130300949276 16838.38392718327
76164.03464868375 8.716572553722422 50131.67301872092
76363.98466088774 10.568732972720545 94445.60205131929
76546.47467202604 6.332115247880371 24420.284113440382
76571.61467356047 6.732715234699321 41259.55472838075
76579.9546740695 6.940084986837515 28715.798294463857
76625.03467682097 6.578150978294977 18717.36395034437
76732.14468335843 6.750255487940639 24587.792353855435
76838.23468983365 9.105239061751151 79224.52799267594
76919.25469477873 7.141641706210757 46624.98739415107
76927.97469531096 7.778431646524313 45507.691417281865
76937.70469590483 6.894960982224741 160051.35979049857
76938.43469594939 8.353444050717778 150256.6752752203
77177.12471051786 8.971532315617466 77222.19651748588
77294.93471770841 6.783227886660215 54251.889087589996
77941.14475714994 6.917704599505297 20383.70267605684
78175.83477147428 7.36180701428212 40740.90338139691
78313.04477984892 6.025309754118806 248319.74013434237
78428.6447869046 9.118036869710478 94395.20478797142
78553.15479450408 7.206063745748455 24423.3513135134
78716.6348044821 8.410864987889605 25211.22525169065
79263.9848378897 7.294680073152294 25312.94554593449
79343.83484276336 7.132073493366912 33478.96820490307
79388.64484549835 6.417159496473269 23673.908703532205
79475.21485078215 6.887502507761454 22169.298844106957
79527.44485397002 6.056520900728299 19969.76218792229
79636.84486064727 7.731249708979137 37114.58321957131
79651.80486156036 7.302130924314849 23877.50122701604
79739.16486689239 7.59720049636115 34997.20295238964
79882.89487566498 6.720804558930519 54080.541574064766
79924.01487817474 6.115621513117076 20397.885749880224
80022.74488420074 6.236050775802012 17614.231327820118
80058.14488636138 6.8341457234410505 44572.5361629485
80066.06488684478 6.8353823930929964 62794.61480345064
80504.96491363311 8.423061491291422 53647.89529123196
80667.95492358123 6.726474610591304 27501.515442248638
80737.63492783417 6.397468093912353 20195.029233581256
80802.54493179596 7.004554371424837 27222.713804003964
80844.10493433257 6.318235773878718 21837.092223310305
80990.14494324615 9.342943584818228 117724.22896252877
81508.04497485627 9.522873720317813 126089.72418798156
81523.20497578155 8.567782866459334 70937.5813679517
81568.21497852875 9.496803438529785 111619.5145676763
81898.53499868988 7.270386716697625 48091.48781648119
81916.92499981231 8.11720083412737 65847.90632989146
82095.0450106839 6.328027385988235 40727.21753336418
82154.56501431671 7.200281194319012 21625.996191880775
82597.22504133453 6.5261758473414195 20170.830487095838
82608.93504204926 7.377477613267735 60225.403165850745
82769.55505185273 6.418438252060585 38979.57462399854
83361.29508796967 6.299053393058459 17221.265370573114
83467.2950944394 8.817246406278889 54750.84663548595
83595.1051022403 8.715315111088188 44731.81641246047
83674.69510709809 7.795085739382967 53563.19653547449
84037.37512923432 8.02108223699919 45726.41630506989
84287.19514448213 7.965006639067786 226744.41492101844
84370.19514954805 6.1089078935944485 53242.38487253911
84607.15516401094 6.766751377870405 65434.13013190714
85619.07522577363 8.103603971918341 68166.49467135685
85622.46522598054 7.45575237827638 131663.3648712647
85772.4452351346 6.0441763093970575 40280.14465742282
