178.0700 12.3469 7.3381e+04
287.3500 13.4039 1.8034e+05
288.7600 11.7295 1.1749e+05
322.5700 16.0170 2.0610e+05
324.4300 10.9751 1.6015e+05
367.1100 10.4902 6.5463e+04
376.4300 10.1558 8.0919e+04
384.4100 10.3771 1.4393e+05
420.3600 22.7022 2.2176e+05
438.4400 16.5573 1.5109e+05
444.5800 12.8303 2.1281e+05
450.5300 10.8406 2.1217e+05
453.5100 11.2556 1.3638e+05
469.2500 11.6735 1.1938e+05
1700.6801 20.9374 2.2035e+05
1710.7601 11.3890 6.5826e+04
3468.8402 10.0433 7.6940e+04
3594.6002 10.0296 5.7882e+04
3637.6902 10.7565 4.0451e+04
3930.1302 10.5283 6.6000e+04
4284.7803 15.7318 6.8062e+05
4320.4003 18.5558 1.1665e+06
4351.7103 19.4943 9.2348e+05
4392.4103 21.5525 1.0187e+06
4395.2503 23.7043 8.3571e+05
4413.1903 21.9271 2.3501e+05
4427.2803 11.1725 7.3687e+04
4433.3703 13.2706 1.6890e+05
4451.2903 13.1912 1.7452e+05
4535.1403 16.2716 2.2851e+05
4537.1703 10.8883 1.2113e+05
4564.3903 13.9360 1.1136e+05
4687.4303 12.7158 8.6907e+04
4703.1303 14.0101 4.7882e+04
4710.7803 13.4850 9.0859e+04
4726.6703 13.7765 8.8706e+04
4727.4003 10.2924 6.9615e+04
4737.8203 14.4788 1.8998e+05
4738.7803 17.4582 1.8998e+05
4761.9103 11.7817 1.3486e+05
4762.6303 14.3009 8.2089e+04
4772.7703 13.7493 2.4151e+05
4773.6103 13.8183 1.3304e+05
5158.0103 10.0091 1.2029e+05
5359.1703 11.0898 2.4382e+05
5360.7503 20.9464 1.9510e+05
5387.4003 11.8783 9.2059e+04
5489.4103 16.1897 3.2209e+05
5509.7203 11.6938 5.7248e+05
5524.2703 13.3719 4.7650e+05
5547.7003 10.0916 7.7803e+06
5549.1503 11.3679 7.7803e+06
5549.5903 24.9631 7.7803e+06
5577.2503 14.3878 2.9158e+05
5577.9803 11.8394 2.8641e+05
5589.9103 12.3864 1.7481e+05
5600.7703 26.4245 3.3933e+06
5617.9503 13.3173 2.8257e+06
5620.7603 16.9843 2.5886e+06
5626.0003 21.6369 3.0978e+06
5626.5303 10.1872 1.2031e+06
5630.5403 12.7800 2.1946e+06
5638.5903 20.0019 2.1240e+06
5643.3703 18.4256 3.2732e+06
5662.9903 12.3401 1.2937e+06
5671.5003 11.6000 1.2126e+06
5673.2603 11.9862 7.0749e+05
5688.9503 10.2057 7.1590e+05
5740.2404 10.4844 3.4178e+05
5748.1104 10.3244 2.6597e+05
5775.1904 11.8787 5.2220e+05
5775.9904 14.1792 4.4355e+05
5788.7504 12.1568 5.7514e+05
5812.3204 10.7186 3.9612e+05
5818.9704 10.7680 6.6103e+05
5829.2304 15.6774 4.6448e+05
5848.9604 10.9789 6.2280e+05
5849.3504 15.2326 6.2280e+05
5860.8104 14.4553 8.3952e+05
5882.0404 10.3876 3.6449e+05
5886.6804 12.4159 5.1291e+05
5898.2004 14.8529 4.4587e+05
5912.0104 16.8598 4.0731e+05
5918.7304 13.7960 5.2495e+05
5926.8904 11.1472 6.5791e+05
5957.5504 10.6165 2.9802e+05
5963.1304 10.0998 5.2883e+05
5986.8404 13.8475 2.1252e+05
6013.4504 14.7648 5.7563e+05
6016.8704 11.9348 3.7668e+05
6034.7804 10.1501 2.2984e+05
6035.9804 10.2398 2.4421e+05
6038.2704 10.0387 2.1274e+05
6048.2304 12.6041 1.4934e+05
6064.9004 11.3249 2.1924e+05
6083.0804 11.2981 5.2396e+05
6092.5104 14.5128 9.6579e+05
6135.0704 12.6281 3.3108e+05
6143.1704 17.7069 3.4048e+05
6153.4904 20.7754 2.2422e+06
6170.7004 17.8922 5.5130e+05
6211.3604 15.2502 2.6259e+05
6212.8104 10.3547 2.4576e+05
6220.6104 21.4010 5.5404e+05
6229.7504 12.1180 1.4463e+06
6233.2804 16.7454 8.9986e+05
6266.0104 16.7576 7.3699e+05
6276.0404 10.2930 2.4431e+05
6299.1604 10.9297 1.4188e+05
6302.1904 10.4437 2.0010e+05
6328.2304 12.9979 3.4382e+05
6330.5104 12.3704 2.9478e+05
6355.5704 11.4671 3.0402e+05
6362.3504 10.3758 3.7859e+05
6368.9004 14.2846 7.9108e+05
6369.7304 17.6946 7.5435e+05
6377.8304 10.8937 4.6697e+05
6382.8504 10.3267 6.6899e+05
6408.6004 10.4474 4.5088e+05
6409.9304 10.0306 3.7155e+05
6424.0304 10.6959 1.6417e+05
6433.3704 21.5414 5.1379e+05
6434.6104 11.1903 3.9727e+05
6481.7204 10.3343 1.7097e+05
6515.5304 12.1505 3.8030e+05
6524.8404 10.2162 5.6354e+05
6528.4804 11.5603 5.7778e+05
6571.3904 11.7003 1.9042e+05
6588.2904 10.6167 4.8092e+05
6624.4304 10.5457 4.9402e+05
6630.6804 10.7122 5.0570e+05
6637.9604 11.6161 6.1996e+05
6682.7604 12.2598 5.0626e+05
6683.7204 12.0604 4.3017e+05
6688.3104 18.8361 1.7299e+06
6743.5304 15.5117 6.6521e+05
6746.4404 17.9622 6.6521e+05
6746.8704 10.0498 6.1996e+05
6753.0804 13.3623 6.5771e+05
6795.0104 23.9467 2.3389e+06
6822.3304 13.9434 2.6524e+05
6823.7604 11.5948 2.0338e+05
6852.6704 11.0878 1.6415e+05
6868.2604 11.1520 3.0688e+05
6873.1204 16.5742 6.7311e+05
6927.2804 10.5870 2.9687e+05
6933.4004 10.1562 4.5638e+05
6934.7604 11.4079 3.6345e+05
6977.4904 10.8829 5.1884e+05
6982.1004 18.7061 5.2378e+05
6992.1404 10.0218 8.0248e+05
7010.4404 11.7599 3.0298e+05
7011.0704 12.4226 1.2854e+05
7025.6904 22.0132 1.0053e+06
7057.5204 10.3594 1.5718e+05
7087.5504 10.1324 2.1581e+05
7099.3404 10.3000 2.1278e+05
7118.7804 16.8626 7.5137e+05
7121.1104 16.1675 6.6333e+05
7153.9204 14.4104 3.5222e+05
7164.8004 10.2032 4.0945e+05
7214.4704 14.1453 6.9909e+05
7214.7604 14.9330 6.9461e+05
7219.4704 15.1824 7.4175e+05
7301.3304 11.2046 2.8144e+05
7321.0604 10.5685 2.0647e+05
7321.5704 12.2261 1.9585e+05
7329.0104 13.9862 4.8634e+05
7329.3704 12.5149 4.8634e+05
7340.3104 16.1145 1.0158e+06
7362.2704 13.6474 2.5520e+05
7378.9805 11.5606 3.2622e+05
7383.7605 11.3208 4.2591e+05
7422.8405 17.7191 9.3648e+05
7453.5505 18.4459 3.7277e+05
7453.9005 10.9872 2.7627e+05
7461.0805 10.3625 7.5107e+05
7461.6405 10.1074 7.5107e+05
7524.2605 13.9712 4.1675e+05
7525.0605 15.5818 4.1675e+05
7545.6405 10.3327 3.6203e+05
7549.5505 12.3032 2.4825e+05
7585.6005 11.7336 2.7578e+05
7589.7005 10.2104 3.4522e+05
7624.8505 10.1909 3.1021e+05
7639.2705 11.6000 2.7475e+05
7665.7205 16.2851 4.2372e+05
7680.6405 14.9621 4.0603e+05
7682.4805 11.6898 5.8675e+05
7685.4305 12.6555 3.4477e+05
7782.2605 10.3361 4.4647e+05
7958.8605 14.0571 2.3858e+05
8299.3405 18.2611 1.0603e+05
8754.7205 11.7501 4.3439e+04
8883.2705 12.4368 3.2531e+04
9532.5406 12.3617 4.7759e+04
9790.5106 12.6641 3.4974e+04
10593.7306 12.3378 7.2248e+04
11037.0307 10.5805 4.0173e+04
11096.0707 10.0312 7.7613e+04
11793.1107 13.9228 3.6585e+04
12515.1208 11.7917 2.4645e+04
12543.4508 10.5076 2.3024e+04
12731.1808 13.0462 1.4194e+05
12767.2108 10.3571 5.1386e+04
13159.0308 15.1038 5.1756e+04
13172.7508 14.1062 8.4710e+04
13481.0908 16.3127 6.1998e+04
13540.4308 10.9353 1.5456e+05
13557.0208 11.0258 5.0189e+04
13972.3609 10.1315 5.5297e+04
14002.0309 12.4907 4.6192e+04
14191.9509 14.1618 1.2086e+05
14656.5409 14.1643 8.2925e+04
14794.1109 13.0544 2.2139e+05
14960.4709 11.1574 1.0298e+05
15113.2309 16.2242 1.0333e+05
15114.7609 10.9687 8.0772e+04
15136.3009 18.8998 1.4819e+05
15189.3909 10.8225 5.3574e+04
15262.6209 12.6928 1.4805e+05
15277.9409 13.2000 1.5280e+05
15324.4809 19.5666 1.9685e+05
15363.6309 17.1044 1.7630e+05
15366.4909 11.9619 1.6376e+05
15392.3009 19.0835 1.3167e+05
15416.3109 10.4018 3.0963e+04
15422.0509 10.2303 5.5664e+04
15430.9009 10.4161 8.4145e+04
15448.1409 19.6888 2.0523e+05
15496.3609 15.4449 1.4108e+05
15594.6610 18.9898 1.8667e+05
15622.0410 13.9820 1.7928e+05
15626.3710 10.1612 1.7928e+05
15627.7010 16.0114 1.7928e+05
15679.2710 14.1246 1.1339e+05
15950.3410 10.0343 1.1677e+05
16062.8210 11.3740 3.6166e+04
16218.8710 12.6206 6.7207e+04
16222.0210 10.5018 6.7470e+04
16227.7910 10.4807 8.5408e+04
16304.1710 10.7440 3.2699e+04
16333.2610 12.3552 4.0778e+04
16496.6710 18.7819 1.3082e+05
16563.8110 10.4416 5.2619e+04
16607.3310 12.7425 1.0212e+05
16627.9410 19.8144 1.4468e+05
16643.3810 11.1188 6.8227e+04
16832.4610 10.4823 6.3990e+04
17193.4510 11.6738 1.1959e+05
17197.9110 11.3212 1.7431e+05
17202.0910 15.2083 2.7868e+05
17212.8211 12.4329 1.3584e+05
17219.0211 10.3979 1.8665e+05
17221.5411 11.0636 1.7419e+05
17229.2111 22.0757 2.6361e+05
17242.5811 11.3509 1.2861e+05
17245.5011 13.0705 1.0162e+05
17267.0811 14.7249 1.3857e+05
17268.6111 10.2995 1.2226e+05
17282.5511 11.7434 7.1630e+04
17291.6511 14.1667 1.2567e+05
17292.1811 10.5438 9.5006e+04
17316.2811 13.1037 1.7467e+05
17320.3011 12.8863 1.9874e+05
17342.4011 14.4958 1.2946e+05
17352.4111 10.1547 6.3509e+04
17359.1111 10.3876 1.1539e+05
17364.6411 20.6602 5.0019e+05
17365.7411 10.1254 4.3824e+05
17371.9211 12.7404 6.1758e+05
17373.0611 14.8376 4.2475e+05
17385.8311 18.0663 2.8666e+05
17394.0411 13.3196 3.8596e+05
17401.6311 17.9386 6.8541e+05
17402.8411 10.7414 5.4328e+05
17404.4411 10.6171 2.8386e+05
17410.7611 13.2026 3.0710e+05
17411.3311 10.7587 3.0710e+05
17421.5811 18.0759 6.6586e+05
17423.6611 13.6785 4.4654e+05
17432.0911 10.7579 2.8132e+05
17440.4711 10.9420 2.6992e+05
17479.2911 17.1255 1.6175e+05
17489.3611 11.3035 8.3747e+04
17543.7011 14.1731 1.0769e+05
17697.7611 20.1600 1.5433e+05
17707.3811 10.3363 9.6867e+04
17711.0011 15.2071 1.4391e+05
17713.0611 13.9564 1.4571e+05
17714.6711 11.6675 1.2587e+05
17717.0211 10.6043 1.0631e+05
17719.7711 10.1454 7.2894e+04
17761.2711 10.2571 1.4730e+05
17829.6011 14.0491 7.5148e+04
17837.6511 11.8534 1.3110e+05
17945.9611 12.1388 6.8633e+04
17972.1311 10.2067 1.0987e+05
18012.1011 18.9714 1.4519e+05
18022.4011 13.7184 7.5964e+04
18148.3011 10.8392 1.5391e+05
18149.9411 12.6368 1.3283e+05
18216.8211 10.7731 6.7851e+04
18368.5211 12.5405 6.4674e+04
18393.4311 17.1363 9.0053e+04
18499.9411 10.0004 2.7473e+04
18535.3311 11.0457 9.4844e+04
18683.7811 10.8666 2.2735e+05
18687.6811 20.3399 2.2735e+05
18689.5711 10.0575 1.0589e+05
18727.8311 17.8946 2.5186e+05
18757.5111 15.1186 2.3447e+05
18881.4512 12.5881 1.1007e+05
18971.1012 11.7749 1.2122e+05
19022.8012 10.5291 3.5315e+04
19037.4212 16.6990 4.0344e+04
19440.5712 12.4760 7.2413e+05
19533.4012 11.9093 2.7959e+05
19562.0712 18.8305 1.6831e+05
19578.5112 16.7035 5.2635e+04
19601.9612 14.6075 5.2565e+04
19657.5512 13.5474 4.0198e+04
19702.9212 14.4581 5.7365e+04
19727.3412 10.4937 5.7836e+04
19755.5512 12.0507 7.0364e+04
19843.6312 11.7680 8.5206e+04
20059.0012 11.0147 2.4141e+05
20059.5912 10.3608 2.4141e+05
20073.1812 12.4279 2.4502e+05
20076.6312 11.9494 3.2954e+05
20079.7512 10.4395 3.1798e+05
20106.9112 10.6891 8.2670e+04
20184.1612 14.7209 1.1984e+05
20200.7412 17.3234 5.4570e+05
20206.4312 15.6273 3.4715e+05
20220.9512 16.5419 2.5527e+05
20246.0012 14.6613 1.2882e+05
20266.8012 15.6166 2.5044e+05
20621.0113 10.2347 3.0153e+04
20647.7413 12.5306 6.1447e+04
20676.0113 10.3580 3.0357e+04
20738.1913 10.5196 3.8997e+04
20880.0313 12.3121 3.4716e+04
20897.5513 21.9235 2.7340e+05
20903.2413 11.0422 2.8255e+05
21009.9513 11.1271 2.7864e+04
21066.3413 11.3072 9.3688e+04
21091.1213 14.7586 3.9741e+05
21094.6213 14.0731 3.5466e+05
21108.0013 12.4526 4.5562e+05
21116.6013 10.4914 3.5997e+05
21120.8813 10.4301 3.6243e+05
21148.4813 15.7508 7.6945e+04
21149.9413 11.6910 6.3580e+04
21156.0413 22.6667 4.4288e+05
21157.5413 12.8094 4.0147e+05
21209.8813 12.3132 1.9152e+05
21279.0713 12.0960 2.8373e+05
21281.0313 10.5566 1.3949e+05
21298.1413 14.3483 2.4457e+05
21331.9613 16.2085 2.5555e+05
21334.5413 17.5282 2.8631e+05
21336.6213 13.1872 2.9029e+05
21338.4013 10.1879 2.6225e+05
21348.5813 17.7067 2.6333e+05
21350.6813 11.7873 2.7111e+05
21356.0813 10.0565 2.9522e+05
21358.3913 12.2878 2.8736e+05
21368.1513 10.2097 2.0843e+05
21385.3813 11.2163 1.7284e+05
21385.9213 12.0021 1.0120e+05
21419.1613 10.1661 2.2191e+05
21421.0613 18.3698 2.7227e+05
21423.9313 14.2970 2.7227e+05
21425.3813 11.7100 2.0549e+05
21435.3013 14.8315 1.8144e+05
21436.3613 11.0306 1.8690e+05
21480.5613 12.2600 8.0244e+04
21504.7313 12.3090 7.7732e+04
21510.6113 13.8463 1.0496e+05
21549.5213 10.0997 1.1407e+05
21552.0213 10.6457 1.1407e+05
21580.2813 19.7545 5.6221e+05
21581.4613 14.2678 4.4263e+05
21585.4813 10.3957 5.0441e+05
21668.5913 11.9449 1.2203e+05
22514.1714 14.5999 3.2759e+04
22895.5914 11.9463 1.1441e+05
22909.3114 11.4284 9.2268e+04
22947.0514 12.3004 4.5227e+04
23000.8614 10.8548 4.9062e+04
23032.1014 10.1015 3.4732e+04
23092.6614 11.3559 4.4988e+04
23148.3214 10.9409 1.3567e+05
23151.5514 11.6901 1.2666e+05
23511.3714 11.5012 5.2096e+04
23585.2714 12.6820 6.3438e+04
23686.3914 10.4902 5.4602e+04
23735.7214 15.4913 7.0793e+04
23980.1415 12.7796 5.3393e+04
24197.5615 10.8249 4.9043e+04
24391.5115 10.5202 5.9708e+04
24452.0015 14.7818 4.9342e+04
24510.1615 13.2704 7.2823e+04
24705.1215 11.5017 5.3823e+04
25051.7015 18.5951 6.9326e+05
25054.4015 19.1112 7.2142e+05
25055.8415 12.3783 7.2111e+05
25073.5415 13.0920 8.7060e+05
25075.4715 11.1526 9.7322e+05
25077.4115 10.4719 9.7322e+05
25107.7515 20.3225 6.8838e+05
25136.8815 18.4405 9.6026e+05
25139.2115 12.9540 9.4841e+05
25141.3515 10.0893 9.3404e+05
25148.0515 10.2781 9.7429e+05
25170.9615 10.0598 8.0202e+05
25185.3215 14.4535 3.0878e+05
25286.0015 11.5982 4.8865e+04
25383.0015 11.4224 7.9577e+04
25528.4716 10.9278 9.5783e+04
25529.3116 11.9525 8.3041e+04
25565.1616 12.2193 1.8356e+05
25565.7016 13.6596 1.0048e+05
26334.4216 10.1638 8.8186e+04
26418.0816 17.1746 1.9369e+05
26447.2916 18.1172 5.4568e+05
26620.7916 14.2286 8.6446e+04
26629.2216 12.6473 1.9717e+05
26715.9016 10.6328 7.7350e+04
26816.6116 11.4254 3.1385e+05
26832.6216 12.1643 5.2142e+05
26834.0116 11.8931 4.7127e+05
26836.7616 16.6943 2.7779e+05
26846.4016 17.9091 3.0253e+05
26852.7816 18.5561 1.2897e+05
26869.2716 14.9432 9.6967e+04
26875.0016 13.0345 6.8336e+04
26897.9516 18.8704 1.1101e+05
26922.6116 13.4180 8.4610e+04
26934.4516 16.0990 1.2391e+05
26935.1816 13.4468 1.1314e+05
26946.9616 14.6711 1.2940e+05
26955.7416 18.7025 1.2944e+05
26968.8716 10.9626 8.6069e+04
26988.7816 10.2049 1.3161e+05
26999.8716 13.7713 1.2220e+05
27012.9316 11.2417 1.2912e+05
27019.4416 10.2769 1.4181e+05
27082.5117 12.6949 1.3701e+05
27099.8117 10.3102 1.3356e+05
27102.8117 12.2293 1.3356e+05
27127.2417 10.7150 7.1229e+04
27132.8017 19.7864 2.0343e+05
27133.3517 12.1482 1.8960e+05
27141.1817 10.9457 1.1953e+05
27219.5017 13.9476 1.0298e+05
27235.5417 10.3637 2.1481e+05
27244.8717 10.9817 1.6971e+05
27271.0717 17.3958 1.8493e+05
27300.7117 10.2070 9.9085e+04
27311.8617 10.4074 1.1469e+05
27329.0617 11.7348 1.2421e+05
27331.9517 11.5687 9.8943e+04
27337.6117 15.5344 8.3013e+04
27473.3517 11.9489 1.0872e+05
27476.7817 12.5011 1.5936e+05
27997.8817 10.6766 1.5771e+05
28001.3817 10.0127 1.6647e+05
28028.0417 11.2758 1.8737e+05
28028.6917 13.2416 1.3663e+05
28045.3717 13.2518 7.2165e+04
28056.6817 15.9736 7.8051e+04
28062.7817 17.8699 1.5720e+05
28078.9017 12.0405 9.4344e+04
28095.4117 13.1407 1.0598e+05
28098.7917 11.5458 1.2470e+05
28102.1417 10.7224 1.0947e+05
28114.0217 12.0480 1.7468e+05
28117.6217 11.5394 1.8203e+05
28125.2617 15.0978 1.4377e+05
28130.6417 13.8093 3.0231e+05
28134.4617 14.1304 2.9861e+05
28135.0417 10.4402 3.0087e+05
28150.0517 13.1042 1.2044e+05
28206.3117 10.2013 8.3163e+04
28228.1617 10.4028 5.1374e+04
28291.5217 13.6522 1.9928e+06
28293.0317 18.4998 1.9928e+06
28382.5017 10.1169 8.8891e+04
28524.0917 14.0929 8.4889e+04
28711.5318 14.7707 1.0126e+05
28715.8618 12.6495 8.7574e+04
28798.9518 10.1485 1.1237e+05
28802.5218 12.8094 1.3466e+05
28805.3318 12.5639 1.0468e+05
28851.9318 21.3726 1.5268e+05
28892.3618 12.1710 7.0253e+04
28901.8418 17.6924 1.0494e+05
28942.5618 15.6964 1.6719e+05
28945.2518 18.7693 1.6719e+05
28946.5018 10.8331 1.4146e+05
28978.9718 10.5079 8.1073e+04
29000.1418 11.9167 1.0081e+05
29032.7718 15.7789 8.8870e+04
29033.6018 13.3278 1.1906e+05
29037.7118 22.6151 2.2223e+05
29056.9418 12.7986 1.1288e+05
29061.0318 10.1375 1.9180e+05
29061.7618 10.6411 1.9180e+05
29069.1318 15.3649 2.0617e+05
29073.6818 15.4368 2.6908e+05
29074.2518 10.2425 1.4928e+05
29082.2318 10.9620 1.8342e+05
29090.6618 13.4074 1.5323e+05
29111.7418 14.8950 2.0843e+05
29116.4918 11.2985 2.9656e+05
29126.2918 12.9656 2.0519e+05
29132.5818 10.5499 1.6347e+05
29142.8218 18.9519 2.0474e+05
29148.3818 11.2651 2.2992e+05
29197.2918 10.3330 1.2165e+05
29204.2418 16.8620 1.4593e+05
29223.1318 12.5211 8.1401e+04
29227.3518 10.6257 3.0381e+05
29229.0618 15.9695 1.4945e+05
29235.9818 11.1698 1.6668e+05
29285.8918 10.3241 1.0571e+05
29292.9918 16.6793 2.8011e+05
30030.4718 12.1622 1.1505e+05
30047.6418 18.1699 6.5031e+05
30212.3218 12.6008 8.8572e+04
30599.5619 11.3812 6.1224e+04
31445.4619 11.6646 5.8315e+04
31479.4719 12.3380 1.2050e+05
31480.5019 10.1570 1.1117e+05
31553.8319 10.2076 1.0820e+05
31653.4719 10.6978 6.5760e+04
31694.3519 10.0085 5.8734e+04
31807.4919 10.7739 4.7333e+04
31980.8920 12.6602 1.1238e+05
32095.2420 13.9588 8.4311e+04
32210.8420 10.4979 1.1506e+05
32346.3720 13.4906 5.2570e+04
32425.7020 10.3656 1.1864e+05
32885.7520 11.5719 9.8189e+04
32892.2720 17.9710 3.7061e+05
33701.2821 15.0180 7.1141e+04
33765.0421 10.2710 8.9225e+04
33838.7121 15.4898 1.3617e+05
33852.3521 10.7454 1.7564e+05
33864.1421 10.3986 2.9933e+05
33893.2821 15.9852 1.2005e+05
33905.3721 12.1540 1.0346e+05
33922.5621 12.0147 1.3233e+05
33962.3421 11.1718 5.4303e+05
34104.0721 16.4636 4.2762e+05
34111.5321 11.3927 2.9095e+05
34192.4621 12.0930 1.2654e+05
35139.2221 11.2474 1.1507e+05
35191.1121 12.9749 9.0872e+04
35191.9021 12.9305 8.1305e+04
35345.2122 10.0481 4.8481e+04
35664.5822 18.6664 1.3475e+05
35669.9522 13.1205 2.0125e+05
35808.9022 10.9499 9.8062e+04
36005.7022 10.3728 1.8032e+05
36014.0322 11.9712 6.2291e+05
36015.4922 14.6340 5.5235e+05
36021.4622 15.9424 6.3772e+05
36036.3922 18.7266 1.1906e+06
36038.6322 18.3898 1.0546e+06
36058.9622 11.3437 1.5018e+05
36068.1522 12.8926 1.8053e+05
36081.7922 13.9619 9.4697e+05
36082.4322 20.6790 8.5252e+05
36114.1622 11.4622 4.4711e+05
36115.9122 21.9002 3.2576e+05
36135.4722 13.2198 3.5731e+05
36137.0922 13.1705 4.0321e+05
36141.3022 19.4514 3.7870e+05
36172.0022 18.9519 3.8988e+05
36201.1222 11.1115 7.8685e+04
36212.9722 11.8902 2.4226e+05
36239.5622 12.5380 9.6567e+04
36248.7522 16.3648 9.8216e+04
36260.4622 12.6243 6.1600e+04
36269.3022 25.7855 1.0921e+06
36305.6822 10.8759 1.6427e+05
36321.2022 13.6158 4.1205e+05
36349.7322 21.0702 3.2438e+05
36362.7622 10.6605 2.0917e+05
36378.4122 13.2927 2.5605e+05
36387.2722 23.1958 7.1543e+05
36404.1022 10.9547 2.1309e+05
36417.1722 15.9980 1.7422e+05
36436.4422 11.3116 1.5010e+05
36456.1822 12.2139 8.3093e+05
36514.5322 11.4533 3.4059e+05
36573.5922 11.6983 3.9491e+05
36600.5722 15.0130 2.9460e+05
36618.2422 11.0832 7.1251e+05
36636.3122 13.5635 4.0689e+05
36669.8222 13.7727 8.4112e+05
36691.1322 10.5929 1.8653e+05
36739.2122 10.4898 5.6951e+05
36740.6522 15.6195 4.6026e+05
36763.5322 15.3987 3.9079e+05
36835.8422 10.8480 2.0305e+05
37575.2423 11.0114 7.0455e+04
39005.1024 12.5952 7.0479e+04
39768.3124 10.1963 6.8967e+04
39814.9324 15.1532 2.1254e+05
41023.2425 19.9115 1.0129e+06
41052.0125 19.1815 8.0620e+05
41058.1625 10.0277 1.8600e+05
41115.9425 12.2263 2.0882e+05
41137.4825 13.5820 3.6246e+05
41139.1825 13.5828 6.2851e+05
41141.8225 13.7588 4.0575e+05
41161.2925 17.3091 2.6977e+05
41181.5325 14.6236 1.6214e+05
41193.8925 15.3932 8.2018e+05
41194.9025 14.9526 4.8509e+05
41244.4125 11.9390 1.3394e+05
41723.1725 13.1899 3.4454e+05
42268.4326 13.7248 1.5612e+05
43127.3526 13.6323 2.0115e+05
43168.2226 12.1545 3.5157e+05
43347.9326 15.4804 1.6938e+05
43466.6027 13.4799 1.2763e+05
43467.8927 10.5046 1.0974e+05
43495.3127 19.4040 1.7657e+05
43514.8827 12.3756 1.5095e+05
43515.4427 10.6437 1.5095e+05
43533.4927 13.7307 8.4682e+05
43534.4327 12.0346 8.4682e+05
43535.5027 10.4443 6.1387e+05
43867.1727 12.2281 1.0946e+05
44002.9327 10.0920 8.7213e+04
44024.1427 10.8851 1.0285e+05
44282.8727 10.4112 1.9397e+05
44297.4727 16.7707 1.8461e+05
44333.5927 12.4311 1.3673e+05
44495.7327 10.1885 7.8420e+04
44523.5327 13.4148 1.0930e+05
44585.5227 12.7508 8.2993e+05
44586.5627 17.1317 7.2985e+05
44811.6427 10.7211 5.3983e+04
45128.3528 23.7008 2.9144e+06
45141.8028 13.3704 4.2663e+06
45234.1228 11.3984 1.0861e+05
45234.6028 12.6764 9.8123e+04
45238.3628 10.2257 9.1105e+04
45261.3428 10.9528 1.6078e+05
45263.7128 11.3491 1.6073e+05
45272.4728 10.3130 1.8882e+05
45290.7428 13.1669 8.1781e+04
45308.9628 12.6999 1.8353e+05
45337.8928 11.4050 1.0601e+05
45354.7728 19.2049 5.1216e+05
45365.1428 11.1100 3.8730e+05
45372.5828 12.4946 2.9567e+05
45656.5428 10.8813 3.8882e+05
45658.1828 15.4667 3.8882e+05
45672.5528 15.8478 7.1005e+05
45795.5128 11.2667 4.3932e+05
45798.5628 12.5962 3.7829e+05
45824.9228 13.4830 2.9316e+05
45851.4728 14.8837 1.3424e+05
45865.1128 13.4133 2.1253e+05
45878.9528 11.1157 6.1359e+05
45923.1528 17.9168 3.5578e+05
45993.8828 13.6438 2.0025e+05
46115.4628 18.4494 4.3009e+05
46132.9528 10.7006 2.9232e+05
46165.0928 10.9860 5.5670e+04
46341.5928 12.0932 4.1844e+04
46424.6228 15.7199 6.0569e+04
46529.0928 11.2247 6.2705e+04
46696.7929 10.7570 7.0250e+04
46807.6929 13.1964 5.6676e+04
47129.8529 11.8047 1.3283e+05
47153.4829 18.8609 3.6093e+05
47162.7129 11.2201 1.1799e+05
47269.0129 11.3303 8.7667e+04
47357.7529 14.4426 7.0191e+04
47442.5229 11.4752 1.4851e+05
47451.4429 14.0798 1.4621e+05
47467.5729 13.6374 4.0177e+05
47492.1029 16.2810 1.0594e+05
47500.0629 10.5501 1.4530e+05
47501.5329 12.9293 1.1111e+05
47562.6729 10.3177 1.1091e+05
47583.2329 12.2382 7.5881e+04
47588.4129 15.2082 1.1445e+05
47767.6529 11.5482 4.0955e+04
48152.5729 12.4460 2.2753e+05
48153.2729 14.3907 2.1681e+05
48157.4129 11.1399 1.3834e+05
48191.0329 14.1523 1.1687e+05
48273.3729 13.8855 3.2382e+05
48280.6729 15.4464 2.1401e+05
48292.7329 11.8214 2.8258e+05
48298.1129 20.0643 2.7750e+05
48309.1729 16.6821 2.0777e+05
48313.5029 12.5970 2.6747e+05
48326.7629 15.7117 3.3907e+05
48329.8129 14.4073 2.3479e+05
48342.5430 11.3623 4.2715e+05
48345.0030 14.4356 4.2715e+05
48346.4230 16.8854 3.3594e+05
48566.2230 10.7419 5.6297e+04
49336.4530 11.9008 6.2717e+04
49695.6130 11.4646 5.8461e+04
49792.5330 10.6292 3.5001e+04
49933.3930 12.4549 4.7445e+04
50095.2031 14.6337 3.1602e+04
50103.3331 14.3656 2.3573e+04
50195.8031 10.9362 1.0063e+05
50197.4131 11.4007 1.0063e+05
50413.0231 12.3214 8.1950e+04
50414.1631 13.1055 7.0908e+04
50546.2931 10.9861 4.8273e+04
50556.1131 10.1475 4.7167e+04
50615.8931 11.0303 4.7140e+04
50628.1331 14.1307 1.4271e+05
50671.6831 10.2718 1.1601e+05
50742.0431 10.4374 4.8406e+05
50762.6631 10.2886 2.3428e+05
50886.1931 11.3722 7.9852e+04
51046.2331 12.7660 1.7130e+05
51181.6731 15.0555 4.2042e+04
51254.5131 11.1673 2.7310e+04
51265.0731 11.1551 3.4368e+04
51334.1431 19.8934 6.8043e+04
51376.0031 10.6725 2.1930e+04
51581.4231 10.2491 2.9860e+04
51601.0531 11.3515 8.1151e+04
51981.8232 13.0013 2.5222e+04
52790.7232 11.3992 1.1295e+05
52871.5832 12.3286 6.5935e+04
53023.4932 12.3873 5.7802e+04
53466.8633 11.6951 7.4690e+04
53633.4033 14.2775 1.0886e+05
53937.4133 10.0303 6.0109e+04
54064.9833 11.6376 2.1059e+04
54597.1733 17.9428 1.4421e+05
54720.4333 12.0122 3.3395e+04
55111.6034 14.1382 4.5638e+04
55360.9934 12.9737 4.6846e+04
55399.0334 11.0594 5.5524e+04
56560.6535 13.6815 4.0146e+04
58405.1736 10.0283 2.4243e+05
58596.6836 10.5563 1.2233e+05
58878.3536 10.3768 3.2079e+04
58963.8236 12.1823 4.5425e+04
58980.0636 10.3470 2.1119e+04
59299.9636 10.3355 7.1940e+04
59380.4836 10.9867 7.8437e+04
59497.9736 10.8779 1.5586e+05
59501.8036 10.8052 1.9089e+05
59503.3136 10.3869 2.0336e+05
59508.7236 11.9586 2.7395e+05
59513.0836 12.1885 3.3069e+05
59566.5136 12.2604 7.9660e+04
59584.0336 23.1977 2.0170e+05
59714.2836 15.7684 8.1602e+04
59715.2536 13.0987 6.4838e+04
59740.5436 17.5814 3.9208e+04
59799.0336 11.0174 6.7387e+04
59799.9236 10.6000 7.1995e+04
61233.1937 21.1030 1.3595e+05
61365.7937 13.1242 2.7447e+04
62078.7738 10.9941 1.9565e+04
62289.4238 10.7616 3.0976e+04
62619.6038 17.0571 6.0545e+04
62693.6238 10.7647 1.6830e+04
62754.9338 10.1455 1.3715e+04
62765.6838 10.6537 1.4002e+04
62834.5838 10.0035 1.5051e+04
63116.7839 13.5528 4.6226e+04
63128.9339 10.0976 1.7493e+04
63605.2539 17.2192 3.2112e+04
63622.8139 11.9567 5.8315e+04
63687.9539 15.2500 1.6666e+04
63935.6239 10.7339 1.4945e+04
63990.9639 14.1080 3.6391e+04
64349.5939 14.9099 1.9970e+04
64474.8939 17.2163 4.6440e+04
64484.0939 17.1107 6.4068e+04
64568.4539 11.5069 1.6530e+04
64611.0639 14.7513 1.7166e+04
64767.6440 11.5990 2.8120e+04
65155.5040 14.0988 1.6649e+04
65234.5940 12.0900 2.6852e+04
66026.4640 17.8516 4.0930e+04
66176.5940 12.9313 7.2916e+04
66268.1940 11.2359 2.4796e+04
66424.2341 12.7067 4.2826e+04
66516.5941 11.8684 2.1425e+04
67073.6241 19.5063 2.4693e+04
67401.0341 11.3911 1.0653e+04
67736.0741 13.4574 2.4097e+04
67862.5141 11.5351 1.0057e+04
67939.0741 15.0575 2.4526e+04
68263.8842 13.8703 1.1401e+04
68315.8742 15.5432 3.6180e+04
68319.0742 18.5451 1.6375e+04
68338.7242 16.1954 1.9787e+04
68379.2442 13.1331 1.1657e+04
68560.7742 11.2560 4.9780e+04
68561.6542 17.9732 4.7283e+04
68798.9242 10.8065 1.8758e+04
69240.0342 10.2133 3.5408e+04
69385.7442 12.6598 7.0792e+04
69408.6342 17.3266 3.5822e+04
69558.5542 10.3074 4.4372e+04
70425.3943 10.8799 1.4935e+04
70585.3443 11.0438 4.8542e+04
71059.9943 17.7750 1.7317e+05
71072.6243 10.0234 4.7084e+04
71109.8643 23.2779 9.2891e+04
71449.1044 14.9917 4.2199e+04
71511.4144 12.2670 1.2635e+04
71863.7444 11.0721 1.9756e+04
72059.0544 11.3169 2.0896e+04
72213.5244 12.3908 2.5787e+04
72432.5044 10.3369 5.1682e+04
72456.1644 10.6148 2.5211e+04
72461.4744 18.9642 6.3321e+04
72690.5844 17.5665 3.1676e+04
72777.1744 10.6841 1.7569e+04
72951.4445 19.7617 3.8264e+04
73152.1645 13.7661 1.3617e+04
73430.5145 10.0081 2.3915e+04
73532.0845 12.0861 8.5205e+04
73533.5145 10.9508 1.1553e+05
73552.6345 10.0157 1.0422e+05
74016.8345 10.9461 1.7887e+04
74279.3545 13.8340 6.5912e+04
74366.9145 10.1222 2.6316e+04
74443.0545 13.0316 5.7942e+04
74563.1646 13.3632 1.5193e+04
74581.7746 10.3794 1.6666e+04
74655.3946 14.2889 1.7933e+04
74676.9446 12.0525 4.9347e+04
74743.5946 10.2754 2.5084e+04
74765.7946 13.9643 4.3458e+04
74785.1246 19.2143 3.5111e+04
75103.7046 10.4027 6.2427e+04
75111.9146 13.8799 1.6442e+04
75135.8046 10.9915 9.6714e+03
75163.1846 10.4185 1.0932e+04
75198.3146 11.9982 4.7778e+04
75210.9646 11.3998 3.7682e+04
75593.1946 10.7725 1.5794e+04
75619.3846 10.0307 2.8126e+04
75663.1446 14.7174 1.5038e+04
76128.0246 11.5162 1.7598e+04
76164.2946 10.4888 3.1543e+04
76314.2247 11.9256 1.6666e+04
76740.5147 13.6198 4.8734e+04
76785.8447 10.7449 1.7584e+04
76796.6547 14.3090 2.5311e+04
76910.7847 10.3583 3.4560e+04
77326.6847 11.7653 1.5851e+04
77566.5947 11.0013 4.7795e+04
77712.3747 11.0080 7.1942e+04
78053.4148 13.2352 5.4135e+04
78187.4848 13.5998 5.1341e+04
78314.7948 14.0662 6.8422e+04
78641.1948 11.4720 5.4826e+04
78820.0648 11.4077 6.0880e+04
79145.1948 11.5337 1.7474e+04
79286.2948 11.1200 5.9692e+04
79729.8849 11.4117 5.2271e+04
79797.8349 16.8070 2.3232e+05
79900.0649 10.0715 1.6546e+04
79967.4649 14.9970 2.6582e+04
80388.8349 10.7215 2.4808e+04
80651.0949 14.3562 6.5645e+04
80916.5649 16.0877 2.7753e+04
80990.0549 14.1144 1.6450e+05
81095.8949 10.3343 2.4219e+04
81352.3450 17.7818 1.0710e+05
81444.0350 11.9635 4.6881e+04
81458.5450 10.1749 2.4564e+04
81545.8350 11.6538 3.9810e+04
81547.9150 10.5608 5.7277e+04
81731.9950 10.0870 2.6883e+04
81804.9850 10.7857 3.4578e+04
81900.3450 10.2570 5.7318e+04
81954.5250 10.9171 2.9124e+04
82268.4450 11.3852 3.0751e+04
82345.8950 10.4366 4.3891e+04
82482.1750 12.2080 2.2973e+04
82777.4351 11.2560 4.1539e+04
82889.7951 10.9441 1.7195e+04
83198.6451 11.5594 3.8864e+04
83746.8751 10.3364 6.3424e+04
83934.1451 10.9065 3.4896e+04
84076.7251 20.8652 1.2211e+05
84189.7651 11.1416 1.0992e+05
84203.4951 12.9165 9.3503e+04
84221.9251 10.9708 8.0162e+04
84320.9651 12.5631 6.4171e+04
84382.8452 12.0000 7.2487e+04
84428.3052 10.8216 3.4782e+04
84640.6252 10.4913 2.1791e+05
84851.0552 14.2196 5.7053e+04
84941.9152 10.6466 2.5949e+04
85534.0852 12.4408 5.9121e+04
85705.3052 10.5005 7.3487e+04
85706.6452 11.4749 8.8994e+04
85730.7952 11.5709 4.9993e+04
85751.8752 11.2095 6.5392e+04
85858.2552 16.0411 4.3785e+04
86139.6853 10.9669 8.4113e+04
86183.1153 12.9296 1.1415e+05
86212.1353 10.3380 5.6540e+04
86228.9253 12.6367 1.6270e+05
86257.4053 10.7375 3.6831e+04
86319.3053 12.7519 5.3357e+04
