32.5700 10.3433 7.1504e+04
59.3800 15.7455 2.6341e+05
141.0700 16.2432 4.5260e+05
203.2200 11.1704 1.1750e+05
258.3300 10.2696 1.4613e+05
388.5000 11.1665 7.5616e+04
505.7100 20.0258 2.3214e+05
566.2900 10.1011 9.7198e+04
609.6500 10.3178 1.1008e+05
666.6500 16.0806 1.1600e+05
687.9400 11.1691 1.4509e+05
748.0200 10.6375 2.0661e+05
823.4001 11.5919 9.1488e+04
913.7601 18.2638 2.7356e+05
935.6101 11.5327 2.0048e+05
937.8801 13.1202 1.9313e+05
1017.1201 10.2075 1.6503e+05
1104.3501 14.0977 8.2117e+04
1120.2601 13.2756 1.9124e+05
1122.0801 11.1414 2.4265e+05
1133.0701 10.2145 2.0784e+05
1205.7001 12.0986 1.6627e+05
1216.2501 13.6901 2.5782e+05
1237.5301 12.2226 1.5970e+05
1288.6901 17.6712 1.6872e+05
1331.0701 10.0574 1.6840e+05
1357.2901 12.1381 1.8824e+05
1364.2801 11.3270 2.0004e+05
1371.5601 10.2254 2.7998e+05
1387.4301 12.3680 2.5443e+05
1487.5401 13.4947 1.2425e+05
1537.6501 12.8548 6.6863e+04
1705.9001 13.6196 1.5931e+05
1716.1701 13.8900 1.5707e+05
1738.4301 15.8812 1.1055e+05
1743.2501 16.8846 1.5689e+05
1762.2801 14.1887 1.6039e+05
2011.5001 14.5602 1.8790e+05
2070.3201 12.4122 3.1372e+05
2074.5201 17.1933 3.8704e+05
2111.2101 11.9361 1.6964e+05
2145.2001 10.8547 2.4033e+05
2242.4401 11.3968 2.8577e+05
2243.2801 12.4776 2.8577e+05
2313.6001 10.5410 1.7197e+05
2334.8001 12.0200 2.6376e+05
2345.2501 15.7054 2.2446e+05
2361.6001 16.3902 2.1991e+05
2372.1301 10.6073 1.0016e+05
2437.7001 10.6901 2.8038e+05
2438.2901 11.6483 2.8038e+05
2463.9102 16.9366 9.8845e+04
2471.3202 16.2960 1.8989e+05
2525.6902 11.4170 1.0179e+05
2535.9102 12.7506 3.0390e+05
2536.2902 14.6383 1.7200e+05
2583.9202 14.7434 2.1857e+05
2595.3202 11.0311 2.1309e+05
2784.3102 12.3951 1.4512e+05
2796.4902 20.9324 4.1116e+05
2819.6102 10.0602 1.2951e+05
2851.3902 13.6564 1.0692e+05
2867.9902 16.7808 1.4110e+05
2972.5102 14.3385 1.5802e+05
2998.4902 10.5274 1.3991e+05
3193.4102 14.8555 1.5435e+05
3305.2102 17.4292 3.9782e+05
3406.4402 11.0390 3.0391e+05
3407.0702 10.2172 2.3873e+05
3543.1302 10.3268 2.4283e+05
3585.3002 13.1864 1.6580e+05
3645.8102 12.6463 3.3397e+05
3681.3002 16.2499 1.6208e+05
3716.1002 10.7094 1.8134e+05
3725.7502 10.9099 1.0256e+05
3768.6902 13.8668 2.2920e+05
3774.3302 15.3337 3.5053e+05
3777.0202 10.9818 2.8000e+05
3794.8202 14.8124 2.4311e+05
3824.0202 12.1864 1.6788e+06
3826.2402 26.1837 1.6788e+06
3833.0702 15.1986 6.0321e+05
3844.6902 21.6274 1.4739e+06
3845.2002 14.0149 7.6136e+05
3864.4902 10.9509 5.7412e+05
3867.5102 10.3356 7.7078e+05
3870.7602 13.5143 4.6800e+05
3886.2302 11.1128 5.0713e+05
3887.7302 12.4120 2.3017e+05
3902.1602 10.8989 1.6164e+05
3908.9002 14.6208 5.7398e+05
3911.7802 10.1419 4.8104e+05
3921.7902 23.7905 6.1562e+05
3931.7602 20.3464 1.2791e+06
3933.8202 10.4029 1.0500e+06
3947.0702 16.8009 3.1108e+05
3957.4102 10.6241 1.6523e+05
3991.7402 12.6140 9.4911e+04
4015.8402 11.4624 1.1999e+05
4068.4702 12.0381 6.5908e+04
4073.5802 12.5027 1.0739e+05
4091.8302 13.9926 2.5027e+05
4092.5102 13.0606 1.7883e+05
4161.2703 10.0006 1.2641e+05
4176.6003 18.6008 1.7818e+05
4185.0503 11.4021 1.1850e+05
4196.8003 12.8049 1.2787e+05
4201.9003 19.2469 6.0148e+05
4352.0203 10.4115 1.7184e+05
4368.4103 13.2788 1.6248e+05
4657.5803 11.0187 1.0988e+05
4907.3003 12.1859 7.8313e+04
4995.0503 14.0591 1.1113e+05
5095.9603 10.8911 5.8274e+04
5166.8303 11.1395 4.4271e+04
5263.1403 11.3107 3.6168e+05
5318.5303 14.3092 1.4726e+05
5391.1603 10.9281 6.2610e+04
5473.9203 10.3646 4.7102e+04
5513.8503 10.7458 1.6373e+05
5561.0603 10.3971 9.9033e+04
5566.0603 11.4817 1.7301e+05
5633.5403 10.8962 1.6586e+05
5635.6303 11.6829 1.4045e+05
5660.8203 10.9995 2.0600e+05
5834.0304 20.5637 1.9051e+05
5848.0204 13.0109 9.5605e+04
5940.5504 12.6605 1.7350e+05
5968.3204 12.2414 2.6211e+05
6340.7004 19.5143 7.6057e+04
6349.8504 10.2734 8.9774e+04
6406.2804 10.2652 8.5544e+04
6409.3304 11.0384 6.7385e+04
6554.1704 13.9966 5.6749e+04
6607.1904 22.6501 6.6013e+05
6615.1304 10.8072 2.2970e+05
6702.2404 10.1655 2.0733e+05
6769.3704 17.7922 3.3251e+05
6773.0704 10.7441 2.3546e+05
6896.0204 11.9246 3.1081e+05
6912.1204 11.2584 1.1208e+05
6937.4204 16.5684 1.3535e+05
6968.5804 12.6645 2.0303e+05
6968.8904 10.4466 1.8438e+05
7282.5104 14.0898 1.3247e+05
7324.6104 10.0880 1.0951e+05
7340.2604 19.6845 2.0040e+05
7356.6104 16.5456 2.7390e+05
7358.0204 14.7118 2.4628e+05
7389.4805 10.9490 1.6875e+05
7454.1105 22.2638 3.1817e+05
7463.4205 10.5388 1.5835e+05
7516.4505 11.8497 1.0541e+05
7552.4605 10.9077 8.3485e+04
7571.9105 13.8094 1.3634e+05
7588.4605 10.9747 1.0625e+05
7594.7305 13.1426 1.3732e+05
7596.2205 10.8389 1.5649e+05
7598.2905 10.0025 1.4891e+05
7607.0105 15.0097 1.5791e+05
7638.5605 17.3608 1.2259e+05
7657.6505 11.7426 1.7334e+05
7719.9005 10.2394 1.4257e+05
7824.7305 11.9289 1.1636e+05
7865.0705 10.1022 7.9416e+04
8025.8705 10.1385 8.5390e+04
8054.4805 10.0859 1.4683e+05
8062.2305 20.9903 1.7445e+05
8073.1205 12.0061 3.2699e+05
8086.6605 10.4700 9.9584e+04
8092.3105 16.0194 2.8387e+05
8123.6205 13.5122 1.8280e+05
8171.7505 12.3058 7.6062e+04
8202.6205 10.4658 6.2668e+04
8203.0405 10.3999 5.9272e+04
8577.1505 12.6393 1.9690e+05
8654.6005 12.1119 3.6044e+05
8682.7605 20.0470 2.7343e+05
8727.0805 20.8648 5.2107e+05
8728.4905 10.4673 7.8301e+05
8730.0205 11.0483 7.7402e+05
8832.8305 16.3283 2.9172e+05
8833.3105 14.0993 1.8933e+05
8847.1805 11.6155 1.0983e+05
8916.3405 13.8178 2.3039e+05
8931.7805 12.0779 3.9949e+05
8932.4905 12.7246 3.1737e+05
8984.0505 15.4215 1.7366e+05
9046.4306 13.2055 1.7007e+06
9046.7806 15.7929 1.7007e+06
9047.1606 11.7683 1.7007e+06
9047.5206 11.3471 1.7007e+06
9047.8406 15.0139 1.4696e+06
9315.8706 10.5180 1.3256e+05
9404.5206 16.0821 1.4587e+05
9466.7706 17.9312 2.3968e+05
9582.9006 13.4927 1.1518e+05
9599.6806 14.4071 8.5089e+04
9606.5906 11.2266 1.1483e+05
9630.1906 11.1791 1.2166e+05
9665.8306 12.2803 1.9588e+05
9767.5006 10.5297 1.9318e+05
9838.7506 12.1960 1.1460e+05
9877.0206 10.1242 1.0277e+05
9926.5806 15.7058 1.5501e+05
10210.1706 10.3027 3.8285e+05
10255.1306 12.9532 8.6164e+04
10496.2306 13.4628 8.3099e+04
10506.4806 10.2558 1.0271e+05
10506.7706 11.7101 8.0172e+04
10629.2306 11.9435 1.2202e+05
10754.1007 10.0981 9.0287e+04
10794.1707 17.9511 7.1255e+05
10802.7207 11.1812 1.1374e+05
10812.6407 12.5572 6.6905e+05
10840.3907 16.2509 9.0262e+05
10880.8707 11.4363 6.1022e+04
10903.3307 10.3173 1.5320e+05
10913.3107 10.0646 9.1982e+04
10932.8607 16.3012 9.9433e+04
11066.4607 10.3977 5.1470e+04
11110.1807 12.4940 1.2951e+05
11243.9207 12.2881 1.0491e+05
11273.4607 14.1338 1.5264e+05
11533.4107 11.2397 8.0001e+04
11580.0107 11.5637 8.6360e+04
11651.1407 10.0744 8.5869e+04
11731.8707 11.0132 3.1723e+05
11756.1707 11.6244 8.3030e+04
12007.0707 13.7626 6.6028e+04
12058.1907 12.9287 5.7434e+04
12167.9107 12.9643 1.7884e+05
12186.7907 10.7711 1.0650e+05
12197.3007 10.6262 1.1362e+05
12317.7408 15.2945 1.8098e+05
12333.0208 14.0787 1.0906e+05
12338.8008 15.1296 9.9989e+04
12349.2808 10.7967 7.7174e+04
12363.9608 10.9511 6.6415e+04
12560.9308 12.0180 9.8878e+04
12620.5708 11.1411 7.6906e+04
12696.7908 16.5904 5.4574e+05
12698.8108 14.7422 3.6138e+05
12727.6508 11.4853 4.1304e+05
12775.4308 11.6081 2.8881e+05
12776.2708 13.3991 2.2809e+05
12826.8008 12.1153 2.0600e+05
12909.5808 16.3241 2.4349e+05
12936.5008 11.3947 1.3285e+05
12978.2108 12.3617 1.2268e+05
13099.6108 12.7827 2.1410e+05
13121.1008 10.3572 9.7563e+04
13205.4808 12.4157 5.0432e+05
13225.4908 10.6891 2.1791e+05
13427.2208 12.0628 1.1961e+05
13431.0408 11.6468 1.0902e+05
13633.7508 10.5794 2.6611e+05
13733.2508 10.2310 9.6491e+04
13749.6308 10.9139 1.0379e+05
13811.7308 10.3789 1.0522e+05
13818.8908 11.1975 1.0340e+05
13871.7408 14.3808 9.0987e+04
14166.6709 11.1249 6.2609e+04
14301.6109 10.6457 9.0290e+04
14440.1809 12.4843 5.7033e+05
14506.6109 12.0728 5.9611e+05
14796.4209 19.6764 2.5899e+05
14809.1909 11.8440 3.7535e+05
14937.0809 14.9260 1.4875e+05
14989.6809 13.0571 1.0403e+05
15226.7609 10.2235 1.7387e+05
15246.6609 14.5633 1.6211e+05
15346.6209 17.2247 1.9228e+05
15362.5609 10.1327 2.2376e+05
15558.0509 10.4685 1.0251e+05
15620.8510 11.4009 1.2619e+05
15642.2710 16.4437 2.7951e+05
15738.5010 10.3067 1.8367e+05
15789.9010 12.8681 8.6204e+04
15893.1810 12.0955 1.5978e+05
15900.7910 14.1097 1.6870e+05
15995.9110 13.5178 3.0347e+05
16030.1810 12.3395 1.0735e+05
16051.2310 22.0648 2.4667e+05
16235.0610 12.9064 2.6754e+05
16287.7110 11.8963 2.5583e+05
16376.6910 16.3225 2.5309e+05
16464.5210 10.9852 8.4840e+04
16480.8510 12.7831 1.1903e+05
16489.8610 11.9680 3.1973e+05
16490.9210 15.1023 3.1036e+05
16550.7610 12.0585 2.4649e+05
16566.7510 10.6783 1.3910e+05
16580.0810 13.2221 1.4266e+05
16668.4310 11.5672 1.6026e+05
16670.5510 16.1023 1.6099e+05
16689.6010 11.2946 1.8376e+05
16707.3010 13.2556 1.4045e+05
16717.2610 13.0699 2.0643e+05
16870.7010 10.6510 1.0872e+05
16904.5710 10.9047 1.9548e+05
17033.1010 10.9985 1.1206e+06
17062.9110 20.5300 7.7594e+05
17126.2710 12.0924 2.6857e+05
17163.7210 11.7442 1.6798e+05
17479.0111 12.4049 7.0797e+04
17487.9911 17.2807 1.7928e+05
17686.2711 12.2923 8.9360e+04
17686.8611 11.4680 8.3619e+04
17699.1011 10.7462 7.1521e+04
17703.3311 10.2497 4.5641e+04
17726.9111 15.3197 7.2605e+04
18076.4311 16.1975 7.6195e+04
18127.9411 12.5324 9.0029e+04
18154.5711 10.1281 1.3497e+05
18221.1611 10.7335 1.1021e+05
18247.9611 12.2765 4.5860e+05
18304.5811 10.4618 2.3754e+05
18441.1011 12.6350 1.6609e+05
18479.6511 19.4128 1.0978e+05
18505.6111 11.3096 9.7723e+04
18523.4811 10.9479 7.3832e+04
18554.9911 10.7513 7.2460e+04
18658.6711 11.0449 6.2090e+04
18675.8111 12.8753 1.6048e+05
18780.9911 13.3167 6.1903e+04
18795.5211 14.5400 1.9429e+05
18879.4212 14.8871 2.1563e+05
18961.4112 16.7200 4.5491e+05
19389.0612 13.5045 6.4219e+04
19424.8312 11.0696 9.2988e+04
19470.1012 17.8936 1.6211e+05
19485.3812 12.6493 1.1149e+05
19625.6012 16.5842 8.2382e+04
19650.3512 13.9879 8.9491e+04
19665.1612 15.7811 8.6419e+04
19707.5012 11.6609 5.1335e+04
19709.3212 11.2052 5.0870e+04
19723.0712 10.6659 5.2105e+04
19816.8212 10.4905 1.1721e+05
19999.8912 11.4602 1.6395e+05
20422.1912 12.6361 1.1870e+05
20454.6512 11.0192 1.7194e+05
20503.5813 11.5502 1.1621e+05
20514.7713 14.9876 1.7982e+05
20540.8513 14.0322 1.6937e+05
20572.1113 13.3629 1.0094e+05
20580.5213 12.8955 1.7341e+05
20581.2213 11.2533 1.6372e+05
20597.1313 12.5250 2.9301e+05
20636.4413 10.5430 1.2392e+05
20643.1613 19.9760 3.8653e+05
20726.5613 10.2743 1.4789e+05
20752.7913 12.1327 1.3147e+05
20778.3613 11.1364 8.1610e+04
20908.0013 15.5531 2.9166e+05
20935.4213 24.6637 3.4322e+05
21016.2013 12.0049 1.4072e+05
21023.7013 15.6813 3.5281e+05
21043.8513 10.3559 9.8383e+04
21059.0113 15.1311 1.2431e+05
21089.5113 13.2271 1.3563e+05
21094.1713 11.6945 1.4016e+05
21121.5113 10.2138 1.1703e+05
21153.0713 13.2097 3.8421e+05
21153.7413 14.5726 2.8003e+05
21239.8613 10.2209 3.4253e+05
21241.7513 17.7010 3.0791e+05
21305.9413 13.9989 2.1429e+05
21325.6113 14.2814 1.7403e+05
21343.1613 20.2859 4.4629e+05
21373.6513 13.8794 3.0183e+05
21392.9413 13.5065 2.2248e+05
21396.5813 13.6632 5.0382e+05
21399.0413 19.8290 3.4149e+05
21408.6613 13.3912 7.2285e+04
21416.8413 10.1874 1.7898e+05
21444.5213 10.8551 4.7395e+05
21445.2713 12.2921 4.7395e+05
21446.5613 15.6917 3.7747e+05
21449.4513 10.9949 4.7760e+05
21450.8313 12.3653 3.7650e+05
21570.6813 12.5064 1.0596e+05
21576.2213 12.5066 3.5310e+05
21721.0913 15.5643 2.0727e+05
21739.0513 13.5269 8.4733e+04
21752.3413 16.3522 2.3157e+05
21788.3913 11.0723 1.2565e+05
21789.2813 10.0161 1.0427e+05
21805.9613 14.9054 2.1218e+05
21820.2813 15.6874 4.3908e+05
21842.6813 15.8647 1.9397e+05
21848.9413 10.3668 1.8947e+05
21893.4513 10.9780 2.3145e+05
21895.7213 11.4008 1.7668e+05
22069.0613 14.5347 3.4271e+05
22155.1414 12.7682 2.7155e+05
22205.7114 12.0837 5.9832e+05
22291.0914 15.7024 2.5249e+05
22368.8714 10.2507 1.8846e+05
22379.2514 12.0770 3.2237e+05
22423.1514 11.1029 1.4378e+05
22578.3414 13.0132 3.5844e+05
22703.8114 10.4581 2.6758e+05
22753.3814 17.6443 2.8604e+05
22807.4614 12.0902 8.4404e+04
22820.6414 12.0364 9.1652e+04
23060.8114 11.5250 4.3416e+05
23210.2014 12.0695 9.8579e+05
23211.6114 11.1092 9.8579e+05
23273.5914 11.0127 1.6954e+05
23521.3414 11.1730 1.8569e+05
23881.3115 11.3108 6.6157e+04
23997.1315 15.0085 1.0478e+05
24047.5615 12.6319 8.7307e+04
24119.6315 15.6654 3.2491e+05
24140.9415 14.9699 1.4685e+05
24261.4515 10.4351 7.1157e+04
24265.2115 10.5760 7.3247e+04
24269.6615 12.2587 1.3093e+05
24438.3315 11.8375 6.9472e+04
24546.1415 12.9064 5.8498e+04
24554.5915 13.4638 6.3465e+04
24555.7715 10.9620 5.0633e+04
24568.0715 12.2181 4.9616e+05
24569.5315 17.2977 4.6702e+05
24582.1315 11.3797 5.6219e+04
24843.0415 12.4436 1.1198e+05
24951.3115 15.9923 2.2981e+05
25156.1315 12.7997 1.4604e+05
25204.3015 10.1272 3.0481e+05
25265.2315 12.1778 2.5065e+05
25372.4115 15.0173 2.5841e+05
25445.0116 10.3021 8.4112e+04
25572.7016 14.4659 1.0903e+05
25588.5016 19.4385 8.8521e+04
25640.3216 12.4721 1.9594e+05
25689.2216 11.7195 2.0379e+05
25708.5616 13.5555 2.1167e+05
25724.5616 15.0244 1.8595e+05
25766.6116 11.5583 3.1829e+05
25779.9516 10.2664 1.9559e+05
25782.3816 10.0297 8.3513e+04
25799.5516 20.8211 3.3813e+05
25827.9216 13.2181 4.8378e+05
25833.4416 10.3582 4.9977e+05
25884.9716 17.6440 1.9461e+05
25910.7816 13.5156 1.1535e+05
25934.2616 12.7031 8.3071e+04
25948.2016 12.5034 1.2135e+05
25973.2916 10.5977 1.9148e+05
26034.1216 18.6288 1.3639e+05
26042.7316 11.8166 1.7776e+05
26050.5116 16.3623 2.1585e+05
26072.3916 13.6350 2.1990e+05
26084.7516 10.2542 1.3586e+05
26325.1216 10.6247 1.1984e+05
26332.8616 10.5771 1.9345e+05
26411.3416 16.2741 1.2390e+05
26451.1716 10.4466 1.0953e+05
26498.1716 10.2827 2.5502e+05
26519.2716 10.1882 1.9363e+05
26535.2216 11.0249 2.2464e+05
26609.9916 11.6857 1.3038e+05
26643.7416 10.2403 1.9976e+05
26651.2716 11.1624 1.6853e+05
26665.2116 12.2062 1.7520e+05
26672.9516 15.0803 1.7852e+05
26700.3516 14.4871 1.5598e+05
26721.2816 11.9913 7.0675e+04
26726.7616 13.0874 2.0020e+05
26732.6516 12.3243 2.0296e+05
26734.6116 12.9245 2.0296e+05
26741.4916 11.5537 1.9772e+05
26756.2516 13.7778 1.7993e+05
26818.4916 11.2523 7.9864e+04
26868.4916 14.1971 1.7745e+05
26875.8816 11.8637 1.5833e+05
26883.5416 14.2116 1.6928e+05
26891.8916 10.7168 1.6897e+05
26899.7116 11.9697 1.8454e+05
26969.8816 12.6451 1.3254e+05
27112.4217 15.7833 1.6922e+05
27124.3017 13.6793 1.2445e+05
27154.3817 10.8181 9.7798e+04
27165.4517 11.5644 1.0817e+05
27197.1917 10.8132 1.6998e+05
27242.2917 15.2115 1.2516e+05
27346.5917 14.1608 4.7785e+05
27367.0817 10.1590 1.0045e+05
27554.9917 10.9197 8.5830e+04
27620.1517 10.1964 1.0033e+05
27669.1617 12.3375 1.0341e+05
27690.6617 12.3885 1.2102e+05
27736.6317 18.8387 1.6610e+05
27746.6617 13.1125 1.2298e+05
27767.0717 12.9001 1.8249e+05
27837.3617 17.6747 1.7141e+05
27874.4517 11.2817 4.8886e+04
27896.7717 11.6175 8.2188e+04
27952.1017 11.9373 7.4291e+04
27993.7717 13.7371 9.3841e+04
28055.1717 10.0413 1.0238e+05
28095.0817 11.7731 8.8278e+04
28128.2617 10.8476 5.3797e+04
28159.8617 16.9382 1.3954e+05
28242.4517 16.3477 1.1525e+05
28292.9617 14.2932 2.4025e+06
28308.6217 18.6750 2.5667e+05
28350.5017 10.8936 1.1265e+05
28408.5417 12.3764 1.1566e+05
28409.1117 16.1974 1.1486e+05
28443.6417 18.3742 1.2257e+05
28458.1917 16.8987 5.8498e+04
28465.8717 13.5390 7.5090e+04
28501.0817 10.2114 8.0925e+04
28512.8717 12.5732 1.0376e+05
28526.6217 11.7041 1.1937e+05
28529.5617 11.5660 1.3518e+05
28548.8617 11.9428 1.1403e+05
28556.1517 23.5716 4.9238e+05
28564.2817 19.3316 4.6604e+05
28575.3817 19.7622 3.9030e+05
28685.9118 13.5596 2.8070e+05
28943.7418 11.7565 1.2054e+05
29025.3218 13.0278 1.2471e+05
29095.4718 12.8526 7.3895e+04
29156.9918 12.4517 9.1019e+04
29186.0618 10.6246 8.5334e+04
29349.4018 12.0626 1.0468e+05
29435.1718 15.2262 1.4529e+05
29572.7718 10.5459 1.0578e+05
29707.0618 13.3430 1.1805e+05
29848.2618 11.9243 9.6183e+04
29895.3718 10.3327 3.4837e+05
29980.4218 13.6535 1.6078e+05
30074.5018 12.4722 1.1127e+05
30314.0719 11.7851 2.2121e+05
30555.0519 10.7158 2.6918e+05
30601.7919 10.3965 1.6610e+05
30622.2519 10.3894 1.3527e+05
30835.8819 11.4801 1.0587e+05
30847.6119 10.5286 1.2369e+05
31322.7319 19.7985 3.3791e+05
31477.8819 10.6359 8.7290e+04
31509.2219 11.9562 2.2998e+05
31549.1619 13.1940 9.4815e+04
31815.2319 12.6613 1.7392e+05
32236.0120 12.3983 2.7498e+05
32245.7420 11.6546 1.1358e+05
32364.6520 16.2867 5.4276e+05
32432.7220 11.7210 2.9334e+05
32523.8020 10.8000 3.2013e+05
32524.2220 12.4527 3.0062e+05
32645.5020 14.0065 2.5499e+05
32677.9420 14.0344 4.1469e+05
32683.4620 11.5883 4.9634e+05
32688.4220 13.8755 8.7265e+05
32821.3620 15.0332 6.0462e+04
32925.3920 17.7742 2.2082e+05
33068.1220 10.9973 1.4367e+05
33367.3920 12.1920 2.0265e+05
33425.7620 11.7634 1.0183e+05
33459.3820 12.9389 1.5087e+05
33591.1721 12.0385 7.2044e+04
33599.8821 11.0460 2.7867e+05
33804.2121 10.1951 8.8354e+04
33865.8321 10.0220 7.3566e+04
33921.2821 12.9611 7.2396e+04
33992.9321 10.1890 1.0943e+05
33995.0021 11.3836 1.0274e+05
34020.6521 11.6056 1.2168e+05
34054.9221 10.3248 7.5607e+04
34096.4021 15.9950 9.2213e+04
34139.1821 14.1544 1.0325e+05
34171.6621 17.0783 1.7143e+05
34189.2821 10.8682 1.0834e+05
34253.0321 13.6598 2.2872e+05
34281.9721 12.2416 1.5370e+05
34368.1321 17.8303 3.4817e+05
34371.9921 10.3161 2.3218e+05
34389.6321 15.0640 2.6249e+05
34443.3221 14.8116 1.2308e+05
34463.9121 10.5970 2.2377e+05
34464.6121 14.2407 2.3398e+05
34481.1621 10.1989 1.5279e+05
34490.5921 11.6541 1.9744e+05
34494.1221 14.5882 1.6622e+05
34504.9521 19.4886 1.5664e+05
34511.0421 21.2346 4.9639e+05
34514.6821 19.8154 4.0018e+05
34703.7821 16.4886 1.3208e+05
34836.4521 11.6110 3.2666e+05
34837.4621 14.2817 3.1515e+05
34860.1921 10.9701 1.0775e+05
35126.0421 11.3647 9.1904e+04
35202.4521 10.0762 9.6971e+04
35347.6022 10.1748 1.4540e+05
35408.8822 11.1390 1.0377e+05
35641.0522 11.0682 9.6725e+04
35731.4422 10.0373 5.0789e+04
35820.6022 13.1170 1.0465e+05
35916.4322 16.3966 2.8895e+05
36019.0922 12.0431 2.5415e+05
36178.2922 15.6216 5.7058e+05
36236.2322 12.5940 3.7801e+05
36286.7022 10.2033 1.7395e+05
36305.1122 13.3275 9.2351e+05
36307.2722 11.7650 9.2351e+05
36308.0422 10.5921 9.2351e+05
36308.8722 12.2279 5.8167e+05
36389.6522 11.1270 2.0945e+05
36539.3622 11.6296 3.3614e+05
36911.8323 10.0152 1.8708e+05
36940.6423 11.1020 1.0614e+05
36961.5223 10.2027 3.3570e+05
37004.1323 15.5165 1.5371e+05
37116.8623 10.8334 1.2536e+05
37221.2523 11.6428 2.0566e+05
37223.8823 13.5440 2.0566e+05
37379.1523 11.2005 1.1000e+05
37486.6923 13.3912 2.5056e+05
37515.2223 20.4087 1.6037e+05
37724.9923 14.5366 1.4678e+05
37786.1023 20.3858 3.7159e+05
37832.7023 12.3288 6.6491e+04
37841.1123 10.3802 1.4008e+05
37848.9123 10.6187 2.6844e+05
37863.4023 25.8004 1.6018e+06
37868.5423 14.9231 7.6205e+05
37877.3623 23.4480 9.6240e+05
37883.6323 23.4506 1.3926e+06
38004.3323 10.1507 1.2725e+05
38012.0323 13.1825 1.5773e+05
38265.0223 11.8480 6.0300e+05
38265.4723 10.3201 5.6143e+05
38286.2123 11.9146 1.3802e+05
38301.4323 11.6923 5.2672e+05
38406.9923 12.7961 1.0512e+05
38498.7023 11.1809 1.1412e+05
38887.2824 12.5177 1.7701e+05
38968.6324 10.0089 3.4053e+05
38972.1424 12.1947 3.2631e+05
39002.6024 13.7573 2.3946e+05
39038.3924 12.5659 3.0247e+05
39056.2924 11.0921 2.8679e+05
39313.4024 12.7713 4.7740e+05
39327.1624 12.1225 1.6811e+05
39339.3524 14.5459 2.8299e+05
39405.2724 12.6473 1.6275e+05
39481.1124 10.3019 5.4105e+05
39567.7524 12.9539 2.8291e+05
39628.2824 11.0645 7.9505e+05
39629.5424 13.5345 5.3015e+05
39640.2024 16.9382 7.8201e+05
39676.6224 15.7715 3.9630e+05
39678.1124 11.3931 2.4500e+05
39700.1624 18.6076 5.2258e+05
39714.6624 11.3818 4.4985e+05
39773.4024 10.4251 2.7053e+05
39860.4224 13.1255 6.5625e+05
39939.9224 10.0150 1.5922e+05
39958.6224 11.4105 1.5209e+05
40010.0924 16.6050 1.5931e+05
40019.0924 11.6234 2.6718e+05
40441.3925 10.9417 2.5243e+05
40578.5425 10.6131 9.2661e+04
40591.7825 12.2653 1.1246e+05
40653.3725 10.6146 1.4597e+05
40916.0725 10.0841 1.7200e+05
41141.8725 10.6883 1.6255e+05
41538.6425 17.6006 4.2474e+05
41553.6225 10.1220 1.4674e+05
41597.5625 12.0990 2.3582e+05
41623.7825 13.5395 1.1479e+05
41682.5525 25.7935 6.7360e+05
41729.8125 10.0086 1.4827e+05
41824.0426 12.4728 2.2980e+05
41836.3426 10.6279 9.7569e+04
41868.3826 10.8885 1.4378e+05
41898.6426 10.1116 1.5057e+05
41907.3326 11.7854 3.1598e+05
41979.9526 12.1396 1.6664e+05
42098.3226 10.0927 1.2924e+05
42163.7226 11.5722 4.3052e+05
42578.8726 13.2102 1.4538e+05
42658.6426 11.2521 4.4409e+05
42681.8426 10.5564 1.8148e+05
42724.0426 12.8457 2.4627e+05
42782.9526 11.1230 1.8263e+05
42873.4026 10.8342 1.4561e+05
42883.3826 13.5196 3.2400e+05
42884.2326 10.1364 2.4195e+05
42967.7926 10.0080 1.2070e+05
43048.8826 11.4099 1.0234e+05
43177.9426 22.2065 5.5167e+05
43185.0226 17.8886 5.1317e+05
43242.5026 10.5958 1.5332e+05
43266.3826 16.6457 3.8839e+05
43362.5326 16.1696 2.6412e+05
43654.4527 10.5205 1.9849e+05
43764.4527 11.5348 3.2712e+05
43857.6527 10.4596 3.0629e+05
43862.6527 12.2056 3.2809e+05
43955.0627 10.4904 1.4019e+05
44175.3127 10.2025 1.1434e+05
44233.0727 10.6247 2.2666e+05
44327.4827 11.7599 1.1671e+05
44417.9727 12.5806 7.9008e+04
44468.6527 11.6041 1.1374e+05
44507.3027 10.7022 1.1024e+05
44658.3927 10.5191 1.9657e+05
44745.1227 15.1143 3.6159e+05
44825.8027 12.2779 1.6076e+05
45052.2827 10.2869 1.9008e+05
45075.7528 11.7000 4.5164e+05
45078.6528 14.3677 2.8666e+05
45128.2828 22.8364 1.3601e+06
45542.6528 16.7671 1.0492e+05
45555.1528 10.3247 1.0206e+05
45566.7128 14.4287 1.9528e+05
45575.5828 10.3832 2.1473e+05
45735.5428 10.8540 2.7767e+05
45858.1328 10.2535 3.3115e+05
45951.1828 10.5311 1.0876e+05
46042.3228 13.1416 4.3361e+05
46059.1528 10.0607 2.0260e+05
46084.6028 16.1882 1.5730e+05
46106.9728 10.8396 1.0813e+05
46322.6228 10.3048 3.2767e+05
46324.8528 14.7713 3.2530e+05
46425.1328 10.7213 1.0658e+05
46452.1028 11.3967 4.7324e+05
46452.6128 15.0053 4.5057e+05
46491.4728 10.3204 1.0627e+05
46536.7128 10.0158 8.4172e+04
47060.7829 11.9757 3.0974e+05
47102.5329 10.8301 4.8690e+05
47105.9729 10.6570 5.3862e+05
47180.0329 10.1305 2.5988e+05
47239.4429 10.6024 1.5051e+05
47297.7929 12.3107 4.1421e+05
47301.2329 11.2813 3.7928e+05
47362.8229 17.5025 3.5839e+05
47369.2529 18.9322 3.2694e+05
47404.7029 12.2818 4.7062e+05
47425.9929 16.3616 2.7009e+05
47470.2029 15.5845 2.3107e+05
47480.5729 12.0509 1.6720e+05
47498.3629 10.7392 1.2558e+05
47516.7229 10.7842 1.0381e+05
47557.9529 16.0119 4.7507e+05
47561.6229 14.6017 4.7507e+05
47629.7329 10.4364 2.3505e+05
47639.4329 14.5350 1.5449e+05
47885.4629 11.1159 1.1342e+05
48072.7629 10.8545 1.0222e+05
48077.5129 10.6066 2.1300e+05
48089.9729 10.0201 1.5712e+05
48123.8429 11.7289 2.6608e+05
48129.9229 11.0004 1.3617e+05
48195.1329 12.4541 9.0231e+04
48614.4730 11.9049 2.0391e+05
48615.9430 10.3137 9.7748e+04
48653.4030 14.1705 1.7379e+05
48674.1230 10.9612 9.1424e+04
48725.7730 14.0614 1.4258e+05
48750.3630 13.0700 9.3822e+04
48788.2230 15.5265 8.4075e+04
48859.1230 11.1282 4.4170e+04
48868.1130 11.7053 1.2709e+05
48892.9830 13.9159 6.4024e+04
48901.1030 14.0603 9.3386e+04
49316.5630 15.1871 8.2938e+04
49352.6730 12.2532 4.0110e+04
49420.5530 10.6467 3.8410e+04
49429.3930 13.8397 4.4055e+04
49437.5830 13.5788 5.5504e+04
49548.1330 10.0638 1.0364e+05
49585.7830 10.7018 7.5164e+04
49605.9630 16.9753 4.5887e+04
49613.6930 10.7351 1.0874e+05
49614.2930 15.9872 1.0703e+05
49893.3530 17.3447 8.8457e+04
49903.3730 17.9987 1.2872e+05
49927.0130 12.5709 5.9031e+04
49941.7730 10.9020 1.0098e+05
49942.3830 11.5078 7.5170e+04
49955.7430 12.7641 8.9117e+04
49965.8530 14.6189 1.0996e+05
49970.2030 11.6781 8.8675e+04
49979.6931 10.8923 8.9551e+04
50001.0031 11.6550 6.1885e+04
50005.9031 10.9561 7.4874e+04
50029.3631 11.6865 6.4072e+04
50030.6431 12.2140 7.9241e+04
50053.4331 13.6831 7.7143e+04
50107.8031 12.1450 1.5494e+05
50108.5431 12.4666 1.5494e+05
50142.0831 11.5387 1.7132e+05
50154.3431 17.0822 2.3471e+05
50176.5131 10.3600 1.5431e+05
50206.3331 10.8186 2.8882e+05
50208.2931 13.5997 3.4306e+05
50246.1031 24.7711 6.6351e+05
50302.3231 14.7442 6.7458e+04
50313.7331 12.4923 1.0662e+05
50314.1131 12.6260 9.2630e+04
50332.4531 11.6534 7.0008e+04
50445.4831 13.8234 5.9181e+04
50597.4031 11.2589 3.1084e+04
50604.1731 19.1967 4.5852e+04
50618.5031 17.1224 7.6449e+04
50627.7431 14.3810 8.7076e+04
50640.3731 10.1445 8.7581e+04
50642.6731 15.5117 8.7581e+04
50644.0231 13.2937 7.4115e+04
50674.1231 10.2754 6.3027e+04
50706.0831 13.5392 1.7516e+05
50770.7231 12.0450 1.5689e+05
50969.1331 13.0537 1.2681e+05
50971.2931 11.5649 1.1201e+05
51023.4331 11.9849 8.7549e+04
51055.2531 11.5674 1.8856e+05
51168.1131 10.3536 7.0765e+04
51226.9331 11.2256 1.1595e+05
51229.6331 15.9536 1.1232e+05
51332.4431 16.4766 1.4585e+05
51458.6631 16.8690 1.1324e+05
51543.9531 10.9977 2.8329e+05
51788.7232 10.9928 4.9598e+04
51848.6232 12.9345 6.6624e+04
51882.5932 13.5337 7.2755e+04
51942.6632 10.1988 4.9117e+04
51948.0632 13.9710 1.0335e+05
51994.7432 18.4957 1.0389e+05
51997.2832 14.5771 9.6288e+04
52027.7132 10.7932 8.7083e+04
52062.6832 10.4164 1.1078e+05
52078.6732 13.1953 1.4175e+05
52091.8332 12.4081 9.0122e+04
52093.2832 13.5712 8.4513e+04
52163.1332 13.1253 1.0938e+05
52165.5932 12.9785 1.9025e+05
52167.8632 15.1807 1.9466e+05
52169.0532 10.6573 1.1851e+05
52201.4632 10.2419 5.4207e+04
52228.9732 11.4561 4.7283e+04
52253.2832 13.0323 1.3432e+05
52271.9932 10.2402 8.7228e+04
52314.1832 10.2808 7.7052e+04
52340.4232 10.0114 5.7131e+04
52431.1632 11.4743 1.1596e+05
52515.7132 12.2779 1.7180e+05
52562.7632 19.8955 9.2037e+04
52578.2432 11.2560 8.5279e+04
52608.1532 11.1136 1.5880e+05
52640.8332 10.1259 3.6881e+05
52699.9232 10.9014 5.7310e+04
52736.0932 14.6470 5.5306e+04
52778.2532 14.4405 8.1758e+04
52779.5132 15.9546 8.1758e+04
52780.2632 11.4825 8.1049e+04
52786.2932 12.0840 7.5930e+04
52817.4832 11.0233 7.3682e+04
52819.4432 14.2488 6.9151e+04
52831.8032 11.2570 1.2624e+05
52983.2332 16.5922 7.2032e+04
53000.4932 12.1328 5.3779e+04
53027.1232 23.8422 1.1767e+06
53028.4932 20.1456 1.1687e+06
53067.9132 15.3425 8.1900e+04
53079.6932 12.4238 4.4670e+04
53089.0632 10.7931 6.7368e+04
53100.9932 11.0531 3.8348e+04
53208.8532 23.0160 2.5901e+05
53256.0133 12.3120 5.9641e+04
53271.3333 11.3104 8.2274e+04
53319.1433 12.2910 6.2072e+04
53321.1233 11.3655 9.6014e+04
53407.2833 16.8969 1.1993e+05
53488.6533 11.0435 3.4764e+04
53565.9633 10.5711 4.6859e+04
53585.8433 10.2913 4.2629e+04
53590.4533 10.0623 3.2197e+04
53598.3333 12.6842 5.6109e+04
53605.8933 12.4104 4.1452e+04
53624.1933 12.7408 6.3201e+04
53625.4533 13.5115 6.0997e+04
53645.6833 18.1590 1.2122e+05
53646.2333 10.0694 1.2043e+05
53655.3533 13.3151 2.1151e+05
53714.3033 10.4710 8.7264e+04
53784.4033 10.1099 8.7067e+04
53844.4333 10.8042 8.0734e+04
53906.9433 11.0363 2.5159e+04
53928.1833 10.9190 4.8303e+04
53936.9433 11.7926 5.7238e+04
53984.6933 14.0154 7.9346e+04
54046.1333 16.2592 8.6196e+04
54051.1033 11.5090 9.9726e+04
54075.1833 17.0344 4.3373e+04
54097.5333 14.1955 2.2192e+04
54118.9833 10.7226 2.9001e+04
54125.6033 13.3189 4.5112e+04
54383.6033 11.7742 3.5084e+04
54396.0733 12.2293 4.0746e+04
54402.7133 10.9163 3.8131e+04
54423.5833 13.6606 7.5385e+04
54475.5833 14.3012 9.9989e+04
54488.4833 12.7174 4.9776e+04
54502.2233 11.4260 6.0451e+04
54558.3333 15.4670 7.9295e+04
54567.2233 10.1405 5.0651e+04
54682.0933 10.4102 5.2489e+04
54720.3733 10.8815 2.1649e+04
54723.4033 10.0066 4.5833e+04
54766.8533 11.4390 5.5001e+04
54777.0833 10.6007 2.2909e+04
54806.2833 18.4895 7.0273e+04
54812.7833 14.9376 1.2271e+05
54813.1733 14.3057 9.8002e+04
54818.7033 11.3961 1.4273e+05
54822.1233 10.0805 8.0665e+04
54860.5333 11.5343 8.1166e+04
54913.1534 16.4400 6.4909e+04
54917.3234 10.6342 7.3572e+04
54928.4434 10.7942 1.8114e+05
54931.1734 13.2382 1.3308e+05
54939.7734 11.1663 1.5031e+05
54968.9534 14.0530 6.6336e+04
54991.5734 13.6103 4.0274e+04
55002.5034 17.1452 1.1340e+05
55004.2034 12.5717 8.6138e+04
55052.6434 13.2960 1.0645e+05
55069.9734 13.0093 8.3694e+04
55070.6834 14.0895 8.3694e+04
55072.7834 11.9723 7.5487e+04
55104.2734 12.9387 3.0403e+04
55108.7434 11.5562 5.1512e+04
55112.5134 10.5143 8.1357e+04
55113.1234 13.2037 8.1357e+04
55115.0934 12.0417 7.2261e+04
55137.3734 13.2424 4.7881e+04
55143.8434 23.9035 3.4174e+05
55145.0834 12.3770 3.3785e+05
55198.9134 10.5087 4.8258e+04
55206.2434 17.1734 6.1060e+04
55213.7634 12.3328 2.8784e+05
55232.6034 11.2657 1.5178e+05
55233.6134 13.0262 1.6372e+05
55234.1234 11.0366 1.6183e+05
55294.5234 11.6220 1.5680e+05
55298.6934 12.3695 2.7114e+05
55300.6534 14.7648 2.2644e+05
55337.0534 11.5764 3.4773e+05
55339.4734 11.7178 4.4806e+05
55398.7734 13.2452 1.0184e+05
55408.0934 10.5393 1.2583e+05
55444.5334 17.1383 1.0065e+05
55517.5534 12.1249 2.9310e+04
55537.2134 10.1630 9.7471e+04
55576.2334 14.1019 2.9649e+04
55628.0034 19.2955 5.8058e+04
55642.9634 15.6054 6.2482e+04
55650.1234 13.5866 7.5708e+04
55670.9034 14.4769 4.7209e+04
55675.4034 10.0085 6.0442e+04
55691.5934 10.4427 9.0351e+04
55753.5034 10.9285 9.3328e+04
55772.0234 11.4849 5.7503e+04
55779.6034 11.0865 7.4777e+04
55785.3734 17.8731 1.2047e+05
55823.1234 16.4138 8.9929e+04
55826.5834 14.7878 9.3888e+04
55827.1934 11.4811 7.3678e+04
55833.1634 14.1968 8.1881e+04
55854.3034 12.8898 4.7466e+04
55859.9234 13.9643 3.8509e+04
55909.7334 14.3555 1.0090e+05
55917.7834 16.8933 8.3072e+04
55941.9934 12.1074 3.8025e+04
56040.1834 10.9987 9.8351e+04
56183.8634 11.4703 7.2441e+04
56206.9034 11.1989 9.9507e+04
56276.2534 11.0022 1.0034e+05
56295.9534 12.2906 2.1038e+05
56315.6034 12.3031 9.1148e+04
56349.2734 11.6972 7.3600e+04
56439.7534 14.0984 4.1654e+04
56446.0034 11.3520 5.2824e+04
56478.2934 13.7570 6.0489e+04
56483.1034 12.3016 1.0320e+05
56492.5334 11.0540 9.3695e+04
56520.3134 10.9117 7.0382e+04
56567.1235 14.0632 9.3669e+04
56591.4735 10.2578 4.4945e+04
56615.6635 13.1895 4.4555e+04
56634.6235 10.0202 4.6794e+04
56648.0235 15.6697 5.2311e+04
56653.1235 11.2487 9.3282e+04
56714.8435 13.6055 6.0678e+04
56764.5435 10.1112 3.5966e+04
56787.3835 13.1903 4.3234e+04
56825.0035 14.2195 2.5804e+04
56841.2935 11.0895 5.0019e+04
56878.7635 16.4929 5.4126e+04
56883.3935 12.3426 3.0734e+04
56978.4335 17.5816 4.2994e+04
56986.0435 16.6964 3.4514e+04
56991.5935 11.0546 3.0660e+04
57009.8335 13.5448 5.7659e+04
57022.3135 12.4460 6.8686e+04
57023.7935 11.2977 6.4163e+04
57031.5035 12.9065 7.3319e+04
57045.5335 10.7900 5.8823e+04
57055.8035 17.0077 8.2324e+04
57082.6835 13.1217 8.7044e+04
57096.8535 10.0297 1.2329e+05
57098.1535 19.6938 1.2329e+05
57105.6535 10.9604 1.5785e+05
57144.8735 10.2675 7.7267e+04
57158.4835 12.8456 8.4969e+04
57183.3535 14.8575 7.7990e+04
57225.3235 10.6489 2.8768e+04
57237.4735 17.8161 7.8671e+04
57238.5435 12.4480 6.3859e+04
57266.7335 16.4951 1.5473e+05
57267.3735 14.2168 1.5473e+05
57309.0035 20.5787 1.2217e+05
57366.5435 11.6009 9.5769e+04
57393.9735 15.0640 1.0933e+05
57408.7435 11.2848 1.0917e+05
57442.7635 13.1151 3.6121e+04
57443.3135 10.1979 3.7948e+04
57445.3035 11.5278 3.7948e+04
57546.4735 11.1074 6.1253e+04
57558.8835 16.0617 7.0268e+04
57570.9035 10.5023 5.9747e+04
57602.1335 14.9315 4.3984e+04
57619.3935 10.1298 2.9586e+04
57666.5535 10.6791 3.1444e+04
57696.0135 15.3270 4.4412e+04
57711.4335 11.9878 3.3347e+04
57737.9435 11.0371 3.7041e+04
57743.6935 11.3529 5.5655e+04
57795.9335 13.3087 7.7611e+04
57836.6735 14.4738 6.4501e+04
57867.1735 10.7024 2.0051e+04
57881.9935 10.8306 4.5370e+04
57884.4235 14.9641 5.9420e+04
57905.0235 10.7554 4.2556e+04
57924.1535 13.6359 5.4009e+04
57956.5435 11.8878 5.7551e+04
57992.4635 11.4883 3.8154e+04
58031.2635 20.9839 8.7634e+04
58045.3735 10.9991 5.3369e+04
58100.9235 18.3396 7.9035e+04
58279.3336 19.7085 6.5362e+04
58284.0436 10.9182 6.8125e+04
58289.6036 11.1425 3.9291e+04
58296.8136 13.6139 7.0080e+04
58382.9636 15.1999 7.1170e+04
58399.9236 12.0394 8.2641e+04
58433.0636 10.2729 8.8034e+04
58441.9936 15.3983 5.6971e+04
58458.9236 12.3692 3.9316e+04
58471.4036 17.6951 5.0636e+04
58501.9136 13.9724 6.7324e+04
58508.8036 13.4889 7.8495e+04
58572.5136 23.1050 8.4235e+04
58590.5936 10.2494 2.8451e+04
58591.7936 12.2917 2.1571e+04
58613.8836 10.7261 3.6424e+04
58644.8736 12.7463 3.6014e+04
58649.1036 12.4085 2.0559e+04
58653.8236 16.9227 3.1820e+04
58670.5136 15.6369 1.0672e+05
58671.2736 21.3703 1.0672e+05
58684.9636 10.2509 7.2205e+04
58687.8536 10.0633 5.7905e+04
58719.1036 11.4113 6.3716e+05
58803.5336 11.8901 3.3538e+04
58836.8436 12.7943 2.9680e+04
58987.6136 13.9297 2.8204e+04
58988.4236 10.2768 2.3048e+04
59044.8436 13.7866 1.1183e+05
59055.2836 12.9514 1.4430e+05
59056.7936 12.4198 1.3104e+05
59113.7136 10.1198 9.6652e+04
59115.0736 12.8430 8.1675e+04
59134.0436 13.9962 5.3602e+04
59153.0636 15.3207 3.9426e+04
59164.5836 14.8502 4.5153e+04
59178.1336 20.4080 3.8818e+04
59266.0436 19.3163 7.4162e+04
59273.7336 11.2748 3.1018e+04
59285.8536 14.9147 9.2769e+04
59297.1536 12.8516 4.2680e+04
59336.9336 20.9168 4.8460e+04
59351.0536 15.8531 4.9394e+04
59371.5736 11.6668 1.2083e+05
59387.2536 11.5423 1.9768e+05
59388.3836 10.0953 1.7292e+05
59405.7936 11.6979 1.0697e+05
59546.9136 11.7423 2.5402e+04
59597.4236 10.3991 8.0276e+04
59639.8536 11.4706 8.0837e+04
59696.9936 14.1807 4.9326e+04
59698.4736 12.6494 4.5368e+04
59715.8236 11.1091 3.7763e+04
59716.6336 10.6281 3.5125e+04
59746.9236 11.0031 3.6076e+04
59882.5537 11.5017 5.7119e+04
59957.9737 10.5801 3.6733e+04
60026.1037 11.9720 4.3515e+04
60037.4137 13.0769 3.5065e+04
60175.1737 16.4518 4.1790e+04
60206.1937 12.8555 2.6753e+04
60227.7037 10.9329 2.2945e+04
60296.6137 11.6084 5.6443e+04
60464.2537 10.2730 4.1769e+04
60499.8737 10.6858 3.3744e+04
60715.3537 13.2612 2.2298e+04
60752.1537 13.7581 5.8174e+04
60794.0037 13.6381 3.0388e+04
60849.5037 15.3411 6.0767e+04
61029.4437 10.1886 1.7371e+04
61040.0137 12.0877 2.3057e+04
61088.2237 10.5151 2.6317e+04
61146.4937 13.7076 3.2364e+04
61210.2137 12.6010 4.2404e+04
61231.6037 16.9801 5.6703e+04
61233.1337 18.3743 5.0611e+04
61248.7137 10.3761 3.8762e+04
61251.8937 11.0693 3.6955e+04
61296.4537 14.5297 6.2241e+04
61519.3838 18.3055 5.6653e+04
61524.9738 10.1051 8.6376e+04
61538.9738 10.6442 5.2971e+04
61552.5138 10.0117 3.7896e+04
61631.1438 17.8687 3.7369e+04
61653.2238 18.8153 4.5183e+04
61672.2738 11.7580 3.2618e+04
61681.2238 13.3241 3.4872e+04
61762.6838 15.4553 1.2062e+05
61771.3438 10.0183 1.6432e+05
61820.6538 14.6778 8.0161e+04
61821.2738 11.4185 7.9115e+04
61832.5238 12.4173 8.5021e+04
61871.7838 11.9302 3.8697e+04
61909.3238 13.0359 4.9891e+04
61963.2538 12.2598 2.9710e+04
62019.2538 15.4723 4.2758e+04
62031.5338 11.3114 3.8333e+04
62033.7838 12.6099 3.6563e+04
62048.8838 11.4764 4.4327e+04
62053.0538 11.1403 3.8443e+04
62059.8438 15.5628 7.3867e+04
62082.8338 10.5364 3.5142e+04
62083.3138 11.1715 3.1955e+04
62099.5338 20.1664 5.2336e+04
62106.8638 15.5989 2.9116e+04
62141.7938 15.1717 3.0901e+04
62165.5438 18.0349 2.9743e+04
62179.3538 12.6155 3.2080e+04
62191.9538 12.3858 3.1271e+04
62192.9038 10.6374 2.3597e+04
62201.5738 13.9443 4.4970e+04
62216.9638 12.8696 2.1862e+04
62232.2038 16.6038 8.1759e+04
62271.6538 18.4635 6.1089e+04
62296.9038 11.6707 2.1999e+04
62347.2938 10.2596 1.7051e+04
62358.6838 10.1967 1.5034e+04
62380.4638 15.7765 3.6769e+04
62382.1238 12.9110 3.1888e+04
62411.5738 11.4921 1.5279e+04
62455.5638 11.8719 5.7644e+04
62459.4838 10.8617 3.7741e+04
62536.0138 18.4650 8.8664e+04
62539.6538 14.0987 6.4383e+04
62546.8938 14.1583 4.5585e+04
62554.9438 11.6321 5.7873e+04
62571.0438 12.0283 1.6547e+05
62571.8838 12.9719 1.6547e+05
62573.4338 19.6736 1.3745e+05
62582.9738 23.9591 2.8279e+05
62585.5138 10.1329 1.5746e+05
62628.2538 13.3103 4.0420e+04
62648.2538 12.9907 3.3060e+04
62708.3538 21.3789 9.0455e+04
62749.3238 14.7356 2.6091e+04
62793.2738 11.7483 6.4383e+04
62795.9138 13.4893 6.4383e+04
62907.3438 11.0880 4.1236e+04
62909.8938 11.3207 3.9514e+04
62957.6538 11.0637 1.6875e+04
62975.4838 18.4777 4.9517e+04
62981.1738 10.2604 7.9041e+04
62984.5338 11.1166 1.1180e+05
62987.8438 11.7712 1.1429e+05
62992.3238 15.9629 1.6880e+05
63017.0038 11.3208 4.7396e+04
63027.9338 15.4429 5.6164e+04
63046.1138 11.4220 7.0279e+04
63047.9738 14.2250 5.7236e+04
63089.2039 13.0812 4.5183e+04
63125.1239 15.3645 7.9701e+04
63151.8239 16.6385 6.3442e+04
63211.8739 12.6492 1.9819e+04
63231.8939 13.9934 2.7721e+04
63279.5039 11.1598 3.0274e+04
63299.7839 13.6918 5.2090e+04
63371.0039 17.9484 5.2598e+04
63449.2939 13.9393 1.5579e+04
63461.0039 11.8112 2.4507e+04
63491.5639 11.2790 2.7849e+04
63505.5639 12.3913 2.2844e+04
63516.1039 14.9380 2.6866e+04
63537.2839 12.4749 3.0070e+04
63540.4739 12.0777 3.6920e+04
63689.6239 11.2932 1.6995e+04
63716.5339 10.1030 3.1097e+04
63844.4539 14.9746 4.6769e+04
63891.8639 14.9116 2.2324e+04
63908.6239 13.7779 4.2995e+04
64112.0439 11.0616 2.1115e+04
64139.8839 19.9097 7.5503e+04
64192.1639 20.2392 9.1495e+04
64200.1439 17.0607 7.8101e+04
64213.9839 11.8037 4.4915e+04
64222.4339 13.0869 2.1554e+05
64222.9539 12.0393 2.4820e+05
64223.5139 11.1429 2.7048e+05
64227.5439 10.5924 3.7235e+05
64271.2939 21.3138 1.3631e+05
64272.1939 14.7440 1.3631e+05
64272.9939 15.4532 1.3631e+05
64273.6939 11.3808 1.1392e+05
64278.2639 12.5260 1.3151e+05
64280.3439 12.5350 8.5246e+04
64294.4539 15.5817 1.1059e+05
64302.2639 12.2875 5.0125e+04
64315.6439 10.3497 2.0585e+04
64349.3739 15.9322 3.4355e+04
64375.0339 11.6478 4.4168e+04
64378.9339 15.0722 3.7578e+04
64400.2239 12.2956 3.1751e+04
64557.4439 12.9503 1.6129e+04
64572.0839 10.5847 1.5339e+04
64605.9639 15.4041 4.7743e+04
64677.9239 10.6661 2.2175e+04
64703.7239 14.0306 1.8131e+04
64724.5640 11.6569 5.5516e+04
64725.7240 12.3276 4.1086e+04
64731.1940 15.0973 4.5806e+04
64758.6840 14.7477 3.6410e+04
64783.8240 10.6329 1.2683e+04
64789.1940 10.6160 3.4894e+04
64791.5440 10.8115 8.0086e+04
64795.3740 16.6591 8.0086e+04
64823.5040 17.8735 9.9193e+04
64849.2240 12.0243 4.5370e+04
64867.4440 12.5527 3.2453e+04
64919.0640 14.1871 2.6153e+04
65001.5240 11.5859 2.8030e+04
65137.0740 13.9934 1.4459e+04
65178.9840 18.2364 2.9379e+04
65187.0540 17.5999 2.2506e+04
65353.8140 13.2963 2.9009e+04
65410.5640 19.3985 1.7448e+04
65467.9340 20.4678 7.9958e+04
65524.8340 15.8874 4.1202e+04
65525.3140 11.8194 4.9150e+04
65542.7140 11.3364 5.4781e+04
65545.8440 12.3354 7.0694e+04
65567.8740 10.8796 3.3864e+04
65573.6340 11.0324 4.1677e+04
65584.8940 13.2416 3.6169e+04
65617.4340 11.0664 1.6449e+04
65677.1140 10.2994 1.1248e+04
65742.9240 15.9912 2.9128e+04
65929.0940 18.4754 2.1325e+04
66041.7740 10.0109 1.2109e+04
66047.4540 12.5008 1.6071e+04
66131.7540 11.7807 3.7546e+04
66251.3840 11.3333 2.5964e+04
66281.8240 11.0137 4.3249e+04
66310.4440 10.4989 3.7191e+04
66322.3140 10.9281 1.6444e+04
66458.5241 11.9995 6.3836e+04
66481.9841 11.1761 3.7827e+04
66549.1041 11.0350 3.2020e+04
66593.4641 12.0455 2.0082e+04
66606.8041 13.7092 2.2234e+04
66615.9341 13.5556 2.9482e+04
66636.5341 12.5529 3.5599e+04
66764.8041 10.5650 1.4296e+04
66791.1641 12.7235 3.5815e+04
66800.3141 10.1019 4.2873e+04
66806.4841 12.6813 9.9292e+04
66807.6541 14.1331 1.1576e+05
66827.0941 17.2682 1.2669e+05
66833.3041 12.2947 6.1802e+04
66854.7941 12.6097 2.8556e+04
66874.7941 11.9519 4.7362e+04
66880.0541 16.7180 5.9897e+04
66889.3341 17.2737 1.1407e+05
66892.2541 14.0383 1.2063e+05
66904.7541 13.5238 7.3584e+04
66905.5741 10.9126 7.3584e+04
66933.2841 10.1162 2.0812e+04
66958.3141 16.1896 1.6609e+04
66966.8741 17.6034 4.0817e+04
66976.8141 10.5878 2.4477e+04
67021.3241 14.5349 1.7585e+04
67036.3341 12.8807 1.1835e+04
67072.0541 22.8277 4.9218e+04
67097.5541 11.3865 2.8977e+04
67214.1441 13.3341 1.6274e+04
67219.1741 10.6479 4.9554e+04
67224.3941 10.4424 4.4991e+04
67232.5241 12.7247 9.7038e+04
67233.1341 18.0695 9.7038e+04
67269.2741 12.8378 1.4966e+05
67269.8841 19.5137 1.4966e+05
67282.9641 12.4314 5.3666e+04
67288.8541 10.6133 1.2127e+05
67290.9841 14.5147 1.2127e+05
67332.4641 11.5079 1.4718e+05
67333.0141 10.2486 1.4718e+05
67333.4141 10.7753 1.4718e+05
67334.9441 19.1152 1.4512e+05
67346.9841 12.6603 1.0481e+05
67361.0141 14.5618 5.9073e+04
67361.6341 16.4769 5.9073e+04
67376.9141 11.5835 1.2618e+05
67387.7041 12.9905 1.0816e+05
67396.5541 11.5696 1.1489e+05
67412.6041 12.7320 7.8062e+04
67414.8141 10.7995 4.7592e+04
67438.0341 11.7231 6.2501e+04
67489.3641 11.6481 3.2419e+04
67511.1641 15.3636 3.3571e+04
67515.6941 18.7559 8.2998e+04
67523.0141 10.6274 4.9738e+04
67540.8141 18.5379 7.6493e+04
67547.6641 16.5878 5.6027e+04
67561.0341 10.7973 6.6886e+04
67575.7841 11.3152 4.3740e+04
67576.3041 11.4699 3.7866e+04
67605.1641 13.2592 3.9184e+04
67621.2941 19.1855 6.9662e+04
67621.8241 16.1424 6.9267e+04
67632.8041 14.1056 6.8710e+04
67636.0241 18.1764 6.8710e+04
67647.0941 14.9927 3.6382e+04
67647.9341 12.1808 3.5952e+04
67652.3441 10.0776 4.0555e+04
67692.0941 10.5543 1.5905e+04
67699.7041 21.1883 5.6128e+04
67707.3841 16.0240 4.9554e+04
67721.0941 10.1164 4.3222e+04
67741.1441 10.4279 6.5388e+04
67747.5241 10.2452 8.4973e+04
67764.0641 11.4594 4.3025e+04
67769.9341 10.7363 5.7059e+04
67771.1341 11.9046 5.1159e+04
67782.0841 21.8958 1.1406e+05
67804.6941 13.4510 7.9419e+04
67839.4041 19.6612 1.7329e+05
67843.0341 10.9754 3.8550e+05
67864.7441 10.9889 8.5278e+04
67879.3341 16.0125 1.6764e+05
67880.5841 10.2023 1.2675e+05
67901.8241 25.0125 2.3292e+05
67915.6441 10.8318 2.6156e+05
67942.9841 10.0599 9.5447e+03
67946.6741 12.1847 1.3381e+04
67969.4641 17.2174 3.7259e+04
67970.3041 12.1997 3.7259e+04
67979.2741 15.8968 3.3079e+04
67979.6241 11.2196 3.2282e+04
67995.9442 18.2768 2.9709e+04
68004.7142 19.4819 8.3964e+04
68026.5442 18.1821 2.4018e+04
68049.0642 24.0054 8.8375e+04
68068.3042 21.3484 6.0382e+04
68079.5642 20.3427 2.7335e+04
68085.2442 12.1689 2.3505e+04
68097.6442 13.2604 4.0802e+04
68102.0242 13.0531 5.6088e+04
68104.4942 17.7515 6.3527e+04
68116.4042 11.2169 4.8363e+04
68126.1242 17.9449 5.4382e+04
68126.6742 17.1888 5.4382e+04
68139.0942 17.7401 2.9880e+05
68159.3842 11.8471 7.5703e+04
68165.5642 10.7054 5.2874e+04
68173.6942 15.1280 1.1093e+05
68184.9842 12.0556 4.7788e+04
68201.0042 12.0131 5.4352e+04
68214.9242 15.8618 6.4887e+04
68225.6242 13.4985 1.3407e+05
68249.3842 13.3549 2.6453e+05
68250.4042 10.8248 2.2065e+05
68250.9842 13.5728 2.1756e+05
68261.5742 10.9350 1.6251e+05
68282.1042 13.2964 2.6306e+05
68343.5142 12.1048 1.2031e+05
68349.8242 13.3736 1.1917e+05
68368.7742 19.6983 9.5326e+04
68409.3042 12.6941 8.3146e+04
68452.9442 11.5067 2.3019e+05
68574.7542 11.4508 1.9427e+04
68746.0342 13.9416 1.2912e+05
68748.6042 17.5898 1.2714e+05
68889.1342 10.8129 2.1063e+04
69042.3642 15.7565 6.3263e+04
69101.0742 14.5417 4.6339e+04
69152.8742 19.7322 5.1071e+04
69158.9142 10.2710 1.0093e+05
69178.8842 14.0532 4.7006e+04
69182.7342 13.7505 6.6074e+04
69183.5342 14.4873 6.2746e+04
69184.1942 14.4450 5.4927e+04
69205.4242 13.5752 6.5304e+04
69206.2042 10.6556 6.5304e+04
69209.5142 15.5561 5.0938e+04
69218.9942 12.3841 3.5253e+04
69227.0242 10.4013 7.6156e+04
69238.8842 10.7271 3.2923e+04
69328.2542 15.4749 3.2848e+04
69428.5242 16.6343 6.4494e+04
69648.6143 16.8897 3.4715e+04
69665.5543 10.2310 4.7846e+04
69667.4943 10.2348 3.6007e+04
69691.3943 15.2114 6.1264e+04
69691.8943 10.4785 5.8613e+04
69921.2443 12.7992 3.4463e+04
70185.7743 10.4338 3.1128e+04
70216.1243 15.1154 6.3567e+04
70227.7743 13.3312 4.2160e+04
70233.0043 12.6083 5.8656e+04
70246.0343 10.0121 4.8383e+04
70258.5043 16.0704 1.3388e+05
70260.4243 16.8760 1.4966e+05
70264.4643 11.0420 1.8526e+05
70344.2843 11.1240 4.1888e+04
70508.9743 10.8671 7.3561e+04
70516.8243 11.3937 1.6974e+05
70518.5243 13.3494 1.2890e+05
70523.4643 16.2871 1.7691e+05
70541.3743 14.9147 1.0994e+05
70567.9443 11.1922 5.3053e+04
70570.4843 10.8239 3.4048e+04
70596.7843 17.7344 5.8528e+04
70597.6643 15.4365 5.7373e+04
70599.1943 10.1240 7.8715e+04
70648.2743 13.6128 6.3933e+04
70663.1343 18.7084 4.3259e+04
70703.3643 10.7613 1.3525e+04
70773.8743 10.3228 1.4074e+04
70913.9943 10.2766 2.5038e+04
71005.7343 10.4527 2.2818e+04
71021.8943 13.4222 1.3142e+04
71027.7643 10.6381 2.5142e+04
71036.3843 10.8212 2.0773e+04
71118.5843 12.0095 2.5048e+04
71164.0143 16.8714 4.0977e+04
71301.6844 12.6009 6.9347e+04
71313.9044 11.4291 1.9674e+04
71398.3644 14.8366 3.6634e+04
71588.1444 12.9657 1.2893e+04
71660.2844 12.0600 5.4635e+04
71661.0244 11.2440 5.4635e+04
71732.8344 11.6158 2.0536e+04
71807.1144 11.3644 2.3541e+04
71892.8444 10.4056 2.9571e+04
72291.4344 10.7724 1.8977e+04
72511.3244 12.2269 1.2469e+04
72841.2944 14.1923 2.1873e+04
72898.8144 15.4614 6.4636e+04
73071.0045 10.9156 2.1270e+04
73108.3245 10.2822 1.2187e+04
73448.9245 11.5949 4.9024e+04
73466.0045 17.2173 3.1964e+04
73485.0445 15.6677 1.5189e+04
73506.6345 13.6000 1.8301e+04
73598.2845 12.1842 2.0783e+04
73632.1745 18.3470 2.1574e+04
73655.9345 14.9161 3.4110e+04
73781.5345 11.0215 3.1736e+04
74184.6845 10.4643 1.3268e+04
74350.1245 13.1212 3.7128e+04
74770.5746 17.3408 9.0513e+04
74999.6546 10.7731 1.4344e+04
75021.0846 15.3472 1.1333e+05
75024.2246 18.7131 1.1333e+05
75134.2346 12.3028 3.9531e+04
75213.8046 14.3907 5.1663e+04
75469.9546 12.0635 2.5980e+04
75521.1746 15.9520 6.2920e+04
75685.5746 15.1878 5.2476e+04
75730.3646 14.7851 2.3354e+04
75949.1646 10.9665 3.2153e+04
75980.6546 11.3685 1.1869e+04
76079.9646 11.9769 4.1162e+04
76163.9946 16.2267 5.0132e+04
76363.9447 22.8844 9.4446e+04
76383.8547 12.4065 1.4078e+04
76413.3247 11.6709 1.9547e+04
76461.8647 10.8331 9.0911e+03
76463.0247 12.9308 8.9587e+03
76484.8847 14.8879 2.1257e+04
76512.3747 11.4893 1.0487e+04
76571.5647 16.4124 4.1260e+04
76586.0847 11.5043 6.6018e+04
76838.6947 17.8222 7.9225e+04
76908.2847 13.0567 4.8958e+04
76909.6647 11.6227 3.9249e+04
76914.9647 10.3762 5.5454e+04
76927.9547 14.2098 6.2100e+04
76937.6647 17.0789 1.6032e+05
76953.2347 15.3699 1.4226e+05
76957.7547 10.2420 1.2482e+05
76961.4447 11.5957 1.3205e+05
77177.2147 11.9940 6.5563e+04
77236.2447 11.4365 1.1126e+05
77242.5747 12.4881 1.8301e+05
77250.3547 10.4029 2.1246e+05
77272.8547 10.4676 8.8208e+04
77277.4047 13.0021 1.0983e+05
77294.8847 13.6755 6.0432e+04
77306.9147 12.5745 5.0845e+04
77379.4147 10.6106 1.9583e+04
77423.7747 10.8091 7.9707e+03
77479.4147 10.3707 1.6437e+04
77662.2047 14.6582 2.2262e+04
77810.4747 13.6469 2.2398e+04
77907.8848 18.6188 1.6807e+04
78184.5448 15.4269 2.1776e+04
78428.9548 11.7917 9.3986e+04
78553.1048 13.5467 2.9156e+04
78886.8248 10.5685 1.4964e+04
79263.9648 19.2217 2.5708e+04
79314.8348 15.5648 1.1681e+04
79321.6448 15.3235 1.6108e+04
79343.5148 11.3435 3.9594e+04
79457.2348 11.1333 1.0321e+04
79475.1649 11.5092 3.5811e+04
79636.7849 10.3149 4.0278e+04
79739.1449 14.7272 4.0445e+04
79739.9849 10.4307 2.5186e+04
79762.6849 10.4846 1.8712e+04
79810.2549 10.5702 7.6996e+03
79882.7349 12.5086 5.4293e+04
79923.6149 16.0693 2.9887e+04
79938.1049 11.4216 5.9160e+04
79939.0149 10.7242 6.0344e+04
79941.7549 10.7872 4.5285e+04
79990.7749 12.1499 3.1803e+04
79992.8149 10.6481 2.4871e+04
80001.5349 18.6011 3.2377e+04
80008.3549 13.8923 2.2885e+04
80021.7649 11.1436 2.3988e+04
80022.7249 11.4341 2.1614e+04
80029.5449 11.0501 2.5993e+04
80058.1249 20.1644 4.7781e+04
80074.9149 10.3115 2.4408e+04
80081.0849 10.2022 2.7916e+04
80413.2049 12.8887 3.4245e+04
80505.0449 15.5097 4.8478e+04
80737.4549 13.1162 2.0195e+04
80802.5249 11.4749 2.7223e+04
80844.1649 12.5744 2.1664e+04
80879.1349 12.2097 1.5261e+04
80990.0949 11.6564 1.1772e+05
81411.9650 10.7969 2.6141e+04
81508.0350 14.9889 1.2664e+05
81523.1950 20.8062 9.8356e+04
81531.3550 13.9939 4.4753e+04
81541.8850 10.8440 3.9264e+04
81548.0250 17.7732 7.6353e+04
81568.1850 22.0538 1.5905e+05
81573.9450 11.5132 2.1070e+05
81744.9650 10.5131 1.1706e+04
81777.8950 10.4736 2.2293e+04
81839.8750 14.4325 5.2129e+04
81866.6250 13.6664 1.4353e+05
81898.5150 15.5223 6.0931e+04
81899.1950 10.8361 4.9064e+04
81916.8450 12.9021 1.0021e+05
81987.9950 19.8662 3.1085e+04
82040.3350 11.9612 3.7028e+04
82095.2450 10.3813 4.0727e+04
82147.4650 14.1815 1.9421e+04
82154.5450 13.8116 3.2158e+04
82170.9250 16.6632 3.6041e+04
82324.8950 11.9962 1.6618e+04
82331.5350 11.3505 1.7641e+04
82597.1650 12.5210 2.6928e+04
82769.6051 13.0705 3.3184e+04
82825.9551 11.4853 1.2896e+04
82863.8951 13.4320 1.8500e+04
83214.8251 10.0543 1.8405e+04
83405.1451 10.9529 2.7913e+04
83467.2751 10.0251 5.4751e+04
83600.2351 10.1223 2.0431e+04
83661.3951 13.6243 4.1735e+04
83674.6951 10.7836 5.3563e+04
83764.7751 13.0393 3.5716e+04
83895.1551 12.7747 2.1536e+04
83922.7051 11.2516 3.9980e+04
83942.8451 13.4853 6.0810e+04
84037.3651 19.7506 4.5726e+04
84134.4251 11.3520 5.1845e+04
84267.8751 11.2532 1.2487e+05
84273.5251 10.8086 6.5819e+04
84287.1551 19.2793 4.0082e+05
84291.5451 15.2931 3.2535e+05
84304.7951 10.6414 1.6126e+05
84370.1551 16.1225 5.6921e+04
84442.6652 11.8182 5.1291e+04
84516.6652 13.4778 1.1380e+05
84523.7452 11.1764 1.3336e+05
84560.8452 10.7666 7.8816e+04
84578.9252 11.7665 7.9704e+04
84607.0952 18.1404 1.0589e+05
84638.2152 10.1895 6.4349e+04
84638.6652 14.7023 6.3605e+04
84677.7252 14.1639 8.7405e+04
84878.7152 16.1369 1.1315e+05
84963.0452 12.3533 4.0364e+04
85068.1752 11.7971 4.6972e+04
85237.7452 16.2165 1.1106e+05
85288.3352 10.2502 5.1992e+04
85310.5852 10.9792 1.1026e+05
85622.3652 12.7650 1.4582e+05
85655.5852 15.2614 6.8854e+04
85677.7952 11.6571 5.6129e+04
85727.7752 14.9615 5.4601e+04
85772.4152 16.1307 4.1714e+04
85776.9752 11.4233 5.0415e+04
85786.2752 14.5888 4.7905e+04
85850.7652 10.6970 4.3744e+04
86017.1553 13.0529 6.7406e+04
86181.0053 12.2007 6.3223e+04
86257.5753 11.8653 9.4400e+04
86363.1353 10.0878 1.2834e+05
