1419.5500866424613 6.14356650575182 36465.93588437233
1430.2700872967582 7.240705047181729 100535.73802556358
1451.880088615728 7.446855546911012 52423.42466633987
1486.4800907275446 9.768892313547392 115564.44219490675
1512.6500923248348 6.14099270295322 27459.537315179972
1521.0400928369197 7.51313473722338 33781.599112013726
1645.1001004089417 7.542512614605172 117669.0157425223
1665.7501016693177 9.005586155823805 81950.63774997837
1678.1701024273743 8.220586290302576 88641.94018366831
1688.170103037726 6.818965043354425 50646.25805937708
1698.6201036755435 6.989317802391462 24145.12572131596
1780.5701086773747 7.24875410202953 27873.255123693645
1798.010109741828 6.703499802257305 13544.234395197622
1817.7901109491036 6.041140202896942 39000.33085943403
1964.0701198773268 9.510254999054602 111606.16531941651
2200.3401342981037 6.377163627550416 25128.494846158632
2330.3901422357267 6.136821634137286 57750.512388667164
3083.8601882238886 7.6374105902992655 60166.46363930722
3093.060188785412 6.43179584315249 51183.414582384765
3183.960194333508 8.768588477043062 54925.71067463253
3195.310195026257 6.552896382722019 40702.05835337271
8748.780533983187 7.933171186146243 52090.12088983039
10179.080621281777 7.119650402647986 71072.01352292109
11384.560694858441 6.069680230589214 29680.132689180155
12208.170745127609 6.124579855105392 6624185.274872065
12209.430745204514 6.268362539296482 6624185.274872065
14104.700860882622 7.172369977162575 51931.277378757484
14866.390907372492 6.136262756769405 215938.97926107937
17485.041067202215 6.159367189687518 1151636.2469153143
19392.171183604198 8.926077935912799 73672.23652698689
19424.97118560615 6.178655817649232 30963.48578664437
23716.601447546476 6.1395957735384 43137.67231913909
24503.341495565277 6.4160727256613965 916180.3171352175
24898.881519707124 8.912368670737012 98370.95816044282
25188.421537379243 6.073340186190951 90369.25570939155
25263.501541961763 7.267792956450334 5376842.804755755
27279.641665017192 6.3865768907312725 272433.65958118206
27637.88168688243 7.631108164764393 67949.15102571798
27974.301707415874 6.700292929299969 87090.07884353146
28133.10171710826 6.668035511188373 62723.81340329023
28292.291726824446 11.435151571248154 977018.1375781087
28294.40172695323 6.221524567823917 810311.192608363
28720.93175298656 6.337539122134715 114092.85235119308
28751.201754834092 6.150551777229647 74254.93934060543
28812.461758573107 7.904979573972875 9786981.150270676
31290.561909824337 7.857320431259778 1778489.2592166709
32122.991960631833 7.595192963067599 34342.826832570136
32154.23196253857 6.805759962757346 28773.461410349228
32612.68199052014 6.768921164864424 60076.19057096371
32671.7619941261 6.514314978073754 57937.38211380452
32837.27200422803 6.120451287014658 126088.26947332986
32927.12200971204 6.400196484479483 201400.7680113155
33343.03203509717 9.490198576673793 144657.87755608477
33424.78204008679 7.746916164603908 146304.94741529983
33475.46204318006 8.566016027808198 208263.7484809051
33526.55204629834 6.9331461031723425 121590.80254977723
33542.39204726514 6.808559166560786 99053.54701358514
33601.48205087171 6.459843452896068 84330.70792196692
35040.032138673836 6.65955052797675 2556416.464491271
37330.01227844313 7.691369453576489 52591.924920231424
39445.05240753494 6.189339422859162 293861.105331721
41890.87255681595 6.029276558478599 25902.60957559415
42393.70258750626 6.343391788465528 118219.8349310758
42396.96258770524 6.626999473661441 197209.4276773639
42551.92259716325 6.648559844504621 887476.6873862616
43291.88264232682 8.075312576265809 3431765.9979378902
43694.45266689775 9.828000501966633 72013.4484330429
43746.91267009965 6.033888399824458 145326.3892119136
45127.18275434465 11.478536800699212 707111.4154868156
51601.0131494759 7.311082130986335 32730.806971209306
53134.453243069656 6.733607761283494 298576.5288948469
58184.9235513259 10.320236930836892 80731.29149714312
67176.95410015588 8.624331991890282 35161.944665684176
80988.24494313018 9.832511163331395 97652.97499623818
80990.21494325042 8.338621945566896 86935.7375582099
84443.57515402681 6.747469463235603 53937.03618286835
84517.84515855988 6.9503343983272305 90515.1531742383
84983.35518697236 7.51349010560538 22581.076104360705
85363.5352101767 8.37089750193578 29237.094707741315
85388.97521172944 9.577599791076944 40344.738366398786
85412.17521314546 7.597404763709435 96081.35055730764
85419.5452135953 10.401917508621166 104680.76784329234
85501.64521860628 9.507518505594692 38072.71665067772
85816.84523784455 8.588186850172127 37404.93143101284
