396.60002420654445 6.569532588651094 60177.89010838901
451.3200275463884 6.196967248520506 215706.27935921485
5173.030315736713 6.893261302721314 1454030.1452167467
6273.6203829114 6.438646611263911 379497.8527875479
6275.200383007836 9.343506184330678 379497.8527875479
6487.580395970484 6.122951086069944 283343.33490531787
9784.920597224158 6.499649138689739 105574.27297932838
12390.430756251877 6.074883080125598 120537.29182155665
13280.490810576832 6.0570318677573365 225078.49075013245
14001.120854560599 6.520106628122002 84009.58870374048
15927.22097212042 6.662972323935547 194320.54775437366
17701.151080392523 6.320437825179519 115167.97037733116
18224.731112349313 6.224291188272964 804203.077007045
21198.28129384041 6.224676704411403 157359.59773521355
21669.55132260445 7.536330814055101 189195.42069210453
25515.211557324925 6.345982633225593 113516.36354739762
27828.981698546246 6.397761538333736 211681.67204850842
28764.23175562938 6.357226575749701 128436.53048489784
28886.58176309703 11.898810433053928 6441600.722294179
28903.06176410289 6.2110347155741605 11425796.893436491
29412.48179519542 6.687149529297411 196914.2922707266
30432.491857451896 6.571902788740966 121421.77689001911
33245.50202914441 6.182254247739673 159437.75567111326
33529.30204646619 6.7238188483035835 177601.20781825195
33597.31205061719 6.1332444259765415 185452.00944861205
33611.842051504034 6.220321400472883 286799.2659265374
35323.58215598036 6.322247005243634 80583.87794038514
36886.55225137648 6.880542685940948 186615.18726905007
37656.51229837111 6.990734312247108 170345.7049311506
37846.24230995131 7.2118497979420875 174665.43799165444
45383.64276999773 6.356301977811431 186901.85784321403
47149.152877755914 7.470560770240017 87180.97508963586
49278.763007737 6.851438925423571 117888.71448566073
51052.9831160268 7.294338055966603 171347.006580902
53499.42326534566 7.262182988483571 174713.91149729415
53592.7832710439 6.9395558260803725 148884.14425623775
54487.27332563924 9.949541783240463 179635.26560190675
68642.79418962367 6.413628849226782 125689.8512106996
68689.21419245692 7.307050830968436 144069.67842821116
68697.08419293727 6.8178595074985475 54860.24923998284
68798.68419913844 8.546589110443014 196153.00446263593
68858.9242028152 7.683834514663929 85164.79143557115
69236.3642258523 10.733026655243528 286706.76147574285
69245.88422643337 6.400995993873913 564487.4655475953
69247.40422652614 11.284854115394788 564487.4655475953
69413.44423666042 10.050360689703798 284045.03757086716
82604.87504180145 6.329475718164084 44679.17236487649
84589.60516293977 6.147787725917506 143880.3673552885
85417.56521347445 6.635171738299911 141979.98284788104
