734.7300448443631 7.077766758914909 19883.996159813414
4749.200289868182 7.307305970615901 60918.318096729294
11718.710715253339 6.053185482334376 752394.3716583174
15204.990928038997 6.5738381602171385 170674.0506563928
15274.010932251644 6.103252627060164 10549.159973851547
15321.610935156918 7.32400738206932 27747.4699918875
15814.25096522528 6.3941304371168 22547.811379948456
15843.870967033141 6.278116255857267 34621.04677041776
15857.360967856504 8.880636277432876 58347.89049806418
15921.610971778013 7.893159081162484 21737.66502362384
15973.82097496466 8.384373852766874 190602.56360475052
16063.260980423644 6.590443782815978 22341.83426242862
16777.481024016175 6.301522078775882 47263.111992710816
19410.46118472053 6.171459800305975 22791.70389300586
19566.941194271312 6.523263042205492 509750.6726103687
21966.99134075875 6.2631166071569755 608794.968058174
25699.781568590184 6.0272301501480126 525280.7350330392
28886.721763105576 10.302109678468753 3905695.4889057847
28903.141764107775 6.036795746627745 7231068.726297877
29735.681814921987 6.658816214653165 82188.99050954489
29869.641823098256 6.318670141646777 124908.26730473568
29946.28182777599 6.124647789150854 95544.89831991284
29960.261828629264 6.69118148721827 93207.50460812719
29995.09183075512 6.93611177496884 165828.78113572547
30066.761835129506 7.0192427107620485 283901.5772708751
30142.691839763906 6.482952774646448 158418.1384701947
30275.121847846793 6.023586700602252 193470.71070763923
30283.06184833141 6.459393689577609 226952.54377843838
30336.50185159313 7.718019897401029 222764.34686325555
30485.57186069164 6.460198194061887 121891.90015428072
30563.521865449333 6.876356960363918 171045.34585697434
30700.19187379101 6.13333337276698 242093.8056167311
30889.34188533581 7.853019673351443 396546.4463452868
30913.481886809197 6.097474851330213 159819.88390785563
30985.50189120495 7.593020158857597 147645.66993166684
31182.34190321911 6.418366077539413 225761.61374622156
31408.06191699597 6.186478365501557 149154.59527520707
31543.461925260126 6.571958073903438 190827.4057996681
31856.151944345213 7.010518457162573 967875.973501976
32043.51195578076 7.599361018784263 36715.59182230021
32235.731967512937 7.321685451870393 32998.23478874249
32241.4919678645 6.874452214841736 80222.54604432565
32259.72196897717 7.668481110964138 138457.54529793776
32270.331969624753 6.315813222635783 128780.24397610642
32297.351971273925 6.528586112756934 123226.39930602528
32395.07197723828 6.081230085522573 153344.6842730682
32471.771981919675 6.020188956417865 165565.6801776751
32537.181985911986 7.601387914355347 1035289.614425084
32671.961994138306 6.890370925389539 278582.4876467824
32712.81199663159 6.350747662067078 236113.23582593564
32798.8920018855 8.896127145734155 278135.7731460026
32821.63200327344 6.265475229981077 288741.4360438131
32996.6420139552 7.591949178246651 390600.36549244274
33174.86202483289 6.640037153364545 221622.7827106823
33212.88202715344 6.244705156837797 151355.84044269103
33274.43203091016 6.008758936565349 508761.25449107675
33506.772045091064 6.001109124535502 126650.98006847728
33539.32204707776 7.034372482034607 320899.78778492566
33567.50204879773 6.546841714233271 334422.5530642593
33577.29204939527 7.206993815750658 180772.72249513515
33667.44205489758 6.2139002137192065 178970.1926466282
33721.3620581886 6.98863535299607 263233.7241783514
33786.352062155274 6.901642429152836 226384.14799797334
33993.522074799934 7.429813534741957 165781.2384339699
34221.452088711674 6.860372252974834 112916.48933264795
34228.79208915967 8.316489772858189 208447.22203620413
34243.56209006116 6.273853864867688 174471.0120379459
34277.04209210462 7.566371674505299 262882.4596295184
34385.852098745854 6.073206517576857 230048.76232099417
34493.21210529859 6.1696978720682445 189216.13427211286
34667.622115943734 6.289444024776394 183840.32238651748
34724.912119440436 6.191672471844932 240461.1416586709
34818.182125133186 6.361924096172005 258679.45272904416
34985.04213531751 6.668457620212568 208712.73187881327
35034.74213835096 8.003914708851113 292644.7084464229
35299.982154539925 7.374213110747356 398816.8502653864
35313.382155357795 7.526569765178026 259116.5092684051
35402.71216081007 8.344226278779724 279569.12623180833
35430.23216248976 8.965117904752168 297845.851217728
36294.67221525099 9.335602351536371 180245.31125478752
37629.54229672499 6.128679318042361 52437.317335112726
40218.102454718166 6.503259359292123 50015.09582127574
40631.23247993362 7.128707438927165 128887.69659360398
41111.41250924148 6.1451681449007385 199553.419663652
41740.78254765519 7.125672493243065 116328.94522165628
41819.942552486726 7.271761919584271 19199.213944722844
46282.73282487383 6.067202285593947 355398.21584771725
47139.47287716509 6.48836863736227 390675.20350774797
47777.77291612384 6.267720039210964 19330.13511826827
50365.4530740633 8.271335054607981 34869.713333069914
50384.933075252266 6.182962027894684 29147.306572607144
52000.53317386067 6.057302038773581 5400.988218672349
52013.483174651075 7.373535954298919 9526.844497553255
54488.40332570821 8.822635009662516 40015.272690857295
57198.773491136075 6.4545766693369195 11149.355104231614
57370.31350160605 6.079442809224704 8262.686706414528
61516.66375467918 7.336375636870422 11693.633234915942
63308.32386403344 7.289131895050211 4938.305016632572
64983.343966268556 6.260055304028753 8186.998221686929
73600.39449221158 6.630355619229651 3681.69797056937
77564.94473418852 8.37522600189651 3775.586269875422
77654.4847396536 6.441010533491064 12094.945548814008
79701.46486459135 6.406240873051021 4394.526652353893
81445.9649710672 7.438640610580631 3828.429113520316
81794.39499233368 8.22962002455979 3269.3708842558617
84265.90514318268 8.00836031168144 11536.391149316156
84729.63517148652 6.515878467238195 21350.732344282285
