141.4700 10.0103 4.4427e+03
161.3300 10.1369 1.0178e+04
749.6000 15.7199 2.3519e+04
772.4800 14.2861 1.7516e+04
783.0600 11.1550 2.0509e+04
811.7700 13.7165 1.5692e+04
944.2101 11.0710 1.1892e+04
981.3401 14.4445 1.0764e+04
1021.0301 17.5087 1.1463e+04
1163.5601 11.3443 1.2734e+04
1171.8601 16.2765 2.2869e+04
1184.8201 15.8453 1.0730e+04
1205.5401 10.5864 7.6640e+03
1219.9501 12.4238 1.8060e+04
1235.4001 21.0693 2.4963e+04
1358.7401 14.2375 9.5463e+03
1501.4401 10.9360 8.5347e+03
1506.2901 12.0493 1.2104e+04
1516.0401 14.8968 2.0799e+04
1662.0701 11.7557 6.7680e+03
1679.1201 11.1262 5.2823e+03
1693.1701 15.4371 1.6273e+04
1700.3201 14.0554 1.2588e+04
1710.7401 10.0134 9.4532e+03
1722.0401 11.3981 7.0839e+03
1757.8101 11.9764 9.9518e+03
1811.9601 12.0252 6.3257e+03
1896.4901 12.0730 8.6322e+03
1927.5901 15.9486 1.4556e+04
1955.0101 11.6891 8.4423e+03
1988.0801 13.0887 1.4719e+04
2092.5301 11.0220 6.5083e+03
2127.9901 15.7262 1.1019e+04
2149.6401 11.9001 1.2024e+04
2172.9701 17.7344 1.9078e+04
2200.8201 11.5035 8.1966e+03
2221.2801 13.9918 2.1876e+04
2221.7401 12.4936 2.1876e+04
2275.6801 10.0745 1.4510e+04
2284.4301 16.5124 2.3462e+04
2321.8401 23.3921 5.4541e+04
2356.9601 18.9609 3.0091e+04
2377.3701 12.5619 1.8738e+04
2394.3601 10.1511 8.0980e+03
2436.6701 18.5263 4.7207e+04
2485.4902 10.9806 1.4247e+04
2532.7502 13.2573 1.6774e+04
2602.3002 12.6623 1.1810e+04
2608.4502 14.9033 2.0622e+04
2617.2202 16.2079 3.6663e+04
2629.8702 14.3849 1.6471e+04
2665.3402 12.1808 1.6401e+04
2710.7502 12.2501 9.7617e+03
2781.9002 12.3738 3.7003e+04
2783.0302 13.1703 3.7003e+04
2836.5902 11.0607 9.7547e+03
2892.8302 10.2329 1.1050e+04
2905.8102 10.8527 1.0252e+04
2929.9502 10.6255 1.0777e+04
2978.9402 14.8222 1.2070e+04
3377.5902 12.1861 2.5841e+04
3404.2802 11.3930 1.7923e+04
3425.1002 14.0075 8.1433e+03
3446.4302 18.3790 2.8909e+04
3492.2102 11.8055 5.6689e+03
3517.6702 11.5621 7.4560e+03
3561.5602 10.3215 7.9268e+03
3702.6402 12.0485 7.1774e+03
3709.4802 13.1118 7.5785e+03
3937.6802 10.2686 2.1366e+04
3948.4902 11.9458 2.0079e+04
4024.3302 11.4062 2.3221e+04
4074.2702 11.8579 5.4941e+04
4079.5102 12.6239 4.3798e+04
4118.3903 13.7160 3.8253e+04
4148.0603 10.9262 1.5401e+04
4210.8203 10.3496 1.4593e+04
4467.7303 10.3382 4.2256e+04
5062.5703 16.5582 1.0779e+04
5086.7603 14.3192 1.1008e+04
5105.9803 11.0489 7.3767e+03
5205.5703 11.4535 1.0786e+04
5211.4803 11.5760 1.0194e+04
5266.6003 13.7806 1.3883e+04
5569.2703 11.1116 5.4972e+03
5790.7904 11.2489 2.7775e+04
5798.1204 11.7102 3.1662e+04
5863.2104 10.5726 1.6861e+04
5919.6904 15.8539 2.4691e+04
5932.2704 10.3180 1.3821e+04
5965.0004 10.5277 1.0954e+04
5982.3504 13.1604 2.2827e+04
6024.0504 11.7320 1.3518e+04
6142.7104 10.4324 1.4922e+04
6163.6404 17.3146 2.4511e+04
6313.1204 11.8311 1.4894e+04
6353.6704 12.0782 8.8504e+03
6690.6404 11.2622 2.2373e+04
6736.2704 10.7559 9.3459e+03
7039.9204 15.3890 1.7720e+04
7067.7604 12.3961 5.7556e+04
7269.4404 10.0387 1.0684e+04
7324.2904 11.1157 1.1579e+04
7352.8504 15.9785 1.3270e+04
7373.2805 21.5434 3.6312e+04
7422.3805 12.6307 2.6854e+04
7520.5305 11.0078 1.2546e+06
7540.9905 12.6303 1.3802e+06
7542.2005 10.6388 1.2529e+06
7685.3605 14.4422 4.1432e+04
7707.0505 11.4570 3.3839e+04
8516.2005 10.8453 1.0775e+04
8898.3505 11.5112 9.0923e+03
8913.3105 11.5136 7.5655e+03
8951.2505 12.0948 7.7069e+03
9102.4406 10.0608 1.2148e+04
9161.8206 10.7863 1.5159e+04
9184.5106 12.5570 2.0082e+04
9243.1206 12.4608 1.4429e+04
9297.9606 10.1617 3.2940e+04
9301.0206 13.5931 3.2940e+04
9324.2406 11.0752 2.4767e+04
9406.2206 12.7215 1.1161e+04
9436.4906 11.8195 8.7640e+03
9463.5206 11.1517 1.2517e+04
9464.9606 10.5239 9.8136e+03
9510.4706 10.3646 7.0051e+03
9566.0706 15.2834 1.2505e+04
9789.7206 13.0726 9.5503e+03
9801.2706 11.0008 1.0978e+04
10209.4506 16.2540 2.6184e+04
10240.5606 15.2757 1.3226e+04
10267.4806 14.6210 8.7183e+03
10283.8406 11.1021 9.4621e+03
10308.7506 10.4774 7.6412e+03
10319.3106 14.5291 6.8465e+03
10557.1006 12.6846 1.5026e+04
10568.6606 14.5673 7.8068e+03
10592.0206 10.1202 6.5640e+03
11043.9807 14.6247 9.1881e+03
11183.5807 10.4221 7.5758e+03
11312.1807 10.5104 9.3862e+03
11368.7607 10.8992 8.6251e+03
11376.7407 10.0873 7.4524e+03
11381.9307 13.4679 1.3571e+04
11394.1007 10.2838 7.2927e+03
11791.7207 18.8342 3.2736e+04
11964.7807 13.5581 1.9450e+04
11971.5207 10.2684 2.4529e+04
12011.4707 10.2622 1.7805e+04
14364.3209 12.4038 8.8183e+03
14882.3809 20.5307 4.0135e+04
15210.9009 11.1569 1.0664e+04
15428.7809 10.9133 9.8949e+03
15671.6110 11.7466 1.9033e+04
15710.7210 11.7749 2.3417e+04
15856.8510 10.3580 1.5232e+04
15919.3010 10.2497 1.5353e+04
15978.3810 15.8176 3.3005e+04
16059.9810 12.7651 1.5815e+04
16280.3910 11.4178 1.7508e+04
16316.5010 19.7021 7.9731e+04
16321.1510 10.8931 7.0720e+04
16459.2710 11.8790 1.1236e+04
16513.6610 12.4396 1.3195e+04
16532.2010 10.4464 9.8535e+03
16564.2010 10.1758 8.6554e+03
16614.2210 11.1862 1.1603e+04
16796.3210 20.1684 2.5941e+04
16839.6010 19.0151 2.2928e+04
16867.9610 11.0062 2.1228e+04
16907.8210 11.4090 1.1969e+04
16955.8910 12.0703 8.8272e+03
16978.0410 10.0492 1.8410e+04
16982.1310 10.3721 1.6020e+04
16987.9410 10.0773 1.6828e+04
17011.6910 20.5723 5.6007e+04
17097.6910 11.5276 1.1823e+04
17102.3610 11.3792 2.5926e+04
17164.6810 11.0315 2.6710e+04
17165.9110 17.7444 2.5035e+04
17193.9010 11.6640 2.7305e+04
17207.7611 11.9190 1.3514e+04
17228.7011 12.2045 1.9210e+04
17276.3311 10.8287 9.6309e+03
17563.6111 10.8645 2.1227e+04
17603.9611 11.8263 2.6806e+04
17653.2711 10.1599 1.0786e+04
17658.9811 10.8196 7.6173e+03
17942.3811 11.3437 8.1901e+03
18039.6111 11.2183 1.5348e+04
18922.3412 11.7274 1.5965e+04
18957.7312 10.0180 1.8511e+04
19268.7412 10.1966 1.4416e+04
19957.1912 10.0596 4.6411e+04
19957.9412 10.0952 4.6411e+04
22686.7114 10.1670 1.0577e+05
22692.9414 11.6348 1.3811e+05
22756.7914 10.0270 1.9502e+05
22806.9414 11.1225 1.7362e+05
22835.6414 11.4379 2.5194e+05
22850.6914 11.0930 2.4291e+05
22863.1814 10.2142 3.2819e+05
22864.2514 15.6538 2.8980e+05
22877.5414 10.3126 2.9330e+05
22890.5114 11.7338 3.6911e+05
22928.4314 10.6374 3.5010e+05
22940.9714 13.4820 4.7752e+05
22960.3914 17.1749 1.5026e+06
22971.9014 10.2400 8.1325e+05
22972.9314 16.1127 1.0762e+06
22985.1014 10.0817 5.1679e+05
23028.2814 15.4745 3.6033e+05
23040.9114 13.5419 2.1286e+05
23073.1714 10.6198 3.1202e+05
23261.6914 10.5334 2.6830e+05
23282.8814 10.0219 2.0353e+05
23310.4914 10.7151 1.4131e+05
23337.2214 13.4590 1.6936e+05
23390.2314 11.7600 1.2821e+05
23504.8914 14.8334 1.7695e+05
23578.8414 11.5916 1.0514e+05
23639.8714 10.8961 5.9064e+04
23759.6515 15.2440 1.2897e+05
23849.3215 13.2997 5.4287e+04
23859.6815 11.2158 7.5071e+04
28885.5618 23.9457 2.3135e+07
30869.6019 11.2233 3.9859e+04
34968.9921 13.9465 3.8951e+04
35262.0922 11.0998 6.5525e+04
36203.2322 10.5167 4.2723e+04
37041.1023 10.6333 3.7813e+04
42340.7826 10.2779 1.6680e+04
42714.3926 15.1497 1.5841e+04
43238.2926 10.3386 9.0389e+03
43271.4426 11.2923 8.4516e+03
43295.7326 16.0110 1.2766e+04
43937.2527 13.3106 8.3137e+03
44043.4827 10.4135 7.1344e+03
44072.5927 13.4381 8.4348e+03
44128.1627 11.1013 7.5112e+03
44266.3727 12.4798 1.0024e+04
44273.1727 13.5586 1.1989e+04
44287.8727 12.6171 1.6021e+04
44318.7627 13.5920 2.3567e+04
45673.8128 11.3174 8.4041e+03
45690.8028 13.6655 7.9848e+03
46194.6328 14.9860 1.8274e+04
47094.6629 19.7982 3.0654e+04
48153.2229 24.7299 5.0096e+04
49918.5630 15.4202 9.1517e+03
54485.4333 25.8379 9.6376e+04
56008.8834 10.5996 6.1913e+03
56978.8435 13.2255 1.3772e+04
58269.4636 21.4536 1.6052e+04
59681.1236 10.7756 5.5922e+03
64981.5340 11.5067 1.3198e+04
69996.2843 13.6727 3.3874e+04
70388.3243 13.5481 5.0618e+04
71468.4844 11.7661 1.9831e+04
71498.4944 10.6369 9.5858e+03
71531.0344 11.1727 3.0630e+04
71570.8244 11.9519 2.0446e+04
73216.9645 12.5073 1.1009e+04
73247.3845 11.0127 9.6479e+03
73371.5245 13.1616 1.9872e+04
74689.0246 10.7566 1.5423e+04
75009.8146 11.8263 4.3539e+03
75753.8146 11.6357 3.7815e+04
76013.7746 10.1862 4.6240e+04
76389.5347 11.7066 7.5406e+04
76630.3547 10.1565 1.4755e+04
76665.7647 10.6607 4.3024e+04
76682.9547 17.7144 4.6720e+04
77654.4847 14.5549 6.2773e+04
77820.3647 16.0645 8.1856e+03
77896.1948 11.8411 4.6882e+04
77948.6248 10.6986 1.0198e+04
78009.3648 11.8983 5.8618e+04
78109.8248 21.7267 3.5145e+04
78152.2148 14.4320 1.4240e+04
78152.6248 11.0625 2.3753e+04
78156.6448 17.4067 5.1235e+04
78161.2148 10.4442 5.6473e+04
78184.8648 11.7647 6.7394e+04
78194.9048 16.2199 1.9459e+05
78207.6448 18.9748 1.2748e+05
78231.5748 12.7165 9.0601e+04
78287.3748 17.7157 3.8289e+04
78305.0648 13.0160 3.0340e+04
78328.3648 13.6013 2.6193e+04
78372.6348 18.6243 2.4740e+04
78394.7148 13.5484 4.2344e+04
78411.9848 10.7230 2.3238e+04
78415.3048 10.8158 2.4197e+04
78878.8148 11.5668 1.5655e+04
79072.0748 10.6972 5.5950e+04
79457.3748 12.9665 3.9098e+04
79575.0349 12.1302 1.5414e+04
79987.4949 12.4179 1.2764e+04
80140.5749 10.5002 1.2874e+04
80436.5349 11.1353 9.9743e+03
80528.5349 14.2630 2.2970e+04
80669.8749 10.6843 4.2476e+04
80727.3549 11.8226 8.8153e+03
80850.8949 12.5242 1.9701e+04
80938.9449 11.5506 1.4132e+04
81042.2549 10.1292 5.8068e+04
81215.4750 10.0198 1.1800e+05
81219.4550 10.3849 1.0293e+05
81260.2250 14.1735 3.1208e+04
82433.8950 10.4993 8.1077e+03
82444.4550 10.0364 7.9002e+03
82456.2950 13.6194 6.7137e+03
83473.0851 14.4586 2.4986e+04
85490.0352 11.3278 2.1674e+04
85510.8152 14.0559 1.7201e+04
