20.8600 12.9185 1.4839e+04
111.0700 11.6370 8.1066e+03
117.2800 10.0580 6.5345e+03
128.5600 10.9148 8.2785e+03
162.6900 15.1603 8.9613e+03
175.0200 17.0567 1.3574e+04
216.8000 12.9121 6.9603e+03
237.3800 11.5754 1.0537e+04
300.0500 16.6802 1.9834e+04
471.3900 15.5448 6.1081e+03
897.6201 10.4774 4.7078e+03
1343.1501 13.3364 6.2108e+03
1489.0201 10.5192 4.0843e+06
1489.7101 11.7447 4.0843e+06
1559.7401 16.0169 2.1970e+04
1560.7701 12.1864 2.5165e+04
1619.8301 16.6832 6.2016e+03
1629.2301 11.2477 4.8555e+03
1653.0301 12.4275 2.9135e+04
1677.8501 12.4464 1.6507e+04
1912.1801 11.1153 5.2181e+03
1934.9401 14.0374 2.3913e+04
1944.6201 10.8344 1.4862e+04
1955.6401 10.9214 2.3242e+04
1962.4101 13.2002 2.3844e+04
1981.7501 11.1521 8.7686e+03
2006.8101 16.1645 1.8266e+04
3728.6302 11.8350 1.2576e+04
3952.4902 12.0446 5.7956e+03
4623.9903 11.4411 3.6813e+03
4674.0003 11.4235 9.8589e+03
4734.1403 16.7657 2.3734e+04
4754.7503 24.2124 6.8168e+04
4756.2503 12.5226 3.6798e+04
4811.8403 10.1083 4.7401e+03
4883.4203 14.6433 1.3827e+04
4897.3803 10.8522 1.5059e+04
5149.1503 10.8159 7.3199e+03
5429.5203 14.3653 1.1317e+04
5445.0503 15.1225 1.7274e+04
5532.7503 11.3066 1.1500e+04
5751.6904 10.1949 4.9667e+03
6083.7304 10.5650 4.2025e+06
6084.7604 15.8619 4.2025e+06
6086.6404 12.7406 2.8425e+06
6316.4304 11.7844 9.7299e+03
6427.7204 10.2620 6.9718e+03
6988.8004 19.1952 2.0367e+04
8387.6505 12.2180 7.6777e+03
8433.0905 15.2523 8.9067e+03
9413.0206 10.4105 1.0020e+04
11217.8707 10.5813 2.1485e+04
11366.2407 12.2935 1.0823e+04
11385.4607 11.7969 1.7525e+04
11517.3707 10.7529 1.6769e+04
11578.4007 12.0294 1.3392e+04
12276.3907 10.8127 9.6933e+03
12287.5707 11.0436 1.0822e+04
13472.6208 10.0825 7.1390e+03
13675.3208 12.6386 1.9797e+04
14551.7409 10.9746 6.7785e+03
15408.8509 13.1689 1.0138e+04
15871.2210 10.0977 3.2798e+03
16047.0810 18.4850 8.6686e+03
16456.7810 20.2453 3.2964e+04
16459.4410 10.6580 2.2649e+04
16526.4810 11.3814 7.1922e+03
16618.2310 10.1104 7.0901e+03
16797.5510 11.2568 8.2549e+03
17612.3211 10.4815 4.3021e+03
17686.0311 15.2312 7.5899e+03
18008.6611 10.4172 1.7497e+04
18030.5611 13.7873 2.4725e+04
18263.2111 11.9938 2.2148e+04
18862.7012 12.7848 6.5676e+03
18912.1912 12.7536 7.3891e+04
19122.7012 13.0998 8.8721e+03
19232.1412 16.4507 1.0373e+04
19239.7312 14.5556 2.5238e+04
19262.1212 12.7834 1.2882e+04
19287.3512 15.6815 1.0961e+05
19288.6712 12.1128 1.0961e+05
19289.3412 10.4332 9.9750e+04
19307.6612 12.6767 3.5455e+04
19371.8112 12.5045 7.1620e+03
19427.9012 11.1233 2.4406e+04
19456.8412 13.2656 1.5316e+04
19714.3512 15.6087 2.4423e+04
19836.2412 13.9662 7.9587e+03
19984.0512 12.0069 9.6246e+03
19990.1612 11.5388 1.1777e+04
20034.4512 10.7550 7.2924e+03
20042.1012 10.6316 4.8876e+03
20129.8912 11.1241 1.8067e+04
20316.7812 14.5561 9.8903e+03
20636.9213 11.9964 1.9132e+04
20721.2513 13.0369 7.6902e+03
20911.0313 14.4642 1.2374e+04
21024.5413 14.6111 1.8430e+04
22961.0114 11.8660 1.4115e+04
24526.9515 11.0337 7.2083e+03
24573.2615 12.9456 1.6739e+04
24695.4315 10.0613 7.3843e+03
24783.1315 14.7278 1.4326e+04
24892.5715 26.5380 1.2215e+05
24937.8715 18.1006 8.7853e+04
24946.5015 10.7194 7.1531e+05
28689.7518 10.4832 7.1664e+04
28730.2818 15.1822 5.0695e+05
28738.3018 10.4335 1.1878e+06
28742.5818 15.1676 5.9794e+06
28743.7718 11.8572 5.9794e+06
28774.8518 10.1346 4.7118e+06
28885.4318 25.3297 1.3835e+07
30752.2119 10.2376 7.1068e+03
31455.9219 12.6762 2.1995e+04
32313.9620 11.1242 1.2888e+04
35460.1722 10.8375 1.2193e+04
35488.7322 10.1440 6.0672e+03
36018.0322 11.1344 1.4860e+04
36026.7622 12.1028 1.4212e+04
36710.3022 11.8091 4.8561e+03
37002.4623 11.7451 4.3069e+04
37004.2023 17.0788 4.3069e+04
37006.6523 12.4926 4.2768e+04
37041.6523 10.8118 7.6951e+03
37605.2623 12.8784 7.5808e+03
37690.6123 15.2179 1.9414e+04
37716.9823 11.4187 8.3332e+03
38316.4123 12.2778 8.6008e+03
38852.2824 13.2737 1.2567e+04
38854.7424 12.0505 1.2438e+04
39267.4924 12.4764 1.3115e+04
40215.8125 10.2649 1.7344e+04
40263.8325 18.5321 5.4848e+04
40296.3425 10.1046 1.0511e+05
40321.2525 15.4763 1.0107e+06
40333.6625 16.2564 3.9826e+06
40334.7825 11.5438 3.9826e+06
40335.2625 12.2517 3.6412e+06
40540.3825 14.4813 9.6673e+03
41573.7825 13.2744 1.2852e+04
41799.7026 20.1037 2.7886e+04
42288.5326 12.2769 6.2983e+03
43328.1026 11.8474 1.0443e+04
43332.0526 11.0276 1.0443e+04
43798.1727 12.8332 1.1175e+04
43817.0027 12.6153 2.1427e+04
43850.1827 11.4022 8.0096e+03
43865.2827 11.1729 8.8745e+03
43901.1827 10.9500 1.0413e+04
43988.8627 10.9514 7.3612e+03
44014.8327 13.4359 1.0550e+04
44043.1727 13.1036 1.0084e+04
45972.2228 13.4094 4.3988e+03
46024.7128 10.2911 6.6519e+03
46040.7928 12.2191 4.3475e+03
46059.7728 12.4827 7.6882e+03
46194.5228 16.5914 1.2438e+04
46196.9728 12.6836 1.2438e+04
46248.0228 16.7680 9.1230e+03
46296.3228 14.3019 9.0049e+03
46320.7928 10.9222 6.7799e+03
46350.3228 14.0027 2.1773e+04
46381.3028 10.4729 1.1106e+04
46600.8928 10.2275 5.3603e+03
46721.7229 12.7662 3.9487e+03
46890.2829 11.4573 4.2519e+03
46926.3729 14.6868 8.4869e+03
46956.0829 12.1942 5.3538e+03
47026.8829 11.7265 1.0818e+04
47073.3529 11.0618 5.9483e+04
47076.3829 12.9216 5.9483e+04
47077.0029 13.5484 5.9483e+04
47128.7829 12.2281 4.8769e+03
47195.1829 16.7433 4.8396e+03
47789.8329 16.0833 1.5238e+04
48028.4729 16.0474 1.1110e+04
48153.1329 25.5953 3.1204e+04
48408.2130 11.2328 4.8970e+03
49458.4730 13.1823 1.0870e+04
49918.4530 15.0938 6.5955e+03
50517.8731 15.8003 7.7733e+03
51569.9831 10.8392 3.7635e+03
51783.8732 11.2626 4.4121e+03
54485.3333 26.4805 9.0550e+04
54498.5833 13.7616 1.8839e+04
55289.2034 10.2131 3.7604e+03
55797.4334 10.4681 6.0191e+03
56166.2434 13.6216 3.6602e+03
57242.3635 10.8956 4.4703e+03
57291.3335 10.0618 4.2257e+03
58269.3136 19.9222 9.3074e+03
58487.0736 10.0102 4.7205e+03
58548.1536 10.8096 3.2016e+03
59321.9836 11.6361 3.4437e+03
59398.3236 11.7374 3.7159e+03
59682.0136 11.7116 1.5304e+04
59684.7736 14.6906 1.5304e+04
59941.3237 12.0097 5.0080e+03
60355.1737 12.4848 2.1895e+03
60433.4737 12.1093 2.8542e+03
60497.1437 13.2069 2.4417e+03
61088.0537 10.9957 4.2683e+03
62100.5138 13.5260 4.0297e+03
63766.4439 11.7774 1.0204e+04
64023.0039 17.1026 1.5400e+04
64138.0939 10.3844 1.0184e+04
64981.3840 12.5085 7.2992e+03
65319.2940 12.9460 9.3730e+03
65945.9940 10.6189 2.3890e+04
66446.5741 12.7763 3.9566e+03
66703.3941 17.1388 3.7301e+03
66759.1941 11.3736 3.5378e+03
67486.2941 10.5156 1.4955e+04
67487.0841 10.6733 1.4955e+04
67504.8341 10.5801 7.9598e+03
68566.9642 13.2166 8.2785e+03
69106.1442 14.1934 6.3404e+03
69394.8042 17.6650 7.4922e+03
69555.2642 12.1945 3.2098e+03
69749.7443 10.7381 2.2433e+03
70046.0843 18.2724 4.3092e+03
70523.2043 17.7997 8.2366e+03
72694.9944 17.5842 1.2199e+04
73136.9045 21.9181 1.9922e+04
74494.0845 10.9060 4.6571e+03
75491.9446 12.7287 3.5005e+03
76579.3947 11.0284 8.7591e+03
77654.4247 16.4396 3.6563e+04
78188.9448 10.0628 2.6266e+03
80225.3249 10.5098 5.5817e+03
83319.4351 10.4971 3.4549e+03
83394.9051 13.5231 4.0044e+03
83618.0851 11.2977 1.0776e+04
83801.5051 13.9122 1.3615e+04
84109.9951 11.7806 8.0999e+03
84438.8852 10.8407 7.9151e+03
84453.9252 12.9067 1.2367e+04
84952.6252 20.3818 5.9914e+03
85603.0252 11.1038 4.7918e+03
86245.2053 13.7429 9.0639e+03
86257.7153 15.8127 1.3368e+04
86288.0353 12.2178 1.1320e+04
86318.9053 11.8381 9.1202e+03
86336.0353 12.4319 9.2941e+03
