2134.3201302685625 7.4904056625251725 21101.720635983645
2173.5001326599204 6.107930550261861 15022.481846630602
2256.320137714852 6.6360308956775595 29186.35969051667
2271.04013861329 6.814111808663516 33038.95457827558
2493.660152200937 7.09108005708319 27788.189933812195
2769.34016902711 7.291555581059005 16568.325922727476
2790.7401703332625 8.050385754852664 21987.954917034727
2811.5101716009626 9.48124146694533 28285.45633777009
3214.6801962085083 6.166363530476466 13132.412343921224
3239.1201977002074 7.546279891284082 38012.41957185571
3383.3502065033085 6.37291017627589 34925.93137985007
3395.2602072302375 6.355823303606522 20106.84334594829
3448.120210456556 8.251127956053262 37605.2157543894
3468.9302117266975 7.923031799447876 31455.199116181768
4140.550252719132 6.413816135490905 32591.174143841294
4173.890254754044 6.44545213474363 50062.819512406735
4175.370254844376 7.164094075000209 55825.512766486936
4249.8002593872225 7.044292549144093 58706.27461795455
4277.4602610754555 10.725513479805604 85077.51996956304
4360.92026616945 7.9417085285344475 384479.4116979395
4388.880267875993 9.485399282301112 434979.8932771947
4416.340269552018 8.191201451376367 143775.82285752115
4426.06027014528 7.064888524855635 157156.88783897265
4448.580271519792 7.390201055834047 274995.9350134212
4452.700271771257 7.0379627688062785 271564.05904996395
4507.640275124529 8.095710738745646 32977.42464570861
4552.300277850359 6.897963266482634 40018.119770238416
4617.530281831682 7.947780075217819 31988.209648600878
4928.700300823993 7.8885798391412125 45708.411430794666
4968.950303280658 7.414965079012745 21410.456145103053
4978.450303860493 7.958364953712796 45515.41850789123
5021.120306464863 8.899419912756711 121771.07142366828
5072.190309581928 6.347429825562989 15398.017720758415
5088.770310593891 7.4652959721493195 44024.006139182115
5144.120313972187 8.252999526683977 23550.270962515657
5174.35031581728 8.640554315400903 24538.99268157095
5198.400317285175 6.77218417521408 48918.945877027385
5260.8203210949905 9.631021773880875 50659.96440635628
5280.400322290058 6.435769713218358 24439.150486694427
5297.330323323384 6.143797804157275 32622.51626091033
5304.680323771992 6.705618974144638 71064.40767462327
5329.870325309468 6.02742403140354 24574.526992756957
5332.360325461445 8.053284975400441 55463.37677000538
5496.520335480977 6.618663418317322 53399.40732091977
5809.400354577659 6.909394842288077 44388.163945526176
5829.610355811179 9.322040898000228 66085.27737719336
5892.700359661887 8.176083872637859 86344.60767842966
5945.870362907127 6.327241992839819 60607.00976889238
6029.730368025535 7.016995295179765 108154.57721168983
6094.4203719739 6.624510823627636 47776.69225734002
6135.520374482445 6.132816931626361 51526.013329326895
6216.910379450096 6.115989835766556 31287.946827923697
6226.520380036644 6.118155405130148 47816.23421422748
6250.490381499657 6.3351971340203415 20883.774307486558
6316.85038554995 6.433724474430503 16453.680791824398
6399.260390579858 8.299826416116986 31791.098669309842
6678.090407598292 6.321423785227501 29063.248128221025
6711.8104096563975 6.1097868690061246 41366.46093192515
6819.4004162231695 9.167585017076672 36817.84753465014
6836.460417264429 9.188437852284425 41312.00973155775
6848.920418024928 9.307165642577619 40993.840869019514
6904.140421395289 7.497741979209198 47099.71588185061
7455.200455029325 7.210113182931121 14532.15225098089
7474.620456214628 6.317060973848022 19044.75531984156
7561.880461540555 7.531721448266137 27008.807087437115
7574.820462330351 6.710740723693419 28117.611004582053
7603.520464082059 6.905334511934039 21046.225891004524
7618.450464993314 7.841660082530302 44589.11512185583
7619.74046507205 6.514575647212194 23605.933389893544
7636.190466076078 7.8530318525115765 32826.2763764131
7644.510466583891 6.455474587946182 26916.28511602526
7685.810469104643 9.257530509142768 54867.73491066334
7691.320469440947 8.322565459238495 38222.871644178886
7721.84047130374 10.464214152727893 61256.58285590955
7751.4804731128215 7.571920341944783 112841.06103524825
7859.940479732695 8.291966930764008 15644.053906448074
7878.84048088626 6.253357945087358 16471.839510285285
7880.150480966216 6.320409738029098 13085.877196646425
7937.410484461089 7.32048287533596 13508.732144386506
7949.570485203277 6.045113619157021 17629.42284534075
9067.300553424106 6.054054158889965 17120.72111907597
9405.33057405582 9.305695446849263 428877.9439218712
9479.460578580358 8.213704250515026 75391.93131115152
10513.94064172001 6.046801021817474 11086.273315076662
10517.190641918374 6.129654614057112 19947.352255671733
10524.880642387734 6.208502973234724 17475.617066038092
10830.670661051676 8.864832842466482 47047.18073405068
11065.700675396769 6.10284142950503 23999.342955658252
11518.150703012128 6.421748380922395 43424.1728180276
12416.560757846726 6.013420672292824 12943.785675944107
13097.050799380542 7.489355775161677 21467.540554374296
13369.080815983936 6.119816083101516 13843.347298212759
14168.850864798027 8.726648120247452 21473.405383443285
15343.900936517392 6.77818709052297 15393.702102060694
15806.230964735776 6.6929590030086885 20801.766833012658
15836.440966579648 10.312239356301584 138281.40008289408
16049.250979568542 6.012993368187438 33131.9691771824
16269.730993025574 7.148462819863672 15088.879728088721
16385.911000116637 7.406346831352825 19697.02652777173
16417.18100202521 6.61314689437701 15258.426400803046
16769.721023542545 6.158789768954468 20204.878020459033
16931.421033411927 9.064831209309258 66507.67489410655
17046.321040424868 9.948726998526698 142311.85147679207
17060.281041276918 7.05756503426093 46533.75230677816
17078.21104237128 6.755257213949266 25311.635759681736
17158.66104728156 6.745663730159891 171087.62360248936
17170.71104801703 8.235080501043651 243962.02937575724
17179.261048538883 6.303858391421591 250509.7905351347
17182.2710487226 7.575181605201874 344075.8901248459
17482.831067067327 6.380039393966099 23579.24552039315
18445.191125805122 6.610998713909048 19189.35328550912
18846.76115031501 7.022906064134281 14073.673623296696
19665.841200307692 6.383463443638304 38364.63458334184
19668.581200474928 8.752052866151889 34135.349689538496
19703.67120261665 6.06196125876105 15695.858146031898
20109.551227389602 6.546871204958962 42226.741034930536
22010.841343435142 6.2543728472166205 87991.85433397602
23529.851436148158 8.147649589763988 59186.2567954948
23609.561441013273 6.812390768878696 23651.569098632757
24108.511471466765 6.270590485082384 15464.254171075285
24625.771503037813 7.086414853232352 26453.067608282425
24684.081506596773 6.325574447961993 23510.784618864018
24789.961513059174 6.769796476789999 19821.664708194996
25802.221574842624 6.2442073412938015 43362.741509071
25978.221585584815 6.093107248272857 49326.12801832582
26505.021617738137 6.339555204871062 45026.010119868326
27904.45170315257 6.593325458806819 36675.76281623535
28885.591763036606 12.380060464814841 27541929.425543476
30879.42188473034 6.393769631937919 40254.07893923563
31114.821899098017 7.242918647005671 52190.359852879934
32300.94197149304 9.70855960424821 135613.9920526274
32475.061982120482 6.593248021179107 89128.15950475783
32586.301988910032 6.198579806682648 58440.93253203668
32804.76200224378 9.598131216492549 177110.12127527135
33557.40204818128 6.979591812071675 57042.828007155826
33577.792049425785 6.258674894767729 28849.408922998256
33821.62206430799 6.074706290933904 43984.52400278494
34291.632092995125 7.20816865603292 66483.45296897474
34579.98211059461 6.315642981040385 51420.99060060028
34936.52213235608 7.008455927931994 58184.10798233325
34986.90213543104 6.746127614540898 26868.77004393594
35110.602142981086 6.220051172853565 43145.36769724704
35690.51217837599 6.5452376451695455 56362.05559161105
37004.28225856215 7.236796628497324 105790.03273676327
37006.662258707416 6.831855288175038 87834.59521460657
37772.45230544753 7.346076380607472 52381.81825967445
37948.662316202535 7.6005291474612005 40980.323937901674
38247.40233443618 6.96006484504583 20550.97728063152
38428.692345501244 7.233135952345607 16725.77729457857
39262.10239636855 7.004221875534186 41664.554243419414
39583.90241600967 7.575676330750413 48046.879710900495
39683.48242208755 6.297240873780877 26767.67954960112
40617.32247908462 7.550181834247127 23734.521039686493
41145.03251129349 8.912566704920824 1114252.4134687774
41176.67251322464 8.595352589716962 63787.54271958068
41185.78251378067 7.169957877807876 358816.65859550855
41186.62251383194 7.106388569668451 358816.65859550855
41195.84251439469 6.028829893647007 409610.16545843025
41196.482514433745 6.291810478406728 241269.79722980034
41205.292514971465 12.087858640856819 5578817.92701851
41260.98251837052 6.03627695315944 25478.02927544679
41315.182521678624 9.790343825093975 416431.5693772462
41317.97252184891 6.698513875464344 249779.1141826666
41334.74252287247 9.857775742810867 126011.69736897138
41338.89252312577 6.027210372069727 170125.63479137138
41364.02252465958 11.612709643427664 364994.5986335791
41419.60252805191 6.001519482211663 880243.9090886199
41420.58252811173 10.75364962157656 929115.9321684295
41421.94252819473 6.095684890925707 687607.6129218239
41445.532529634555 8.809932874178541 269737.4178254763
41465.26253083878 7.7432915095723205 50304.71965020694
41477.63253159378 10.058776669103107 1251552.9200113534
41478.422531642 8.957501818578592 1135312.245481413
41493.95253258988 10.094033696285868 416940.2955464159
41505.07253326859 7.418786199259286 221069.15508871086
41505.63253330276 7.644087568672155 183519.66225780605
41519.12253412613 8.758231838756236 5802016.744572136
41520.50253421036 8.132480436532147 5802016.744572136
41521.09253424637 7.958731365959057 5802016.744572136
41522.352534323276 10.545872136205142 5802016.744572136
41547.36253584977 9.076327669369567 733390.880552768
41548.29253590653 7.131351275820339 673368.799323274
41555.59253635208 6.214923049348113 366225.12243624905
41571.552537326206 6.370233571807104 1944904.85819866
42240.13257813309 6.529659793448831 17916.003208779788
42547.112596869665 6.315374895956285 15283.693949086552
42698.51260611039 6.803439150779925 19091.98084911395
42728.75260795609 10.853073139242214 91801.325142209
42802.06261243058 8.186406246775915 25105.220603774753
44224.582699254315 8.351549271299579 20963.826756879425
45448.58277396135 7.108036003495399 18134.171290412447
45476.642775673994 7.268902279734895 14764.159475984186
45688.02278857561 6.634270576339665 23792.15358314422
45846.1527982271 6.205826966765993 15190.41055095685
46196.98281964006 6.209305810930407 21929.90523907844
47263.72288474871 6.325893595283631 13919.837158340742
47872.62292191302 6.495786106264705 17078.427905707114
48153.20293903827 9.797964406588152 75503.49102961774
48877.00298321551 6.787349156842026 24083.002313621484
50449.47307919147 8.422863784070305 65457.2960280384
50465.50308016987 6.614995937337331 57852.71553747025
50675.58309299213 6.184753601387225 72463.35498517823
51818.14316272846 9.26755459196167 52893.89816371698
54374.36331874776 6.184773164186667 19588.89365392192
54485.37332552327 10.759037255063909 160371.0876730119
54951.20335395528 6.429024354903143 13032.87807098944
55699.17339960775 6.7435637039288 9644.391768261734
55719.16340082784 7.460274279296353 12867.519841869964
55753.063402896936 6.366693075164246 16289.534193680023
56119.453425259606 7.686209498473742 21204.18319807054
57031.37348091879 6.275421082718856 15307.08919705539
58269.39355648154 8.23290382353993 20521.314509576947
58911.58359567771 9.845635298067599 50982.26985298386
58933.76359703147 7.18411219575919 30226.143548372896
58959.94359862937 8.685569578504966 44963.590586278355
58981.95359997275 6.048910990011697 23819.033265609207
58983.033600038674 6.199625800531007 23323.889658707016
58999.533601045754 10.189275389768534 34273.3785950858
59003.86360131003 8.004912264771738 44703.01642548525
59035.97360326987 8.198125124584266 17604.960699920666
59055.8036044802 11.945257471209057 98437.56681669447
59092.53360672202 9.338511885447007 46809.85361809093
59097.443607021705 9.065476913785824 68136.0815521192
59100.30360719626 7.844535330317405 97519.54693477278
59176.66361185691 7.774724982178957 15517.723438218156
59180.84361211204 7.9304088893516935 49263.61965894131
59199.75361326621 6.114189426998602 64738.371662943195
59200.923613337625 8.734665045880547 64738.371662943195
59220.90361455711 6.153383438887006 6921.73852411015
59245.0536160311 9.13862364910835 32251.907316385106
59262.99361712608 7.99968653860471 16273.627104013205
59284.76361845481 7.117983134476208 12858.189491109384
59296.543619173804 6.744667195199932 17056.383985278855
59319.943620602025 8.232513631531807 24714.48811307669
59332.51362136924 6.05416711371366 17763.19751442668
59616.8736387252 6.5993751040192254 14067.453199170228
59728.25364552329 9.191893069485067 21443.87382630186
59848.503652862775 10.177241482820541 36690.63920186366
60545.21369538658 6.757396959632438 6844.216254513567
60682.413703760605 8.081467742134208 9467.632622433295
60757.70370835594 7.228377815377579 11016.287289475813
60782.09370984459 6.834287868790365 26107.881486217564
61610.893760430525 6.607574594103702 12339.67917283303
63798.673893962026 8.779053948677463 37695.75622972099
64010.44390688745 10.054847302135999 83012.85364401044
65944.62402494044 10.810653736929858 2043409.032728592
66805.40407747828 6.85796230810897 21177.818484915413
67042.64409195825 6.3441649678310945 13371.551418428617
67526.69412150233 6.482004229678849 31225.039677138684
67604.054126224 6.7829319608326095 42915.09822429722
67614.46412685938 6.970905180141004 45661.31982519796
68648.03418994349 6.029233644746177 141541.17099954165
72156.07440405728 6.251350128406377 8490.284767013127
72682.65443619718 6.981011670880267 15759.967487300835
74119.16452387479 6.078358826145818 9242.956468279763
74412.69454179044 6.479103880767566 9596.917435120038
74496.16454688505 6.513631760451154 12087.632339646436
75303.79459617886 8.562929317106423 20986.551960607565
76525.24467073026 6.149179970053706 8728.740884559154
76616.35467629117 6.183099784553536 22276.18483772958
76647.0846781668 6.495035719190334 12776.55370638651
76665.69467930266 6.891384554016321 16317.602923804145
76866.42469155425 6.318916252393204 7907.723848884974
76882.63469254362 7.796786643817488 23671.306338389502
77160.2447094876 6.170826059778329 6780.539104833351
77625.12473786162 6.056284626304339 13531.953098706692
77654.73473966887 7.535735521069452 55981.26555802457
77709.1447429898 8.29519855603031 28646.462349531866
78328.02478076323 9.301422592754976 12608.153215520255
78352.49478225676 9.788581504357243 18821.882880725072
78752.70480668364 6.423015868247596 8982.059967284644
79199.90483397857 8.5000123755682 11396.456261253225
79218.8648351358 6.075869264168033 8794.136391372444
79657.53486191008 6.08972190825532 4850.193433916199
79667.08486249298 6.2193311471355806 11477.2664205286
79722.62486588287 7.421665572448569 17134.39099934485
81317.91496325165 6.665256514796782 6538.985396884472
83262.56508194367 6.063416316429725 9205.819463435857
84319.85514647553 6.983926856849481 14192.731227013004
84389.77515074311 7.862017056634171 8948.188496820987
84423.64515281038 6.638985269967663 11248.919275015878
84440.97515386812 9.713274931663154 27218.356680729434
84590.24516297883 7.548197985800195 19544.9055652878
85472.89521685151 6.522228857323096 14872.016808831424
