9.2700 12.9721 7.4759e+04
12.2400 12.6554 1.2468e+05
16.2400 15.0854 1.9806e+05
19.5200 10.3549 1.2113e+05
34.9100 14.6775 9.8796e+04
52.1200 11.2281 6.4339e+04
57.8200 14.2284 1.1010e+05
64.3700 15.6193 9.2508e+04
73.2100 10.5789 3.0307e+04
107.2300 12.9326 2.5768e+04
119.7100 18.3990 9.6453e+04
120.8200 11.2550 3.4932e+04
125.3700 16.2603 4.5539e+04
150.0200 15.5663 7.3648e+04
161.0300 14.0008 1.3683e+05
162.5800 14.9954 9.7160e+04
195.7300 17.3960 1.2266e+05
331.0000 10.6112 2.6133e+05
333.0600 11.0737 2.7814e+05
352.6000 11.4491 9.2064e+04
453.9900 12.6806 7.5952e+04
498.9500 16.0756 4.6712e+04
549.1600 14.0400 6.9534e+04
563.7300 10.0820 2.3311e+04
570.5900 12.8164 4.7801e+04
587.1800 15.0717 4.9612e+04
589.3800 10.3750 3.7275e+04
598.5300 10.9771 3.4804e+04
600.1800 10.9755 4.2883e+04
603.8000 13.5536 3.9829e+04
618.0500 13.3582 2.5862e+04
640.7200 13.1220 5.5743e+04
643.0900 12.4598 5.5974e+04
646.1400 11.9911 4.0842e+04
666.6900 15.8441 1.3627e+05
668.0300 13.3850 8.1959e+04
689.0000 10.8603 5.2588e+04
703.5700 11.3727 8.3174e+04
706.9600 16.4621 8.2748e+04
733.4800 16.6736 5.5780e+04
901.1701 13.5801 3.6810e+04
938.8201 17.8705 1.9886e+05
963.6701 16.9085 1.3783e+05
971.6901 10.6574 7.8127e+04
972.6201 12.8064 7.5904e+04
975.1501 10.9831 6.0583e+04
988.4901 15.2927 4.9042e+04
998.6901 13.7215 3.5857e+04
1003.2101 13.4806 5.6877e+04
1003.9401 10.0505 5.6059e+04
1006.5801 10.7952 1.2804e+05
1008.1901 15.1862 1.8521e+05
1010.3801 12.9183 2.2319e+05
1011.9301 14.0390 2.1349e+05
1019.2701 10.0585 1.6146e+05
1023.1201 10.9150 1.4881e+05
1046.9101 14.3147 4.0411e+04
1064.5901 17.1319 8.8060e+04
1135.8301 17.3691 6.4985e+04
1138.1101 10.0639 6.7594e+04
1150.6801 10.2817 6.8777e+05
1190.8001 10.9745 7.9545e+04
1202.8401 10.5575 6.0146e+04
1242.2001 12.8829 4.1124e+04
1250.3001 12.2965 5.4148e+04
1256.5501 11.7679 4.5004e+04
1326.5801 12.2381 2.8668e+04
1380.1801 10.0618 1.3214e+04
1410.9201 21.4677 2.3975e+04
1423.4201 12.6650 1.9300e+04
1434.8301 19.7694 2.6125e+04
1449.2201 10.4382 4.2094e+04
1457.1901 12.0215 4.7581e+04
1458.5601 14.6615 4.3761e+04
1475.7101 14.5895 5.2054e+04
1486.9901 12.1779 9.2192e+04
1520.7101 11.8712 2.0957e+04
1538.3401 14.9783 6.7556e+04
1542.2801 15.1452 7.2320e+04
1563.7001 10.6985 4.6438e+04
1570.0401 11.0240 2.7414e+04
1735.9601 15.5260 1.5397e+05
1836.6601 14.2517 8.5400e+04
1839.9701 11.7559 2.0094e+05
1869.7201 12.7946 3.9206e+04
1870.3601 12.4246 2.3315e+04
1888.3601 13.0674 1.7077e+04
1975.9401 12.8920 1.6506e+04
2017.3001 11.5802 3.7280e+04
2050.7201 18.6014 1.2789e+05
2134.2701 22.4097 5.3263e+04
2159.6001 12.9680 1.5128e+04
2166.0301 22.3124 5.9422e+04
2202.1701 13.8127 4.8040e+04
2209.4101 19.4168 3.0175e+04
2532.1302 21.3315 9.0156e+04
2560.5502 11.9283 2.2958e+04
2683.3102 10.0227 5.9805e+04
2850.6502 11.8682 1.2108e+05
3027.0002 16.6477 6.6404e+04
3056.8902 11.1981 5.6632e+04
3095.6002 10.0258 6.2430e+04
3116.3602 15.6349 5.4384e+04
3126.0602 12.0519 8.3351e+04
3177.5602 14.3822 5.7302e+04
3192.5602 12.7579 5.3222e+04
3224.7902 16.1411 1.0807e+05
3232.6402 11.9553 7.8147e+04
3255.3202 13.2532 8.8482e+04
3276.7502 10.8911 4.1827e+04
3284.8302 21.7245 1.3009e+05
3290.8602 17.4080 1.6039e+05
3307.3902 19.3482 1.0803e+05
3321.3802 10.7894 6.3376e+04
3330.6502 10.3838 5.5356e+04
3337.3702 10.1107 1.3621e+05
3339.3402 12.3031 1.3621e+05
3340.6002 10.6683 1.4815e+05
3373.3502 17.2767 1.8356e+05
3374.0102 18.0079 1.7188e+05
3392.1902 10.2209 4.1815e+04
3403.9002 11.3821 6.7361e+04
3404.7902 11.2159 6.7361e+04
3423.1102 19.2981 8.5605e+04
3435.9402 12.0063 8.7176e+04
3437.1502 16.4877 7.5907e+04
3441.1102 11.1717 3.5557e+04
3476.8802 12.2972 1.0107e+05
3484.9502 11.6115 2.5860e+04
3489.8902 10.6424 2.5672e+04
3543.3002 10.3110 3.0786e+04
3578.3102 15.0632 5.2233e+04
3591.4702 10.3970 4.0817e+04
3604.4002 10.7951 3.2103e+04
3628.4002 15.9122 3.4413e+04
3667.3302 17.3968 6.0179e+04
3675.2402 13.1513 6.1328e+04
3699.1802 15.4228 8.9076e+04
3701.3302 11.9291 5.5999e+04
3869.5702 14.3967 2.5113e+04
3898.6102 12.3146 2.3402e+04
3919.1402 18.8082 5.9273e+04
3945.3202 10.8954 3.0839e+04
3975.0502 13.8743 4.4782e+04
3986.2302 12.4268 5.6328e+04
4085.8402 14.0110 3.4860e+04
4169.6403 10.5444 6.2168e+04
4172.7303 14.9209 8.0980e+04
4437.6703 12.5578 2.2760e+06
4497.5203 12.8365 1.0748e+05
4571.2103 11.0163 7.8249e+04
4654.7803 12.3360 9.9424e+04
4811.4003 11.6289 7.6538e+05
4855.1903 11.9892 2.7965e+05
5022.7503 13.7855 8.3423e+04
5034.8003 13.5492 4.9206e+04
5185.8503 10.4568 6.8176e+04
5413.7003 10.0906 4.2433e+04
5465.4503 12.1627 3.4513e+04
5515.7803 10.6378 6.7955e+04
5629.7603 10.1003 3.9920e+04
5639.8103 13.3505 9.3978e+04
5656.6703 11.7461 8.2089e+04
5663.5703 10.9251 2.7377e+05
5664.6803 14.6116 2.3998e+05
5687.4503 10.0413 1.2784e+05
5775.0504 10.1735 3.2498e+04
6001.6604 10.2114 4.8843e+05
6076.0304 10.2267 8.5760e+04
6109.2604 12.3818 7.8461e+04
6111.9604 12.5823 1.8880e+05
6114.6304 20.4484 1.7450e+05
6149.0604 10.4270 3.5897e+04
6155.1304 12.0301 4.7152e+04
6241.4304 10.3111 4.5445e+05
6432.8504 11.7820 2.1357e+04
6454.2904 14.5054 2.7111e+04
6467.2204 19.1932 1.0087e+05
6491.6604 11.9020 4.2215e+04
6557.0504 11.2701 2.4823e+04
6607.9604 11.7711 3.8379e+04
6620.7704 15.1418 3.6511e+04
6637.4604 10.2643 3.9349e+04
6653.1304 10.0321 4.6006e+04
6682.3504 10.8028 7.8412e+04
6721.8204 10.3775 5.1216e+04
6753.0204 16.0094 6.2159e+04
6759.1704 19.3552 8.0983e+04
6800.5704 10.1613 3.0449e+04
6814.4404 12.0877 5.7873e+04
6913.1204 12.1972 6.4978e+04
6964.5704 11.1232 3.1988e+04
6969.7004 10.3668 3.3057e+04
6974.8404 11.6440 6.9248e+04
6988.7904 11.9639 1.0871e+05
7077.8904 11.0779 6.4301e+04
7176.1304 10.6756 6.4133e+04
7265.5304 10.8168 9.8168e+04
7278.6304 13.3586 4.3522e+04
7314.1504 10.3662 3.7914e+04
7323.6704 18.4409 1.3242e+05
7335.0504 10.5625 4.4444e+04
7341.2904 10.4336 6.3612e+04
7400.3005 12.6073 4.3967e+04
7443.6705 10.6353 4.4504e+04
7446.0405 11.1402 3.8594e+04
7463.7305 13.3719 6.1715e+04
7480.7505 14.7288 6.7347e+04
7493.4705 10.2168 8.1026e+04
7495.7005 16.3745 6.0473e+04
7497.2505 13.6363 4.5706e+04
7588.2205 12.7619 1.3075e+05
7611.2805 10.9930 6.2063e+04
7632.8305 16.7747 1.8251e+05
7644.3005 10.5038 1.5386e+05
7648.6605 13.8401 3.1233e+05
7652.4405 11.3836 1.1907e+05
7661.3505 16.1731 2.1552e+05
7692.8505 15.0461 6.2946e+04
7706.9805 16.9261 6.0317e+04
7718.3605 14.7833 4.2014e+04
7743.2605 18.0082 1.2947e+05
7783.6805 11.6352 4.0335e+04
7808.8305 10.2083 5.2854e+04
7882.4105 10.3171 3.5148e+04
7929.3305 12.9333 2.3997e+04
7963.6105 20.8592 7.4385e+04
8009.5505 16.1674 4.0713e+04
8010.3305 10.7757 3.2131e+04
8024.6905 17.9909 6.9637e+04
8042.1605 10.6106 4.1571e+04
8106.2505 11.1269 3.1591e+04
8272.3505 13.1734 6.9494e+04
8287.9705 12.1443 7.2574e+04
8316.5705 10.9719 2.4223e+04
8338.3905 11.3449 4.3230e+04
8342.5505 13.8455 4.2243e+04
8367.5505 17.9829 1.1267e+05
8407.5805 10.5600 8.8383e+04
8411.9605 10.3814 6.3816e+04
8420.8905 16.9170 8.2938e+04
8424.8905 13.0007 6.3828e+04
8451.1505 16.4193 1.0307e+05
8464.9005 10.0542 4.5294e+04
8477.9305 15.0388 6.0340e+04
8505.1405 11.4883 7.2105e+04
8648.1605 11.1412 4.9459e+04
9003.3605 13.3911 4.8547e+04
9011.2706 10.2256 4.1461e+04
9029.9106 12.1627 8.1120e+04
9032.0206 11.1464 6.8796e+04
9053.7606 10.0724 4.1232e+04
9065.7706 14.3233 3.5620e+04
9085.6706 13.2351 8.9315e+04
9090.1106 11.0284 6.7345e+04
9109.9606 20.8556 1.5475e+05
9112.3206 20.9140 1.5218e+05
9116.8406 11.8626 1.5031e+05
9118.1706 12.6559 1.5031e+05
9137.5306 20.4133 9.1055e+04
9157.8006 10.3010 4.1855e+04
9162.7506 12.4555 4.4725e+04
9172.7106 11.3830 1.0020e+05
9186.9106 18.8430 3.4470e+04
9229.4106 19.4017 1.5493e+05
9251.1706 14.9278 1.4240e+05
9257.4606 13.0639 2.3994e+04
9262.3406 12.3943 3.2728e+04
9392.7106 15.6942 8.1109e+04
9474.1606 10.5529 2.2710e+04
9513.5506 13.4834 9.9338e+04
9524.6106 10.2432 8.3284e+04
9563.4506 17.7209 1.6203e+05
9605.1106 15.5990 6.2853e+04
9650.9406 12.5595 5.9892e+04
9686.9806 10.7097 1.5996e+05
9695.5406 11.3811 7.5909e+04
9756.4006 11.4366 5.8848e+04
9766.0606 10.8833 9.2371e+04
9820.1106 11.6081 7.8360e+04
9823.4606 14.7331 6.2118e+04
9857.7406 13.3721 6.1719e+04
9874.0906 14.6529 5.7835e+04
9888.4706 12.8698 6.6154e+04
9924.2006 12.5730 3.3571e+04
9956.8106 13.2492 4.3987e+04
9969.7306 13.5300 4.0274e+04
9979.4806 10.1507 3.8883e+04
10013.7306 10.8224 4.2496e+04
10023.2706 11.5798 5.5012e+04
10081.4006 16.9255 4.4519e+04
10090.1706 12.9937 5.4750e+04
10092.6706 14.2818 5.2007e+04
10209.3706 10.4347 3.4351e+04
10218.0106 10.5270 5.5425e+04
10218.3906 10.0259 4.3904e+04
10248.7206 16.8424 5.8401e+04
10277.1606 10.6333 5.7751e+04
10286.6806 13.3811 3.7262e+04
10290.3306 10.3716 3.2156e+04
10297.4906 12.5394 2.6104e+04
10308.9406 18.7792 4.5725e+04
10312.9006 10.0472 2.3854e+04
10321.7506 12.7509 5.5403e+04
10357.9706 14.4004 1.0786e+05
10491.3406 14.7858 3.0533e+04
10499.6106 12.0157 1.2211e+05
10509.0806 13.7177 3.3736e+04
10529.5106 10.0167 3.4635e+04
10538.2506 20.3397 2.9854e+05
10563.7306 15.3482 5.7006e+04
10569.8206 10.8257 6.6421e+04
10644.6506 11.2879 5.2787e+04
10665.9907 10.9746 5.1707e+04
10728.0207 16.2937 2.8033e+04
10751.1107 16.0563 3.7303e+04
10795.6007 16.4297 4.6792e+04
10812.6607 11.0267 3.4017e+04
10844.9107 19.4108 3.5844e+04
10863.4507 11.3554 8.4065e+04
10865.9407 17.7597 8.6733e+04
10899.7507 11.1889 2.7581e+04
10926.7807 12.0856 6.5559e+04
10930.7207 12.6542 4.3226e+04
10941.4107 12.0075 2.0228e+04
10966.3807 11.5901 3.2697e+04
10988.7507 11.5712 4.2428e+04
11000.9107 17.5033 8.0978e+04
11017.6707 13.5711 6.5819e+04
11023.8707 11.1033 5.0348e+04
11043.4507 10.9066 1.7737e+04
11046.5307 10.3511 3.9148e+04
11051.2207 10.3557 3.1535e+04
11061.1507 11.4353 1.1134e+05
11062.9407 11.4393 9.2480e+04
11063.3007 17.6372 5.0127e+04
11075.1407 13.7487 4.3361e+04
11103.8107 10.0110 3.9247e+04
11133.0107 14.7374 3.1020e+04
11143.9807 11.8144 3.6345e+04
11150.4607 17.2652 3.0624e+04
11168.0107 10.4904 2.1539e+04
11179.0007 10.2218 3.4311e+04
11210.1007 10.9537 4.5163e+04
11211.3607 11.5249 4.0221e+04
11240.0407 10.0855 5.7014e+04
11276.9307 10.9963 5.1155e+04
11336.3807 20.6161 1.2546e+05
11381.8507 11.2722 3.3280e+04
11426.4807 12.4418 3.2374e+04
11446.0007 10.7437 5.3581e+04
11450.5407 11.0001 6.6308e+04
11502.9807 18.9233 3.2790e+04
11554.9107 13.9513 3.7691e+04
11578.3707 18.3876 7.5459e+04
11664.4607 17.5467 5.1148e+04
11704.8507 11.6036 1.0294e+05
11729.6607 19.7608 1.0880e+05
11756.1907 12.3806 7.8556e+04
11771.4407 15.3216 9.4173e+04
11772.0907 14.7491 8.6513e+04
11772.8407 12.5777 7.2559e+04
11785.8707 15.6671 5.7052e+04
11791.2707 13.5030 9.6628e+04
11860.8507 14.8760 7.1350e+04
11881.7407 17.3776 4.8066e+04
11902.7607 19.1439 1.3366e+05
11926.8407 16.4038 7.5593e+04
12009.6607 12.2715 3.9449e+04
12018.1207 12.1438 2.7738e+04
12023.9007 17.7438 8.1005e+04
12033.1707 13.7098 3.2600e+04
12046.7607 14.6350 3.2519e+04
12080.8607 13.8284 3.3589e+04
12085.9007 11.1266 4.0171e+04
12107.4407 12.3166 1.1839e+05
12109.1007 11.4563 8.4884e+04
12112.1907 13.2413 5.0623e+04
12120.9007 10.2451 8.6846e+04
12158.1107 11.0633 6.3040e+04
12203.6207 10.8240 5.8683e+04
12207.0507 12.2599 7.2129e+04
12309.1908 23.1433 1.3117e+05
12390.1608 10.9427 4.0841e+04
12409.6808 22.6410 1.0051e+05
12420.2008 10.2476 2.3776e+04
12467.0608 14.2563 9.9839e+04
12469.6608 19.8789 9.9839e+04
12516.2708 14.4895 9.3766e+04
12545.4608 14.4129 4.5351e+04
12574.8008 16.1429 6.6433e+04
12600.3608 14.9702 5.2167e+04
12628.8708 12.2242 5.5119e+04
12684.2408 12.5280 5.7972e+04
12690.5008 11.6525 4.1081e+04
12719.7308 22.0193 1.4471e+05
12737.3008 11.0641 6.1685e+04
12773.8108 11.4183 5.4029e+04
12794.3608 12.5417 8.4708e+04
12834.8408 10.9837 5.0139e+04
12912.8208 13.1450 1.2517e+05
12946.1308 10.6074 4.7322e+04
12996.1108 13.2352 5.6051e+04
13084.3608 12.0634 2.8130e+04
13095.1708 11.3547 3.2908e+04
13104.2008 19.6491 7.6244e+04
13114.8708 16.5664 7.3068e+04
13124.3008 17.3382 6.4623e+04
13197.5308 10.0786 3.0610e+04
13207.4808 10.5935 4.0101e+04
13256.5208 14.9731 1.0951e+05
13260.2108 11.1726 2.6168e+05
13261.1608 11.7162 2.6168e+05
13262.7308 18.3829 2.6168e+05
13442.8908 15.0574 4.9598e+04
13458.1408 11.4224 2.9824e+04
13482.0108 11.9560 5.2169e+04
13525.0108 11.8876 3.1019e+05
13525.9608 11.3151 3.1019e+05
13526.6608 19.7546 2.7377e+05
13536.6908 21.3917 1.8282e+05
13565.7408 12.0711 6.5165e+04
13595.7108 16.0717 5.8739e+04
13688.0008 14.4377 8.6578e+04
13712.9308 16.3461 4.3058e+04
13720.3308 10.4756 3.7866e+04
13726.7508 10.0023 4.0090e+04
13729.6808 11.5366 3.7617e+04
13739.7908 10.6852 4.9939e+04
13767.3808 10.7382 2.1352e+04
13789.7008 10.9448 1.9390e+05
13791.5708 15.8604 1.9390e+05
13863.2808 12.7595 1.6567e+04
13894.3508 19.9529 2.6025e+04
13901.9008 18.0524 4.1953e+04
13926.3408 10.7543 2.6676e+04
13945.0209 13.9023 3.8457e+04
13949.3209 12.7856 3.0000e+04
13954.4009 15.7829 4.0936e+04
13957.8709 12.0659 2.7405e+04
13961.9709 14.6651 7.5861e+04
13992.1309 11.9525 3.4956e+04
13999.6409 12.5525 8.7611e+04
14005.5309 12.2457 7.7958e+04
14050.8609 13.9424 5.6970e+05
14087.3709 13.5467 9.2133e+04
14088.6409 17.7671 7.5199e+04
14135.1009 15.2572 4.8024e+04
14163.9409 11.3294 3.0803e+04
14178.9409 14.5252 9.1729e+04
14183.6209 10.0034 3.4395e+04
14214.6309 12.2209 3.6427e+04
14233.2409 12.2735 4.0108e+04
14250.9709 10.3489 2.6182e+04
14288.2809 13.2280 2.6502e+05
14290.2709 19.6173 2.4753e+05
14333.3609 12.0078 4.4293e+04
14350.0809 15.4101 1.5739e+05
14411.4809 11.9861 7.6665e+04
14435.9409 10.7800 6.4238e+04
14436.6209 14.5052 5.7978e+04
14458.2109 12.0990 3.4641e+04
14488.3409 21.6765 1.0301e+05
14558.1109 10.1872 9.1437e+04
14613.9709 12.4603 2.0587e+05
14703.3309 17.6786 6.3594e+04
14721.2009 10.6169 6.8560e+04
14756.3509 11.2202 8.7491e+04
14784.6009 16.1090 9.4596e+04
14821.8709 11.6134 5.5267e+04
14836.8309 11.2105 1.0341e+05
14901.5809 10.8919 1.0480e+05
14906.3409 17.0449 3.3279e+05
14916.8209 14.1461 2.6453e+05
14956.4509 12.0873 1.3795e+05
15061.0309 17.9070 1.5986e+05
15151.0109 15.2348 3.5669e+04
15171.4309 10.4518 5.5507e+04
15178.3209 11.3540 4.6737e+04
15182.2409 11.4961 5.1674e+04
15196.2409 10.8391 9.8679e+04
15199.0909 18.3056 9.1473e+04
15208.0309 11.8853 8.6687e+04
15245.8609 19.1088 7.4606e+04
15253.2609 15.4870 2.0279e+05
15259.9909 10.5950 1.3684e+05
15267.3009 16.0249 8.2678e+04
15365.3509 15.0045 9.5638e+04
15365.9409 12.3094 6.3180e+04
15394.8709 11.5908 4.2184e+04
15405.4309 10.3176 7.9127e+04
15409.1309 14.2142 7.9127e+04
15441.6309 12.5632 3.3925e+04
15463.1209 10.3791 4.6539e+04
15477.4909 10.5053 5.6064e+04
15487.3409 19.8206 8.7641e+04
15545.3209 14.6699 9.1206e+04
15583.1910 14.7627 1.1507e+05
15599.7110 12.2856 5.9670e+04
15607.0710 10.6624 2.6020e+04
15724.3310 17.1335 2.0602e+05
15741.3510 11.3880 1.2395e+05
15746.5510 12.2723 7.6593e+04
15766.7310 12.3984 7.9656e+04
15774.3510 10.4753 4.0748e+04
15784.7510 11.0468 6.6337e+04
15821.0110 16.1435 8.7383e+04
15832.7510 10.4177 5.9766e+04
15847.6110 11.0306 3.6132e+04
15870.4110 16.0211 5.8172e+04
15938.0910 13.4492 1.0925e+05
15947.4910 10.4405 3.3927e+05
15948.4310 11.8970 3.3735e+05
16008.6410 12.7243 4.8560e+04
16022.6310 10.3715 4.6776e+04
16151.7910 10.2744 2.6472e+04
16168.2710 13.0286 3.0412e+04
16181.9410 13.9651 3.2448e+04
16195.0010 12.5785 6.2195e+04
16196.7210 14.2901 3.5991e+04
16204.1610 18.8805 6.3244e+04
16217.2510 11.3420 3.5557e+04
16250.0110 14.1630 4.7827e+04
16275.1510 11.9693 2.3404e+04
16284.9910 13.0235 3.0144e+04
16314.4410 22.2916 1.2712e+05
16324.5810 12.4882 3.2635e+04
16334.5610 11.9528 2.7573e+04
16351.1910 10.3724 1.0261e+05
16351.8110 18.3277 6.9484e+04
16362.2310 11.1200 4.3435e+04
16376.4410 11.8939 2.9810e+04
16386.2910 11.0960 1.2126e+05
16403.8510 15.5776 4.0830e+04
16420.6810 15.0701 3.2075e+04
16444.3710 10.9509 2.9132e+04
16451.7610 18.6763 5.8015e+04
16478.7510 21.4523 5.7607e+04
16484.4510 11.3952 2.4737e+04
16557.7210 14.9055 7.3997e+04
16576.0110 13.1443 2.9969e+04
16603.3010 11.4318 9.8974e+04
16603.6310 13.7088 8.3547e+04
16626.4010 14.9325 4.5769e+04
16633.4410 11.1395 4.2760e+04
16649.6510 18.7499 3.0649e+05
16675.7710 10.4331 3.3928e+04
16682.1310 10.1360 6.5412e+04
16689.0210 12.4884 6.2475e+04
16707.4810 17.3991 5.0855e+04
16710.6310 11.6259 3.0514e+04
16717.6610 19.0538 2.2335e+05
16740.9010 15.1342 5.5563e+04
16749.8210 12.4454 6.0058e+04
16752.4210 10.4112 6.4894e+04
16766.2010 16.7018 5.6484e+04
16802.5610 12.7865 7.5002e+04
16841.6210 13.0953 9.3205e+04
16842.5910 11.6792 7.7544e+04
16867.7910 19.5552 8.0560e+04
16902.7510 17.5784 7.2555e+04
16904.8210 10.9080 3.8152e+04
16918.8810 11.2375 4.0310e+04
16927.5710 20.4737 9.2568e+04
17125.9110 12.8318 8.5551e+04
17200.9310 15.8827 4.6385e+04
17206.9711 13.2074 8.2385e+04
17210.7211 13.1310 3.8242e+04
17232.4411 10.7804 5.1304e+04
17258.7611 19.8304 8.0852e+04
17306.0311 10.7411 8.3610e+04
17320.0511 13.7774 4.2436e+04
17347.7011 10.2809 4.5275e+04
17351.6911 11.2269 4.3982e+04
17374.0811 10.2334 9.0438e+04
17391.7811 10.1914 3.5518e+04
17392.8611 18.7246 3.1026e+04
17409.4411 14.4689 3.0358e+04
17422.5211 14.3909 4.9077e+04
17444.9911 11.4449 3.4749e+04
17448.4611 14.1430 2.8349e+04
17459.2111 10.7744 1.7875e+04
17470.7511 16.1696 5.7137e+04
17476.4211 15.6771 2.9673e+04
17486.0811 11.5099 4.5508e+04
17492.3111 18.9262 4.7986e+04
17525.5411 11.6074 2.0671e+04
17952.9411 10.2290 1.9107e+05
18031.4511 10.5200 2.1145e+04
18076.2911 17.9585 4.0818e+04
18190.0211 10.3035 2.4742e+04
18218.1811 19.2540 5.7893e+04
18224.1711 11.2221 3.4846e+04
18268.9011 10.6429 3.4683e+04
18291.9311 12.8478 3.9275e+04
18349.4611 12.6457 5.6683e+04
18395.1411 13.1705 5.1856e+04
18464.8011 10.6327 1.5166e+04
19001.4012 12.3683 2.6954e+04
19065.6912 13.2833 2.0521e+04
19077.2112 10.7468 1.8877e+04
19142.1912 12.1273 4.4016e+04
19289.5712 12.2096 2.3063e+04
19376.0212 17.8043 3.1968e+04
19383.8912 14.5755 1.0466e+05
19564.0612 10.1753 3.4313e+04
19673.6312 13.2797 5.3677e+04
19690.3312 10.9227 6.3999e+04
19770.7312 12.4697 8.6120e+04
19980.2112 10.0236 5.9138e+04
19988.6712 15.0041 7.1983e+05
20072.4912 16.6324 3.7045e+04
20082.1012 10.1810 4.8486e+04
20090.0812 10.3635 2.1285e+04
20162.0212 14.4524 3.4516e+04
20200.4112 10.3255 2.6363e+04
20297.6112 10.5964 2.4300e+04
20312.4212 17.0957 3.1580e+04
20326.3712 17.1087 3.4383e+04
20332.0112 13.0187 2.3557e+04
20346.6912 12.2429 1.4726e+04
20380.8012 13.7802 2.3202e+04
20388.0412 16.1737 3.3197e+04
20393.5012 10.4940 4.3001e+04
20395.5612 11.7602 2.4994e+04
20399.9012 13.2791 4.6854e+04
20408.6412 14.1459 4.7736e+04
20418.9112 11.1692 3.1704e+04
20681.6313 10.1268 1.6934e+04
21205.0913 10.8042 8.9295e+04
21206.1213 14.0016 8.3743e+04
21212.0213 13.1430 2.3409e+05
21397.6913 10.6564 6.0305e+04
21620.5313 10.0466 2.9781e+04
21674.9713 10.7786 2.9415e+04
21688.6213 13.3177 2.3259e+04
21784.2913 10.8896 2.5049e+04
21798.1413 10.3131 2.0415e+04
21859.8613 10.7606 5.7248e+04
21863.1213 11.3059 4.8279e+04
21867.1213 10.6859 3.4303e+04
21912.1113 13.9018 3.6498e+04
21985.8213 20.4197 4.8624e+04
22071.5413 13.1441 7.9581e+04
22139.5314 10.4958 2.7494e+04
22165.8114 10.3608 2.4035e+04
22184.3814 11.8717 5.7644e+04
22202.4714 15.2202 3.4813e+04
22211.7314 14.2202 2.7234e+04
22220.4514 12.1088 3.1981e+04
22256.6314 10.1992 2.8762e+04
22260.9214 11.7808 1.5281e+05
22284.2614 11.3722 1.9415e+04
22311.9714 11.5914 2.0743e+04
22347.0414 10.9174 1.8795e+04
22398.7914 10.2713 2.0349e+04
22467.7114 14.9784 1.0780e+05
22468.2714 20.8783 1.0540e+05
22584.9714 11.8456 2.1732e+04
22620.4014 12.7255 2.2506e+04
22634.8314 10.1640 1.9519e+04
22789.1914 10.7602 7.4759e+04
22806.6814 10.5164 1.2433e+06
22984.1114 15.2862 3.6747e+04
23339.2614 10.1914 7.2309e+04
23343.3114 12.0446 1.1477e+05
23560.8014 10.1306 4.6774e+04
23651.5414 26.4401 7.7018e+05
23707.2414 12.3370 8.6451e+04
23747.1614 11.2927 6.3266e+04
23781.8815 12.3737 8.6957e+04
23783.9215 12.1622 8.6957e+04
23784.2815 10.9701 7.7733e+04
23929.2415 12.3222 8.3909e+04
23975.3415 16.7800 8.0414e+04
24062.2115 10.3107 7.0942e+04
24078.4815 14.5501 1.6436e+05
24345.0315 10.1103 6.7864e+04
24354.4815 14.2271 7.1886e+04
24454.5515 11.6240 2.0685e+05
24517.9815 14.8307 3.2053e+05
24519.9015 16.2774 1.2707e+05
24534.1115 15.4531 4.7560e+04
24546.9815 11.0255 4.1499e+04
24556.9715 11.4151 2.0127e+04
24580.0115 11.1643 3.4793e+04
24589.5315 11.8666 3.8487e+04
24595.2615 16.5096 3.7769e+04
24637.8415 12.6624 2.9293e+04
24662.7015 10.4144 3.8269e+04
24677.9515 10.5026 5.2533e+04
24687.9615 15.7439 3.3477e+04
24716.3415 10.7500 2.3877e+04
24724.3015 19.7576 5.2518e+04
24737.4415 14.0742 5.6339e+04
24738.8715 10.0129 5.6339e+04
24765.6615 17.2116 6.7782e+04
24773.3715 10.9010 5.9317e+04
24790.6915 19.2503 6.1510e+04
24799.4115 10.5624 6.5229e+04
24801.9515 18.1958 5.7423e+04
24829.9015 10.0113 3.4605e+04
24846.4615 21.9697 1.4003e+05
24859.3215 14.7367 5.7583e+04
24891.2015 14.1348 4.0309e+04
24932.6715 12.7055 5.1152e+04
24960.5715 10.3383 1.8575e+05
24961.6415 14.2588 1.6203e+05
24965.4015 17.6054 1.0045e+05
24968.8515 11.7544 7.0363e+04
24987.0215 11.8600 7.7389e+04
24994.3515 11.9709 8.2370e+04
25076.7115 16.2938 7.4793e+04
25096.5215 19.1135 1.4475e+05
25153.5915 17.3090 6.5925e+04
25163.2715 14.3232 1.2192e+05
25163.6415 14.4715 4.4054e+04
25195.9315 11.4341 1.0917e+05
25223.4715 14.2929 6.1359e+04
25233.3415 10.1433 2.2241e+04
25252.5815 15.2471 4.5563e+04
25338.0715 17.1232 4.1708e+04
25418.4316 11.5503 8.1910e+04
25436.8316 16.1981 5.7502e+04
25438.3016 12.1096 4.2370e+04
25447.0616 17.0205 8.2998e+04
25449.4516 10.3501 7.2821e+04
25468.0016 10.2679 6.6601e+04
25477.0916 13.1776 7.9546e+04
25485.9316 12.1544 1.7651e+05
25486.8016 17.2991 1.7651e+05
25506.4916 11.1104 3.5339e+04
25513.0716 10.0675 2.8578e+04
25526.6116 14.0044 6.3352e+04
25566.3416 10.4033 3.4861e+04
25575.8716 17.3290 1.3454e+05
25624.5416 10.3655 3.1566e+04
25628.8316 21.0783 8.3718e+04
25644.1916 10.6974 3.8569e+04
25649.2916 13.0087 7.4676e+04
25677.2816 12.1307 2.1244e+04
25682.7716 11.0706 6.6781e+04
25685.8016 14.6066 5.3592e+04
25696.6916 13.5406 5.4671e+04
25711.7716 10.0703 6.6849e+04
25713.6316 16.7166 4.6604e+04
25721.1616 12.9964 1.0329e+05
25724.6316 17.6160 7.6010e+04
25776.2016 15.0358 4.4545e+05
25777.2816 21.6493 3.4924e+05
25795.8816 13.8814 3.4046e+04
25916.3116 14.0495 5.0195e+04
25928.3816 11.2356 3.5140e+04
25932.0316 10.0835 4.4594e+04
25952.8116 13.7666 2.6910e+04
25965.6616 19.8222 4.8725e+04
25998.5616 11.3867 5.4816e+04
26026.6316 11.0185 1.9271e+04
26031.9016 14.9950 4.0716e+04
26043.6116 14.4170 8.2530e+04
26044.8016 12.2837 7.8624e+04
26048.0216 14.6275 5.8029e+04
26054.4116 12.0687 7.5958e+04
26063.0216 10.9039 3.2686e+04
26072.6416 15.9282 3.8112e+04
26077.5816 14.0135 5.9636e+04
26085.2016 10.4579 6.2357e+04
26086.7016 11.1834 2.3891e+04
26095.9716 11.0358 3.9997e+04
26101.3916 12.5870 4.6596e+04
26103.1916 11.4270 4.5787e+04
26114.4216 11.8283 3.8387e+04
26148.0016 10.2567 2.1744e+04
26179.6216 11.0420 7.9024e+04
26183.5816 20.9257 9.5015e+04
26199.6116 11.5997 2.4224e+04
26244.6216 16.0110 4.4387e+04
26263.3916 13.1684 5.6075e+04
26264.5116 14.8729 4.9063e+04
26354.3816 16.8652 9.1795e+04
26400.5916 10.9489 4.5975e+04
26424.3316 12.6301 6.2633e+04
26502.2516 10.4772 2.1284e+04
26513.9616 17.8326 1.7941e+05
26515.6416 12.6941 1.3776e+05
26554.4016 12.6977 5.8468e+04
26556.1716 16.4649 4.2438e+04
26625.5316 14.7635 1.1955e+05
26628.4116 23.3065 8.0192e+04
26656.6816 13.7053 6.0153e+04
26661.1816 16.4923 3.5221e+04
26671.4916 10.2178 2.2805e+04
26673.9516 10.9798 1.3830e+04
26679.0716 18.9666 1.0248e+05
26682.3916 22.1718 8.8331e+04
26718.5516 12.2271 4.5658e+04
26720.7916 13.7756 3.7635e+04
26725.7416 16.4453 5.8979e+04
26741.3916 10.0635 6.0728e+04
26742.8116 19.4421 5.3525e+04
26750.8716 18.4148 5.1553e+04
26757.6016 10.1695 3.1523e+04
26768.9416 19.2751 1.0557e+05
26771.8116 13.1627 7.7145e+04
26781.3516 10.6559 6.5004e+04
26785.0716 16.3645 3.8357e+04
26790.2816 15.4963 7.1153e+04
26873.0816 19.6351 4.9924e+04
26881.5916 14.7174 7.9452e+04
26891.2416 18.9464 1.9056e+05
26897.7216 13.9408 8.7305e+04
26911.6916 10.4932 8.2323e+04
26924.0716 12.8690 2.4174e+04
26933.2016 15.2858 4.2317e+04
26949.0816 11.2437 4.9671e+04
26959.8016 13.3726 8.4613e+04
26961.8416 13.9233 6.0913e+04
27001.2316 15.9089 1.8894e+04
27017.3216 13.1904 2.0899e+04
27043.2817 17.3770 3.8197e+04
27047.7217 20.5317 1.3720e+05
27053.5417 17.0755 1.6909e+05
27056.3617 12.3255 1.5761e+05
27058.7817 11.6005 1.1230e+05
27096.5117 12.1243 1.5083e+04
27109.7817 15.0944 3.1451e+04
27162.8417 11.1281 3.6620e+04
27171.5317 19.1303 4.8942e+04
27184.9017 14.3914 1.1534e+05
27187.5317 11.1136 1.0966e+05
27202.0217 11.4851 1.1451e+05
27209.6317 17.0370 9.6024e+04
27217.9617 14.7473 7.7090e+04
27223.9217 14.7733 1.0736e+05
27230.8217 10.4851 4.0450e+04
27246.0817 11.4883 4.3003e+04
27273.1517 10.0076 5.5401e+04
27290.4517 10.6838 6.4037e+04
27303.0817 10.8119 7.9810e+04
27334.6717 14.6402 4.2412e+04
27340.2017 12.9387 4.8795e+04
27367.8317 15.9297 1.0599e+05
27368.8217 10.5488 1.5288e+05
27372.5817 11.7864 1.6903e+05
27453.5817 17.0397 6.9302e+04
27495.3617 10.5273 3.4662e+04
27504.8017 10.9116 3.0837e+04
27543.9917 16.2654 5.5230e+04
27616.6517 10.5764 8.4807e+04
27632.6817 21.9560 2.0563e+05
27633.5717 11.8509 1.8232e+05
27648.2317 14.8574 9.4055e+05
27707.6217 16.3950 1.2326e+05
27722.6617 10.7781 5.6391e+04
27738.2617 12.3339 3.4950e+04
27813.5817 14.7156 4.9296e+04
28006.9217 10.7916 1.1676e+05
28134.2317 14.6976 4.8438e+04
28270.7117 11.7816 6.5943e+04
28276.8017 16.4957 1.4626e+05
28347.5317 10.1547 4.7358e+04
28361.7217 13.1505 4.1690e+04
28365.5517 12.1057 2.3060e+04
28374.4117 12.7772 3.9735e+04
28379.4317 12.4938 2.8497e+04
28383.7817 11.9841 2.6588e+04
28390.8517 12.7798 4.3384e+04
28392.0917 11.5997 4.7455e+04
28394.7517 10.3264 4.9730e+04
28432.5417 10.3087 4.3354e+04
28435.8217 14.9835 4.0002e+04
28437.4617 11.2417 2.8417e+04
28446.1017 12.1644 2.3352e+04
28462.9117 13.1826 2.4641e+04
28657.2317 11.8823 5.6800e+04
28705.0218 10.6913 3.7731e+04
28728.5218 13.8387 6.4215e+04
28822.4118 10.3317 8.0576e+04
28886.3818 25.2043 3.4287e+06
29160.3318 10.3424 1.8994e+04
29197.3218 16.1959 3.9652e+04
29242.3718 14.6322 7.3363e+04
29250.4718 13.6717 5.9478e+04
29308.2918 10.0436 2.3671e+04
29317.0818 11.4910 4.6744e+04
29317.5918 11.9758 4.3431e+04
29327.9318 10.0687 1.8875e+04
29417.4518 11.8228 2.7744e+04
29430.2818 15.5391 8.3587e+04
29434.1618 17.6718 5.6889e+04
29461.3518 14.2626 2.1837e+04
29633.5418 11.6633 2.1989e+04
29691.8418 12.6349 1.5250e+04
29840.2618 17.5089 3.5494e+04
29868.4818 21.4591 8.1095e+04
29880.2018 17.6764 1.8821e+05
29914.8118 10.9263 2.3861e+04
30057.8918 10.3830 1.1162e+05
30461.6919 11.3571 2.2790e+04
30514.0019 12.0121 2.5944e+04
30716.7619 11.2817 5.6514e+04
30727.5919 18.8932 3.5715e+04
30736.6719 10.9038 3.2782e+04
30744.2619 10.7416 2.5391e+04
31058.3919 18.1543 1.2800e+05
31280.6919 10.7429 3.3966e+04
31413.3219 10.9768 5.6358e+04
31488.3219 21.5642 1.1848e+05
31504.7719 14.3017 8.2438e+04
31524.5519 11.1263 4.4534e+04
31526.4719 12.4746 4.4534e+04
31535.1919 11.6097 3.7104e+04
31545.0519 15.4296 6.4564e+04
31716.6719 19.0228 3.5261e+04
31724.8619 10.7912 3.7821e+04
31809.4519 10.0011 8.6770e+04
31971.0420 12.4572 1.3836e+05
31972.7120 13.7666 9.9402e+04
31982.9120 14.8556 9.6032e+04
31997.4220 14.6521 9.5130e+04
32015.1620 10.4473 2.7965e+04
32027.8220 10.7598 6.5310e+04
32028.6120 10.1986 6.4202e+04
32046.9220 14.6632 5.0394e+04
32049.3120 12.1236 4.4943e+04
32059.4320 13.5483 4.6379e+04
32061.5620 15.8065 4.1176e+04
32064.3820 11.8228 3.8910e+04
32080.3320 10.8804 1.9639e+04
32084.5220 19.7472 8.6096e+04
32095.0520 14.7477 4.7036e+04
32110.0720 12.2176 2.4790e+04
32115.9920 12.0675 6.2552e+04
32126.6620 10.0989 2.7764e+04
32131.5220 12.2908 2.9011e+04
32154.4920 15.4590 6.7224e+04
32160.2220 12.4357 5.0539e+04
32181.2420 10.4878 2.0326e+05
32199.6020 14.0576 3.0679e+04
32208.5520 10.3205 1.9936e+04
32213.1020 18.0281 3.7429e+04
32228.7820 11.3716 3.3573e+04
32251.1120 13.7061 4.1061e+04
32279.0820 13.5159 2.4320e+04
32309.9620 15.6352 9.0252e+04
32321.4020 17.8957 5.5972e+04
32332.8120 13.6897 2.7580e+04
32389.4220 10.2146 5.7324e+04
32390.1320 12.1068 5.7937e+04
32444.4420 10.2020 4.6843e+04
32446.3920 10.7980 4.7524e+04
32468.8120 15.4817 1.3801e+05
32473.0320 16.7770 1.1492e+05
32479.0520 19.3037 7.1809e+04
32493.9320 12.7054 3.8877e+04
32497.4520 13.6786 2.5608e+04
32511.6220 15.3480 6.2605e+04
32538.7620 13.1283 2.9669e+04
32547.6320 11.1510 2.7494e+04
32668.5620 14.8972 6.6138e+05
32729.0620 10.1062 7.0008e+04
32791.2520 10.6109 5.4384e+04
32888.7720 10.6819 4.0064e+04
32922.2720 14.1588 6.3397e+04
33289.8020 12.1699 8.4229e+04
33323.6020 13.9988 6.4890e+04
33324.2420 16.9675 5.7919e+04
33335.1220 15.2499 9.7096e+04
33362.7320 13.5901 2.4728e+04
33474.8420 11.5378 3.1911e+04
33686.1921 10.2512 5.0048e+04
33754.2221 10.0789 6.0135e+04
33757.3621 14.8473 4.3748e+04
33877.9221 19.1072 2.1210e+05
33918.2221 16.9266 2.1178e+05
33927.8121 10.1738 5.1061e+04
33939.9221 21.4437 8.2202e+05
33956.3821 10.3942 1.1747e+05
33972.3921 20.6480 1.2564e+05
34018.9921 10.9331 7.0658e+04
34034.4021 16.3703 6.1723e+04
34047.8621 12.5657 7.1012e+04
34056.5621 11.9710 8.3998e+04
34062.4421 10.6097 1.0588e+05
34089.2721 13.5339 8.9849e+04
34097.6721 13.5599 1.3275e+05
34098.2921 12.3336 1.2032e+05
34114.5721 10.3939 9.1009e+04
34144.9421 15.7759 3.7985e+04
34154.5421 10.8803 1.3661e+05
34155.3521 20.0248 1.3661e+05
34188.7221 16.2450 1.6879e+05
34221.8521 12.0376 5.7964e+04
34231.4921 11.0165 4.4002e+04
34261.8121 11.0727 1.8768e+05
34262.5721 12.2775 1.8768e+05
34272.1421 12.3499 2.6240e+05
34287.9621 11.9959 3.3642e+04
34307.4521 21.0622 8.0156e+04
34347.4421 15.1726 7.2511e+04
34355.5521 12.7469 9.2344e+04
34365.5521 10.0736 1.0441e+05
34367.5921 10.0841 6.2028e+04
34374.1221 12.6629 1.9005e+05
34374.8721 14.2177 1.7128e+05
34377.2521 12.5379 9.0523e+04
34396.2621 16.0838 1.3726e+05
34397.0721 18.6245 1.2223e+05
34448.2321 10.2794 3.4367e+04
34481.9021 14.8432 8.5850e+04
34510.1921 14.3297 5.9967e+04
34528.6321 11.5534 3.8662e+04
34529.5221 10.2195 3.4372e+04
34543.9821 11.8186 5.4759e+04
34560.7521 18.7693 9.6470e+04
34571.7821 18.7253 7.4160e+04
34589.9921 15.4793 4.7160e+04
34618.0921 18.7842 4.7081e+04
34623.1121 10.2030 3.0225e+04
34635.8421 13.0560 2.7911e+04
34644.5921 10.7483 4.1424e+04
34657.0021 12.8862 3.3402e+04
34678.1721 10.0667 1.6984e+04
34686.0021 15.6096 3.3776e+04
34686.4421 11.4056 2.5530e+04
34701.5721 18.8343 8.3441e+04
34710.0121 12.2223 4.6000e+04
34721.1321 19.7974 6.2219e+04
34731.0921 11.8761 2.9861e+04
34741.3521 17.0915 6.3542e+04
34773.0921 18.2342 4.3537e+04
34787.4621 16.8351 4.9106e+04
34789.0021 13.4863 4.5188e+04
34798.7021 11.3727 3.6223e+04
34811.7221 10.7290 3.3412e+04
34817.2021 13.3862 3.5689e+04
34821.2521 10.7741 7.3071e+04
34835.6121 10.2243 4.3153e+04
34946.5021 11.0635 5.0959e+04
34965.9021 15.9782 4.0860e+04
34988.1421 11.3650 3.7883e+04
34997.2221 12.5667 2.7623e+04
35002.9221 11.3283 2.7516e+04
35011.3021 14.4333 1.0126e+05
35021.5021 16.4226 1.0636e+05
35063.8421 11.8207 4.4605e+04
35075.0221 12.8682 7.6437e+04
35083.6021 12.9701 6.6948e+04
35084.1821 11.1774 5.5393e+04
35094.8521 15.1481 4.2909e+04
35109.1021 12.3609 4.2734e+04
35111.7121 12.5622 1.8483e+04
35169.4321 12.6820 7.1839e+04
35189.2221 17.8014 9.0001e+04
35204.0421 11.2987 2.5491e+04
35277.1122 14.0875 1.0995e+05
35315.1222 11.2518 3.5940e+04
35325.1922 22.9880 1.1069e+05
35335.0622 10.5964 3.2755e+04
35349.5922 12.3526 3.5539e+04
35362.3522 14.7249 4.1945e+04
35405.8722 10.8115 2.7622e+04
35419.4422 12.6521 1.0046e+05
35423.1922 23.2105 1.0046e+05
35498.4322 10.6277 4.6079e+04
35508.3122 16.2485 3.9364e+04
35521.7122 12.5701 4.2387e+04
35532.3722 10.9936 5.0331e+04
35563.5522 10.4753 3.9154e+04
35570.8022 15.4139 1.2579e+05
35573.5022 10.3485 9.5349e+04
35575.9422 10.7821 3.8374e+04
35634.1622 10.6693 1.2990e+05
35641.8922 10.1459 4.8764e+05
35679.2622 11.8671 3.6379e+04
35700.7022 13.0050 6.5065e+04
35726.5222 19.6777 9.2090e+04
35737.4922 11.5947 4.2299e+04
35766.2122 11.4764 6.7123e+04
35769.8122 10.0660 5.5516e+04
35771.7722 10.1079 5.7336e+04
35786.2622 10.3679 7.5149e+04
35804.6822 12.8554 6.3547e+04
36015.5022 20.1034 7.6952e+04
36026.0022 10.3375 4.0084e+04
36026.6522 11.0755 4.1191e+04
36053.1522 15.1085 6.0235e+04
36053.8222 13.8281 5.9109e+04
36066.1222 15.8429 6.0292e+04
36082.9422 17.1866 4.7515e+04
36109.4122 11.6223 4.2852e+04
36129.5322 12.4339 4.5027e+04
36160.2422 13.6809 7.5955e+04
36161.0722 10.5871 7.3433e+04
36161.9722 13.1512 4.6568e+04
36173.7922 10.1152 4.2270e+04
36190.4922 10.6833 7.1849e+04
36376.4622 16.5010 1.0587e+05
36517.5422 10.7376 4.7867e+04
36561.5222 14.0230 3.2938e+04
36577.6722 15.8188 4.2250e+04
36583.6522 13.0089 3.5802e+04
36590.2922 16.5261 4.2375e+04
36634.6722 11.6455 5.3077e+04
36641.2522 14.4685 6.4324e+04
36644.5122 14.9238 5.9052e+04
36660.4122 13.8370 5.9745e+04
36689.2722 11.5974 8.0406e+04
36691.3522 10.9412 3.9982e+04
36719.8122 16.0687 6.3986e+04
36733.3722 10.7975 2.1959e+04
36742.1622 11.9028 9.4154e+04
36745.6922 12.0826 7.7730e+04
36753.6422 10.9458 8.4075e+04
36760.3922 15.6654 1.2497e+05
36813.6222 12.4152 2.7590e+04
36841.3222 15.3949 3.6404e+04
36902.2523 13.7189 6.1146e+04
36997.2823 10.8405 5.9858e+04
37006.1923 17.2817 2.2449e+05
37278.0623 13.0173 1.1174e+05
37283.7423 10.2686 4.1087e+04
37314.3723 11.5642 5.5655e+04
37393.3923 17.2806 6.2849e+04
37415.8723 10.2615 2.8843e+04
37440.2623 11.2595 9.5615e+04
37491.7023 10.4516 3.7277e+04
37527.4223 10.6566 5.2783e+04
37539.9023 15.4207 6.4292e+04
37544.1423 14.9895 8.3399e+04
37571.4523 11.2779 4.2180e+04
37575.7123 17.2582 9.7835e+04
37717.5123 10.3711 3.0685e+04
37724.4623 15.4977 3.5645e+04
37733.0623 13.2192 2.7039e+04
37738.4423 16.3052 1.0729e+05
37753.1723 12.0679 2.0618e+04
37761.5523 11.8592 3.6758e+04
37765.5623 11.1481 1.6505e+05
37768.2023 20.4499 1.1641e+05
37778.3823 15.1877 8.2953e+04
37798.1923 18.9490 6.2350e+04
37862.2523 14.3781 2.7956e+04
37869.9023 15.7812 9.8433e+04
37870.2823 14.7405 6.3751e+04
37875.8523 13.6853 4.3575e+04
37895.2923 10.3697 3.2498e+04
37901.8823 13.6495 3.9373e+04
37917.0323 11.8723 4.0939e+04
37923.1623 12.5549 5.0596e+04
37924.1823 10.7075 4.7072e+04
37954.5423 10.1949 2.7842e+04
37998.3423 10.6491 2.3330e+04
38148.7023 18.9902 9.2054e+04
38230.8323 14.1358 5.9093e+04
38232.4123 11.9657 3.9945e+04
38267.3123 12.1271 4.7677e+04
38392.4323 19.6301 2.8009e+04
38400.8423 13.7891 5.3512e+04
38438.2523 20.2098 5.1274e+04
38448.0323 10.3835 3.3423e+04
38483.8323 10.2343 3.2590e+04
38507.3424 14.9499 1.2083e+05
38508.3424 17.2477 9.3825e+04
38592.2724 16.0565 4.0083e+04
38600.5124 14.4555 2.9739e+05
38603.2924 10.9609 2.2610e+05
38663.4924 12.8330 2.4543e+04
38668.7824 14.4408 3.5220e+04
38701.5524 12.6487 5.4641e+04
38741.9924 13.2702 4.8453e+04
38768.6524 10.0888 2.5303e+04
38812.5924 10.4716 2.2550e+04
38829.5024 10.2131 1.6420e+04
38854.3924 10.8268 8.1661e+04
38859.1224 14.4854 5.1171e+04
38948.2124 12.3241 9.4193e+04
38948.7524 12.2672 9.6005e+04
38983.5624 19.4794 1.7405e+05
39112.5724 14.8612 5.7916e+04
39148.8324 11.9407 4.7486e+04
39260.5324 10.9894 1.1754e+05
39283.7524 15.3952 7.2875e+04
39284.1424 10.9265 6.2043e+04
39300.1424 15.3554 4.1988e+04
39340.3924 12.2354 5.6784e+04
39343.3224 13.4459 4.1585e+04
39358.3724 15.5367 4.0883e+04
39366.3624 14.2981 4.2236e+04
39385.0224 10.8908 3.0274e+04
39393.0724 13.4042 4.1895e+04
39482.6624 16.1213 5.5930e+04
39493.1524 11.7074 4.2907e+04
39494.5824 12.1947 3.6744e+04
39536.7124 14.8651 1.0125e+05
39748.2224 17.0254 1.1920e+05
39840.4324 11.5355 4.7627e+04
39894.5424 14.2378 4.2344e+04
39914.6324 10.3531 2.7352e+04
39942.9524 19.4449 9.8483e+04
39964.2724 14.7517 3.7511e+04
40038.3324 12.8668 5.1366e+04
40073.4824 13.6982 1.6294e+05
40074.3924 15.2901 1.7518e+05
40096.2424 13.2369 1.3636e+05
40305.0525 19.4798 6.3093e+04
40306.3425 10.5353 4.5497e+04
40325.1825 11.2873 6.0520e+04
40329.6625 11.3373 4.4940e+04
40520.5725 11.1309 1.2250e+05
40645.4725 17.0984 6.1564e+04
40666.0725 20.7996 9.2857e+04
40674.2625 10.0932 5.6140e+04
40697.1825 14.9646 3.6777e+04
40825.8525 10.9127 4.2141e+05
40940.0125 12.2777 2.5219e+04
40961.8325 15.3264 3.5568e+04
40977.5425 11.3045 2.0014e+04
41166.7925 11.4644 2.7827e+04
41394.3625 10.6642 6.5466e+04
41395.6225 12.6672 5.3355e+04
41507.1025 11.5630 6.1567e+04
41750.7525 11.0157 7.2964e+04
41877.5926 14.4043 6.6605e+04
41965.9026 10.5909 9.2672e+05
41966.8726 14.4965 9.2672e+05
42061.5326 12.9391 4.0095e+04
42077.3426 18.0941 1.1954e+05
42130.0726 13.8612 3.1072e+04
42155.2726 10.3825 6.0138e+04
42170.4826 10.3908 5.4783e+04
42321.2726 10.0659 3.6638e+05
42341.2226 12.6473 7.7606e+05
42511.8626 14.9492 8.4425e+04
42588.5826 10.2058 1.0067e+06
42637.9226 10.0859 7.5620e+04
42684.4626 11.0720 2.9177e+04
42722.3726 11.1912 4.3021e+04
42782.0626 10.0710 3.7028e+04
42848.0026 10.3533 1.0864e+05
42907.0026 10.8133 5.1269e+04
42962.5426 10.6168 8.0281e+04
42965.2326 12.8853 5.8131e+04
43005.2226 13.3057 6.7595e+04
43019.7726 10.8919 6.2356e+04
43049.0326 12.3970 3.1494e+04
43061.5126 11.8170 6.8400e+04
43062.3426 13.0944 1.0436e+05
43063.1226 18.0455 1.0436e+05
43068.1126 15.2761 2.2975e+05
43071.5926 11.8350 2.5958e+05
43078.7126 17.7454 3.4451e+05
43080.4026 10.6640 2.8881e+05
43095.9526 10.5455 1.0793e+05
43096.9026 12.6578 7.5978e+04
43107.6126 16.5644 3.3548e+05
43110.3826 18.3036 2.6920e+05
43131.6226 10.6685 6.4816e+04
43155.8226 10.6545 5.7559e+04
43165.2126 10.2568 3.6754e+04
43200.3026 11.6998 2.7639e+04
43205.5426 12.1312 3.6410e+04
43216.8926 18.0864 9.7698e+04
43253.2626 13.4684 3.9683e+04
43259.7926 14.6994 5.9189e+04
43297.3726 15.6698 5.1347e+04
43327.2626 14.3004 5.1582e+04
43346.4026 12.5141 2.8556e+04
43476.4027 11.0960 4.3063e+04
43492.3227 11.1422 3.9191e+04
43573.4027 13.0242 6.5559e+04
43576.9227 11.2273 5.2412e+04
43598.0727 13.6374 9.2451e+04
43643.5927 10.6171 6.8028e+04
43837.1127 10.2182 1.4679e+05
44021.8427 10.6625 7.4803e+04
44420.8827 12.1114 4.3398e+04
44429.8827 12.7872 8.6859e+04
44435.2227 12.0165 1.1336e+05
44512.4427 11.5195 9.2093e+04
44621.2027 10.7686 1.1532e+05
44668.9427 13.0780 8.1949e+04
44682.0127 10.5661 1.5713e+05
44700.7427 14.6899 2.1435e+05
44734.4427 10.7034 3.1858e+04
44777.7627 13.9372 8.2308e+04
44792.2227 11.5406 4.9365e+04
44797.5227 11.6134 4.9338e+04
44848.0827 12.7676 5.1270e+04
44853.8527 19.0816 9.0403e+04
44865.7927 11.0187 3.1435e+04
44883.5427 11.4179 8.1309e+04
44892.0427 10.2811 8.1656e+04
45136.9128 15.8608 1.2408e+05
45219.5128 10.5762 5.0495e+04
45232.0228 10.5569 8.2739e+04
45305.4828 14.1209 3.8101e+04
45372.3628 10.0698 6.4791e+04
45455.8128 11.0001 6.4964e+04
45456.5828 11.1145 5.0901e+04
45475.7828 10.4753 4.8738e+04
45573.1028 10.7149 5.1934e+04
45575.2228 10.7829 6.7780e+04
45579.1428 13.6299 6.4382e+04
45632.6828 11.5149 3.8386e+04
45633.3028 12.7317 3.3333e+04
45668.9928 11.3411 6.8790e+04
45720.3928 12.9869 8.6091e+04
45740.1128 18.0398 7.5093e+04
45747.8528 11.8266 5.0188e+04
45759.8828 13.6757 4.5550e+04
45773.7628 10.7398 4.6438e+04
45820.5428 10.2363 1.8868e+05
45955.6728 10.3594 1.1877e+05
46109.7728 11.3753 9.5617e+04
46110.1728 11.4225 7.2511e+04
46173.5528 10.7232 6.6673e+04
46186.3328 11.4484 4.0549e+04
46204.9628 10.2020 5.2558e+04
46223.8228 12.0607 6.7888e+04
46248.9228 10.3239 9.5531e+04
46263.4828 11.1189 5.5063e+04
46324.4828 10.4794 5.6367e+04
46336.5228 10.0897 3.4771e+04
46359.1328 12.5286 5.8890e+04
46400.7628 15.3334 7.6964e+04
46419.9828 10.4458 3.4663e+04
46440.2628 12.0499 5.6300e+04
46440.7228 12.2181 3.8692e+04
46454.0028 11.8756 5.1210e+04
46469.7728 11.9480 2.8389e+04
46568.6228 10.1754 7.2253e+04
46583.2428 12.4831 6.0734e+04
46637.2128 11.2454 8.0804e+04
46652.4828 17.0664 9.3987e+04
46671.1528 11.6697 1.1421e+05
46673.9328 11.6367 1.2343e+05
46691.8528 10.7724 6.9414e+04
46706.4929 10.2355 8.8679e+04
46715.0929 15.4191 1.6586e+05
46730.1029 10.1497 2.8461e+05
46732.6129 19.0650 1.3550e+05
46755.4629 10.1198 1.4988e+05
46830.7529 17.6141 1.8465e+05
46837.3629 10.9933 1.2867e+05
46854.2929 10.2448 7.4004e+04
46876.2329 10.9241 1.8707e+05
46878.1729 18.2429 1.8043e+05
46888.3729 19.3864 2.8246e+05
46889.5929 14.8992 2.1312e+05
46908.1929 14.5962 7.8681e+04
46946.3129 11.5336 1.8967e+05
46998.7829 10.1574 2.1507e+05
47000.2729 11.4008 2.0722e+05
47026.7329 10.6600 2.1349e+05
47035.6429 14.5981 2.2429e+05
47036.6729 17.7433 1.1762e+05
47056.3329 12.0547 8.2580e+04
47056.9529 13.5956 7.4676e+04
47328.4629 10.2063 7.8855e+04
47413.3429 21.4587 9.6738e+04
47436.9529 11.1023 6.6443e+04
47487.6129 11.9457 6.6629e+04
47592.1229 18.6097 1.2430e+05
47625.7829 10.2323 5.6168e+04
47627.4529 10.3442 4.5543e+04
47858.5529 12.1399 4.1419e+04
47922.6029 11.4859 5.7291e+04
47939.4429 14.0281 4.6023e+04
47963.6029 13.0670 6.8219e+04
48015.0829 13.9175 6.3367e+04
48016.4729 12.9926 5.9419e+04
48040.6429 12.0051 3.9358e+04
48057.7029 17.7579 6.9757e+04
48058.4429 11.2818 6.7687e+04
48092.3729 17.7613 1.3215e+05
48188.2929 10.4264 4.7865e+04
48199.9029 10.4945 5.6904e+04
48315.4729 16.0837 1.3296e+05
48571.4430 14.5786 3.2487e+04
48660.0930 17.0643 2.9342e+04
48668.1030 10.8976 2.9147e+04
48761.4130 14.8018 6.2988e+04
48763.1030 13.7478 4.9020e+04
48841.1530 10.5170 2.4196e+04
48846.4430 10.4208 4.3007e+04
48867.1730 13.0532 1.9432e+04
48881.4030 12.4398 1.8303e+04
48988.7930 10.4134 2.9971e+04
49145.2630 12.9807 6.3990e+04
49147.4430 13.2876 5.8560e+04
49150.1930 13.9344 5.1959e+04
49175.9830 11.0540 2.8379e+04
49180.1830 10.6386 3.1903e+04
49466.6330 11.8770 6.0298e+04
49503.1730 10.2381 3.5348e+04
49521.0630 11.2027 3.1605e+04
49587.3230 10.2321 1.3182e+04
49628.0830 11.2593 1.5037e+04
49684.9030 12.6462 2.1224e+04
49907.8330 10.1151 5.9377e+04
49937.9230 10.7369 1.4062e+05
49945.6430 10.1948 2.9955e+05
49946.4230 12.5474 1.8003e+05
49958.8830 12.5405 1.8737e+05
50012.8631 10.7798 9.5514e+04
50014.4131 10.2803 9.3075e+04
50031.0431 18.7951 7.9336e+04
50048.2331 13.5080 5.5251e+04
50048.8131 11.9247 5.5251e+04
50070.8931 13.3103 3.3860e+04
50084.9931 15.4448 3.8867e+04
50107.7631 15.9792 4.9735e+04
50117.6631 13.2674 9.4158e+04
50119.0231 14.5863 9.4158e+04
50142.9331 20.9874 1.1896e+05
50162.4631 12.1960 6.9662e+04
50193.2831 18.4423 5.2387e+04
50197.9431 11.4171 4.2385e+04
50214.3931 14.6837 1.1072e+05
50215.6031 17.3639 1.1999e+05
50257.5731 10.9681 4.1160e+04
50464.4831 13.7023 1.9557e+04
50509.8431 10.4441 6.3401e+04
50510.5131 15.9403 6.3401e+04
50513.2331 15.0278 5.2209e+04
50532.0531 11.2191 2.5990e+04
50543.6031 12.1662 2.2339e+04
50585.1031 20.6692 5.3471e+04
50604.5431 10.3180 1.8871e+04
50629.0531 12.3768 7.4333e+04
50632.6131 11.1494 7.3620e+04
50639.5331 10.7278 4.2784e+04
50663.6131 10.5117 3.3122e+04
50752.3431 16.9796 4.5822e+04
50758.6031 21.2670 1.0552e+05
50759.1831 11.4844 9.8299e+04
50779.9131 14.7366 1.9824e+05
50781.3531 22.0344 1.9824e+05
50797.2631 11.5771 6.6249e+04
50797.9631 14.5773 6.1204e+04
50820.1431 12.2176 7.0146e+04
50848.9631 10.2087 1.9292e+04
50914.2531 11.1846 1.7739e+04
50919.1431 16.4387 3.0343e+04
50946.0231 16.4678 2.0580e+04
50954.9931 11.1822 1.7745e+04
50970.7631 10.4683 1.2752e+04
50982.9431 19.0634 2.8013e+04
50989.6731 21.6040 7.4491e+04
50995.5131 12.0887 5.4118e+04
51040.6931 12.4812 2.0967e+04
51061.5631 10.9206 4.6128e+04
51069.1431 11.5394 6.2476e+04
51091.8031 19.7784 9.5490e+04
51185.7731 10.1444 5.5124e+04
51204.7531 10.3050 2.1626e+04
51211.1031 16.7763 3.3671e+04
51217.4731 12.0216 3.0671e+04
51254.4231 10.3826 1.3467e+05
51286.0931 11.5199 2.5851e+04
51341.5131 18.9609 4.6800e+04
51364.8631 12.1261 4.4442e+04
51366.3631 12.4347 4.4442e+04
51387.1631 15.9464 4.8592e+04
51407.7731 11.1171 1.2795e+04
51427.6931 12.5119 2.8384e+04
51443.6931 19.5909 6.9962e+04
51455.3731 10.0626 3.1855e+04
51550.1431 10.8018 1.9956e+04
51553.8931 16.2418 5.7263e+04
51554.6431 10.1939 5.7263e+04
51557.6531 17.5306 5.7089e+04
51574.0031 11.8309 2.2750e+04
51590.0431 10.8088 1.5392e+04
51593.1031 12.3288 1.5466e+04
51597.7331 12.9837 1.5834e+04
51814.6732 12.4862 8.2646e+04
51826.2232 15.8176 2.4332e+05
51827.5532 14.6864 2.0353e+05
51838.0732 14.4050 5.3898e+04
51856.1932 12.5852 9.6694e+04
51858.1232 22.3140 9.3194e+04
51872.6532 15.2392 4.0511e+05
51873.5832 14.0953 4.2889e+05
51874.3032 23.8531 4.0175e+05
51899.1532 11.0936 9.0963e+04
51912.7532 16.2493 8.5736e+04
51921.1532 12.0958 7.5357e+04
51924.8332 18.8867 5.1703e+04
51942.0332 10.6698 5.8887e+04
51945.3732 21.1918 4.9761e+04
51959.4332 14.5203 2.3563e+04
51986.8132 11.4089 6.6989e+04
51992.6832 13.0557 8.5543e+04
52001.0732 13.0482 4.4274e+04
52010.5832 18.9106 4.6585e+04
52027.3932 11.3039 2.3099e+05
52031.1432 11.6792 2.6488e+05
52052.6232 18.1179 1.0775e+05
52058.4332 22.0647 1.9807e+05
52072.2932 23.1058 2.4422e+05
52083.2932 15.9302 1.4734e+05
52151.3232 12.3969 5.3086e+04
52183.6632 13.3066 7.9852e+04
52213.7132 10.4353 6.2249e+04
52290.1132 12.2599 2.4810e+04
52293.4532 10.3420 2.9254e+04
52425.4632 10.8016 2.6946e+04
52467.6332 12.4901 8.4527e+04
52468.2532 14.6559 8.4527e+04
52469.1532 18.3726 7.5925e+04
52489.9232 22.6907 5.7434e+04
52547.6832 13.6525 2.1936e+04
52596.0532 13.2936 1.4531e+04
52642.5832 16.4976 1.1568e+04
52652.7732 16.4132 2.2792e+04
52685.0332 10.0877 1.2423e+04
52723.7532 12.3483 1.9950e+04
52763.7832 11.8517 1.7393e+04
52826.2932 13.2533 6.6621e+04
52827.1232 11.5929 6.6621e+04
52830.0532 13.4401 6.6621e+04
52871.1832 11.2698 2.0056e+04
52881.5032 10.5164 5.3127e+04
52882.1832 10.6649 4.7760e+04
52924.0832 14.3294 1.8254e+04
52939.9832 14.3674 3.3773e+04
52974.3632 10.4866 2.5768e+04
52984.7132 16.4585 8.2467e+04
53069.3732 16.3395 4.5489e+04
53089.0532 11.1930 8.6596e+04
53112.4932 11.5285 4.8900e+04
53143.8032 14.5334 2.1883e+04
53150.7532 10.1412 3.5516e+04
53170.0532 11.7689 3.1848e+04
53172.4232 12.8820 3.0604e+04
53176.5932 10.8310 3.6339e+04
53205.0132 12.6738 1.5581e+04
53221.0132 19.2225 4.5678e+04
53222.5932 11.3475 4.4090e+04
53241.5232 10.4239 2.9313e+04
53262.5033 17.0219 4.3747e+04
53304.6833 10.2108 4.3453e+04
53325.4533 11.9654 2.7522e+04
53354.0933 17.9593 1.5463e+05
53366.3733 13.2244 5.8807e+04
53415.2533 19.2557 6.8840e+04
53437.7233 12.6988 1.2785e+04
53446.7233 17.1047 3.8502e+04
53470.0533 11.4023 2.5538e+04
53479.7933 11.0915 2.2579e+04
53486.6033 12.3289 2.3679e+04
53491.7133 11.1300 4.3951e+04
53495.7433 11.1561 5.5127e+04
53517.8533 15.2894 4.9786e+04
53540.1833 11.3851 3.0411e+04
53553.5533 14.3064 3.7026e+04
53564.4533 11.9585 4.8140e+04
53589.6433 12.1373 5.7219e+04
53593.7133 14.0724 5.5659e+04
53602.6433 13.5742 5.4213e+04
53645.6733 10.3403 2.0178e+04
53658.5833 16.3042 2.1833e+04
53675.1633 16.4398 5.4490e+04
53747.5533 10.1952 1.4763e+04
53753.1133 14.6010 3.4475e+04
53876.9433 13.6126 3.1409e+04
53895.0633 11.5894 1.3684e+04
54066.9433 10.5195 9.2099e+03
54084.4433 16.8459 2.0586e+04
54094.8233 11.7962 9.4353e+03
54181.3533 13.6343 1.9988e+04
54199.5833 18.9180 4.2918e+04
54216.8433 20.3795 1.3273e+05
54218.8433 14.8028 1.3273e+05
54227.4033 10.6710 6.0292e+04
54259.5533 11.2559 7.9429e+04
54260.2233 10.0599 6.9683e+04
54298.2733 23.4395 1.2312e+05
54299.0333 11.9211 1.1771e+05
54300.1033 11.6003 6.4927e+04
54312.4533 15.0960 5.0018e+04
54368.0433 19.1221 4.2377e+04
54481.2933 14.2901 2.0069e+05
54485.0533 17.0958 2.0069e+05
54545.5533 17.6732 3.9408e+04
54648.9833 12.9968 3.3502e+04
54816.5733 19.8578 2.3907e+04
54829.2933 12.2151 5.7081e+04
54830.1833 14.4756 4.7646e+04
54892.1134 19.3023 3.3927e+04
54989.7934 13.1407 1.0126e+04
55213.4134 11.6969 4.1055e+04
55216.3834 16.2543 3.7247e+04
55256.0534 10.0517 1.4589e+04
55267.1134 14.9486 2.6295e+04
55286.8734 17.2122 3.6087e+04
55581.3134 14.9519 4.4495e+04
55637.0334 14.8262 2.5547e+04
55645.7534 23.2867 7.3886e+04
55671.9834 16.9996 4.0539e+04
55687.4834 13.7932 5.2658e+04
55688.1234 18.9491 5.2658e+04
55688.7034 13.6379 4.5000e+04
55693.8734 16.2730 5.5240e+04
55704.1734 12.1243 2.7220e+04
55722.5634 10.7949 2.2696e+04
55732.0934 20.9366 5.7618e+04
55734.7534 13.2648 3.8696e+04
55747.5434 12.8955 1.6070e+04
55752.2334 18.6844 3.6195e+04
55760.1634 13.2957 2.3068e+04
55782.8334 12.8192 8.1650e+03
55791.2834 23.6555 6.6170e+04
55806.7434 17.3752 3.8383e+04
55840.0634 18.4812 1.2380e+04
55859.5434 11.1271 7.9189e+03
55915.2534 16.8561 1.6754e+04
55998.2734 22.6184 4.1568e+04
56013.4934 13.0614 2.2416e+04
56024.6634 18.4897 2.3691e+04
56048.5034 17.4286 6.3490e+04
56052.4034 13.8883 6.2565e+04
56079.9334 14.0880 2.4180e+04
56087.2134 11.9430 5.5954e+04
56088.7934 19.5365 4.5397e+04
56093.3534 11.4731 3.2932e+04
56102.5434 20.5427 5.5114e+04
56123.0934 22.1501 6.9631e+04
56148.6034 13.6522 1.5250e+04
56176.0934 10.9144 2.2071e+04
56267.7434 17.8495 5.2349e+04
56270.1834 19.0480 4.8084e+04
56277.8634 10.7348 4.9272e+04
56280.8934 13.0284 4.8505e+04
56297.5934 10.1293 3.2164e+04
56323.7934 12.2749 2.1065e+04
56340.7434 23.7997 1.0111e+05
56364.4334 14.7121 1.2140e+04
56370.8334 15.2736 2.7649e+04
56377.5034 16.6542 2.4678e+04
56378.6934 13.3894 1.5765e+04
56485.6534 11.9984 6.4220e+04
56488.3134 21.0221 5.8404e+04
56493.8634 11.5737 1.0088e+04
56498.1734 13.7976 3.5129e+04
56517.0634 12.2653 7.6278e+04
56517.5734 22.2371 6.6869e+04
56544.4135 18.1939 3.4246e+04
56546.0935 15.8896 2.3874e+04
56589.9735 13.9060 7.9058e+03
56599.1935 16.9287 5.4990e+04
56601.2135 16.3385 2.8825e+04
56608.5135 11.3471 1.3604e+04
56622.9435 18.3054 1.2318e+04
56654.8135 20.4249 2.9144e+04
56664.4535 17.0890 3.2599e+04
56674.4035 12.6439 3.4006e+04
56696.3235 11.7360 1.3459e+04
56706.3335 10.8752 3.2048e+04
56715.8835 11.0340 1.4160e+04
56723.2635 16.5125 4.0340e+04
56724.6235 19.6541 3.1186e+04
56729.2635 16.3309 6.4734e+04
56767.9535 12.6798 7.6388e+03
56772.7635 12.0955 1.8611e+04
56776.3035 11.7854 1.5327e+04
56783.2435 12.3637 1.2409e+04
56788.5235 19.4410 4.0210e+04
56826.3635 17.8075 1.8601e+04
56829.9735 12.4069 1.2266e+04
56840.5135 10.2585 1.7038e+04
57004.7335 22.6821 1.9027e+04
57146.5035 25.1595 3.7586e+04
57157.6735 12.5283 1.4173e+04
57166.2535 20.5628 2.8330e+04
57184.2835 11.7952 4.6412e+04
57197.4635 13.6457 3.3830e+04
57198.3935 14.4875 3.1638e+04
57282.2035 14.5722 3.3196e+04
57282.5935 19.7141 1.8775e+04
57298.4535 11.7103 3.2728e+04
57302.8835 10.4945 3.0852e+04
57307.0435 13.4824 2.8294e+04
57362.6735 15.1687 1.9695e+04
57400.3835 14.8800 3.3980e+04
57411.7635 10.8711 2.9075e+04
57414.4835 11.2199 4.9340e+04
57415.1735 11.2293 4.9340e+04
57418.8635 15.7659 3.4652e+04
57436.9635 17.9009 2.9354e+04
57524.6735 13.5513 1.2233e+04
57561.6835 15.4474 4.8059e+04
57562.8435 18.0235 4.5658e+04
57576.8335 10.8849 9.2050e+03
57599.0035 12.2695 1.5968e+04
57600.0835 10.6812 1.3981e+04
57623.8935 14.4015 7.9720e+04
57628.0835 20.3833 8.8233e+04
57634.7535 17.5898 1.3277e+05
57644.9135 11.2084 7.5271e+04
57668.6235 14.7939 2.5133e+04
57682.1235 19.8682 2.5491e+04
57687.2335 15.0741 1.0099e+05
57687.6835 16.2483 1.0099e+05
57688.3635 10.5367 9.1536e+04
57704.9835 19.9164 4.3283e+04
57706.3435 11.0987 3.0525e+04
57715.9935 20.5468 3.7204e+04
57754.7835 15.6899 2.3720e+04
57802.2435 10.4447 8.2436e+04
57823.0735 14.8174 1.7477e+04
57833.5435 10.2845 8.8056e+03
57858.5535 21.9553 6.6498e+04
57860.0335 10.3061 5.1484e+04
57873.7235 12.9521 3.1070e+04
57913.7935 13.1132 1.5397e+04
57924.9235 13.5323 8.3850e+04
57926.1935 17.2754 8.3850e+04
57942.5135 10.9282 2.1506e+04
57955.8235 14.8827 1.4161e+05
57977.4235 15.0298 4.7934e+04
58011.0135 10.2910 1.0045e+04
58033.4135 10.8873 1.0797e+04
58054.4835 15.9284 3.7367e+04
58091.6235 12.5706 2.2310e+04
58097.9735 11.6987 3.1789e+04
58110.4035 13.8583 2.0837e+04
58150.6535 10.9078 4.6491e+04
58164.0736 14.7387 5.4032e+04
58179.3636 13.1026 1.9098e+04
58268.7836 11.5042 5.7337e+04
58398.6436 10.6487 3.7126e+04
58434.6036 10.4613 2.0119e+04
58461.0636 16.3002 2.4607e+04
58500.7236 10.2071 2.4876e+04
58503.6936 10.6095 2.4284e+04
58506.6536 11.3478 1.9853e+04
58511.4436 12.2937 2.7695e+04
58573.6436 11.7775 1.2370e+04
58586.5036 14.3120 1.2227e+04
58598.2536 10.7073 1.4673e+04
58727.5236 13.2927 9.2329e+03
58739.4336 10.1410 5.9011e+03
58747.9436 13.4709 2.9098e+04
58752.2436 13.4449 2.7893e+04
58760.1336 10.8346 1.4082e+04
58782.2836 16.6905 6.3734e+04
58783.0036 16.7013 6.2724e+04
58809.5836 10.8829 1.5637e+04
58991.7236 13.9782 3.0458e+04
58992.1436 12.4701 3.0458e+04
59020.0136 14.8880 1.7399e+04
59073.7736 14.1030 1.7776e+04
59085.1736 10.4617 1.3050e+04
59091.3036 15.3666 2.3296e+04
59093.0636 13.4215 2.2530e+04
59105.7236 10.9060 1.5324e+04
59113.3736 12.2601 4.8142e+04
59126.4536 10.9870 1.1284e+04
59140.9236 11.7626 2.7406e+04
59208.0036 11.2291 2.7543e+04
59280.8636 10.0378 1.9191e+04
59340.4236 10.6586 4.6473e+04
59342.1836 14.9672 4.6473e+04
59374.8836 11.1979 2.2295e+04
59393.8436 14.8939 1.5021e+04
59454.9336 10.2357 5.3440e+04
59456.0836 15.9756 5.3440e+04
59499.1436 12.1487 3.0991e+04
59598.1836 12.2051 5.0497e+04
59610.1536 12.0983 4.1333e+04
59644.4136 11.1123 5.3356e+04
59646.0036 10.0786 5.3356e+04
59693.9336 10.3663 2.6194e+04
59825.9137 10.6947 1.0389e+04
59843.3337 12.4802 2.4167e+04
60190.6137 11.5052 1.4844e+04
60193.3737 12.2593 1.3994e+04
60252.3237 10.1803 1.2214e+04
60344.4937 11.4633 1.2758e+04
60423.7537 12.6596 1.1520e+04
60487.8137 17.7842 4.4071e+04
60514.1037 12.7876 1.5809e+04
60598.4637 10.5921 7.7904e+03
60698.3837 13.0892 7.9023e+03
60716.0237 15.1401 6.8525e+03
60731.4437 13.7469 9.1437e+03
60744.8137 10.8732 1.0473e+04
60811.3637 13.7836 3.0875e+04
61158.4337 10.2239 8.3376e+03
61170.8937 11.5048 1.3296e+04
61211.7337 11.3158 9.0701e+03
61247.5537 12.6220 1.0746e+04
61272.2037 13.6912 1.9474e+04
61335.2437 11.0077 8.7775e+03
61447.9938 13.3905 1.0050e+04
61519.2438 20.6525 3.6948e+04
61548.8738 18.7177 3.3481e+04
61592.7838 15.9740 3.1050e+04
61594.1938 12.4288 3.1050e+04
61610.7638 14.8253 2.2008e+04
61624.4738 12.4647 1.4399e+04
61818.1938 12.6038 2.1344e+04
61835.5638 18.1749 2.4586e+04
61861.7438 13.0434 1.5703e+04
61879.8238 20.6008 4.5772e+04
61968.7738 16.0045 4.7684e+04
62029.1838 18.4076 2.3102e+04
62099.3538 12.3080 1.6022e+04
62153.1238 12.3828 1.7075e+04
62153.7538 10.0572 1.6246e+04
62215.6938 14.3653 7.4487e+03
62232.5138 12.7764 4.2475e+03
62261.5438 10.0888 8.2677e+03
62384.5038 10.1309 7.0546e+03
62391.8938 11.2703 1.2210e+04
62401.5638 14.8981 1.8194e+04
62499.5538 13.2741 1.6973e+04
62578.8338 10.5786 4.3060e+03
62637.0038 14.6492 1.3077e+04
62692.1538 12.4495 3.2003e+04
62738.9638 12.7834 1.5167e+04
62883.1138 10.4985 2.7757e+04
62912.8738 11.0984 4.4010e+04
62974.3238 13.1305 1.5550e+04
63024.8438 12.1042 1.4610e+04
63149.9739 11.0198 1.0930e+04
63193.8839 14.3886 1.0346e+04
63213.8339 14.5291 2.1966e+04
63264.8239 17.4958 1.4268e+04
63303.9539 12.2805 9.7805e+03
63382.6239 11.7243 6.2726e+03
63420.0939 11.7851 8.4638e+03
63437.2739 22.8484 4.0198e+04
63459.2839 14.3764 2.3998e+04
63490.0839 13.1309 6.9877e+03
63503.9139 20.5822 3.7057e+04
63532.2139 13.9459 2.8841e+04
63533.5539 12.7376 5.4983e+04
63537.8839 11.6116 5.1352e+04
63653.4539 10.0237 1.1791e+04
63758.3339 12.9055 1.1365e+04
63796.2139 11.4641 5.1652e+03
63804.3339 11.3248 1.5366e+04
63834.0239 19.0176 4.4356e+04
63853.6339 17.2196 2.6623e+04
63886.3539 17.8155 1.7684e+04
63931.7539 16.3839 1.7286e+04
63937.4739 10.3505 1.3609e+04
63948.7139 10.1248 1.8055e+04
64056.5039 11.6706 1.7361e+04
64060.5439 15.4416 1.7361e+04
64075.3639 10.7655 3.0110e+04
64082.6739 18.0189 2.6202e+04
64098.8539 13.5060 1.2511e+04
64115.6339 12.7489 1.5806e+04
64186.4039 12.3553 5.1410e+04
64204.8539 12.0825 7.7316e+03
64209.5139 14.2116 1.6056e+04
64220.7039 10.8761 2.0692e+04
64269.0239 18.9547 2.3253e+04
64287.5139 10.2663 1.7598e+04
64406.7039 12.9169 1.6940e+04
64424.7439 12.0886 2.2897e+04
64531.5239 15.9469 1.0120e+04
64540.4239 13.4106 1.6124e+04
64543.9439 14.0988 1.6124e+04
64565.3639 12.1411 3.1828e+04
64583.7939 13.5518 2.2123e+04
64606.6939 15.0232 2.1347e+04
64686.0639 21.8542 4.5890e+04
64737.4740 15.8437 9.6188e+03
64890.9440 11.1981 7.4509e+04
64895.0040 22.2862 7.7238e+04
64908.9840 16.2281 6.7965e+04
64933.1740 14.8553 5.1530e+04
64969.1040 15.8669 6.2321e+04
64969.5940 22.5339 6.2321e+04
64984.8540 11.2069 4.7094e+04
64991.8340 14.8311 4.2458e+04
64999.2440 14.0661 3.7893e+04
65089.6540 11.8792 1.1046e+04
65165.8140 13.0475 1.0595e+04
65210.2340 10.1401 7.5529e+03
65424.4740 12.0373 4.0532e+04
65459.4440 18.1029 3.0995e+04
65474.2540 10.5600 1.4561e+05
65475.2340 13.8792 1.4561e+05
65478.1340 12.5900 8.5466e+04
65500.2340 16.4921 4.4586e+04
65513.3740 14.0422 6.3718e+04
65516.7740 14.2594 2.7701e+04
65553.3140 16.7499 2.1254e+04
65605.5840 18.1177 1.9088e+04
65655.4940 14.7461 3.3875e+04
65708.3340 14.5470 3.9118e+04
65713.3640 10.1925 5.8216e+04
65750.5440 10.5243 1.0670e+04
65752.8240 13.6866 7.1970e+03
65857.8840 14.2219 1.0823e+04
65867.4540 15.1242 2.4868e+04
65868.8740 10.4661 2.3888e+04
65951.1740 12.1313 1.0259e+04
66007.2540 10.5729 7.9527e+03
66214.0140 18.0443 2.1239e+04
66232.9240 14.5949 1.7912e+04
66233.7940 12.9079 1.7708e+04
66500.3441 15.3304 7.6704e+03
66604.7041 10.0720 4.0537e+03
66824.7941 13.9244 1.1794e+04
66847.5541 10.2154 1.4365e+04
66930.1141 10.1148 8.2702e+03
66950.4841 10.0249 8.1450e+03
67057.4241 14.1525 7.9395e+03
67141.7341 13.2723 7.4920e+04
67142.8341 11.5280 8.7742e+04
67145.8641 13.7200 8.7742e+04
67146.3941 14.5726 8.7742e+04
67169.3141 14.9998 3.9200e+04
67197.8041 21.0707 5.5207e+04
67229.2041 10.6760 9.5410e+03
67263.1541 10.4529 1.8778e+04
67334.5941 14.1117 2.9217e+04
67335.8241 12.3247 2.9217e+04
67337.1841 11.2974 2.9217e+04
67404.9041 14.7356 8.9793e+03
67421.0641 11.3396 3.2174e+04
67506.0841 12.3938 6.5507e+03
67566.1841 19.4057 3.2736e+04
67804.5241 11.1794 1.2243e+04
68096.6242 10.5305 8.1669e+03
68264.3342 15.4623 6.5703e+03
68314.5742 10.4658 1.7402e+04
68318.3342 10.8738 1.5045e+04
68393.9342 20.2485 1.2191e+04
68458.9942 11.0583 1.0843e+04
68537.2542 10.2544 1.0865e+04
68579.5042 10.1332 2.3558e+04
68617.4542 18.2464 2.6792e+04
68632.5842 15.0417 1.5402e+04
68658.9442 13.5202 2.7424e+04
68659.9842 13.7248 2.1550e+04
68699.4342 11.0449 7.3546e+03
68710.9442 10.8150 5.4707e+03
68750.8642 10.8969 1.3411e+04
68751.4942 13.5883 1.2334e+04
68783.2042 11.8238 1.3070e+04
68798.4242 15.2297 3.2738e+04
68825.5242 11.5091 2.2079e+04
68832.2042 11.4489 3.0611e+04
68832.9042 11.5791 3.0606e+04
68853.8942 10.0179 6.7434e+03
68865.2442 13.8095 1.3683e+04
68936.2442 11.4234 2.0968e+04
68949.3142 12.0276 2.7492e+04
68979.4742 10.6836 1.6883e+04
69003.9142 11.0257 1.0756e+04
69079.9342 13.1045 1.9650e+04
69149.3942 13.4548 1.3782e+04
69202.5142 15.1788 2.0696e+04
69223.3742 11.7389 1.9122e+04
69239.5042 16.1425 2.8574e+04
69298.7042 12.0314 2.6349e+04
69362.2042 10.6388 1.4640e+04
69371.9342 12.0444 1.4099e+04
69388.6742 10.9884 1.2636e+04
69413.0842 12.7971 1.2064e+04
69421.2142 14.3486 1.2100e+04
69421.8542 12.6613 1.1348e+04
69479.4142 11.0960 1.7867e+04
69497.2742 13.7787 1.5989e+04
69537.1742 11.4921 2.4403e+04
69612.7242 10.8409 9.3955e+03
69634.5043 10.6821 1.9500e+04
69647.8743 11.0414 8.3435e+03
69688.0643 11.4746 6.5330e+03
69699.0043 11.4049 1.0076e+04
69718.0043 11.6753 1.8084e+04
69782.6943 16.0853 2.5737e+04
69813.5043 14.1839 7.8100e+03
69915.8743 17.1680 2.7081e+04
70022.8443 11.6591 9.6591e+03
70130.2843 12.0761 1.5222e+04
70226.3643 13.6911 1.0491e+04
70608.0743 14.0166 1.2264e+04
70900.6243 10.2676 1.8672e+04
70901.3743 16.5771 1.7468e+04
71066.8743 12.9290 1.0721e+04
71239.7243 12.8817 6.3278e+03
71316.9644 10.6257 3.3079e+04
71319.2944 14.0699 3.3079e+04
71406.2744 19.4165 2.6120e+04
71413.9244 11.0060 1.4152e+04
71422.1044 15.6939 2.2626e+04
71486.0944 10.4519 5.1465e+03
71509.7244 10.7399 6.5833e+03
71738.9244 10.7780 2.9600e+04
71845.0244 15.7356 8.6658e+03
72006.4744 16.9777 1.6986e+04
72010.1044 11.1981 8.8486e+03
72099.9644 12.3085 6.3585e+03
72331.3544 13.9883 7.3113e+03
72343.1944 19.6213 1.3051e+04
72352.8044 12.2818 1.4055e+04
72353.7944 15.1295 9.7252e+03
72430.3344 11.6893 1.5106e+04
72452.9844 12.3850 7.1704e+03
72458.0444 12.3135 1.7353e+04
72464.4744 17.9427 4.4237e+04
72508.4844 11.5756 6.8120e+03
72620.1744 14.3443 2.9851e+04
72651.0644 12.4298 1.3702e+04
72673.1844 21.0318 3.6636e+04
72708.6744 13.3263 1.3231e+04
72838.5244 13.0149 1.6026e+04
73037.1645 10.1217 1.1150e+04
73038.9045 15.0515 2.1725e+04
73484.4645 12.2459 6.5757e+03
73509.9345 13.0683 1.3105e+04
73579.0645 11.7947 9.2631e+03
73593.7545 19.5912 4.0080e+04
73779.4945 10.4953 6.9399e+03
73832.3145 10.4382 1.0239e+04
74081.7645 10.2749 1.9471e+04
74105.1045 11.8456 8.3445e+03
74109.8445 12.9611 2.4657e+04
74187.1045 10.4221 6.5514e+03
74194.0745 13.7007 1.5221e+04
74240.7445 11.2434 1.5488e+04
74246.0445 13.5898 2.1287e+04
74272.7045 10.5515 1.7609e+04
74279.4545 14.6148 3.6956e+04
74321.1245 17.0889 1.5637e+04
74473.8545 14.2866 5.4466e+03
74602.5946 16.5060 1.0047e+04
74709.1646 15.0058 1.6713e+04
74727.7846 15.2152 1.4903e+04
74729.4946 13.0605 1.4095e+04
74738.8246 10.7803 5.0665e+03
74764.3746 16.4998 2.7565e+04
74767.9746 14.0342 2.6911e+04
74780.2646 10.7692 4.9626e+04
74807.3946 15.5973 8.3222e+03
74813.5746 11.5919 2.0767e+04
74828.0346 13.5723 8.0405e+03
74858.6146 10.2890 8.0730e+03
74875.6146 10.0689 1.5404e+04
74908.6346 17.2996 2.7522e+04
74914.0246 13.8744 2.6532e+04
74949.4946 10.2660 1.1020e+04
74954.9946 11.2037 1.0468e+04
74989.2246 10.7537 1.4200e+04
75019.9646 10.9009 9.3412e+03
75034.2846 11.5289 8.6095e+03
75109.9346 21.3679 1.5971e+05
75135.4746 10.4295 1.5835e+04
75153.3446 10.8377 1.3402e+04
75161.6046 16.7702 1.8358e+04
75182.6946 11.0551 1.4084e+04
75190.5746 14.4723 2.2546e+04
75274.9046 10.6322 8.4672e+03
75285.0246 11.1821 8.6767e+03
75321.7746 13.5190 1.9008e+04
75351.6346 12.1462 1.0868e+04
75364.7646 11.9578 8.1510e+03
75397.2246 11.4544 7.8686e+03
75431.4546 15.4628 3.7399e+04
75434.3746 10.1576 3.4865e+04
75715.8546 13.3623 7.4498e+03
75758.6646 16.2648 3.1834e+04
75770.4746 10.0372 1.1000e+04
75846.2146 10.0676 3.4624e+04
76073.9046 11.0024 6.5186e+03
76351.3247 18.0771 2.6872e+04
76395.8547 11.3005 1.1408e+04
76496.8947 11.5871 1.0132e+04
76611.2947 14.2456 1.1842e+04
76758.0947 17.8716 3.5105e+04
76861.8847 10.2698 3.7972e+03
76886.3047 15.9772 9.4496e+03
76905.5247 11.7770 2.8949e+04
77011.7747 11.4026 1.9074e+04
77012.4947 17.5358 1.8878e+04
77089.6347 10.9480 9.7647e+03
77178.8047 17.5364 2.2456e+04
77370.9347 12.7935 1.1656e+04
77485.4447 17.0551 2.1202e+04
77554.8647 18.2101 1.1947e+05
77557.6447 21.9863 1.7788e+05
77558.9747 17.3002 1.7788e+05
77590.0747 24.4389 4.4843e+04
77602.7747 22.5279 2.7697e+04
77615.1747 24.4287 6.6021e+04
77619.0847 18.8169 6.6479e+04
77621.6647 11.9182 4.6903e+04
77623.4647 10.2833 1.8474e+04
77628.6447 12.5461 4.1490e+04
77632.8347 17.5817 1.0658e+05
77635.0747 20.2443 6.8986e+04
77649.2647 10.7075 3.0550e+04
77650.2347 13.5859 1.2010e+04
77679.2647 21.6912 2.8513e+04
77682.3947 11.2017 3.6895e+04
77704.5647 11.9576 8.0012e+03
77716.7047 15.4383 1.7607e+04
77721.4847 10.2534 1.5920e+04
77724.1847 11.8514 1.3483e+04
77778.3047 20.0847 2.7541e+04
77866.4448 19.6248 1.3303e+04
77878.6648 10.0228 1.2146e+04
77899.5048 17.5667 2.6838e+04
77945.1148 22.5931 3.2161e+04
77962.8248 19.2429 3.0767e+04
78009.6748 16.3863 2.0357e+04
78041.9648 13.5010 9.0839e+03
78059.5448 10.2873 1.3958e+04
78059.9848 11.2712 1.2122e+04
78076.2848 15.1638 1.3057e+04
78094.4248 15.1898 4.4993e+04
78102.9948 11.9083 7.5559e+03
78115.7248 14.3625 2.6404e+04
78121.5648 13.4326 1.3331e+04
78146.0248 15.5034 1.5108e+04
78162.4748 15.3012 1.0038e+05
78163.7348 14.1083 9.3679e+04
78202.4048 12.0153 5.5569e+03
78210.0948 17.3399 2.8702e+04
78213.8048 14.4860 2.6966e+04
78214.3748 14.0347 2.6398e+04
78218.1448 10.9806 8.0780e+03
78247.1548 22.5430 2.9535e+04
78309.6548 10.0866 2.6150e+04
78312.8048 11.1915 2.4845e+04
78316.8148 15.4775 2.3235e+04
78339.5248 11.6991 6.3613e+03
78362.2248 19.4410 6.8116e+04
78368.7048 21.6698 4.0272e+04
78400.6948 17.5829 2.1563e+04
78440.9748 15.3307 2.1563e+04
78455.9548 18.2163 1.4920e+04
78475.2048 10.5834 3.2220e+04
78475.5548 14.0467 2.4177e+04
78493.6748 14.4288 3.6269e+04
78547.2148 10.1506 7.9462e+04
78547.5448 22.7394 6.3021e+04
78608.0948 17.5595 1.5457e+04
78617.8048 13.3218 1.3132e+04
78618.9348 10.5217 8.9688e+03
78634.6748 24.8607 7.1906e+04
78650.1648 15.4467 1.0784e+05
78652.6748 13.5482 1.0748e+05
78654.5248 14.1940 4.8712e+04
78659.5648 14.5684 8.4012e+04
78727.9848 14.3849 1.1063e+04
78752.4648 16.4133 1.6486e+05
78753.3848 19.3658 1.6486e+05
78756.0248 18.1750 1.4154e+05
78761.1448 16.1261 2.4890e+05
78763.9548 15.1030 2.9605e+05
78765.9248 11.7428 1.5527e+05
78771.6548 15.7479 4.3179e+05
78772.2848 11.5353 3.3726e+05
78814.1048 18.7896 1.5358e+04
78842.1348 23.4812 1.8490e+05
78842.7548 19.9627 1.8490e+05
78843.4148 18.1989 1.6250e+05
78852.1948 11.6545 1.3164e+05
78865.6748 14.6538 1.9806e+04
78873.2248 19.1776 2.4262e+04
78930.1948 23.9984 6.5144e+04
78979.2348 10.3788 8.8222e+03
78994.3748 11.2999 1.6521e+04
79026.6148 12.2023 3.5792e+04
79028.0348 11.8193 3.5936e+04
79030.2248 11.7577 3.5936e+04
79080.6348 20.3811 1.6714e+04
79096.6948 10.2266 1.7650e+04
79179.0248 10.5134 2.4497e+04
79183.6048 17.5237 2.2678e+04
79185.4548 10.0681 1.4798e+04
79194.5248 21.1578 1.5867e+05
79195.3348 10.9690 1.5867e+05
79196.1048 16.4767 1.2500e+05
79207.6748 18.4724 2.5074e+04
79233.0348 23.9721 4.0666e+04
79237.8148 15.4332 3.9569e+04
79242.6148 11.4146 9.1653e+04
79335.7448 20.1260 7.9800e+04
79337.3448 12.6502 7.7694e+04
79346.5348 15.4432 1.8423e+04
79354.2848 11.1605 1.3823e+04
79358.8648 21.2699 3.9416e+04
79401.9648 19.0136 2.2022e+04
79402.3748 10.6073 1.4783e+04
79443.7548 10.9658 2.1214e+04
79454.9548 10.2491 1.2310e+04
79499.9349 11.6002 8.0505e+03
79587.7249 16.8598 2.8713e+04
79604.9049 18.1658 1.9894e+04
79609.9849 15.6667 5.0154e+04
79611.3549 17.9496 3.8524e+04
79702.1849 14.0214 1.3972e+04
79728.2149 21.8182 1.7213e+04
79747.6849 15.6284 9.0545e+03
79818.0949 16.2004 3.3984e+04
79818.4449 22.4308 2.3154e+04
79840.4749 10.1885 9.0402e+03
79900.7649 13.1304 1.4500e+04
79902.1349 11.2927 9.4107e+03
79927.6349 12.3084 2.0627e+04
79933.7049 15.6606 4.9738e+04
79967.5349 14.1876 7.6499e+03
79968.0849 14.3150 4.2921e+03
79982.5249 10.0606 7.3035e+03
79999.9149 23.4749 6.4487e+04
80035.6049 17.6355 1.0694e+04
80041.9149 13.3083 2.4154e+04
80044.3949 10.7149 1.2752e+04
80056.3349 19.1451 4.1008e+04
80056.9249 14.5240 3.3375e+04
80063.2649 14.7203 5.4545e+04
80063.8249 10.7340 4.7045e+04
80079.9449 11.6184 1.0418e+04
80094.6449 20.4510 2.2698e+04
80115.5549 17.5444 1.6081e+04
80123.1049 26.0025 8.9877e+04
80162.7649 17.3104 1.7547e+04
80204.3949 11.3858 1.4514e+04
80232.0949 15.9575 3.0327e+04
80236.2949 13.2184 1.5856e+04
80328.4149 13.9116 6.2892e+04
80331.5149 12.4923 5.7918e+04
80396.6749 13.3939 3.7995e+04
80399.9449 20.7912 3.9711e+04
80412.8049 15.8700 2.9065e+04
80471.3849 10.2637 1.3871e+04
80545.8949 13.7824 2.3141e+04
80546.4449 16.3260 1.6254e+04
80610.5549 18.9307 1.8705e+04
80644.3049 19.6426 2.8912e+04
80684.7449 15.1955 1.1160e+04
80690.7149 15.7706 1.2325e+05
80691.7249 11.9002 1.2325e+05
80692.5749 10.1677 1.2325e+05
80692.9949 15.7708 7.4723e+04
80810.4349 10.7887 4.3820e+03
81221.8550 14.9696 4.7828e+04
81224.6950 15.5137 4.1122e+04
81322.9150 11.8833 6.4920e+03
81479.6750 10.6830 2.2244e+04
81627.6150 16.2890 1.7383e+04
81737.0550 12.7652 1.5668e+04
81771.7950 10.5550 1.5740e+04
81863.3050 12.0031 6.3285e+03
81939.5750 17.6570 2.0714e+04
81984.2950 16.5539 3.4477e+04
82036.1550 10.1156 1.8636e+04
82131.2950 13.6393 1.7848e+04
82208.2750 10.4490 1.7878e+04
82252.2650 11.6208 1.6540e+04
82312.9150 12.5857 2.6933e+04
82491.4950 11.4436 8.9379e+03
82514.5950 11.7153 4.3237e+04
82549.5450 10.3488 2.9409e+04
82550.5250 14.9568 2.9409e+04
82560.6650 15.9920 4.9043e+04
82597.2050 14.4050 3.2543e+04
82626.7550 13.9642 2.2225e+04
82637.3450 11.7667 3.6915e+04
82668.0150 14.7080 2.0572e+04
82802.2851 12.4297 2.9841e+04
82814.3851 13.9618 1.3433e+04
82822.4351 14.2767 3.1198e+04
82885.8651 15.3229 4.3740e+04
82993.9851 11.6061 1.0385e+04
83005.7851 12.0174 1.7252e+04
83015.7351 13.7763 1.3687e+04
83085.4651 10.9977 1.6300e+04
83142.0951 14.2487 1.1044e+04
83185.4051 15.7808 2.0147e+04
83347.8351 11.9777 1.1536e+04
83722.2651 13.4486 5.2008e+04
83774.3451 14.5273 4.9246e+04
83781.1551 11.8094 4.1107e+04
83790.9551 16.6816 6.8596e+04
83793.8151 11.2872 6.4372e+04
83838.7951 10.7277 3.6315e+04
83846.8151 12.0701 4.1162e+04
83863.7451 10.4437 1.6364e+04
83898.1851 10.4757 3.3196e+04
83914.2051 16.8057 3.1781e+04
83921.6951 11.9012 5.9543e+04
83925.5451 16.0863 5.3126e+04
84009.5851 10.8639 1.6656e+04
84019.6551 10.2960 1.5087e+04
84046.2151 19.7705 3.1291e+04
84050.0651 14.0975 2.6839e+04
84078.0251 10.8288 3.0718e+04
84085.9651 13.7304 5.8012e+04
84087.1951 11.5179 4.3691e+04
84153.3051 12.9838 4.4990e+04
84162.6451 10.8488 4.4836e+04
84307.9951 12.0336 2.6916e+04
84344.3151 14.6142 8.0166e+04
84363.1351 21.7705 5.8065e+04
84392.7552 18.8512 1.1392e+05
84393.2852 11.6332 1.0447e+05
84408.3452 11.3511 7.0325e+04
84413.9052 15.1721 3.1878e+05
84441.6952 14.4538 4.1062e+04
85040.1452 14.7827 6.2827e+04
85309.9452 10.2427 3.6775e+04
85320.9152 10.6293 2.6639e+04
85582.9352 11.9760 1.3355e+05
85624.8952 19.3803 1.5997e+05
85647.0952 19.4527 2.4005e+05
85647.8052 10.1104 2.3271e+05
85656.2852 18.9335 3.0934e+05
85717.8252 10.1535 1.2086e+05
85726.9852 13.2433 1.2607e+05
85761.6552 11.4301 7.5909e+04
85787.5452 10.0006 5.8942e+04
85806.4652 13.5464 5.5461e+04
85841.8052 10.3095 8.5560e+04
85862.2752 13.0895 6.1451e+04
85865.4852 11.6595 3.7309e+04
85878.3952 13.1085 3.9834e+04
85959.4352 11.8080 1.7709e+05
85963.6952 11.4349 1.6494e+05
85970.0052 12.4531 1.4560e+05
85979.5752 10.4798 7.0573e+04
85993.3352 12.5807 3.4298e+04
86015.9852 11.7949 5.4950e+04
86050.6453 18.6687 1.1182e+05
86220.5653 11.3110 4.1912e+04
86230.3453 14.8886 7.9442e+04
86237.5853 10.7367 5.8126e+04
86248.6553 10.5035 1.0241e+05
86249.4553 14.7953 9.0350e+04
86256.0153 14.8703 4.1778e+04
86267.5853 14.9846 5.4885e+04
86299.7053 10.1878 1.2333e+05
86335.9053 12.7023 6.3458e+04
86351.0253 12.4433 3.0356e+04
86356.8253 11.7405 6.5927e+04
86391.0453 17.6683 6.9150e+04
