147.4900 16.0847 3.0522e+05
186.1200 13.3185 3.2258e+05
214.0500 10.7954 5.0946e+05
292.8800 11.9248 1.5107e+05
298.0400 10.3025 1.0965e+05
625.4600 11.7539 6.5536e+05
805.0100 10.7654 1.4916e+05
841.3201 10.0604 1.6652e+05
869.2801 11.7015 1.8697e+05
1235.1301 10.0886 1.8208e+05
1264.0101 10.7708 2.1056e+05
1277.0501 16.5513 2.6468e+05
1387.4501 12.2945 1.1794e+05
1506.5001 11.0424 1.6082e+05
1645.4101 12.7876 3.1033e+05
2095.3101 11.6174 1.6129e+05
2115.9501 10.6123 1.6867e+05
2423.0601 11.9050 2.0661e+05
2446.5701 12.1733 1.6602e+05
2536.0702 11.0758 3.4514e+05
2538.8602 10.8966 2.7065e+05
2564.1202 17.0354 5.9371e+05
2564.6102 10.3863 5.8136e+05
2587.2502 19.4749 7.9397e+05
2588.3902 10.2615 6.6852e+05
2603.8602 11.7829 2.7807e+05
2649.0002 12.4108 3.0484e+05
2821.7202 13.0658 2.1702e+06
3006.3902 16.5366 2.0548e+05
3199.6202 12.5464 1.5213e+05
3325.0002 12.9014 9.3852e+04
3416.0602 10.6046 1.7249e+05
3666.8702 11.2654 1.7146e+05
3713.1702 10.5612 1.8043e+05
3745.7302 11.4300 1.2367e+05
4009.8902 14.1649 2.5186e+05
4515.3903 10.9893 2.2187e+05
4697.1603 10.6154 2.8560e+05
4706.2003 13.3808 2.0064e+05
4745.4703 10.0858 3.4088e+05
4757.2903 15.3630 2.2364e+05
4847.4103 12.4746 3.5193e+05
4912.5603 12.5499 2.2113e+05
5045.5803 11.9069 1.3611e+05
5334.9103 12.4622 1.5377e+05
5351.3103 11.0843 1.0741e+05
5434.4803 10.6635 2.2908e+05
5448.1203 10.7458 2.5420e+05
5577.3903 18.4375 6.7596e+05
5578.0303 10.4873 6.4262e+05
5614.5603 11.2974 4.5310e+05
5689.6203 16.2814 6.4518e+05
5811.6404 12.3358 2.3865e+05
5861.4804 13.3081 2.6287e+05
6074.0904 11.8765 2.0638e+05
6141.2204 17.4580 2.7324e+05
6340.1204 15.4668 7.5032e+05
6389.0504 14.0523 7.2000e+05
6422.9704 16.3780 9.2103e+05
6432.7404 15.8265 8.6711e+05
7300.6104 10.0508 3.7067e+05
7685.5405 10.2389 2.3243e+05
7776.4305 12.5632 2.3781e+05
7791.2705 11.2978 1.3270e+05
7795.4305 11.5340 2.2325e+05
7926.7205 12.8530 1.6419e+05
8026.9905 10.3091 1.3282e+05
8055.5005 13.5688 1.4000e+05
8189.9705 13.8271 3.5067e+05
8281.6705 10.2143 2.4763e+05
8575.1505 10.9799 3.8629e+05
10198.3706 15.2324 2.9839e+06
10379.1006 10.0072 4.0723e+05
10405.8606 10.4055 3.1547e+05
10879.4807 10.0897 2.2603e+05
11146.2907 21.4277 7.1398e+05
11384.8907 12.9448 3.9738e+05
11529.0707 10.2967 2.1039e+05
12008.0607 10.3891 2.4261e+05
12071.6707 10.4421 5.6770e+05
12104.0107 10.2240 1.5749e+05
12132.5607 10.6497 1.1248e+05
12143.7807 12.3444 3.9190e+05
12176.5407 15.0969 2.1049e+05
12192.4707 14.0892 2.4319e+05
12571.1008 12.0931 2.5736e+05
12618.7508 12.8579 1.9876e+05
12935.2608 11.2439 3.1720e+05
13175.3108 13.6637 5.4922e+05
13191.5908 10.2804 3.0381e+05
13219.6208 10.3092 4.1774e+05
13271.4908 15.1927 4.2278e+05
13276.3208 10.0702 3.0947e+05
13298.0208 10.8812 3.9529e+05
13408.3808 10.8934 4.3296e+05
13461.6308 11.0121 2.5739e+05
13556.0408 10.8363 1.3078e+05
13562.8308 14.8635 2.4552e+05
13694.2008 12.0465 2.0516e+05
13801.1508 11.0814 2.8405e+05
13873.9408 11.2291 1.4878e+05
14257.8909 11.2628 2.2823e+05
14388.0009 13.2338 1.7481e+05
14402.3409 12.0516 4.6745e+05
14418.7209 10.4686 9.0496e+05
14421.1609 12.1930 7.5219e+05
14523.2009 11.2733 3.3644e+05
14586.7809 10.9618 2.3125e+05
14624.4109 12.5845 2.5903e+05
14642.7109 10.5852 4.0966e+05
14645.4109 12.4311 3.1874e+05
14676.5109 11.6419 3.3342e+05
14904.2809 12.0460 3.3332e+05
14941.0409 16.6297 4.7448e+05
15212.4709 10.3831 2.5186e+05
15320.3809 10.7090 2.1629e+05
15331.5209 11.5326 2.8575e+05
15358.4809 10.1532 3.2757e+05
15368.7709 10.2212 2.7388e+05
15385.2209 11.3268 2.8552e+05
15491.1609 11.3454 3.0114e+05
15799.1110 12.7725 1.8995e+05
15953.1110 16.5884 4.0235e+05
15953.7310 13.7367 2.2548e+05
16198.8510 11.1294 1.8612e+05
16390.8610 15.7922 1.8371e+05
16462.9310 10.9417 1.5483e+05
16465.8310 10.7656 1.3106e+05
16478.8610 11.2118 1.8987e+05
16479.7210 10.5350 1.7544e+05
16530.5810 10.1401 3.6047e+05
17347.0611 18.5082 3.2920e+05
17385.2911 13.3009 2.4214e+05
17494.0011 11.3000 4.2067e+05
17614.8311 11.0254 2.1512e+05
17657.7211 14.4911 2.1528e+05
17753.5511 18.4499 3.7340e+05
18630.3911 11.3799 1.4951e+05
18870.1612 11.0337 2.1231e+05
18874.6112 10.2294 2.6439e+05
18890.9412 11.1065 2.3098e+05
19376.7412 12.6087 2.0110e+05
19424.6412 12.5150 2.1996e+05
19910.1512 13.1055 2.2026e+05
20007.0312 11.6178 1.7043e+05
20091.9612 14.3668 6.2947e+05
20092.9812 13.6110 6.1963e+05
20131.6912 13.4354 3.5971e+05
20558.9013 10.8167 1.2996e+05
20734.5213 13.2092 2.7114e+05
20886.4113 11.4148 1.8450e+05
21014.4813 13.2380 1.7507e+05
21084.3613 17.2659 2.8996e+05
21190.5213 16.3789 1.2226e+06
21193.4313 12.9551 1.6624e+06
21243.4613 11.4527 1.0139e+05
21277.3813 20.0608 3.9773e+05
21285.0013 21.6960 1.3093e+06
21286.9213 18.6752 1.3093e+06
21288.7713 15.7456 1.0369e+06
21294.8313 18.6036 1.5537e+06
21296.0813 12.6657 1.5537e+06
21298.7013 10.0392 1.4987e+06
21304.4713 15.5657 1.6484e+06
21305.8213 10.8929 1.5791e+06
21308.6413 12.1605 1.4473e+06
21419.2013 14.0349 3.1824e+05
21444.4813 11.2649 3.4018e+05
21552.9713 10.9960 5.6984e+05
21556.3313 13.0054 7.8433e+05
21557.5113 11.2846 7.7859e+05
21682.9613 10.8111 1.8012e+05
21725.5113 11.8287 1.1684e+05
21737.5213 10.8609 1.4016e+05
21835.2913 12.1318 1.9485e+05
21881.2413 13.0794 3.1400e+05
22005.6513 13.2570 3.9108e+05
22006.0913 10.2119 2.6227e+05
22282.3114 10.4069 6.1513e+05
22670.6214 14.4019 2.3425e+05
22801.1014 11.8341 2.1840e+05
22936.8314 17.7495 2.3769e+05
23044.8314 12.6469 2.4392e+05
23059.7314 13.5700 3.1178e+05
23186.5514 11.3416 1.9093e+05
23206.3014 14.4007 3.6785e+05
23375.8814 16.0912 1.8183e+05
23382.4114 11.3216 1.7914e+05
23518.1714 10.6988 1.4140e+05
23616.8714 12.7597 1.5402e+05
23872.4915 10.4481 1.5266e+05
23900.9615 10.4700 9.9047e+04
23954.1315 17.4342 1.2065e+05
23962.6415 13.7448 1.2176e+05
24026.4715 10.2722 1.3752e+05
24272.9015 10.9119 2.4745e+05
24428.6515 11.6405 3.0429e+05
24432.4015 11.2323 1.5728e+05
24648.9715 13.0506 1.7573e+05
24920.3215 10.0677 2.2590e+05
25029.6615 14.8791 4.6603e+05
25222.1215 12.0911 1.2386e+05
25258.2915 11.7476 1.1720e+05
25307.9515 10.2676 9.8714e+04
25322.3315 12.7017 5.0643e+05
25323.2115 16.7621 3.8972e+05
25412.0516 16.5136 1.1618e+05
25538.6616 10.0686 1.5059e+05
25620.1416 11.4042 2.0865e+05
25645.1116 15.6619 1.8929e+05
25786.5216 11.8190 9.0580e+04
25805.0116 11.3056 1.4997e+05
25961.4816 17.3677 2.8737e+05
26225.1216 13.2686 8.8671e+04
26379.2316 10.4287 1.2354e+05
26397.5016 11.3779 1.1118e+05
26438.0016 12.1473 2.9316e+05
26532.7116 15.3093 2.4808e+05
26638.2816 16.7265 2.1051e+05
26854.0816 15.3199 1.2581e+05
26907.5116 10.3760 1.0823e+05
27086.0317 11.1266 1.0489e+05
27106.9317 10.0146 1.3733e+05
27141.3217 13.8007 1.6754e+05
27165.7617 10.9433 2.2326e+05
27166.6417 11.7245 1.8098e+05
27323.5817 11.6509 2.6814e+05
27349.8717 15.8608 4.8164e+05
27516.1417 11.4077 1.3718e+05
27561.1117 12.3256 1.2555e+06
27793.5117 10.0609 9.4351e+04
28192.9017 12.2074 1.1151e+05
28691.7018 10.2313 9.5472e+04
28701.5918 12.0924 8.4662e+04
28733.2718 10.3420 7.6127e+04
28754.2718 14.4612 1.4815e+05
28771.6218 11.8872 2.6925e+05
28827.6518 18.5294 2.5469e+05
28861.1818 10.3680 2.9760e+05
28886.4418 24.3414 6.7113e+06
29285.5118 10.8563 2.6424e+05
29331.5418 10.1685 1.5805e+05
29339.6118 11.3625 1.1816e+05
29397.3218 13.6896 1.7247e+05
29410.7018 11.0256 2.3683e+05
29809.3518 10.4748 1.1382e+05
29827.5618 10.3965 2.0311e+05
29832.8818 12.3754 2.8682e+05
30052.1118 11.1515 5.0974e+05
30711.3319 14.2685 3.0448e+05
30714.8719 14.9563 2.5995e+05
30731.3219 10.0109 1.1730e+05
30750.3219 10.4649 1.8044e+05
30844.4819 11.9467 1.7297e+05
30880.2319 10.1762 1.9089e+05
30974.9519 11.1832 1.6465e+05
31321.4719 11.0638 5.5413e+05
31736.5419 10.2656 1.8326e+05
31770.7819 11.9546 1.2835e+05
32024.5020 10.2289 1.9937e+05
32553.2420 12.9433 2.4019e+05
32732.6220 12.1417 2.0930e+05
32759.4520 10.6818 1.3747e+05
32928.0320 14.2088 1.7691e+05
33159.6820 10.8636 2.2230e+05
33203.2720 10.3116 6.1474e+05
33413.6920 11.3185 1.2387e+05
33443.8620 10.1888 1.1223e+05
33656.3021 10.2769 1.2971e+05
33863.6421 11.6452 1.4649e+05
33920.7621 16.5135 2.1271e+05
33962.4921 10.7267 1.6591e+05
34017.6521 12.0261 9.2502e+04
34041.0621 13.4869 1.0729e+05
34081.0621 12.5302 9.3631e+04
34657.3921 13.7039 1.7909e+05
34714.8621 10.9101 2.0714e+05
34743.3221 13.8776 1.5357e+05
35014.7621 10.2558 1.0043e+05
35136.6021 14.2524 1.9482e+05
35213.8621 18.0471 5.5295e+05
35302.9822 11.0238 1.4050e+05
35310.2622 11.4227 1.7975e+05
35347.9422 11.0056 1.5371e+05
35367.9922 10.7429 1.9639e+05
35468.1122 17.9292 5.5641e+05
35521.4222 11.6075 3.8468e+05
35734.9222 13.4019 3.4334e+05
35752.1922 11.7284 2.3098e+05
35769.0022 11.9802 3.6704e+05
35867.1622 15.2447 1.0047e+06
35868.6022 19.0000 9.8922e+05
35913.3022 11.3325 1.6135e+05
36118.1222 12.4937 2.0300e+05
36126.1422 19.7224 7.0196e+05
36195.7022 14.6780 2.1791e+05
36229.8822 10.1835 1.0530e+05
36234.3222 21.1604 3.2241e+05
36251.0622 13.8539 1.0779e+05
36262.8022 10.3689 8.6142e+04
36349.8622 12.5901 1.6350e+05
36498.2822 12.2467 8.9278e+04
36587.5022 17.9580 1.2478e+05
36605.5922 12.9577 2.1083e+05
36608.6722 11.2699 1.7561e+05
36638.5022 10.8777 1.0867e+05
37002.2223 10.2736 2.9622e+05
37002.8923 11.2391 3.0179e+05
37132.8823 11.1140 1.5041e+05
37159.2423 15.7984 6.4147e+05
37314.0223 12.9206 2.3842e+05
37322.5123 13.1049 2.1036e+05
37580.1723 14.7542 1.1585e+06
37580.5523 11.2968 8.4065e+05
37808.2023 10.5949 3.4858e+05
37808.8923 11.8640 2.8072e+05
37856.8623 10.2231 1.2968e+05
37936.1423 13.0136 1.0729e+05
37989.5723 10.2726 1.6050e+05
38001.1923 12.6211 2.6157e+05
38022.7923 10.3808 1.6858e+05
38031.2723 13.9650 1.4350e+05
38121.4623 10.9235 2.1299e+05
38152.1423 11.1603 1.8850e+05
38289.6223 10.8425 1.4081e+05
38548.6724 11.4615 2.2906e+05
38792.7924 12.4047 1.9626e+05
38808.7124 10.3424 1.7961e+05
38907.6024 10.8814 1.7847e+05
38951.0424 10.4305 1.6441e+05
39006.9324 11.4635 2.2197e+05
39084.6824 10.5501 1.7181e+05
39152.1424 16.3194 2.1943e+05
39175.2224 14.2849 2.8834e+05
39177.2624 18.5283 1.8950e+05
39510.5224 10.7078 1.2133e+05
39568.3424 12.9301 1.1824e+05
39619.2724 10.2263 2.0032e+05
39744.4924 11.2418 2.2101e+05
39790.6524 10.2508 1.2322e+05
39851.6924 11.7902 2.2570e+05
40314.7125 16.1895 2.0504e+05
40376.6525 11.9428 1.4102e+05
40601.6225 10.7142 1.3152e+05
41185.0725 10.6587 3.0983e+05
41305.0925 15.5768 1.7605e+05
41343.8625 10.9295 1.2580e+05
41384.0425 11.4600 2.5552e+05
41457.1625 13.4517 1.0470e+05
41476.4625 10.6717 1.3856e+05
41540.4425 10.1806 1.9843e+05
41541.3825 13.0885 1.8220e+05
41607.0725 12.5161 1.2762e+05
41625.5925 12.4036 1.2325e+05
41699.7125 14.3593 1.7923e+05
41818.3626 10.2912 9.6422e+04
41891.6126 10.1406 3.1729e+05
41942.1926 11.9744 2.0200e+05
42030.1626 11.8159 2.5812e+05
42052.9326 13.1532 1.4137e+05
42060.3826 10.7385 1.0468e+05
42094.5026 14.5046 1.8392e+05
42100.5926 11.6979 2.5754e+05
42103.7326 10.6229 2.4786e+05
42155.6326 10.4259 1.4241e+05
42190.9026 10.2713 1.0183e+05
42201.9026 15.1178 2.2130e+05
42547.0326 10.1131 1.3638e+05
42602.1126 13.1736 2.5708e+05
42629.4826 11.0012 4.0139e+05
42650.8426 10.3604 3.3472e+05
42711.3526 12.9445 1.1515e+05
42777.1326 10.3362 3.1844e+05
42780.8626 16.9942 3.0540e+05
42796.9726 10.0142 2.2838e+05
42887.7726 10.7515 9.3571e+04
42935.2626 10.3899 1.5196e+05
43088.7726 10.5198 1.2297e+05
43141.3526 21.2790 6.3151e+05
43230.2526 14.2718 3.5137e+05
43246.3526 11.0566 1.2033e+05
43256.0626 16.7752 5.0621e+05
43256.4926 10.1585 4.6512e+05
43457.7227 12.2551 1.0572e+05
43468.0127 14.5481 4.3592e+05
43468.5427 13.7357 3.2611e+05
43571.3327 12.6858 4.1146e+05
43582.6827 12.9135 3.2886e+05
43620.0227 14.1659 2.2779e+05
43642.9227 12.2785 2.9992e+05
43670.5227 13.0855 2.8069e+05
43672.5127 10.2802 2.5982e+05
43766.4327 10.2634 1.9584e+05
43795.5127 12.1278 3.2721e+05
43978.3227 14.8115 2.4861e+05
44214.6227 10.2626 3.9566e+05
44300.9427 12.3780 3.4415e+05
44317.4927 17.6996 4.1306e+05
44328.6927 12.9921 3.4167e+05
44361.9727 16.1264 3.0287e+05
44839.4527 10.7616 1.8716e+05
44916.5427 13.1010 2.2826e+05
44923.9527 11.2434 2.7641e+05
44947.5127 14.3836 1.5613e+05
45051.6627 10.3568 2.1199e+05
45191.5828 12.8382 2.5871e+05
45217.2028 15.7251 1.6316e+05
45445.3828 15.9198 2.3286e+05
45471.8128 11.0241 1.6887e+05
45485.4428 11.0603 1.7680e+05
45703.4428 10.8199 2.8565e+05
45757.3328 10.9197 1.7677e+05
45948.1828 11.6995 1.6607e+05
46040.3328 10.7743 2.3516e+05
46203.5928 10.3303 1.6150e+05
46809.4029 11.1431 3.1987e+05
46811.3229 10.8517 3.2763e+05
47001.6929 23.8039 9.6294e+05
47616.5429 10.9847 1.5463e+05
47646.5329 11.1809 2.7900e+05
47679.0529 10.8987 1.1953e+05
48215.6129 16.1079 3.1700e+05
48226.0829 10.9837 2.8637e+05
48392.1630 13.1811 2.0947e+05
48463.1330 19.8093 3.3775e+05
48642.1330 14.6488 1.2613e+05
48794.2130 11.1241 4.3063e+05
48841.5030 10.0696 1.5063e+05
48877.0330 11.2386 8.3855e+04
48969.8630 10.0417 1.6704e+05
49303.5230 10.0388 1.1036e+05
49523.6630 11.6070 3.4252e+05
49761.1330 15.6010 1.0160e+05
49850.2830 10.4765 4.3985e+05
49851.8730 10.7132 4.2716e+05
49975.2231 10.7058 4.0509e+05
50091.4731 10.6546 1.1548e+05
50231.6131 16.8875 4.4905e+05
50633.5831 15.5856 2.0742e+05
50647.9631 11.5515 3.4193e+05
50979.9931 10.7738 8.4993e+04
51006.9031 10.2614 9.0180e+04
51131.6831 12.1035 1.3277e+05
51393.4331 17.5315 3.0844e+05
51443.5431 13.5404 1.7503e+05
51664.8432 13.3358 1.2099e+05
51684.4132 12.0999 1.3131e+05
51705.8032 12.5077 2.0219e+05
51788.8332 11.8750 1.3232e+05
51819.6032 12.7300 1.6176e+05
51917.2632 12.1194 2.0749e+05
52206.8332 11.1612 1.3657e+05
52264.4632 11.6812 2.1254e+05
52373.3432 10.2714 1.8205e+05
52423.7532 13.4469 1.5043e+05
52581.7032 10.1898 8.5869e+04
53063.2732 11.8686 7.8197e+04
53072.8132 16.0211 8.3360e+04
53105.5832 11.0506 8.0241e+04
53126.8032 10.4481 8.5952e+04
53227.3832 18.6547 1.6935e+05
53460.8433 15.3134 6.8276e+04
53516.3733 13.8556 1.2414e+05
53521.1833 11.0613 8.8899e+04
53589.4633 13.5666 1.6651e+05
53590.1233 10.2552 1.6651e+05
53623.4933 17.2961 1.2885e+05
53861.2633 11.8391 5.3509e+04
53918.5733 14.3775 9.2191e+04
54014.3133 17.4735 4.5572e+04
54177.7733 10.5422 1.0822e+05
54184.6333 12.0372 2.0584e+05
54311.5533 12.7495 1.3945e+05
54312.1933 14.5778 1.0082e+05
54393.0933 11.7371 1.3035e+05
54470.8733 14.7605 1.3755e+05
54633.4033 12.3038 4.6396e+04
54650.8333 15.1776 1.3225e+05
54701.0133 18.0565 1.6637e+05
54724.3933 12.2751 6.8134e+04
54729.2933 13.9758 1.4470e+05
54758.9733 18.7741 2.0060e+05
54788.6633 15.6362 9.7600e+04
54789.7433 12.9309 9.9680e+04
54818.1433 10.9458 8.3270e+04
54827.0433 10.2800 5.4397e+04
55451.6534 12.2422 5.8790e+04
55489.1634 10.9266 2.6291e+04
55494.3334 13.0376 6.0910e+04
55592.6134 10.0223 5.8782e+04
55660.8834 12.4961 1.3599e+05
55665.9234 10.3109 1.1089e+05
55708.4034 15.0653 1.1076e+05
55715.2034 12.9060 1.0424e+05
56182.7034 12.4177 5.3286e+04
56257.0734 10.1426 5.8556e+04
56311.2134 11.5036 4.1182e+04
56436.2334 12.2672 7.9419e+04
56437.4734 12.1415 7.9419e+04
56472.8434 17.3353 5.9705e+04
56664.3435 14.3914 9.8957e+04
56672.1535 16.4572 6.4075e+04
57060.6335 15.3962 8.9236e+04
57247.4035 13.0708 8.1961e+04
57273.6735 11.6079 5.9124e+04
57315.9135 10.2003 4.7410e+04
57379.4935 14.9511 5.8282e+04
57523.5935 10.0221 3.8459e+04
57565.1135 11.2977 7.1869e+04
57624.8535 12.3875 3.8514e+04
57750.1935 12.7675 1.8429e+05
57777.9935 10.5627 5.4058e+04
57849.2935 12.0960 4.1889e+04
57870.9035 10.2315 5.0081e+04
57875.6735 10.9143 4.6962e+04
57971.9535 17.6076 5.2463e+04
58001.4035 10.5781 6.5486e+04
58050.5535 10.4278 3.0045e+04
58061.8935 10.0433 3.9547e+04
58089.7835 10.5306 2.2367e+04
58147.6435 14.7683 8.7843e+04
58154.2635 11.7559 4.4336e+04
58262.7236 11.9982 3.6169e+04
58319.2136 13.5614 4.4936e+04
58361.6436 14.2138 3.5093e+04
58375.2736 11.4677 6.7371e+04
58383.1236 10.0210 7.5227e+04
58462.0936 10.6496 4.5806e+04
58485.0936 11.5890 3.9754e+04
58545.5436 22.1749 9.1755e+04
58692.7036 12.6071 2.8693e+04
58788.6436 12.2852 2.6555e+04
58810.7536 12.0067 7.5721e+04
58838.2336 12.8141 8.9108e+04
58920.6636 10.6163 5.8115e+04
58938.6236 10.1229 5.4254e+04
59229.8236 10.5472 4.5345e+04
59321.2136 10.7723 5.5336e+04
59405.2136 11.4073 4.0627e+04
59927.6637 12.0899 4.1554e+04
59970.3237 11.1376 8.4641e+04
59985.6637 18.0563 2.7928e+04
60187.3137 16.6511 4.4213e+04
60250.6437 11.5552 3.2022e+04
60284.1937 15.1410 3.4794e+04
60303.5837 11.7561 3.4805e+04
60310.7537 16.5886 7.1657e+04
60451.7237 11.3421 7.3786e+04
60521.8137 11.0060 4.1729e+04
60577.2437 10.0099 2.4667e+04
60641.0737 12.5807 1.5475e+04
60692.4137 11.1971 7.8463e+04
60693.6837 11.1738 7.8769e+04
60733.1937 13.7099 5.3063e+04
60806.9037 10.9198 6.2436e+04
61084.5437 11.5293 3.4524e+04
61112.8137 13.3335 1.8533e+04
61357.6037 10.0243 1.9625e+04
61470.5438 14.0934 3.3768e+04
61566.6738 11.8004 3.2611e+04
61571.3038 12.3349 4.6427e+04
61684.4738 11.9707 2.9908e+04
61771.5038 18.8103 3.9575e+04
61899.3638 15.1167 7.6229e+04
62047.1538 17.6155 6.9756e+04
62263.6038 11.0956 1.7630e+04
62331.2538 17.8664 3.0965e+04
62610.3438 12.1905 3.4574e+04
62650.1538 16.2181 2.8194e+04
62760.1938 14.7704 1.7796e+04
62816.3938 14.7170 9.4009e+04
62829.6038 10.0320 2.0098e+05
62830.0738 19.6725 2.0098e+05
62865.8638 13.2242 7.5822e+04
62878.5538 11.1460 6.2999e+04
62895.1638 12.7598 3.8434e+04
62900.0438 15.4436 1.1504e+05
62901.3938 11.4528 6.1624e+04
62933.0338 10.5283 4.5092e+04
62963.7838 11.5317 5.0466e+04
63309.9239 10.7410 5.5155e+04
63365.4339 12.2233 2.2491e+04
63400.4139 10.3475 4.6556e+04
63471.9739 12.6225 2.3686e+04
63514.5339 12.5829 4.3620e+04
63520.8139 10.0574 6.2051e+04
63529.9539 13.2945 6.7183e+04
63800.0339 17.8733 5.9057e+04
63805.8039 12.6401 3.9832e+04
63859.3839 11.1580 3.4598e+04
64022.4539 13.1125 2.6245e+04
64062.8339 14.3067 4.5779e+04
64068.2539 10.3256 3.7007e+04
64097.5939 14.2378 3.4175e+04
64098.0439 11.8887 3.2290e+04
64134.3939 18.6307 4.4871e+04
64313.9139 10.5424 2.4748e+04
64377.6039 15.4917 2.2753e+04
64390.2139 16.0802 5.3783e+04
64453.9539 10.7587 5.9015e+04
64526.0639 10.2472 3.5775e+04
64558.0639 13.8080 7.9802e+04
64584.1039 11.5756 2.4222e+04
64670.1139 11.8772 1.8256e+04
64692.6039 12.0598 2.4268e+04
64694.9539 11.0044 2.1516e+04
64728.9640 13.1039 5.1304e+04
64729.6040 11.8260 4.8327e+04
64741.3040 15.7554 3.0168e+04
64766.1240 15.7054 3.5460e+04
64792.3340 12.5198 2.1115e+04
64798.6540 11.2793 5.5102e+04
64921.2540 18.8433 8.8961e+04
64986.9740 11.0507 3.2487e+04
65024.8140 18.7454 1.0519e+05
65079.2740 13.4697 2.7395e+04
65120.1140 10.2000 1.9328e+04
65159.2040 14.3487 2.5084e+04
65233.5040 22.7288 5.7804e+04
65243.5040 21.6670 1.1281e+05
65293.5640 15.7995 6.3683e+04
65295.7140 19.1780 6.5170e+04
65348.4140 12.6659 1.9711e+04
65359.7140 20.3591 1.1998e+05
65395.7740 10.4639 4.8088e+04
65397.2740 12.3752 4.8088e+04
65455.9840 13.5351 2.7336e+04
65625.3240 10.4488 3.7096e+04
65649.7340 13.7071 5.0229e+04
65651.9440 10.5626 4.9644e+04
65702.7240 10.2243 9.3090e+04
65705.8040 16.7632 8.8385e+04
65747.1840 11.4809 1.8051e+04
65751.4140 12.1618 4.4982e+04
65785.3740 11.0113 6.3956e+04
65881.6040 11.1259 4.7692e+04
65991.5540 10.1686 5.8595e+04
66005.1840 10.3364 7.8512e+04
66057.6540 10.2874 3.4973e+04
66100.1940 12.6868 4.1375e+04
66114.8140 11.8676 8.0614e+04
66116.0140 14.9567 7.9413e+04
66123.4140 10.0226 3.3973e+04
66152.8740 10.4790 3.6115e+04
66204.8940 10.8715 2.8294e+04
66218.1640 11.3717 6.2841e+04
66238.7140 18.1928 8.0799e+04
66266.8040 12.5997 6.9062e+04
66284.9140 12.0458 3.9798e+04
66309.6040 15.7208 7.3227e+04
66356.7541 11.0444 1.9902e+04
66406.1941 19.1675 4.2111e+04
66445.1341 16.4298 4.9250e+04
66452.8841 14.3998 7.8099e+04
66457.2841 16.1697 6.8566e+04
66486.4741 11.9726 3.0058e+04
66577.4141 11.0521 3.9027e+04
66586.0441 10.0732 2.3086e+04
66620.1741 12.0467 3.7595e+04
66636.9241 12.4102 2.3924e+04
66642.2441 19.7644 7.3168e+04
66671.0441 14.2299 1.8842e+04
66812.8941 10.2706 4.5904e+04
66834.0041 10.5909 4.2321e+04
66911.7141 19.3254 1.1922e+05
66936.1641 14.1447 5.1351e+04
66968.4741 10.3660 3.2107e+04
67015.3441 14.5097 2.8157e+04
67022.6341 11.2550 7.0381e+04
67026.6741 14.7272 5.1285e+04
67094.6341 10.8926 2.4160e+04
67129.1741 13.4806 3.2029e+04
67169.3241 14.3382 4.0881e+04
67172.9241 12.5968 3.9341e+04
67191.5941 20.3834 4.0252e+04
67287.5741 10.3132 3.1563e+04
67299.1041 10.9030 2.5952e+04
67300.8841 11.5880 1.9826e+04
67441.2141 10.5041 2.1966e+04
67462.4241 13.7968 2.3947e+04
67474.6941 15.1720 6.1289e+04
67627.6741 10.2904 3.5842e+04
67709.5341 11.5105 2.0198e+04
67805.4841 15.7296 3.2770e+04
67818.5941 14.0426 4.2096e+04
68276.3942 14.0649 2.5425e+04
68308.0242 13.8636 1.6961e+04
68367.5542 11.1218 5.3379e+04
68422.1042 14.6264 2.5866e+04
68487.7742 18.5173 1.0353e+05
68695.3642 12.6513 4.5071e+04
68900.7742 21.0585 4.3985e+04
68914.9342 10.2013 3.3663e+04
68927.5842 10.2843 2.1576e+04
69014.1842 13.5437 5.2693e+04
69024.8542 19.3665 3.0567e+05
69052.7742 11.5618 8.3798e+04
69079.4842 10.0244 5.8766e+04
69117.5842 10.2418 3.6942e+04
69123.5742 17.2285 5.7300e+04
69236.8242 21.1819 1.4794e+05
69299.6542 11.1046 3.1520e+04
69366.0542 12.8546 2.8981e+04
69469.9542 12.7814 4.2565e+04
69573.3342 10.4322 1.8441e+04
69818.7243 12.2530 2.8808e+04
69831.3343 11.2362 2.3720e+04
70122.6443 11.3581 2.3356e+04
70343.4043 14.7220 3.0265e+04
70349.2143 11.5042 2.5162e+04
70554.7443 14.7634 2.8524e+04
70611.4543 15.3224 4.4784e+04
70767.2843 18.7449 8.4702e+04
70944.0543 11.4017 8.8080e+04
70969.9243 13.7045 4.5050e+04
71013.8343 13.6422 1.8424e+05
71017.5143 15.3905 1.8424e+05
71081.2643 11.4008 1.8753e+04
71167.5543 16.6883 3.9212e+04
71203.5743 11.1911 1.4342e+04
71215.5943 11.9919 3.1589e+04
71286.2344 11.5585 2.9600e+04
71306.6344 11.7463 2.9044e+04
71353.2144 11.6734 4.3150e+04
71546.6444 16.4516 5.8536e+04
71689.4044 13.3416 1.8324e+04
71762.0844 10.2566 3.6349e+04
71787.4244 12.9125 3.4204e+04
71793.3344 14.7165 8.1618e+04
71809.1744 11.2785 5.8986e+04
71877.2944 13.0629 6.0591e+04
71885.3744 13.8739 5.4583e+04
71898.1544 12.6400 5.1586e+04
71899.1044 10.5089 4.6703e+04
72017.2044 12.3367 3.9666e+04
72077.7044 12.3263 2.7925e+04
72123.4044 11.8860 4.0397e+04
72156.0744 13.9639 5.2393e+04
72301.3944 15.9123 1.9325e+05
72320.4344 12.1111 3.0080e+04
72411.7744 17.9595 4.8132e+04
72440.0044 11.9418 2.5334e+04
72446.6444 16.5477 6.8846e+04
72473.4944 16.2024 5.7019e+04
72533.8544 10.7417 1.7712e+04
72576.9844 12.6144 6.8444e+04
72660.8744 13.1612 1.8793e+04
72739.1344 11.5922 2.0810e+04
72790.0944 14.3312 3.5912e+04
72811.4644 17.6584 4.4162e+04
72838.7044 17.3965 5.5141e+04
73035.1645 15.5678 7.0398e+04
73130.5245 10.5800 4.5433e+04
73187.0245 14.3305 3.5630e+04
73195.2045 10.9795 2.1263e+04
73206.8645 13.3137 3.7626e+04
73287.3045 12.9431 3.8927e+04
73301.3745 10.0076 2.6119e+04
73336.1645 12.6513 2.4497e+04
73343.7445 10.8539 1.5129e+04
73386.8245 12.8703 3.7133e+04
73491.1045 10.5016 1.9106e+04
73495.8945 13.2363 4.5494e+04
73496.2845 10.3171 3.9836e+04
73718.6645 14.6785 5.5038e+04
73732.8145 13.2437 2.8213e+04
73742.5645 13.1500 5.1822e+04
73833.5445 14.7557 2.4478e+04
73924.1245 11.7734 2.9747e+04
73945.2245 16.0096 3.2942e+04
74109.6845 10.1766 3.6549e+04
74139.7045 11.6444 2.6350e+04
74172.1845 13.5301 3.3380e+04
74184.7445 20.3518 5.1165e+04
74216.7845 13.0638 3.6961e+04
74252.0245 13.9580 4.1417e+04
74332.5145 10.3163 2.4836e+04
74348.5645 14.5099 3.5237e+04
74360.3645 10.6201 3.1736e+04
74386.3245 12.7973 2.9250e+04
74393.1345 13.6357 5.4260e+04
74543.6145 15.0146 2.8712e+04
74573.3646 19.0397 4.4918e+04
74588.0746 17.6698 8.0802e+04
74609.6246 13.6850 4.9139e+04
74629.5846 14.4314 4.7891e+04
74690.9046 10.0099 5.2774e+04
74694.4946 13.5058 4.4577e+04
74714.9046 10.0142 2.4473e+04
74722.4046 10.5341 5.6840e+04
74725.6446 11.7723 6.6797e+04
74737.1346 13.2897 3.0017e+04
74749.5946 10.6302 2.0269e+04
74777.6946 10.7965 2.8743e+04
74790.3046 16.9698 4.8835e+04
74905.3646 11.6425 2.3229e+04
74950.5846 10.2979 2.6516e+04
75010.8146 14.7150 1.5739e+04
75016.4646 10.5717 2.5560e+04
75050.2746 12.3424 7.6959e+04
75068.1346 14.8391 6.2368e+04
75069.5846 10.6832 6.0820e+04
75083.5546 14.3560 4.8774e+04
75101.0346 21.0930 5.6270e+04
75118.3446 10.9676 2.2998e+04
75123.6146 17.7019 9.9054e+04
75134.6446 13.3484 5.6749e+04
75305.4346 12.1850 3.8044e+04
75329.5646 10.5576 3.8621e+04
75567.8646 10.5703 1.7703e+04
75604.9246 10.0537 1.8187e+04
75689.8846 11.5359 3.6699e+04
75715.0646 10.1565 2.5000e+04
75741.7146 10.8673 3.1692e+04
75795.0046 10.1099 1.8585e+04
75888.0946 10.9151 4.1882e+04
75895.3646 14.4763 5.3784e+04
75932.7946 12.6484 5.9155e+04
75943.4146 16.8379 8.0289e+04
76019.3046 17.9666 4.8131e+04
76076.2646 14.6911 4.5020e+04
76095.9246 12.1310 2.6260e+04
76153.6246 10.4496 5.0485e+04
76168.5346 14.7878 3.6171e+04
76219.0547 21.5324 7.1838e+04
76245.4447 15.1486 6.6262e+04
76264.6247 10.6404 2.8869e+04
76308.6447 13.7435 4.6081e+04
76420.7647 10.1568 2.6854e+04
76459.5147 15.2127 3.9451e+04
76463.8647 10.0783 5.2097e+04
76466.7347 13.0948 3.9658e+04
76510.7147 17.1342 3.5888e+04
76516.4547 19.5363 8.3543e+04
76527.6947 19.2486 1.1288e+05
76580.0547 21.9358 1.8200e+05
76580.6947 16.1718 1.5462e+05
76671.0347 15.5127 2.9007e+04
76684.6347 10.3706 3.3234e+04
76709.2247 20.3248 1.3432e+05
76721.9847 12.5626 1.1618e+05
76723.1847 15.7130 1.0669e+05
76729.3047 11.6314 1.0881e+05
76774.9147 16.1762 9.0448e+04
76775.3547 13.3611 9.0921e+04
76779.5347 11.3923 1.2880e+05
76792.0347 13.2375 8.4038e+04
76809.6247 13.4357 4.8386e+04
76864.3747 10.7362 2.2959e+04
76874.2747 12.2196 6.3191e+04
76887.1047 10.5261 2.8541e+04
76933.2447 11.1939 2.3623e+04
77055.2047 14.2181 5.0551e+04
77252.8647 13.3265 3.9754e+04
77282.4247 12.3423 2.7615e+04
77395.5547 18.7213 6.2119e+04
77587.6447 12.0234 3.7866e+04
77713.6147 18.4594 8.5547e+04
77785.2147 16.4473 3.6507e+04
77815.3547 12.0016 2.5183e+04
77828.5348 13.2549 1.8492e+04
77868.9348 13.5369 4.0923e+04
77901.9848 11.5130 4.3141e+04
77934.2948 17.7000 5.0990e+04
78090.9248 11.5326 2.7176e+04
78102.9248 11.6112 2.7006e+04
78113.5848 11.3767 1.2341e+05
78116.9248 14.4079 1.2259e+05
78405.3248 10.4124 3.1441e+04
78522.4848 13.4090 2.9343e+04
78538.8248 11.0508 3.4169e+04
78743.4048 15.1436 1.6288e+05
78776.7048 11.1457 7.4225e+04
78802.0848 10.6167 4.6939e+04
78919.8148 10.5263 1.7277e+04
79009.0248 10.8017 3.6634e+04
79023.6948 13.1714 4.1377e+04
79056.4748 16.0418 3.1697e+04
79080.1648 14.1147 3.6013e+04
79197.3448 11.6269 4.8211e+04
79270.2948 10.5222 2.9205e+04
79315.3848 10.8067 8.9046e+04
79357.4948 10.6535 3.2046e+04
79370.3148 10.8757 4.3180e+04
79543.7349 11.9161 3.2206e+04
79586.9449 12.6285 2.3138e+04
79645.6249 11.8028 4.3527e+04
79730.3649 14.5752 7.1361e+04
79732.7249 13.4299 7.1361e+04
79803.3549 15.3195 4.2260e+04
79917.9849 14.9359 4.7440e+04
79988.6849 10.1617 3.7646e+04
80083.0749 11.7187 5.9040e+04
80174.2849 12.2433 8.2639e+04
80210.1449 14.4626 3.5280e+04
80290.1849 12.8494 5.6748e+04
80313.4749 11.3267 4.9271e+04
80418.4249 11.1671 8.9259e+04
80540.2049 10.9672 3.3946e+04
80682.8749 11.6046 4.2323e+04
80687.7649 15.0972 7.2905e+04
80691.4449 11.6089 7.0983e+04
80711.3549 11.7679 6.7234e+04
80729.1849 10.6439 5.7189e+04
80744.0049 16.8028 1.7830e+05
80943.3449 11.0030 1.5701e+05
80978.3049 11.3308 9.2121e+04
80978.9949 14.2258 8.4725e+04
81031.6149 10.7090 1.0316e+05
81035.5949 11.9369 7.1491e+04
81106.7050 11.6871 7.6099e+04
81116.5050 11.6959 2.5533e+05
81165.2550 10.1406 6.9513e+04
81171.6450 16.3170 3.0100e+05
81172.9250 10.4378 2.1705e+05
81190.2150 12.0531 2.2488e+05
81211.8250 11.6402 1.1242e+05
81238.2150 13.0581 2.3791e+05
81242.1450 15.8267 2.0543e+05
81260.2750 11.3363 2.3758e+05
81339.0050 15.0708 1.2661e+05
81370.2650 10.2137 6.2660e+04
81469.8750 11.4915 2.3652e+05
81618.9650 13.1017 4.1380e+04
81651.2050 10.2549 2.7579e+05
81652.8450 19.6637 2.6140e+05
81665.4850 10.2210 1.9050e+05
81689.0950 10.0580 4.4428e+04
81804.6450 11.9144 1.0779e+05
81850.3850 11.5489 5.9523e+04
81880.3650 16.9729 2.6768e+05
81992.6350 10.4348 8.2140e+04
82008.6850 11.2662 1.8936e+05
82009.3950 10.2755 1.5930e+05
82056.7050 11.7044 4.6711e+04
82061.3050 10.8926 1.1306e+05
82066.2450 13.2790 1.9764e+05
82071.0750 11.5420 1.6609e+05
82079.8650 12.9369 9.8609e+04
82239.0050 13.6034 2.9864e+05
82256.9150 12.2734 1.3256e+05
82501.5650 11.7886 4.9727e+04
82613.2750 15.4453 1.5380e+05
82939.9851 11.5907 1.3271e+05
82985.7551 11.0464 6.5355e+04
83063.7551 15.0763 2.9091e+05
83064.2451 10.8639 2.6512e+05
83332.0951 13.0345 1.6064e+05
83401.7651 13.9207 1.1074e+05
83636.9051 11.4642 1.9734e+05
83654.7751 12.0169 1.1009e+05
83683.4351 15.3253 1.7626e+05
83843.8251 12.0228 1.0762e+05
83906.5551 10.5840 1.7764e+05
83909.6751 11.1913 1.7764e+05
83910.6851 11.0921 1.5637e+05
83942.6151 17.3979 1.2968e+05
84003.7251 14.8075 3.3394e+05
84005.5851 16.0274 3.0276e+05
84014.6651 10.3957 1.9094e+05
84072.2451 10.0295 2.1940e+05
84137.6151 10.7319 5.6173e+05
84263.1451 11.1012 1.5368e+05
84340.0751 18.8228 2.0301e+05
84369.3951 11.3787 1.3219e+05
84470.9552 16.4575 2.2137e+05
84717.3952 10.4596 2.4726e+05
84756.3852 10.2963 1.4513e+05
84856.4252 12.1090 1.3393e+05
84894.9752 10.7564 1.0881e+05
84991.7452 10.8515 8.9627e+04
85020.2352 10.0489 1.2109e+05
85037.1952 12.0433 1.3341e+05
85042.7252 10.1734 1.7541e+05
85043.4252 10.5409 1.6075e+05
85073.2852 10.0668 1.1967e+05
85145.9552 14.9610 1.9331e+05
85286.3652 10.3023 1.7914e+05
85287.8052 10.2113 1.5120e+05
85486.6952 16.4114 1.9597e+05
85489.6052 11.2339 1.9428e+05
85518.0852 10.4497 1.3486e+05
85529.5952 11.1413 2.2017e+05
85622.0752 10.0142 1.8613e+05
85669.6952 11.0528 1.4563e+05
85882.3852 16.8007 3.8908e+05
85929.1952 10.7024 9.8253e+04
85934.5552 10.8021 1.6316e+05
86079.5853 10.9376 1.1927e+05
