210.51001284851154 8.794263060904917 243640.3920431282
413.3800252307144 6.431246190788454 849803.8309232058
611.3600373144554 6.399647083353436 77607.20967165357
621.1800379138207 7.360549497797159 92707.95385039732
695.0600424230983 6.900499699918705 42878.953561902046
711.5100434271267 10.402151305328958 353412.2208762391
728.4200444592312 8.749754340408824 101661.83838134253
752.8200459484891 8.452732676946807 64568.253615246416
774.0600472448759 8.239233094711887 70526.0330669417
809.6400494165069 6.259244369758841 29239.29169420593
1062.910064874882 7.339159512809062 42019.90879243098
1186.8800724414107 7.02209122208144 50929.41496037647
1203.8800734790084 6.769883514965306 64409.77288639305
1236.6500754791307 6.576983506428504 46143.901393823224
1339.2800817431691 9.15551517105383 174614.69228635673
1357.6900828668263 6.948718179360492 49993.78752043802
1449.4700884686333 8.315932572522044 330421.7006469386
1580.4000964599668 6.090884634238529 35881.46826077414
1628.8000994140687 6.70928928271731 63135.49040236455
1662.5501014740053 6.114199624033717 41185.16256909291
2210.2901349054036 9.279842525665007 364708.14407389186
2331.9101423285 8.189577834854132 91529.03306074487
2366.160144418954 8.759946934144116 106596.54337614743
2396.100146246347 6.411648242333913 57885.61318832041
2677.0601633947854 11.143864789758208 566501.9822847996
2714.3801656726177 6.565971999724807 106802.7821864944
3026.0201846936147 8.079267206835857 610086.104687472
3614.830220631727 6.360853011506421 52357.99939595287
3833.9802340075826 6.377614015200756 108822.5374775327
3901.3602381201317 7.960673551546521 151403.21162165524
3943.000240661636 6.892068298887953 53877.45897187085
3964.6702419842677 6.1175166881764955 80539.73276702578
4043.7302468097073 6.611450525658789 181213.59920604376
4239.310258746964 8.389805230302597 95875.98080019696
4503.590274877336 10.928205486029409 508361.48059571563
4516.080275639665 9.819080330291342 222978.40562858476
4585.810279895647 8.863328816708748 182640.85086946827
5104.140311532002 6.685481929612265 292193.5299209681
5370.200327771016 6.344184925449519 227390.67558199848
5404.470329862691 7.267540718146618 192245.2089175428
5415.940330562765 9.171323637755048 304153.2993781599
5436.750331832906 6.796030535443277 440128.7133969084
5559.700339337179 7.219725597315761 392771.850205061
5603.610342017233 9.985412738771426 539048.338346751
5618.270342912008 7.5122527478165315 320401.57788060076
5670.140346077902 7.1269951841091705 1483348.5454213081
6009.030366762107 8.923290840831465 524004.2718630742
6019.460367398704 6.242433303601289 315855.06542405754
6036.7103684515605 8.99045730212718 828225.8527884207
6246.680381267113 7.908733354300022 290385.08895324194
6268.0203825696035 8.972794379030832 681415.5600734942
6407.910391107812 6.475994395840365 246772.92682887433
6793.650414651514 6.422139523249531 359175.8332913913
6849.760418076197 9.805518087696734 669406.8193386638
7159.930437007473 9.182255909150703 531077.5008277242
7784.750475143462 6.308454299218208 111395.32578457959
7970.790486498443 6.045824228436952 55677.05716842951
7982.8904872369685 7.730647415121798 115477.68326283856
7998.820488209259 7.6416927644547705 173762.69621273654
8212.230501234772 6.294983553293252 173654.16126906013
8217.410501550934 6.2922545677624555 172968.12235499418
8226.320502094757 7.25235260036852 212588.7352051876
8293.670506205475 6.75691829348035 75365.9379562479
8462.360516501496 6.3246138392674816 78127.99702313407
8465.60051669925 6.11782229676567 90960.06946689627
8624.880526420931 6.531960604262691 85116.71175830724
8635.580527074007 7.361757589366221 146313.7075665643
8650.830528004793 6.0130581058053565 186142.14808756084
8981.420548182406 7.016695218247525 183217.79223978633
9052.730552534824 7.295653048996464 250148.77929869303
9197.780561387974 7.190033586845506 209225.02410314154
9342.530570222812 6.490410556575593 94779.81961747061
9435.360575888708 8.387394412966476 387187.8770117439
9540.63058231388 7.481528017359766 357065.3354143356
9721.780593370397 6.877937277830344 76427.5076194172
9770.070596317786 8.70776616998987 315499.1562736501
9783.460597135047 10.78881380085308 2910629.0992485057
9849.950601193274 7.994004654247025 138848.57632225344
9866.260602188757 10.457671695490195 522737.66609742213
9901.620604346961 11.4765095650873 3377873.69745084
9937.950606564367 7.18512430547131 109808.77013261885
9948.420607203407 6.760155617849921 125959.3510489094
9970.320608540076 7.9178137333300675 66315.05858021956
10016.270611344642 10.093827585734871 974859.4730996633
10053.76061363285 6.06595310563543 581439.8825943073
10278.880627373084 7.111124511613289 54789.14076007803
10867.330663289225 6.47104116745219 360076.40910410136
10948.49066824284 6.284121761921463 158762.35537798595
11012.140672127727 6.059935768566146 154717.78012440156
11511.450702603192 6.978922665328457 818049.5278575376
11677.160712717328 8.27036515109521 137920.37503538196
11805.390720543866 6.710505439188272 85138.39290531965
11818.760721359908 6.096576542426607 206613.94835313896
13243.170808298999 6.793626358421186 100427.72925093444
13488.90082329717 6.724094557863387 116228.98739644
13832.320844257863 9.169099205151822 310172.43855799944
13962.870852226004 6.412289538527911 141420.42131922746
14020.540855745901 6.489622291657644 178074.24733676887
14064.180858409476 6.8084994765156726 207208.85900489902
14166.7008646668 8.790610595809326 282689.7492664917
14190.8508661408 6.244598439875205 111504.69687805967
14386.930878108575 7.84719336690764 993969.0628271248
14399.260878861138 6.777443064519033 2405956.3798912573
14430.410880762383 7.941190796621115 2477648.37269651
14433.76088096685 7.324691611028268 1760588.996712234
14469.060883121392 8.533428250208413 937403.938559489
14470.750883224542 6.792981544040492 690997.8122493352
14736.400899438531 9.070103370243228 354080.7522885602
14864.420907252254 6.294348218610972 63487.35757251463
14887.450908657893 8.352955965179921 195498.7750071873
15087.090920842951 7.968750514682686 171225.20370778182
15179.920926508845 6.852479624020292 269265.02748600213
15370.420938136043 6.228873864796843 94561.11954096553
15613.690952984067 6.982002902952861 121762.48621773318
15922.310971820738 11.404090530745075 1036346.6091488978
15961.280974199279 8.2616816552957 687462.7063488825
16072.940981014464 10.179793087849234 1085665.886435296
16218.960989926818 7.7680979711818035 301157.26948198763
16225.960990354064 6.785165514504622 1208928.6784994393
16874.27102992377 6.208317133062509 490618.01151529077
16995.051037295594 8.256569912437058 314337.2810616164
17185.341048909977 7.488770015967494 80133.27160305707
17288.561055210026 9.566532078990296 855238.4331090949
17304.281056169497 6.004169732716101 81627.249784102
17328.651057656924 6.16466831814421 69766.7526178752
17505.591068456488 6.4523389964904885 311355.4471958362
17769.961084592353 9.481479317632312 344471.3954164844
18408.071123539496 6.249701814069682 264627.5993063054
18408.621123573066 6.990800058181377 262563.58053610096
18604.69113554023 6.577941045744571 84601.98840355552
19093.751165390087 6.09094508456495 81189.61479913536
19442.721186689527 6.276434658297803 65104.91577712146
19654.421199610668 7.708460544436522 170225.7513554426
19675.341200887524 6.946728398062013 208202.44062789172
19771.701206768874 10.54204164400669 487125.3016997642
19977.25121931465 8.197965270460953 785551.7052565872
20090.77122624336 9.284944001847121 456792.7276178278
20172.08123120613 6.65279187111532 674582.2689545676
20205.95123327339 7.109153798263315 609724.3978991185
20715.221264356765 7.3215811814197 679503.2856506282
21149.01129083321 6.85943377052178 83131.05472194824
21483.16131122811 6.628351113604792 169670.27243163795
21752.741327681964 7.7455069347279535 110499.16512210539
21784.861329642416 6.04953649165933 130482.34839748801
21951.981339842612 6.158738181673586 433790.3121573011
22183.22135395638 6.235594335080732 255598.41632894662
22208.21135548165 8.517089066405193 448341.8753415918
22312.3013618348 6.100593634678836 1413979.2539729257
23036.511406037072 6.08954257455353 168569.39241127874
23145.171412669155 6.80537794409265 1267174.4202595376
23837.92145495126 7.944897423311002 707199.2721075731
23934.071460819792 11.76505247217623 10528977.723924024
24174.881475517668 6.315993166209144 303519.82192400837
24175.451475552458 7.471583266495364 271853.13022056455
24390.23148866159 9.172789586121304 353253.8593470456
24541.381497887054 8.779441457893542 590849.0354445957
24548.501498321624 6.179884564127337 260413.08674621946
24577.69150010324 8.023210384604821 323015.75570029026
24641.07150397165 6.632100986198445 393513.7221186514
24693.351507162566 6.099000411254898 453294.4462697566
24768.431511745086 7.990329494012432 429315.284538058
24803.50151388559 7.749566531665272 183764.81597623063
24809.661514261566 6.4609877806541585 510826.5382384222
25164.64153592783 6.993635183303701 306945.03431305656
25170.761536301365 6.14885678699175 313894.08056191576
25201.491538176975 6.562003491369214 853318.9382213528
25210.17153870676 6.089434929693856 601828.2113028481
25527.231558058567 6.596635121935841 1657151.6189665738
26594.841623220313 6.022757478874717 69525.98602458736
26799.891635735574 9.02892998805673 129626.42920658215
26819.641636941018 6.978019756982166 588167.0210130658
26866.07163977488 8.328447908173747 271946.3366053132
27029.361649741313 7.920848273497007 324755.2230658948
27033.331649983622 8.339421128674557 442426.3549959561
27132.511656037088 9.619694753255272 702243.2596058475
27457.981675902203 9.443691751635692 393769.69058395195
27709.841691274516 6.6664501692618 192629.02335898517
27729.02169244517 8.0830622194074 558980.83128846
27779.781695543315 7.605210107919826 322283.7365109018
27868.141700936383 7.66335363741336 344233.12489373656
27925.51170443797 6.449976180681734 139867.43512189042
28032.79171098582 7.872944902027274 113189.97369425576
28216.50172219859 6.730259130360405 497457.8565693464
28273.491725676984 6.993621964456171 151964.32292941556
28688.101750982773 6.565209378884038 60243.639822856385
28885.551763034164 12.058213729101567 9888534.729422778
29391.37179390697 6.107822886849742 180125.96516651797
29421.00179571544 8.19580826941387 104891.28222372303
29545.46180331188 6.216921204374009 196145.77935604166
29572.201804943958 6.418593943131786 344353.03366810887
29611.681807353627 6.682835268297815 321566.08876655647
29617.75180772411 7.363865419404257 313502.3693283733
29829.90182067272 7.686422872028433 147233.40870505478
30393.831855092278 6.234039849868431 481848.19475466746
30470.581859776725 6.331555826797525 118847.20525199006
30655.691871074945 7.495390344923956 160097.93728629925
30783.211878858147 7.496400731783597 126973.467481943
31055.691895489006 6.474677836176977 241501.69522820515
31149.211901197017 6.462424384019622 468712.36157489574
31478.861921317257 7.418822494707297 740387.7778596508
31520.21192384106 6.605083980252516 221538.18545837083
31566.391926659664 7.909846192246984 128327.30842481695
31781.82193980847 6.206852838386432 213145.19715230452
31784.73193998608 6.006492164484755 300279.90250789764
31806.34194130505 6.861333414705336 424039.57186756167
32194.321964985473 10.299079242701215 453254.93862516724
32244.57196805249 6.49014980756489 109748.95742797773
32348.501974395873 7.5825166756733635 221743.309969491
32879.70200681775 6.628192203643963 121922.74202823988
32911.402008752564 6.033487436312712 122040.87255507142
33142.57202286206 7.648352388051491 79260.29318270659
33165.30202424939 8.08490363637213 287932.17797565943
33649.12205377942 6.872986414266087 150387.42716234882
33922.69207047681 6.086137344430204 55840.59051146869
34354.182096812874 6.689536518995341 126408.18338618612
35036.652138467536 6.571063769073159 74793.4069795399
35116.472143339364 6.846369411224051 60913.902596059175
35303.292154741954 7.93528277649752 78655.23714730465
35325.09215607252 6.192998726326481 51278.181952686165
35593.81217247389 11.504945191991496 813159.732848021
35617.53217392164 11.08022380993561 595416.9321393123
35743.92218163588 7.916726229225012 145760.2783496094
35806.46218545301 6.658686370824242 171700.98874469294
35979.87219603712 6.7892870720938046 573071.8564479888
36241.642212014296 6.057814557034941 135602.33881279107
36265.40221346449 6.478124769406412 146126.8632582219
36358.03221911818 7.072680494369583 78155.9534326594
36536.16222999037 6.649981192001402 429091.339478783
36608.39223439894 7.767250998490444 136966.62422447652
36617.36223494643 8.467053691887331 182412.03782030192
36634.43223598829 7.957579284320429 128442.82354491156
36697.91223986281 6.444273495986446 76441.43791094603
36959.182255809465 8.555476169097368 308827.6136202321
36975.76225682143 6.1617045104450945 142449.76676584722
37447.66228562392 7.208408705456243 76339.45913276917
37541.12229132826 6.08123801442506 59723.524058427996
37562.132292610615 8.964537308714807 898527.1343150289
37573.07229327834 7.261666449530587 1381353.9003084358
37661.22229865859 6.882416458421008 478957.84594653425
38066.402323388815 6.117893823306377 77239.03303004298
38097.25232527175 7.235483831649955 149478.14158739848
38418.68234489028 6.340031769764713 126423.80544654636
38504.07235010207 10.561904080889136 514439.17628143117
38743.2923647029 6.401913029456384 111497.10176105861
38836.102370367575 6.496148232205687 1108564.8377265087
38836.6023703981 6.257726328721957 1108564.8377265087
38854.46237148818 6.21107588572995 1478176.5593751655
38855.80237156997 8.708841386481907 1461598.8988669843
38864.85237212234 6.975514078548961 485754.15658655914
38906.50237466445 6.427869542610732 325371.1396052447
39022.72238175796 7.245375163724171 423877.3853277299
39084.872385551294 6.859218796775918 306448.9924482713
39249.832395619655 7.0170583486380735 252383.45943830683
39366.39240273391 8.99335041191588 466031.2000329616
39491.302410357814 6.299949461242455 543887.3665281598
39492.212410413355 6.731849806964635 538849.4593235175
39517.81241197586 6.5139086791665495 265338.1448173002
40202.1924537471 7.215151787528049 392904.60503122886
40844.9924929805 6.408961899914409 676143.4588530553
41041.81250499344 6.539300780551223 547326.8987726687
41057.042505923004 8.193213790968425 614212.4349117653
41079.99250732376 7.30008476834966 346703.46665974124
41095.34250826065 8.735799381165979 838806.3361596826
41223.51251608353 7.059843038348141 945898.4009811659
41347.27252363724 6.492892116096222 287351.9343201077
41349.3625237648 6.289772434255038 124787.54593016636
41355.60252414566 8.914370117699045 357306.0379149136
41459.95253051468 9.78591615058623 512845.3188102384
41678.41254384842 8.444833929908365 1098631.9847394386
41865.10255524307 6.726318646439677 328756.6992271923
42117.52257064957 8.996542322378847 355702.0427185746
42134.00257165543 7.0545259587236355 337585.7516443415
42352.47258498978 7.6717646224163225 323196.15075115685
42456.892591363074 6.067242704158861 375272.9829681503
42478.67259269242 6.884355374127629 507335.33881900745
42521.27259529252 7.766022309814317 588885.9637418016
42529.912595819864 6.9841855585399255 582423.2155543109
42541.02259649796 6.188199510587055 1402743.2443939082
42541.682596538245 9.686503952276825 1351173.5060442598
42562.29259779618 9.125293653403222 344847.3105687213
42608.09260059159 7.343271704145137 348011.1255314982
42619.14260126603 8.644418081146933 608048.2843947826
42619.95260131547 6.157694260006382 551916.0879561016
42641.53260263261 7.481944047556616 1020895.6089935664
42642.28260267838 8.679889633624159 961615.2806907571
42673.012604553995 6.601682249095086 407668.38399344054
42673.7926046016 9.52645933130721 373968.62462052115
42745.19260895951 8.336664555829744 472967.13208733284
42815.202613232585 7.3193772972398365 94240.42935135563
42892.7926179683 6.938435353301797 89437.64654441444
42918.8826195607 6.417112990324603 109934.69781657899
42985.41262362138 7.652730550200762 90437.67662091593
43212.21263746415 6.607647545353618 294072.9712760578
43317.932643916785 6.45932389506789 189879.36510814284
43495.13265473222 7.632039702841821 117577.53365331265
43919.93268065996 8.279201235440935 236359.30756409903
44157.82269517961 10.570522182551064 741297.4402848292
44168.65269584062 6.009512459953649 1575933.4142793051
44170.94269598039 6.250630741915313 1426505.2845830554
44581.56272104265 9.011831076722292 1787966.597176513
44586.58272134904 7.710639415690932 2586220.033407719
44587.152721383834 6.5554021209717686 1857592.4297792718
45025.15274811723 8.137417331943208 490289.5358952024
45255.88276219988 6.864698343762346 629861.782674919
45395.92277074724 8.0160240120321 86112.2995451492
45744.02279199358 6.450996116050236 55849.81115262413
46588.95284356402 6.257933170927834 43517.74788992215
46594.18284388323 6.058899306945611 40691.50658403582
46676.392848900934 6.1048723274918695 61642.011231012075
46853.01285968096 7.637418524261243 121689.23661072367
47099.252874710255 7.7930822231796055 211328.8636035487
47286.052886111625 6.774442098872541 63537.81852965128
47353.01289019854 7.258621643557886 63327.213603568205
47421.03289435015 6.028382335042903 181366.77159423794
47555.722902570975 7.075101072789988 155463.98772772116
48061.8529334627 6.462067017734967 172059.73007895623
48069.342933919856 10.269247735748896 642346.9527740239
48135.63293796588 6.513493083473011 321185.36039405136
48214.142942757746 6.103836971755033 220113.91477718967
48405.482954436215 10.368056872822553 556481.3016699028
48453.562957370785 6.58825129284119 137649.39457524839
48521.75296153277 6.6139902389757985 84305.15969159038
48734.8829745412 7.633843377877127 185021.38784045086
48807.62297898089 7.946733037477913 134631.94704130883
48985.1829898183 7.692773021083531 84204.30374615768
49062.412994532046 6.853921996501983 125375.02258849824
49183.52300192401 8.455294395821271 136410.53298953644
49184.2830019704 6.006676591079947 115028.4819415183
49196.25300270099 6.324211286850098 99233.96481024701
49215.8730038985 6.621838669343964 49796.22498836715
49352.943012264586 6.349703826135607 106002.87193496154
49401.21301521076 10.047286162666024 133808.21336774225
49627.673029032776 7.131551024328785 426805.70122694573
49976.23305030719 6.174194493536475 178112.28420609224
49987.69305100666 7.826112329255849 144144.20374422413
50031.32305366962 7.701953569128847 106066.6576870668
50094.43305752155 9.367327120360962 161870.16619389475
50155.47306124713 6.33851892374969 132708.77044141854
50191.323063435244 7.101418566048273 93192.67898474015
50265.833067982974 6.818504108755526 91882.6146789152
50281.23306892292 6.118378435394483 159445.73371831104
50680.70309330463 6.325729428044691 167251.38567002903
50930.0031085207 8.583284101258062 84258.08899844802
51248.253127945136 6.172648011322036 61279.62582482465
51612.98315020649 9.425768775820115 842297.1746183716
52091.06317938618 7.3623048547979115 65739.39971504011
52313.44319295918 7.103938031381837 53752.49175053976
52431.333200154615 7.185154177022815 90250.17501028956
52473.94320275532 9.887891967870516 184757.80883420765
52570.97320867756 6.955778610450544 99048.49160202796
52642.113213019606 6.190397522482355 47451.63982658411
52675.19321503865 7.792994955438235 56702.8297401834
52680.08321533711 6.831815174208424 91143.88850269983
52700.8432166042 8.532871163721532 644044.2145620728
53001.62323496235 6.519866591244163 388383.6930588642
53007.05323529377 7.454682551534637 417482.0102265007
53017.28323591816 6.387771644920156 103064.24256170681
53025.06323639302 9.878379619441768 225714.09115780966
53053.78323814595 7.42155985718932 85372.53735509771
53056.97323834065 6.154747244161506 150549.44266517242
53085.92324010762 7.060778928281217 332666.43010576855
53754.3032809023 6.242710513119126 134007.09970523554
53770.73328190511 6.234138286592502 112292.68227296406
54027.093297552085 6.51032842759693 86361.83471118957
54107.053302432454 6.58345925923799 97920.72004582713
54487.55332565633 7.5584610296437535 206956.42118625744
55571.483391814174 6.462304516690062 43327.36345651953
55603.03339373983 6.899537751924067 64046.47903897676
55642.34339613912 6.712702500069809 48423.705795050984
55733.153401681724 7.606062514234393 103628.75418102575
55775.06340423971 6.672832903563117 86760.83021505609
55886.9234110671 6.557912286995589 102700.31141001938
55902.17341199789 6.484296932349185 30077.492114239703
55912.44341262472 6.331760184545773 30312.24432136066
55931.76341380392 7.34775412695272 31685.45264681571
55976.59341654013 6.914863650394661 24120.16839466485
55994.70341764547 7.57170932065814 50460.01923435739
56011.543418673304 7.089575185253566 41273.903227542905
56113.673424906825 7.013743737555555 55241.44349868639
56153.65342734701 6.280779186319213 26040.231198358353
56286.68343546652 8.559999761270376 131816.40458643477
56555.79345189169 6.711481614550513 34696.61602811179
56750.75346379111 7.7573519601966385 41939.34406197621
56906.003473266814 7.798526449141107 41792.18109783652
56946.57347574301 10.64949041014268 64933.77348475789
57712.48352249045 9.200840804658888 146008.199163336
58080.973544981294 8.039928223835076 101963.50460581025
58090.693545574555 10.363129986806504 115910.08932663013
58335.593560522066 8.919498587453075 299589.66263209045
58391.503563934544 6.0003545869535495 56337.99566685188
58498.34357045554 6.28613675152028 44623.083523248126
58751.533585909034 6.439118892066086 30077.095037260424
58799.76358885276 7.092023732021225 50799.6550525767
58839.11359125449 7.786480149174459 22875.9927300372
58881.62359384909 6.433786072750478 49513.52812162892
58898.293594866554 8.14099789585629 80332.11017086598
58909.733595564794 6.97703226350389 28476.75175654551
58932.43359695029 8.220086303865587 178698.3715550905
58968.50359915183 6.747150487009273 33733.72000612385
59009.343601644505 6.331849976102136 43981.062723050185
59475.97363012534 7.718286832664311 43785.285352968975
60141.593670751565 8.038464192800802 32399.65757433616
60417.68368760277 7.757564476367659 19983.577461996287
60465.523690522685 6.582856468969559 27002.64328519092
60583.05369769615 6.868180043813767 21964.759191221478
60655.493702117536 8.181524695999252 51315.24413871368
61959.64378171654 7.23727455128671 32374.73547995755
62062.01378796471 8.008815661218806 26795.84697146066
62196.25379615807 7.012960354830185 30610.37801817557
62214.65379728111 7.061461763951205 21715.50809326194
62229.57379819176 7.80339169293604 23427.28242493064
63034.04384729271 6.074995659249752 20658.28868213047
63126.70385294823 6.291894597852919 19957.13710372968
63697.273887773066 6.731131779370148 17491.748288349
63792.79389360314 7.334271269562127 23987.9711152493
64066.46391030664 8.973643877307397 78315.1946599579
64383.023929627925 7.403155145688956 30108.946522793824
64385.303929767084 6.483278388835287 38343.5905999302
64454.60393399682 9.327597827567823 34422.39311354778
64505.353937094354 6.719396018067442 18424.488407711306
64696.99394879113 7.846319832024053 21044.570451756026
64737.56395126733 6.588923804246051 35634.980199073834
64768.20395313745 9.515262801813556 27786.50500933013
65065.61397128992 6.979436563299355 21613.32347838075
65262.733983321166 8.365879641057916 37491.16358673589
65274.93398406579 6.407027511430228 29220.32711490639
65585.59400302698 7.02899011186586 70825.01971306748
65675.72400852808 6.423668448793838 43922.034881694955
65868.05402026697 8.772786882066729 72436.13601806946
66293.84404625512 6.313860995933174 136830.26993658004
66484.224057875 7.851380212100935 35912.1036592555
67357.704111188 6.836285307632528 22154.271293819496
67748.89413506434 7.580881051240867 388166.5722268905
67777.59413681604 6.052871168736267 12036.840721511415
67801.17413825526 7.635302279941583 27626.43563968035
67803.96413842555 8.786752778573344 119900.85246399403
67805.30413850733 9.265288016983028 119389.76888904153
68101.2741565719 6.466519734879841 39257.03093002294
68391.17417426601 8.765918459928018 54889.41619378608
68474.33417934169 7.514486639970863 30879.960458186913
68607.6541874789 7.088745205045895 46439.898398887715
68695.97419286951 6.379486688297116 69233.49940770247
68698.0841929983 6.4906309671592215 49518.49310564927
68716.5341941244 6.535808345587125 74267.72843213737
69051.49421456874 8.178011820881999 32466.43512000979
69061.16421515895 6.186638683235087 89575.5103795316
69263.17422748866 7.610696019379341 57368.94433688946
69303.77422996669 7.540807876049499 37165.090154915175
70008.17427295986 6.024542254457387 17878.07956759209
70753.92431847683 8.60063249157003 64187.60072510732
70817.31432234585 6.398963145667469 56668.5584385131
70982.05433240077 6.009913064570722 14905.663119360199
71170.02434387356 7.369488730779755 67641.36609087762
71411.24435859645 6.1912266592495655 19222.746774857518
71713.60437705104 7.579742784408691 19481.243043475934
71754.16437952663 6.620995361068495 20919.85859730191
71804.84438261989 6.872072363699976 150624.57130794984
71842.7143849313 6.620373850144719 48026.080674115256
71846.23438514615 7.9990433453414935 335084.70193884126
71855.36438570339 8.834923972278578 413417.53112787084
71891.37438790126 6.778268174705631 24633.773446171355
71896.75438822964 6.514062583003345 68116.42347562657
71912.74438920559 6.191222310752563 55082.4648600439
71924.94438995022 7.369279145710986 219277.33741204938
71955.12439179225 6.841723840820053 28674.60359166515
72049.53439755458 7.180274224260523 13422.824711243562
72321.74441416898 7.0138182430623 710326.1529456663
72344.14441553615 7.254308315283468 61674.46616238581
72488.94442437404 7.555724814809332 45096.76061138413
72509.50442562893 9.028077954857617 53605.84796600197
72553.18442829495 6.588823350837317 37147.999243029575
72595.67443088834 7.0723118282483055 50486.15551058975
73320.15447510709 6.02022640246113 20394.460341541755
73385.16447907499 7.408861142753218 57253.05546543864
73448.60448294705 6.993686998639671 27692.57815149429
73623.54449362455 9.402158948153264 69167.85505340816
73658.91449578335 6.536868554162343 26873.997584831584
74049.78451964016 6.920546425471219 32860.96498047357
74656.4845566702 7.322710287009644 31447.151392114065
74824.02456689603 10.020651326185655 58463.552234079696
74929.55457333707 7.278356032980325 18588.40385499133
74931.84457347685 6.128479219991115 25098.35415745009
74962.27457533414 7.007562457451782 17728.00744450268
74974.93457610684 6.37398662990389 35331.85838385701
75249.42459286039 10.893070408588514 605821.4311445603
75329.4245977432 7.1037538989234585 59485.06224230653
75349.53459897061 7.050465839643225 137174.6914456631
75370.22460023343 6.719472529131959 40858.69915996677
75376.72460063016 7.011202564277172 61688.69474459824
75415.86460301909 9.18871109925118 60552.91023932108
75469.70460630521 8.26901382399289 37932.00928689152
75856.81462993253 6.196819190090926 16335.505065409883
76106.4946451718 6.829160787239351 56086.264068958015
76405.92466344756 7.860596234193844 48484.29066963186
76644.01467797942 7.383682868085994 49404.73068230998
76700.5146814279 7.3862680728413785 39875.40477029623
77151.20470893584 7.070043167648847 17466.445401734367
77248.0747148483 6.566982585982689 19018.38570242074
77317.65471909514 8.403677586561882 28535.04410537904
77329.47471981657 7.179868708589998 21043.311562747425
77339.51472042936 6.949633175190766 25233.443530520868
77353.88472130644 10.749035594899826 98833.33553096798
77573.47473470915 6.021366488229163 22166.956112778513
77734.01474450773 6.281394251439998 22980.2280201681
77805.15474884977 6.3066112723641075 15337.35637494964
77820.0547497592 7.823036075997171 49800.93536588268
77826.3247501419 7.195003175715477 33909.27697560695
77828.42475027006 8.54052860451964 91403.11075962603
77844.72475126493 6.690982692192986 38170.68724371829
77884.54475369536 7.454485084206651 46690.69019801253
77909.06475519194 7.868789082634851 42258.48125497032
77998.60476065704 7.533871292385428 33669.96719395272
78387.97478442229 7.78431650423494 41775.12558913162
78762.06480725494 6.766804297844958 33435.351279126095
79074.21482630706 6.517234058488674 23801.95914573759
80102.72488908232 6.061798050775071 36232.09525049102
80245.59489780242 7.095946183784126 67449.0642796145
80255.70489841948 9.69126431874674 67833.41874911077
80551.67491648406 6.081882816064504 21376.405117276976
80955.85494115326 6.237142042300616 26585.275359709798
81209.97495666351 6.585672838454705 25746.490207013674
81247.13495893158 7.259289541641777 39595.439759892186
81404.41496853119 6.346168105485283 38275.86657203098
82097.87501085663 7.8239124122287675 53539.28349775364
82295.57502292328 7.1110009357934665 37855.19608941139
82616.81504253022 6.4628745485325885 29948.12729978411
82900.66505985505 6.112116454832409 63121.77001161634
83417.055091373 8.784561743261985 39298.412571751345
83842.83511736055 7.108321594683478 26396.213581514625
84420.31515260713 7.060566190519341 151495.2367477262
84421.14515265779 7.7487243955136496 151495.2367477262
84515.57515842133 6.828321465932342 159464.10583347268
84549.5351604941 7.601497798081402 86721.33523975236
84566.27516151582 6.458014205675732 59537.87593649569
84603.99516381806 7.450817404793808 82389.89015771596
84735.00517181428 6.8298047557579675 26036.637066181782
84757.48517318635 7.433377264461715 42706.31417171387
84778.61517447603 6.1519536419157905 125371.06341667564
84806.48517617707 6.738807471096677 68072.47669423428
84832.58517777009 7.5126368346962735 125938.24418724857
85089.45519344819 8.141741990589061 106961.73551392453
85117.3751951523 6.694789733226833 107049.89955557023
85125.48519564728 10.585905727089099 312841.3903216398
85133.93519616303 7.40991583715228 274795.3222695759
85140.11519654024 6.219916966178412 496262.31980319857
85141.00519659456 7.142057097160334 496262.31980319857
85145.65519687838 6.28125483953498 953604.9009457865
85532.1952204709 8.533429329935709 83265.56092420338
85701.34523079499 9.301891288232264 55608.17910522438
85706.71523112275 7.554639943447444 99877.00850987132
86057.08525250765 9.128008170012844 130682.43816731441
86195.83526097627 7.735478752966422 259139.37341806185
86360.19527100801 8.305832847648867 286350.98645729944
86361.47527108614 7.003945235666906 212580.16536734666
