1152.5201 11.7830 2.1683e+05
2046.0701 10.2921 1.5477e+05
2252.0601 10.2325 1.9381e+05
3021.8802 10.1368 1.8799e+05
6714.8504 10.2246 3.2288e+05
6722.2704 10.8877 2.6504e+05
8503.3705 10.0700 1.8713e+05
10631.8306 16.4698 4.6527e+05
10681.4407 13.4373 4.5081e+05
10762.5607 17.2118 4.8689e+05
10806.5507 10.6472 3.1233e+05
10984.3807 10.4421 2.6763e+05
11516.1607 10.8643 3.9197e+05
11880.9507 10.6994 2.6051e+05
12272.3207 15.9170 5.6023e+05
12284.4407 13.6931 8.2260e+05
12286.4407 10.0973 8.8776e+05
12289.8008 15.5500 7.9587e+05
12310.9608 18.2238 8.4089e+05
12315.2708 10.5050 5.7020e+05
12321.8608 10.0298 5.7376e+05
12348.4608 19.9219 9.1408e+05
12360.4808 17.6617 1.0033e+06
12364.2008 14.3650 1.7296e+06
12365.6708 16.9022 1.5987e+06
12402.9808 21.5627 1.6018e+06
12405.6508 16.4880 1.3173e+06
12409.7708 11.2358 8.6722e+05
12418.7308 10.8092 1.9554e+06
12420.0108 19.4508 1.8901e+06
12421.6808 12.4090 1.5549e+06
12483.7208 10.4257 1.6357e+05
12492.3108 15.6711 9.9850e+05
12494.3008 10.9893 9.9850e+05
12495.4408 20.3006 1.1302e+06
12498.9008 11.5319 1.0512e+06
12510.9608 18.9259 1.3611e+06
12513.4808 11.9195 1.1653e+06
12559.5308 10.6514 6.8338e+05
12560.7208 14.6700 6.8338e+05
12562.2308 14.9582 6.0802e+05
12568.9508 12.6054 1.0174e+06
12569.8908 17.1194 7.1986e+05
12583.5208 11.4353 4.7344e+05
12597.9308 11.3667 5.7293e+05
12971.9808 16.5693 2.5007e+05
14037.7409 11.9292 2.5503e+05
14282.2009 10.8484 2.6039e+05
14914.5109 10.1575 2.7926e+05
14931.1809 10.4382 2.2341e+05
15253.5809 11.6086 1.8259e+05
15553.1109 10.7677 1.7121e+05
15680.7910 11.4954 1.9348e+05
16067.4410 10.2520 1.8596e+05
16155.8110 11.5458 2.1310e+05
16896.5610 10.8031 1.8450e+05
20684.0813 11.3626 1.4812e+05
21854.6113 10.5458 2.3622e+05
24301.8115 13.2642 1.1113e+05
26327.4016 12.2542 1.6229e+05
26334.9916 10.3219 1.2587e+05
26372.8616 10.0716 1.4151e+05
31556.6319 12.7163 1.9284e+05
32162.4920 11.1348 1.7873e+05
32172.6920 10.2588 1.8515e+05
32216.9020 11.2813 1.7214e+05
32267.7420 10.5538 2.2485e+05
32279.0220 10.9997 1.6652e+05
32352.1120 10.7171 2.4103e+05
32609.0420 10.9683 1.9351e+05
32615.6420 10.8204 2.3068e+05
32637.0720 11.0514 1.9545e+05
32679.3620 13.5214 2.5043e+05
32850.8420 12.0845 1.9946e+05
34620.5721 10.7330 2.2730e+05
42535.0526 12.5382 2.8899e+05
43224.9926 12.6142 1.9188e+05
44600.3427 10.1944 2.2670e+05
44661.4427 11.7593 2.1478e+05
44814.4927 10.0461 1.8573e+05
44889.6327 10.0608 5.0509e+05
44978.9727 10.6721 1.5112e+05
45126.0728 10.0065 2.3389e+05
45442.1628 10.9385 3.5665e+05
45936.3428 10.0640 1.6648e+05
46106.5628 10.5823 2.2364e+05
51779.6932 10.8883 1.9485e+05
54143.0933 11.3341 6.2980e+05
54876.0933 10.1858 7.6696e+04
55023.4134 10.5716 5.3416e+04
55237.4234 11.6247 7.2231e+04
55293.2434 10.8116 8.4865e+04
55771.4834 13.2804 2.4902e+05
55884.6734 16.4870 1.8464e+05
55902.3534 10.9373 5.0065e+04
55940.9334 15.9887 2.1641e+05
56168.1034 12.5503 5.3409e+04
56821.2535 10.5013 9.1472e+04
57373.0135 10.3299 8.5921e+04
57642.6635 11.8982 5.2450e+04
57711.4835 12.8898 9.1458e+04
57883.0435 11.5475 6.0823e+04
58121.3035 11.3375 1.0182e+05
58123.3435 16.8784 1.0404e+05
58471.9536 11.3418 3.4288e+04
58951.0136 11.1003 3.6360e+04
58969.9236 10.9591 3.0960e+04
59003.4036 14.1893 5.5152e+04
59335.3036 11.5416 5.4009e+04
59747.1036 10.6741 3.1051e+04
60067.7437 10.0098 2.5649e+04
60239.5737 10.8241 2.8296e+04
60796.8537 11.3321 4.3115e+04
60910.4037 11.0365 4.5377e+04
61321.3237 13.6212 9.8925e+04
61426.5237 12.8404 3.4724e+04
61690.2338 12.3615 2.6776e+04
61787.7838 10.0629 3.0651e+04
61921.8838 10.1313 3.9041e+04
61967.6338 12.6093 2.9551e+04
62017.8038 12.2501 2.1130e+04
62033.6738 10.0682 2.3156e+04
62321.6638 12.5054 5.2287e+04
62332.3238 10.0366 5.0986e+04
62388.6038 10.8373 3.5321e+04
62846.9238 15.4414 7.0247e+04
63009.0338 12.0835 4.2081e+04
63096.3039 11.5502 4.4884e+04
63100.8739 11.6186 3.5813e+04
63191.9439 12.7943 4.5094e+04
63291.4039 14.7328 5.5302e+04
63396.6039 10.2644 3.7251e+04
63838.4239 14.3008 9.0449e+04
63841.9639 12.9188 7.9283e+04
63940.3739 13.4096 3.3115e+04
64393.0839 11.7909 3.9678e+04
64474.4339 10.3661 1.7793e+04
64604.9039 13.1170 4.6464e+04
64624.0939 11.1029 2.8553e+04
64665.3039 12.1122 2.8891e+04
64786.8440 11.1035 1.4641e+04
65526.5740 12.1408 1.9656e+05
65560.5140 10.9674 2.8336e+04
65597.8040 11.9728 3.0854e+04
65724.6340 10.2092 4.6947e+04
66040.2840 15.7666 4.1327e+04
66077.5040 11.4430 2.7883e+04
66309.3640 10.5567 2.7828e+04
66320.1140 16.5144 5.6431e+04
66339.3840 11.9744 4.4754e+04
66997.7241 12.1509 2.2323e+04
67100.3941 10.2224 3.2746e+04
67158.9241 18.6127 1.3588e+05
67266.8541 11.6155 3.1371e+04
67273.2341 11.6135 3.7416e+04
67410.2841 10.3522 1.7518e+04
67440.1941 11.6429 3.3346e+04
67538.6841 10.6920 2.0800e+04
67677.5141 12.0602 4.5225e+04
67851.8441 10.7786 3.0778e+04
68775.0142 11.3440 4.1334e+04
68960.4142 11.1570 4.5384e+04
69054.9142 11.9793 4.0395e+04
69173.1142 10.4679 2.0324e+04
69363.1742 17.1034 4.1937e+04
69402.3642 12.1331 2.3619e+04
69407.8742 19.5730 1.1766e+05
69589.4242 14.1175 6.5109e+04
69613.0242 10.1348 9.7422e+04
69759.7243 12.7794 4.8599e+04
70357.2243 10.7148 2.2033e+04
70560.7043 13.9906 2.2104e+04
70909.7543 11.6318 1.0721e+05
70914.1943 15.3133 1.0721e+05
70943.6043 15.8055 5.1089e+04
71005.2643 15.1977 3.6359e+04
71172.2843 12.1277 2.2386e+04
71265.3543 11.0713 3.7407e+04
71823.8344 14.0133 2.7616e+04
72059.6844 11.4450 2.0997e+04
72240.5144 10.6995 2.5526e+04
73100.5245 15.2682 1.0205e+05
73149.3045 10.7712 2.9535e+04
73212.4145 11.4827 4.8659e+04
73255.0745 12.7028 2.2600e+04
73372.8545 11.8320 2.3511e+04
73599.8245 11.5229 3.8879e+04
73632.4545 10.3844 2.7299e+04
73698.6545 11.4433 2.9948e+04
73991.9345 10.2062 4.0547e+04
74074.6345 10.6741 2.5934e+04
74479.0945 10.1960 1.5069e+04
74623.8346 10.6074 2.9645e+04
74717.8646 15.1684 7.8753e+04
74802.6046 11.0169 4.4708e+04
74912.0646 12.2313 4.4787e+04
74916.6546 11.1323 3.4792e+04
75017.3946 13.5021 6.3542e+04
75161.2046 10.5040 1.6306e+04
75231.2846 14.8561 3.0749e+04
75338.8546 11.1634 3.2143e+04
75509.8446 11.7217 4.1050e+04
75520.3246 11.7086 2.5587e+05
75521.0346 10.2968 2.5587e+05
75595.2246 10.5833 7.1699e+04
76009.6646 12.9641 8.5807e+04
76015.6946 11.0172 6.1363e+04
76347.2747 10.8833 5.3656e+04
76534.8247 11.2308 2.7562e+04
76972.2547 12.8226 3.5932e+04
77318.1647 17.7355 5.1338e+04
77847.9548 10.7954 2.5518e+04
78090.6948 14.5427 2.9909e+04
78316.6048 12.8613 3.9895e+04
78356.5348 10.2140 3.0616e+04
78371.9048 10.1624 3.6023e+04
78439.2948 10.1395 4.0903e+04
78474.3248 16.8219 1.2874e+05
78547.4848 10.1212 2.8282e+04
78607.8648 11.2856 4.8306e+04
78729.2548 10.1946 4.1869e+04
79052.8548 10.7880 2.9810e+04
79063.3748 11.5416 3.8178e+04
79223.6048 11.8447 3.5287e+04
79413.0748 10.1592 1.9861e+04
79462.4449 11.9012 9.1452e+04
79542.9249 12.1389 4.0869e+04
79866.3049 16.0475 7.1022e+04
80056.5949 10.7326 2.2109e+04
80113.2349 10.5780 2.7429e+04
80178.7049 10.1857 3.8907e+04
80581.1049 10.1985 4.4293e+04
80735.0949 11.9011 5.9535e+04
80908.0649 10.7718 4.3971e+04
80955.3349 12.4764 4.4320e+04
80985.1649 11.7216 2.4722e+05
81016.0349 10.7681 3.2302e+04
81142.1150 17.5770 9.0436e+04
81196.8350 15.5412 1.0231e+05
81324.0150 11.1210 6.6906e+04
81332.7350 10.3117 7.3915e+04
81909.6850 14.1719 1.7701e+05
82037.3350 10.7145 4.0861e+04
82089.4350 13.9206 5.1136e+04
82301.3050 10.0329 3.9165e+04
83557.1551 10.5876 1.4012e+05
83717.3851 10.0794 6.7703e+04
84395.9652 12.8320 2.3734e+05
85122.2252 11.3908 1.4732e+05
85424.2252 10.0916 1.6936e+05
85445.1752 10.4684 1.9483e+05
85462.3752 16.2173 3.1673e+05
85490.7252 10.5751 1.6352e+05
85522.5452 11.8977 2.1619e+05
85821.7852 11.5039 2.3137e+05
85922.4652 10.1827 1.8595e+05
86056.0053 10.3313 2.0464e+05
86089.8353 10.3929 1.8039e+05
86306.0053 13.2060 1.8950e+05
86335.0253 10.3011 1.8111e+05
