104.14000635620155 6.387316501613336 14410.030659478127
159.86000975708066 7.7338302025292816 37299.95967204657
244.10001489868256 7.620117560689249 37207.621569747214
250.7200153027353 8.555019782205132 70078.85504828862
294.2600179602062 6.222554172815015 36488.42025153283
494.4800301806659 7.985377523155758 39618.121236631436
504.59003079773134 8.562240164787923 50094.415285012656
643.5800392810082 6.264395739839448 17312.54698855836
1156.9800706164594 8.188334430039541 17165.739162931455
1395.1900851556447 11.255330906588412 1361436.2753739886
1397.33008528626 8.494143068574806 1361436.2753739886
1774.600108312995 7.100607170947785 117227.21910723507
1776.6701084393376 8.208591640511345 117227.21910723507
3531.600215551771 8.044387859798745 16866.674286773392
4212.550257113663 8.93086742761069 26824.58013528379
4241.550258883683 8.72389387931537 32756.47412233426
4261.9702601300205 6.063570634454022 21827.11660176122
4297.950262326066 6.142479386284574 13286.132026211295
4335.430264613664 7.295528032211712 19055.02255014524
4340.260264908464 6.339659777702042 29833.009945202484
4341.960265012223 6.986122597339882 28901.762085573882
4399.160268503434 7.485367580919639 25468.828327220195
4430.650270425432 6.862258425779342 33547.75144795691
4447.68027146486 6.225040621608251 30585.37179022828
4548.780277635515 6.03674994300418 10912.664703883185
4566.010278687151 6.187897771653023 17397.453556398614
4600.620280799578 7.122152018160089 19050.891361881804
4603.030280946672 6.012486025355748 18371.035247675274
4696.160286630877 6.125157519903712 24623.961412159904
4739.000289245623 8.022945930676784 42163.98154161137
4991.220304639911 6.422093162492154 26304.20377097114
6408.390391137109 9.67341904994987 22883.508991268383
6461.230394362206 7.828457663492684 14343.008048636759
6697.150408761621 7.9480161516934995 15827.972778397385
6732.710410932032 7.607470549349609 12435.844335216856
8678.480529692415 7.256842237536904 19900.140169298516
9406.72057414066 7.255958796373656 18360.62702475334
9718.970593198888 6.578251656177123 33359.905350332985
9760.060595706824 8.556788678795101 48862.77944911699
9847.350601034583 6.798904085638269 17588.72996175393
9956.040607668494 7.850309688176885 20700.807118067387
9960.390607933998 6.352318327775933 19926.79572181994
10027.390612023353 6.442145095557091 18691.670044201524
11396.380695579877 6.915112975464617 22215.381216543363
11751.660717264449 9.506871906472577 626690.3882754399
11753.73071739079 8.856447674139277 626690.3882754399
12009.900733026168 8.024937418990712 85443.38048918587
13232.800807666064 7.011908266550562 20624.714616504127
13613.030830873464 8.443378508998913 41613.375878637176
13633.240832106985 7.360373795569748 25152.384124541153
13751.890839348805 6.47746329524233 42927.228023329204
14183.970865720878 6.603751027716907 50922.18306744891
17104.64104398444 6.243461905110063 26827.18704601609
18397.98112292365 6.0540515566084006 1058241.020620365
18406.361123435127 6.328602965198815 1353330.925989078
19485.80118931892 7.092766958167297 2180354.293876087
20148.031229738233 6.445742690831236 41173.990813435856
20456.23124854927 7.441838203621572 58970.85287739564
27371.51167062449 6.286500321405664 200623.3548356947
27374.141670785015 6.394224862592581 323508.6323677873
27785.61169589915 6.650558713071672 73843.4495213089
29142.021778687853 6.818029955761601 965891.2004795911
32525.781985216185 6.79375680134282 34051.94232538466
34730.14211975965 6.118147549623549 67109.21780218386
35604.81217314528 7.375521389650362 48431.832357399006
35658.242176406384 6.383177536189154 49873.208791152014
36564.13223169753 9.934394127644355 224083.85018257416
36661.32223762953 9.945393820983679 75229.06344192289
37556.66229227675 6.199077846616115 47278.196452176715
38390.53234317214 6.241598019685591 660269.5461433181
38392.102343267965 6.92439968284247 668743.3639487242
39868.462433377834 6.098527971209306 64487.338322445
40197.76245347671 7.8603213856434575 99174.99058569502
40215.66245456924 6.15676084965855 71939.76263803309
40230.172455454864 7.0131199017051635 55253.534284880414
40304.39245998489 7.60890184385623 39647.031722038155
40419.742467025295 7.588652401810778 61925.700504303866
40429.61246762772 8.219297809084381 77192.229535032
40479.752470688014 9.750141224748507 90527.38836718416
40526.82247356094 8.657378917165524 59319.779803903824
40571.842476308746 6.581700671892169 42955.51052318296
40951.46249947891 6.2423517975112945 416882.177729221
41889.70255674454 6.227341805452145 25812.199233408905
42018.55256460892 6.819946691315365 34254.392741558164
42089.152568918005 6.043313520808161 26245.177017666498
42133.522571626134 7.855664365433123 50735.85447279868
42148.52257254166 8.368405907829116 44698.89077234607
42917.722619489905 7.743946567099973 15980.566656620193
42984.48262356461 6.953980265574141 31558.390450182345
43135.242632766276 8.421300808267134 100795.91847752727
43323.7426442714 7.148998534553023 23311.928558067044
43648.642664101724 7.081106187281354 27711.749480213926
43685.06266632462 6.5621759296794 28550.175790294295
43698.30266713273 7.717816111641637 29689.137574709992
43817.71267442094 6.307263980250901 34101.66648250245
45539.60277951677 8.095415402671073 25306.25625594562
45641.67278574663 6.9428146089797105 25607.622346861895
45650.54278628801 6.059427127443615 22270.668597186537
45768.372793479786 6.019439987317551 13689.065702815928
45891.53280099687 7.098634371917265 17535.831927365205
46419.15283320025 6.476384151704947 15360.21579743774
46492.58283768206 6.299352580976447 17755.70620146926
47155.41287813799 10.21800471717011 1080928.8417647749
53184.29324611165 7.055464653706511 28337.65763586019
54764.233342543535 6.347987573745584 17133.036214864296
56834.26346888815 6.659075272005083 21133.467157790466
57000.463479032194 6.102009035469543 9410.702643820225
57030.96348089377 6.091358286914087 15000.011766367916
57149.10348810446 7.57612846786916 14809.628318695182
58219.00355340598 7.522329682744079 9355.745826897348
59983.36366109397 6.906769218216151 15234.21425655653
61383.71374656456 7.653140885142211 14347.937810132198
62034.12378626244 7.654130925633955 14226.070258328284
62064.84378813744 6.967413144565475 10171.98290104538
62190.59379581261 7.819055908403387 14598.848803119778
64178.43391714074 9.080802900356035 36971.02832522234
64197.65391831384 7.421669226263945 24108.160532438746
64245.76392125024 6.329167960297955 20960.20436569659
64505.95393713098 10.039817140009086 42509.367118796596
64823.623956520016 8.760100882210525 29389.391575320646
65791.12401557153 9.791747151838639 32897.3981129427
66490.23405824183 6.768029919738629 171047.54829982197
66492.07405835413 10.126040466992793 171047.54829982197
66689.36407039575 7.7698081215929475 14427.169917388359
66714.91407195521 7.472443150336857 11847.175046350778
66764.43407497766 6.910989779140506 17614.607538711633
66783.36407613306 7.100059375896126 32051.9862637517
66807.99407763635 6.6392022731735505 14615.651318319988
66822.00407849146 8.242415019984175 26380.214368166005
66841.57407968592 6.403151679475892 18986.966019192016
66877.18408185938 7.524205683893091 71295.24335212579
66906.13408362634 7.471995690567208 139291.8806065083
66916.26408424463 6.375681967245863 196393.72083367233
66916.95408428674 7.342331828867907 188215.82392324868
66918.24408436548 6.336499434698422 102533.67998022861
66934.014085328 6.981633720317176 256172.20723816293
66939.53408566493 7.395736125759058 113327.79434193013
66949.61408628015 7.379084601942219 111795.33057441734
66956.06408667384 9.830727151804595 169367.7982372692
66963.5640871316 7.027853461101879 79344.80906289238
66967.19408735316 8.744802432069095 348676.10262548417
66980.65408817469 7.00530542467488 99728.00388557912
66982.06408826074 6.42212364796961 135677.27036653925
67000.2740893722 10.305070607488856 143696.1454847421
67006.2640897378 6.066844133320669 133025.72824451295
67022.62409073634 6.878470777011807 103481.23485670795
67029.50409115625 7.788815997744853 224156.30590693184
67062.35409316127 8.544403916952021 37778.51077645718
67089.64409482692 6.957079145538192 28670.003100845945
67111.68409617213 8.990602468611963 45488.26561661075
67123.08409686793 11.382261967174049 180459.29123599673
67150.05409851404 6.825436057202863 19188.75296675818
67159.68409910181 6.686927099067157 8878.760161983904
67196.3841013418 7.6481302784083125 15347.326748848422
67277.85410631433 6.02246408990426 8291.975743123538
67331.65410959804 6.097701923128726 13977.82687506701
67352.93411089685 6.923575395627029 9524.336297639982
67394.28411342067 6.10765180752809 10137.85572630413
67415.71411472865 6.922671863827917 8648.935176818659
67439.91411620569 6.204379326386235 24970.11151976714
67498.41411977625 6.552264902539361 15866.088794545376
67501.53411996669 8.334005466013268 56857.99555522078
67531.65412180506 6.687647442073052 16629.88325489888
67724.11413355189 6.1937563419036525 15031.445277162442
67956.34414772608 6.84640614469121 10526.9249638504
67983.90414940822 8.049166337766948 96448.54276358317
68044.55415310999 8.424512790878628 154380.60014162803
68127.37415816492 6.6601590846785745 16611.965079839425
68176.79416118129 6.63763930811324 9569.754948554688
68194.07416223598 6.5588468869217555 7884.971839425814
68197.44416244166 6.869785127030328 32607.670346852123
68198.26416249172 6.6633058593057735 24683.396863570633
68213.21416340419 7.662863509548774 18542.862025865976
68242.64416520044 8.152320330070127 26101.532414154237
68250.24416566432 6.908878839067229 18612.52777074538
68274.46416714259 6.295846066982344 9111.337498204
68328.5741704452 6.888049540761402 11299.58960723906
68367.92417284694 6.786051034736973 14200.819584447252
68423.79417625697 6.109584180767977 13976.308819677775
68455.74417820704 6.201158165813626 14012.074085078875
68475.68417942409 9.013706050136994 19610.99345898662
68516.49418191492 6.913781626570084 9756.736894583035
68529.15418268763 7.479033873001202 18335.949760358584
68531.67418284144 7.006405191033025 14216.725204530418
68563.714184797 6.428704169663858 17592.615938251456
68616.60418802516 6.945713430207922 17403.13434704822
68636.01418920985 6.917844575719075 21710.264069682537
68735.91419530727 6.1519604257741625 10904.17817880983
68749.4741961349 6.619985161577342 17474.752517647667
68776.12419776148 7.065750722809249 14404.999486585932
68822.27420057826 7.213860252016032 16125.248489258833
68890.85420476405 7.467108616593927 42130.03436429684
68909.67420591273 7.8206766598346755 29005.998759439648
68912.5342060873 6.343685177220842 37962.92668417789
68964.23420924282 8.684150441215756 41607.85149959986
68999.49421139491 7.4769140876617985 75197.05219441044
69021.08421271265 7.123107116681293 45928.491316248495
69115.43421847133 6.163495058602988 31454.677241688423
69186.86422283106 8.704999441305773 42346.97275573931
69265.96422765894 6.084720675869693 8379.971240329638
69395.73423557948 6.520571485117612 7618.121443000989
69899.17426630702 6.469600625364589 17435.33213554195
70097.05427838466 7.5993212925104805 10347.95765325082
70354.82429411769 6.584049735666209 7961.886823431808
70725.64431675075 6.147821293406819 8755.029704902197
72642.48443374538 6.09122863783239 5731.38263828441
72646.97443401943 7.203518801999467 10393.455186367455
72801.12444342801 6.187482584294987 6094.58555789576
73034.514457673 6.131115824191379 6808.737661901094
73217.12446881863 6.681804293016376 7112.696462333556
75119.03458490201 6.945548853862512 29873.67377132835
75122.65458512296 7.354165852667669 28203.557139468863
76369.69466123625 7.400103550196352 15154.789234838485
77270.53471621916 10.480077458609177 30026.63657028335
77310.83471867887 6.122785852216819 15540.395110925741
77321.81471934904 6.805960503155056 11535.754946375588
77325.83471959441 7.1018492077570246 17634.12535948605
77340.2247204727 6.1600505284398155 13401.960113954156
77356.154721445 9.557198732624842 81881.20244392616
79456.33484962981 6.4690071577578 11567.066983036084
82508.98503594879 7.205592322576486 16821.66613333135
83353.72508750763 8.269507441362729 157734.02340035044
83355.65508762543 8.424370117223123 155992.35692830113
84811.36517647492 8.44663934159518 25404.27296923653
85339.00520867952 8.836966764128615 18514.402590078626
85430.665214274 8.610573612920078 33665.94487695561
85802.6852369803 6.647625550050251 12315.027277214604
85981.80524791291 6.555558723495172 14735.937332679352
86380.43527224337 8.2010869734863 11096.04727164464
86387.46527267245 6.381056635272854 10275.921910931225
