202.4800123583992 7.301755557734112 35528.526680946045
420.45002566223303 6.335318426889107 22471.001992499838
1046.560063876957 6.923964662655948 28044.94545430496
1394.990085143438 12.071160690996704 451664.64303979726
1397.1800852771048 6.126298246786838 416677.77370628744
1605.630097999884 11.226773899870995 78775.22107600672
1611.3600983496153 7.767971085034346 35844.55581923044
1774.3801082995672 7.36441350073854 49839.55862041857
2666.5001627502543 10.387186141279397 174383.95413445705
2684.560163852549 7.6228861245622 63221.43323585027
2686.5101639715676 6.1551599448285 63221.43323585027
3014.1401839685172 6.196486111845815 38252.50440039418
3026.8101847418325 6.9098223299103845 24135.19184711682
3082.510188141491 6.644686406462063 21936.660662289254
3468.8502117218145 7.743798383721684 63122.43751957783
3478.470212308973 7.557362097670495 220585.15465033305
3548.740216597914 11.987136900893711 238084.1934777583
3568.1302177813855 7.288075119993613 91585.34445585407
3584.8302188006724 6.429002180556438 100854.74652221163
3644.2502224273817 7.475721104988398 103162.12429463661
3648.860222708754 7.92474278201653 103162.12429463661
3667.7902238641495 6.630509131424441 139789.4550537516
3670.620224036879 6.018832355348839 139789.4550537516
3975.800242663589 6.828815812529072 26020.087933232884
3987.950243405166 6.27198879302313 21198.249241640035
4043.740246810318 7.21859489786325 24661.061792570752
4183.480255339371 8.841112186734986 26733.10243894384
4296.830262257707 6.411901160282233 19509.334909574634
4396.050268313615 6.255919151352695 11825.341820292377
4518.110275763566 6.5946483885695475 11461.778756110545
4596.41028054262 11.652153287580278 101495.52832566993
4607.250281204241 8.737977643529105 76193.77783204817
4634.440282863787 7.1392540070409565 34032.26871037406
4637.450283047503 7.031239037158219 59742.25436895938
4715.370287803362 6.812210825526447 13891.69750643405
4779.940291744402 7.011869425913763 28655.932118125584
4817.040294008807 6.068836147137028 21089.082629487955
4848.250295913715 7.801118973889119 26430.131658482405
4876.450297634906 6.731715191012494 8846.391868913552
4927.940300777606 6.0506827842654545 24315.00746956438
4967.58030319704 7.067857167349394 9572.391582651584
5003.8803054126165 8.418156148756971 20180.214482038737
5025.640306740741 7.617117391083598 16911.49737741693
5088.010310547505 7.110344283199335 30926.764725325796
5139.1703136700635 6.586796189089506 19390.03126382426
5220.350318624897 7.551209329738413 11102.494728605632
5791.81035350405 6.250157707505653 13778.913768822953
5824.780355516379 9.097742233010019 53875.32494401688
5841.720356550315 7.1182350679993585 34554.27320212074
5858.6303575824195 6.941175186312115 28538.751442428405
6401.950390744042 6.333244997454907 30929.249924674397
6655.690406231104 8.422021862736402 29712.991728143836
6703.710409162012 7.325780403872991 25979.40572466723
6785.740414168727 6.863187006528144 26525.14119987908
6837.990417357813 6.16738756936724 50852.53370501682
7238.570441807278 6.146217530267307 20417.174380793436
7378.27045033389 6.449523762073091 20878.08005801452
7398.330451558255 6.190036597611533 36523.72467526362
7447.770454575833 6.966376668223418 26593.696854268146
7463.090455510892 6.414599801253054 45722.331093976056
7515.910458734769 6.325390041553507 72755.09831281044
7559.5604613989535 6.464878277419714 14942.297331737627
8417.23051374698 6.340018943289643 14592.062085016629
8742.810533618807 6.658055302931315 21542.43630581648
8865.150541085848 6.285775094656442 31862.481343862724
9191.610561011386 12.478524212467114 938645.8992436577
9217.530562593418 7.7614117160717395 135316.28357414878
9346.470570463292 9.065363783006754 200490.84185399362
9365.290571611973 10.569482103502914 166776.5589731376
9415.040574648472 7.257456614947218 81882.89058752077
9421.050575015293 6.588096591536318 75970.45596312474
9433.420575770298 6.736663255572529 93570.59544656996
9527.240581496617 11.639308017251626 149245.69896574868
9614.010586792638 9.870894485584806 180856.11910382315
9626.800587573278 6.468238679900822 874039.8760059318
9628.220587659947 11.480870842261057 874039.8760059318
10100.870616508217 11.170859571773631 90209.87983515394
10153.0206196912 6.503489362361123 17951.293976819055
10160.070620121498 7.75893997259061 18886.80572296933
10247.380625450478 7.486950616846549 8213.00382972619
10272.860627005653 12.1288940161587 193026.28942662937
10287.520627900429 9.863394898446568 64547.867497986015
10295.82062840702 10.552053854085939 135424.3324119232
10315.540629610634 7.812176703267618 60642.6284203415
10351.920631831093 6.368896521125938 40073.28281269659
10362.08063245121 6.1851769911777605 53329.02847915017
10379.480633513222 6.859897654555365 136926.91322504828
10386.840633962442 6.157783007314806 86811.17712675038
11479.730700667156 7.18524860500472 38868.061877506494
11751.460717252241 8.475915787019959 279764.78902409296
11753.560717380415 8.110665503800114 270092.52631853457
12971.700791729785 11.505364305404356 279370.82530699094
12998.690793377124 8.582869798945312 102219.65257686742
13011.290794146167 11.968234985052936 716084.969551853
13738.730838545584 9.346219448818314 237934.6219922715
13751.530839326833 11.307948567732549 544579.4230771236
13950.24085145513 6.950850791370875 32173.00077418856
14115.250861526541 6.021425891575439 29656.482049486964
14963.530913301447 7.510267442246456 181423.00380832754
15509.240946608945 11.541269901338653 614123.4648814377
15529.530947847348 12.073395273853203 865225.5140555298
15693.680957866269 6.805376800188418 216146.3571960099
17314.82105681281 6.346747812513978 179174.94153981196
17453.421065272283 12.52483113478451 862809.1349723355
17474.491066558294 6.007341919523071 224375.11288456255
17697.491080169133 6.04095278797502 178769.46316470273
17707.031080751407 11.419861169034888 1171203.0824567545
18979.971158445504 6.599809268531371 169287.33264842347
19862.951212338332 7.323010576622741 93824.50081964191
19870.89121282295 7.5579029340168224 486192.4733114119
19882.341213521802 7.59696087975569 603188.8041868885
22676.511384064415 6.705983028964244 340756.3536369189
23097.501409759607 6.202576044670353 648809.3418604751
24513.311496173796 6.013979495456087 432973.2702439965
26161.09159674631 11.770190922258681 1300968.3764879205
26188.131598396703 11.935254577917325 1770197.4273096928
26581.28162239268 8.19777763765144 219024.72551359102
28775.451756314193 6.034519377529977 260300.4022418562
29502.82180070934 6.316736107397763 220847.0017590134
30766.351877829093 7.003838563827026 277542.2038746758
32852.7020051698 7.326586958777606 131247.5321439084
33007.14201459607 6.271213090863943 234474.25111495907
33745.662059671755 8.523702201160432 71274.11232630417
34137.10208356336 6.631190554980246 31152.392684338894
34207.732087874276 8.238878969336227 184372.77744992208
34267.042091494266 8.424595856831099 81878.87204530986
37402.98228289687 6.113598883670688 122882.876889812
38692.192361584006 8.009702990085382 31551.318238099364
40117.96244860611 6.644041810442071 13144.842445589346
41177.74251328995 6.230200323221849 17021.159139369018
42991.48262399186 7.374184954470738 31384.566765858115
43404.76264921647 8.218637881594844 23378.95405048064
43425.022650453044 6.387072312353638 7626.185585406704
43446.99265179398 8.028891058496185 9178.816205568988
43500.36265505143 8.121950260240297 10583.818010984807
43690.89266668046 8.888674235241831 23123.74678686027
43702.952667416546 7.561582717184996 30183.1075423557
43762.93267107743 7.31047840671172 24128.128594473892
43827.612675025186 7.551768525836281 27849.045669220763
44160.06269531633 7.815514759233801 9238.681823660529
44176.28269630632 7.0551257765402715 10763.300126852806
44463.13271381425 6.816091684328852 11860.266489048252
45914.55280240191 6.007179197857238 10926.912147994719
45922.302802874925 7.025474059278012 11679.675209523211
46329.482827727225 6.218296114592703 14476.156204989808
47154.99287811236 7.656037590283809 1390985.3080508052
56073.653422464195 7.523707293460779 37760.24845293989
62572.28381910912 6.606626118215576 25685.26902201876
63736.45389016442 6.400994548768155 28250.80429727766
65695.40400972925 6.165645086798657 18114.97850580533
66492.16405835962 8.611992796419132 55176.66657634545
68192.17416212 6.687082455141675 22527.958476935746
76448.16466602568 6.732859011895029 22857.65772291832
77450.03472717498 6.610665403237341 11971.613353820794
77914.94475555082 6.862094484378552 24628.23680888429
80723.8549269931 6.848701946204032 15904.3707857574
83353.82508751373 7.996537786921723 81966.15632738886
83355.9050876407 8.017598786338445 74968.53167159372
85334.37520839693 7.895671755420313 13469.05818883389
85349.82520933992 7.54801241491237 13524.983258680642
86093.31525471895 7.240429075697494 26401.00429075226
86141.91525768525 8.421244122918914 24319.94411550848
86332.59526932344 7.703322367917837 23806.87286878429
86342.29526991548 7.894344367777966 21588.900619476255
