63.7300 10.0355 6.1779e+03
101.7600 11.0505 3.4719e+03
136.4300 10.8358 3.1230e+03
253.1600 10.3950 9.3902e+03
258.7800 13.6917 1.1351e+04
273.8700 11.6763 1.3330e+04
296.9400 10.9933 7.4011e+03
466.6900 11.6804 7.0380e+03
473.7300 10.6102 1.0124e+04
484.3600 12.7906 1.3410e+04
511.9800 11.6254 2.4725e+04
529.4800 13.8324 3.6005e+04
548.4300 13.0140 9.0047e+03
795.6700 10.8438 9.5603e+03
1305.2501 13.0392 6.7136e+03
1395.0001 27.0476 5.0769e+05
1774.3501 25.6837 4.5029e+04
2094.6901 10.7094 4.2101e+03
2140.6801 10.4081 7.1375e+03
2201.6601 10.6798 4.4254e+03
2719.7702 14.9312 1.8170e+04
2738.9702 12.3907 7.1536e+03
2753.6702 11.8678 1.3760e+04
2838.8902 12.1026 1.3551e+04
2845.6802 13.6040 1.4614e+04
2867.4602 12.6765 7.0861e+03
2906.8402 17.0082 2.5403e+04
2930.4402 13.6492 1.6972e+04
2948.4802 18.8957 1.4372e+04
2957.0402 11.2641 1.6133e+04
2970.3402 19.4434 2.2903e+04
3041.5502 10.2116 1.6134e+04
3255.0902 15.9215 2.5192e+04
3340.3902 12.0268 1.0664e+04
3359.7402 10.4005 1.9381e+04
3360.2202 11.6199 1.8656e+04
3371.8702 10.6207 2.4742e+04
3396.0002 11.6879 2.7781e+04
3534.6202 12.6882 6.4930e+03
3600.3902 14.3403 1.2669e+04
3650.2702 10.7405 2.5517e+04
3768.1102 10.4180 7.9711e+03
3835.1702 12.3621 2.8824e+04
4049.6402 10.6067 1.9940e+04
4060.7202 10.5528 2.1192e+04
4069.9902 11.3917 1.0061e+05
4143.7403 18.9857 9.3242e+04
4167.6003 13.4231 1.4297e+04
4178.2503 11.3772 2.3112e+04
4186.3703 18.9013 1.2284e+05
4191.5603 10.6236 1.8703e+05
4208.0203 10.6185 9.9001e+04
4272.9603 10.8646 2.6250e+04
4286.2103 13.9318 1.8908e+04
4291.7903 10.4193 1.9067e+04
4488.1903 11.0590 1.3711e+04
4505.6503 11.6172 1.2176e+04
4550.8403 10.1245 5.1355e+03
4562.5103 12.4212 6.3599e+03
4581.2203 16.5012 2.3375e+04
4811.8203 21.5517 1.3054e+05
4865.7703 11.0116 3.7464e+04
4939.8403 12.0409 2.2886e+04
5036.0903 10.7892 5.1253e+03
5116.0903 20.8513 7.3642e+04
5317.4903 23.2488 1.9298e+05
5358.9303 12.5511 1.7914e+04
5371.4603 14.9605 7.2277e+04
5382.1103 16.9123 9.6990e+04
5394.4103 11.3841 2.0886e+04
6173.2104 10.2487 7.4384e+03
6338.2404 10.7297 8.3192e+03
6404.3004 10.2119 9.8166e+03
6515.0704 10.6294 5.0803e+03
6586.9304 10.5258 1.0775e+04
6599.4304 17.5681 1.1416e+04
6615.9204 10.4899 1.0729e+04
6616.5904 15.8267 1.3127e+04
6635.3304 14.1291 1.1734e+04
6732.8504 14.1768 5.4320e+03
7008.1504 11.2026 5.8659e+04
7224.6104 19.4099 4.0167e+04
7536.0105 14.0089 3.1658e+04
7562.4705 11.4116 6.4614e+03
7602.5105 17.3010 2.8842e+04
7652.1705 11.3758 1.1187e+04
7746.4205 10.4212 1.2409e+04
7895.8405 15.8420 1.9777e+04
7921.3005 22.9690 4.6428e+04
7968.4205 10.3335 1.0555e+04
8017.1205 12.0321 1.1579e+04
8038.5605 10.9408 2.3555e+04
8088.0405 13.4051 3.8221e+04
8205.1505 14.1766 1.7990e+04
8317.9505 10.3638 5.5509e+03
8451.1205 11.6782 4.6474e+03
8643.3105 14.1608 1.3567e+04
8647.4005 14.9815 1.3267e+04
8904.5705 10.3686 9.5114e+03
9462.9506 11.7860 1.4546e+04
9593.2506 23.7734 1.3274e+05
9650.5806 10.0029 1.4399e+04
9659.9106 10.4337 2.1698e+04
9786.3406 10.4663 1.9359e+04
9967.2806 16.5694 2.5554e+04
10137.1606 17.6673 5.7364e+04
10216.7406 11.1887 5.6089e+04
10261.7106 14.2059 2.0496e+04
10420.0006 13.2853 2.1061e+04
10512.9906 13.5458 2.0028e+05
10644.3306 15.3378 1.0492e+04
10760.6207 10.2913 1.1889e+04
10803.8807 14.8254 2.3006e+04
10844.3107 14.7284 1.9015e+04
10856.4507 10.0023 3.0132e+04
10860.0607 15.8441 2.9305e+04
10902.4307 14.4641 1.3004e+04
10979.4707 10.3436 8.5233e+03
10990.4507 20.3473 2.8521e+04
11067.0007 15.4206 3.9678e+04
11168.9907 10.7764 8.3254e+03
11240.8207 12.3558 8.7077e+03
11284.6207 10.2469 8.3116e+03
11293.8807 10.6868 9.2676e+03
11348.8207 11.7994 6.4962e+03
11384.3407 11.1013 4.8654e+03
11751.4407 25.7349 2.8956e+05
11753.6407 10.6365 2.8956e+05
12007.6307 11.4913 4.9254e+04
12009.7207 12.5679 4.9254e+04
12296.5808 13.4952 5.8065e+03
12432.4708 11.5900 1.3123e+04
12465.4708 10.4592 1.7694e+04
12620.7908 11.3857 8.2547e+05
12803.6308 11.4620 2.4421e+05
12804.0908 16.9086 2.4421e+05
12816.1708 11.4986 1.5631e+05
12829.5208 17.3549 1.8475e+05
12855.1508 22.8988 1.0076e+05
12895.4708 21.1903 1.1632e+05
12896.5508 19.3003 1.1632e+05
12950.4208 21.3162 2.9874e+05
12951.3808 19.7261 2.9874e+05
12964.0608 12.0033 6.1233e+04
13027.8208 11.1573 5.2684e+04
13040.7808 11.0718 1.7471e+05
13091.2508 10.0479 5.8416e+05
13133.2908 12.3240 4.2092e+05
13146.8708 13.5453 3.5483e+05
14113.5409 11.5078 1.1244e+04
14403.4909 10.3247 1.9300e+04
15491.7909 13.1500 6.2642e+03
15735.8010 11.3927 1.3562e+04
15971.2910 10.1806 1.0744e+04
16199.8510 11.6197 1.8725e+04
16283.7810 10.4835 3.0141e+04
16309.4510 11.0351 9.3099e+03
16435.9110 10.8466 9.7923e+03
16509.1410 15.1187 1.6122e+04
16849.1810 10.0803 6.8465e+03
17856.8811 11.8125 8.1307e+03
19521.8312 12.6580 1.5788e+04
20032.3312 10.5814 7.4367e+03
20648.6213 14.4929 1.1075e+04
20970.2113 12.2202 6.6210e+03
21607.2713 16.0742 2.2732e+04
21677.7113 11.6532 1.0141e+04
21834.2713 10.5407 5.9160e+03
21853.7913 11.5719 8.9150e+03
22828.6014 10.5542 1.1562e+04
23495.0514 10.2861 3.1809e+04
26650.0316 10.0296 1.6248e+04
26692.4316 10.9643 1.5539e+04
27151.4017 14.2912 2.8354e+04
31556.5919 10.7440 1.1134e+04
32494.5320 11.3154 4.9966e+04
32540.3320 14.5409 1.4522e+05
33046.7420 11.6161 2.3453e+04
33053.8220 13.7602 2.1676e+04
33062.7920 10.6022 4.8806e+04
33072.6020 14.1872 3.7430e+04
33085.1420 10.8125 1.7912e+04
33120.3120 20.7707 1.1707e+05
33121.2620 14.3707 1.1552e+05
36165.1722 12.2670 7.8576e+03
36424.5822 10.1199 4.6314e+03
37122.7723 10.6020 6.0078e+03
39244.3124 15.2716 6.7285e+03
40366.3625 22.8009 2.2224e+04
40795.6925 10.1173 7.3241e+03
40800.6225 11.3056 6.0388e+03
40863.6225 11.0604 1.1731e+04
40989.1325 13.6101 3.7397e+04
40989.7825 14.2568 3.7397e+04
41010.1325 12.8489 1.2825e+04
41063.1525 11.1191 1.8439e+04
41069.0425 12.0112 1.5085e+04
41163.0925 10.8212 6.7101e+03
41174.8225 11.4433 6.8447e+03
41239.1025 11.6361 8.3529e+03
41305.5125 10.7241 5.1727e+03
41364.0625 10.0883 4.5853e+03
41666.3725 11.2382 1.0818e+04
41682.0725 10.8780 1.2904e+04
41728.1825 12.0477 9.9515e+03
41734.7125 12.6792 1.3433e+04
41742.3925 14.9971 2.0404e+04
41764.1225 13.8700 1.1373e+04
41779.3026 11.5178 8.1762e+03
42663.2026 10.1503 2.7420e+05
42688.8926 10.0028 5.8298e+05
42742.3126 14.0460 4.7843e+04
42749.4426 18.1978 1.2989e+05
42750.1626 10.7501 1.2989e+05
42759.8726 10.0511 7.1890e+05
42991.4126 18.0814 3.4624e+04
43770.2627 11.2586 6.3922e+03
43789.9127 10.3110 1.5203e+04
45416.2628 10.3408 9.9959e+03
46517.3628 11.0906 1.0230e+04
47088.3529 11.9320 4.7962e+04
47154.8729 23.9393 7.2082e+05
48315.4029 11.7438 2.1773e+05
48844.0430 10.1772 1.3449e+04
49268.2430 12.6876 1.1503e+04
49328.4830 15.3897 3.7365e+04
52356.0032 19.0058 5.9264e+03
57445.8835 11.2920 5.0545e+03
57638.0635 11.2273 6.0082e+03
58209.5636 13.4218 1.1517e+04
58309.2036 14.1216 1.1585e+04
58325.0536 16.8265 9.6620e+03
58348.3936 10.1729 6.6000e+03
58356.0736 10.3188 8.2930e+03
58365.4736 12.0594 8.9978e+03
58538.9236 11.9717 1.1750e+04
58557.9136 15.9967 1.6879e+04
58559.5036 11.4277 1.5454e+04
58575.9236 11.2497 2.4619e+04
59652.3636 11.7186 2.4847e+04
59699.2636 11.9110 1.7586e+04
59716.3736 12.9406 1.7468e+04
59740.0136 12.0314 1.2507e+04
59756.8436 11.6637 3.7752e+04
59801.0936 12.0364 1.8850e+04
59809.7137 11.1511 1.4560e+04
59824.4937 11.3739 5.7344e+04
59846.3837 19.7035 8.6870e+05
59901.2237 19.9040 1.5875e+05
59902.8037 10.3306 1.5875e+05
59923.8237 11.7671 6.1999e+04
59933.0937 10.5701 5.5585e+04
60042.9437 15.4439 4.5674e+04
60102.1937 15.2394 1.5631e+04
60145.1437 19.0569 3.7128e+04
60149.4137 11.8912 3.1908e+04
60177.0737 13.6080 6.5841e+04
60248.8037 13.1988 1.1687e+04
63549.0839 13.6461 1.0732e+04
63613.2339 10.0267 2.2741e+04
64823.5840 12.3376 2.9570e+04
65789.1440 11.7038 6.7899e+03
66087.3640 10.6062 4.6814e+03
66174.3040 12.3853 7.8433e+03
66204.8640 14.8705 2.3944e+04
66490.0741 20.2858 3.6490e+04
67721.0741 14.9840 3.1499e+03
69184.8242 20.5479 8.0267e+03
69209.5842 12.0789 3.1822e+03
69486.5042 15.5306 3.2242e+03
70723.8543 10.7189 3.1112e+03
72140.0144 10.0393 1.0632e+04
77871.9348 15.7510 4.4810e+03
77889.0148 13.5285 5.7116e+03
77894.2148 10.7892 7.8364e+04
77894.7848 11.7526 7.8364e+04
77897.3948 19.5789 7.8364e+04
78345.0548 15.1928 8.5219e+03
79446.5548 11.5354 3.7917e+03
81586.0650 15.5722 4.3279e+03
83353.7551 25.5613 6.5174e+04
83627.6351 10.0877 2.0151e+03
84362.0251 11.9688 5.9199e+03
84775.6052 15.5432 6.6770e+03
84799.2852 15.5493 7.3383e+03
84969.3852 12.1418 2.2504e+03
85141.0552 19.6215 1.0240e+04
85252.4552 11.4901 9.7211e+03
85501.2652 10.4241 2.4343e+03
85862.1752 11.0206 4.1625e+03
