22774.4900 12.5483 9.2999e+06
22777.7800 18.2478 9.2999e+06
22786.9500 18.1689 7.0153e+07
22787.7000 10.4116 7.0364e+07
22790.6600 23.3706 6.6835e+07
22790.9800 11.5678 6.6835e+07
22805.3100 13.2511 7.0285e+07
22805.8300 23.9392 5.7776e+07
22806.2600 13.5234 4.5389e+07
22820.1400 17.9447 6.7701e+07
22820.8000 15.5665 6.7701e+07
22842.5000 12.7769 3.2968e+06
22849.5700 19.0228 4.6769e+07
22850.3900 21.8229 4.6769e+07
22855.3000 10.1139 2.1872e+07
22869.8600 17.6710 1.0771e+07
22880.7400 12.9020 2.5970e+05
22903.3400 24.7553 3.8848e+05
22920.2200 10.6485 7.2925e+04
22921.1400 11.9271 5.0480e+04
22927.2700 14.0124 7.2328e+04
22952.7800 11.2406 7.5818e+04
22988.1900 10.2453 4.2324e+04
23004.4900 16.1246 4.5094e+04
23012.8700 10.8143 2.4482e+04
23030.4000 10.5055 5.1651e+04
23033.7900 16.2063 4.9536e+04
23046.9200 10.7313 3.8448e+04
23089.6500 11.8264 1.0153e+05
23413.5400 12.1678 2.5804e+04
23430.5300 15.9375 6.3952e+04
23438.0500 11.5897 5.9791e+04
23453.5500 15.1412 9.1820e+04
23742.5201 12.5036 2.0274e+04
24927.9101 12.4794 3.4263e+04
25115.4701 10.1700 1.2012e+04
25246.3202 11.5367 3.4084e+04
25485.1302 11.3889 2.4207e+04
27296.9003 13.1476 4.6313e+05
27805.1803 10.6871 1.2004e+06
31165.2005 11.4561 4.5191e+05
31868.3906 11.8278 4.3654e+05
31882.8606 10.6164 4.5661e+05
32137.3706 10.5144 3.9790e+04
32467.5206 11.5363 7.9463e+05
32933.2306 10.4487 1.2255e+05
32940.5006 11.8373 3.5380e+05
33088.2606 10.6273 4.0133e+04
33516.7907 10.8037 2.6986e+05
33567.0607 10.1583 1.2858e+05
34120.1607 11.0576 3.9704e+04
35178.6708 11.2745 2.1321e+05
35542.1108 11.0300 1.6257e+04
37979.7709 11.3148 3.2748e+04
38781.5310 10.8194 3.4168e+04
40036.5511 11.8341 4.2482e+04
40183.3011 16.3841 4.7452e+05
40570.4211 17.9674 1.5095e+05
41125.0911 11.6299 2.9988e+05
41609.8011 16.1768 2.0319e+04
43438.5313 17.7810 1.7942e+04
46037.1914 10.8788 7.0000e+04
46223.5614 10.6468 8.2360e+05
46224.7814 10.1255 1.1559e+06
47133.4915 10.8774 3.9750e+05
48175.1716 17.3310 4.5013e+04
48479.9516 17.0025 1.0055e+04
50926.0117 13.0447 4.6988e+05
50971.0217 10.8586 2.7975e+05
52358.6818 12.3703 9.1141e+03
61021.0123 13.4239 1.3084e+04
63949.0425 13.4596 9.2233e+03
64822.9926 18.3707 8.5617e+04
65051.8726 15.7138 5.9271e+03
65435.4426 15.0017 1.1965e+04
65550.7526 14.0640 1.0316e+04
66489.6227 20.0452 5.0387e+04
67673.0127 11.7654 4.5282e+03
68424.7928 13.3399 1.0094e+04
68488.9328 16.7485 2.3501e+04
68489.3628 12.7744 2.2509e+04
70725.6329 10.5586 5.1260e+03
72032.2030 12.2880 4.8543e+03
73170.3531 11.1661 3.8979e+03
73844.6931 17.3074 6.4081e+03
73982.5531 10.2223 3.8647e+03
75118.3032 10.0922 1.7900e+04
76370.0533 14.3889 6.5010e+03
77222.6733 11.0332 3.9582e+03
78559.0434 11.2643 3.8241e+03
78574.1334 15.2442 5.6980e+03
78585.9134 10.4564 3.5823e+03
78610.9834 13.5173 4.3701e+03
78688.3534 10.6131 1.4612e+04
78691.3934 13.7679 1.4088e+04
80108.5835 10.6572 8.3545e+03
80786.5835 10.6182 4.3136e+03
82383.8736 11.6791 3.8471e+03
83353.4137 24.7275 1.1475e+05
85266.2538 10.0072 6.0280e+03
86089.1639 19.0102 1.8522e+04
