216.1200 14.4113 8.3502e+04
244.5500 12.7770 7.4493e+04
246.0300 12.2559 9.2720e+04
289.8200 10.0440 1.3493e+05
303.9700 13.0164 1.8125e+05
311.6800 18.1240 3.3417e+05
341.5300 12.3497 5.4501e+04
392.2400 10.2074 1.6708e+05
395.4200 11.4344 2.3292e+05
425.9400 10.7781 3.3585e+05
457.2900 11.0438 8.7803e+04
787.6800 10.3102 8.2469e+04
1144.7601 11.0533 1.0631e+05
1163.0901 12.2249 1.7343e+05
1319.8501 10.9283 4.1337e+04
1394.5601 26.2330 6.8584e+05
1421.9701 15.3171 1.8556e+05
1438.3401 10.7336 6.1785e+04
1446.1601 13.2519 1.6305e+05
1453.0401 12.3729 2.1612e+05
1466.3701 16.0682 4.2182e+05
1680.3001 12.0829 5.9081e+04
2527.6302 10.7029 2.4392e+05
2821.6202 10.1360 6.5361e+05
3540.7102 15.1916 8.4122e+04
3772.0302 10.3545 3.1426e+04
4536.7903 13.0029 3.7422e+04
4541.6903 15.2625 6.7093e+04
4543.8503 12.1314 6.9456e+04
4605.5703 11.5643 7.2619e+04
4634.7603 10.3070 9.7806e+04
5115.7103 10.4081 1.6480e+05
5367.3003 10.0298 3.9859e+04
5400.6703 11.3888 3.2733e+04
5709.3603 13.1421 5.9731e+05
5711.9303 10.8494 6.2794e+05
6104.0004 10.9702 2.5804e+05
6176.0804 23.4045 1.0350e+06
6241.8204 10.6322 2.8374e+05
6251.4904 12.7994 3.7147e+05
6280.1404 10.2784 3.1960e+05
6281.3204 11.3455 2.7145e+05
6298.0804 20.0522 5.0509e+05
6353.6004 23.8459 9.0405e+05
6397.2304 13.0871 7.7054e+04
6436.3304 11.8072 1.2744e+05
6464.9004 10.0168 6.8255e+04
6477.2804 17.7349 2.2744e+05
6482.9204 16.5446 4.2155e+05
6491.1204 13.3631 3.3550e+05
6501.3504 20.8225 7.9358e+05
6602.8704 12.6844 1.4146e+05
6620.3804 10.6469 1.1094e+05
6675.9604 10.4155 1.5258e+05
6746.3304 10.1829 8.2568e+04
6754.1004 16.3970 1.5683e+05
6771.0704 15.2159 3.4266e+05
6789.5004 16.7253 6.5273e+05
6831.7604 13.6291 1.9091e+05
6858.6804 10.7467 1.1740e+05
6876.2604 15.9407 2.7828e+05
6890.3304 17.5895 3.8901e+05
6904.7904 22.8205 1.0958e+06
6935.9004 16.9141 5.1287e+05
6952.8904 14.8792 4.6613e+05
6965.3004 23.1701 6.1602e+05
6970.9604 16.7673 6.7306e+05
6977.1904 14.9827 5.6426e+05
6982.8704 19.4117 5.8133e+05
6988.5404 12.6826 4.1358e+05
6995.3204 16.9839 3.9783e+05
7014.3804 16.4469 4.9776e+05
7024.0304 22.2697 8.4804e+05
7042.1204 22.0064 4.0625e+05
7047.6704 12.5357 4.6342e+05
7056.6704 19.5371 5.1373e+05
7064.9504 20.3921 3.5822e+05
7068.6404 10.2854 2.8837e+05
7076.9404 16.1654 4.6792e+05
7082.7504 20.5505 6.4795e+05
7091.1704 21.8745 2.8479e+06
7106.0904 22.8113 7.4000e+05
7112.9204 17.5134 2.2730e+06
7114.0404 16.6908 1.5713e+06
7139.4404 23.8920 7.4938e+05
7147.2204 14.0380 5.8844e+05
7156.1304 12.1006 3.7483e+05
7161.4004 17.6057 3.4673e+05
7168.9404 22.1062 8.6577e+05
7175.0404 12.0677 2.3454e+06
7177.7104 21.2349 1.9346e+06
7193.7704 16.5501 8.3144e+05
7199.1404 12.7842 6.8272e+05
7209.1204 14.9313 5.5994e+05
7215.0604 12.7927 5.5994e+05
7225.4604 19.7844 2.4602e+06
7228.1904 21.7617 2.1710e+06
7249.9504 21.9285 6.4917e+05
7259.1504 16.2888 3.4901e+05
7266.2204 19.5371 2.3408e+06
7271.8604 23.2440 1.9733e+06
7320.5804 25.1092 1.6362e+06
7332.9304 17.7394 5.1839e+05
7339.9604 18.5445 6.4001e+05
7348.3104 11.8907 4.2753e+05
7356.6804 17.9062 2.9687e+05
7362.8204 16.5286 5.4579e+05
7369.6304 12.1732 6.1101e+05
7377.4805 22.8075 2.3014e+06
7388.7705 11.3048 4.0138e+05
7397.3005 18.1793 4.1822e+05
7405.1105 17.6571 5.2962e+05
7411.5605 12.0587 4.0954e+05
7433.1905 13.9566 5.5179e+05
7446.1605 12.4056 5.5517e+05
7448.6205 12.8975 5.3329e+05
7462.8205 23.1799 4.7703e+05
7486.8005 18.3077 4.5547e+05
7497.8405 19.7251 4.2858e+05
7506.2205 10.9110 2.6146e+06
7507.3905 23.0017 2.4642e+06
7522.7005 14.4092 5.3761e+05
7534.7905 17.4704 1.7566e+06
7540.0005 23.8249 1.4003e+06
7560.2405 17.8580 3.0295e+05
7570.6005 23.0040 6.5512e+05
7577.9305 11.0369 3.6971e+05
7584.5005 12.7881 3.6328e+05
7596.2605 16.1992 3.1936e+05
7603.8605 19.3433 3.0629e+05
7617.4005 19.2704 5.5508e+05
7625.9505 13.2370 5.1832e+05
7637.4905 16.0475 6.1871e+05
7649.5805 23.9046 2.4791e+06
7663.4805 14.6298 5.4544e+05
7672.3805 11.3959 3.8491e+05
7683.3705 17.3723 3.5018e+05
7690.0005 16.3575 3.7986e+05
7698.0905 13.9109 2.4987e+05
7705.3005 13.7603 2.2721e+06
7707.0205 11.8286 2.2721e+06
7709.4305 21.4860 1.8922e+06
7720.8905 13.3498 5.2375e+05
7749.3005 17.7025 3.2183e+05
7791.8305 23.4312 2.1926e+06
7805.4005 10.1504 2.9029e+05
7827.8605 18.4961 3.0070e+05
7838.0205 22.4732 7.1896e+05
7879.3505 17.6350 5.8126e+05
7880.0605 10.0032 5.0330e+05
7911.8405 14.7943 3.2451e+05
7927.0905 20.1211 4.3694e+05
7941.4605 16.7940 3.8516e+05
7950.3305 10.0073 1.1193e+05
8032.3405 12.3295 9.6185e+05
8034.0705 14.4852 8.3529e+05
8038.4305 10.4370 6.1362e+05
8064.9605 13.9667 3.5363e+05
8082.3705 13.4448 4.6975e+05
8091.3105 15.0580 6.6047e+05
8096.0705 18.4581 6.6637e+05
8100.2505 10.6999 4.0764e+05
8105.8005 11.8831 4.7314e+05
8130.5905 10.3734 2.6846e+05
8162.4105 20.2467 9.4312e+05
8174.2505 11.2348 4.6294e+05
8191.1905 10.4776 7.1526e+05
8210.9005 20.4415 7.7319e+05
8224.6905 13.6380 2.9890e+05
8235.4305 10.4121 2.9402e+05
8241.0005 16.3819 9.2440e+05
8262.2705 17.2250 5.0600e+05
8277.1005 14.7362 7.0202e+05
8293.7405 11.4431 6.9203e+05
8305.9805 14.3622 6.3682e+05
8314.0805 15.3307 6.2548e+05
8331.2205 15.7344 4.7384e+05
8338.9405 19.6054 6.4601e+05
8351.5805 11.3475 5.9578e+05
8374.0705 14.4479 4.3684e+05
8382.7305 17.4497 6.1312e+05
8404.4405 14.6431 9.1407e+05
8420.9305 12.3234 3.6285e+05
8429.8105 18.5490 5.8426e+05
8437.9405 11.1450 4.3570e+05
8449.4505 11.9676 1.6347e+05
8457.2305 14.7915 5.6113e+05
8475.4005 17.5243 5.1755e+05
8490.4405 10.9689 5.5187e+05
8491.8105 18.8194 5.2930e+05
8506.7505 16.0447 2.5140e+05
8512.6805 14.1523 7.5515e+05
8516.8905 11.2571 7.8371e+05
8518.1005 20.5259 7.2074e+05
8540.0005 11.4181 6.8205e+05
8541.8405 17.0185 6.8205e+05
8553.6005 18.7908 5.8733e+05
8565.4605 20.8034 7.0074e+05
8575.6605 17.0526 7.1674e+05
8595.5905 10.2789 9.6148e+04
8612.9005 18.5086 6.2471e+05
8645.9405 21.8947 4.2820e+05
8656.0205 18.7900 8.4401e+05
8660.2805 19.7674 8.4401e+05
8665.2605 15.9696 6.9191e+05
8671.9005 21.8719 1.0157e+06
8678.3205 16.3952 8.4901e+05
8694.1305 23.8251 1.0931e+06
8698.3905 10.7181 7.7908e+05
8706.3905 18.4713 8.2941e+05
8710.8305 13.6955 4.8308e+05
8717.1805 15.2556 4.6780e+05
8729.1105 19.2939 4.6869e+05
8732.1705 20.0672 4.6012e+05
8737.2305 17.9517 5.2383e+05
8745.6105 19.3077 5.0890e+05
8752.4605 11.6672 5.2730e+05
8756.8605 14.5385 8.9001e+05
8762.0205 11.9647 8.9001e+05
8772.5905 11.3747 6.4071e+05
8783.0705 14.8998 6.2561e+05
8788.9005 11.1761 5.3985e+05
8795.0505 17.6819 8.6040e+05
8813.5105 12.8245 7.6126e+05
8826.4605 12.4918 5.8300e+05
8836.5605 11.3892 3.5561e+05
8874.3005 13.9866 3.8876e+05
8903.6605 13.4955 4.5810e+05
8921.3005 19.4666 4.5972e+05
8926.5305 11.2594 6.8299e+05
8965.8005 10.9578 5.3152e+05
8994.7305 19.7119 8.4238e+05
9000.1505 15.1526 1.0169e+06
9011.1805 11.8800 3.3155e+05
9055.0106 13.7870 5.0108e+05
9058.5206 10.2071 4.9748e+05
9083.8406 12.5287 6.7858e+05
9084.6006 13.8164 6.7858e+05
9085.7206 12.6202 4.7555e+05
9092.4906 17.9161 8.7526e+05
9097.1406 11.9423 6.5324e+05
9132.1106 11.8701 7.3933e+05
9135.3306 14.5480 7.1017e+05
9139.3006 15.2362 9.3760e+05
9142.7806 10.4537 8.8566e+05
9151.5906 15.2193 8.1016e+05
9156.2206 12.6610 6.0036e+05
9171.8406 19.0565 1.0847e+06
9179.7806 15.7167 7.7212e+05
9182.1806 14.6690 7.7212e+05
9199.2806 13.0397 1.0228e+06
9202.6406 13.3861 1.0228e+06
9209.7206 10.3836 8.0100e+05
9228.4306 17.7322 8.0164e+05
9248.4806 14.8347 1.6345e+05
9283.2106 11.7979 1.1005e+05
9300.8406 21.7220 5.9899e+05
9324.3906 17.3735 3.6105e+05
9352.0806 14.4442 4.0069e+05
9358.7306 14.0230 2.8749e+05
9365.6806 10.2005 6.1650e+05
9368.9706 11.5412 6.0345e+05
9372.5006 10.7869 5.6908e+05
9384.8706 15.5219 5.7531e+05
9399.1006 10.2581 2.3323e+05
9408.4606 13.9278 3.9654e+05
9436.1306 15.5728 2.9764e+05
9497.2006 16.0336 4.7141e+05
9518.0006 12.4548 4.7989e+05
9527.7606 11.6908 2.4187e+05
9548.9006 13.6378 4.4962e+05
9581.1806 19.0783 3.6261e+05
9625.5206 12.3238 2.1115e+05
9700.3206 11.5752 2.0292e+05
9722.3906 12.5963 2.9507e+05
9733.1306 11.2890 3.3238e+05
9751.8906 20.2521 5.5806e+05
9757.6806 17.0349 1.2162e+06
9785.1106 21.5428 2.0148e+06
9804.4006 23.4818 1.7477e+06
9806.6506 14.8678 1.7477e+06
9808.9206 11.5981 1.8876e+06
9811.4106 12.0287 1.4545e+06
9823.2806 17.9755 2.1902e+06
9825.4706 12.2882 2.1902e+06
9827.4206 11.3689 1.9234e+06
9840.8606 21.6568 1.2340e+06
9860.0706 19.8474 1.8346e+06
9863.3106 19.3730 1.4737e+06
9875.6806 13.5613 4.2885e+05
9898.7306 20.4643 2.2503e+06
9903.0106 10.4228 1.1744e+06
9908.5906 13.1415 1.2434e+06
9918.9606 22.4271 3.3209e+06
9948.4606 13.1621 2.2394e+05
9959.6206 10.5876 2.2336e+05
9965.8206 10.8815 2.2694e+05
9973.7206 10.1379 8.8493e+04
9985.7006 22.3045 4.6214e+05
9988.9606 10.1023 4.0354e+05
9992.6006 12.4580 6.5522e+05
9993.8506 16.3294 6.3637e+05
9998.9306 13.1445 5.2696e+05
10010.9506 16.5457 8.8821e+05
10017.5206 16.5351 7.7807e+05
10031.5606 10.9748 8.2337e+05
10036.0206 14.3182 7.6366e+05
10047.6706 10.9971 6.2632e+05
10054.1106 14.3402 1.8871e+06
10059.0306 12.0707 6.1231e+05
10064.6606 23.1842 1.4473e+06
10071.2706 12.2169 1.2941e+06
10083.2706 18.2758 4.6721e+06
10085.6506 11.3884 4.1739e+06
10088.0306 10.5609 3.3990e+06
10094.6906 12.9832 3.0119e+06
10098.9206 18.8564 2.9311e+06
10131.8806 11.3952 4.7793e+06
10134.6206 14.2454 4.7793e+06
10152.7606 20.4279 2.5433e+06
10172.3306 23.0842 2.4372e+06
10179.5906 16.4759 3.4306e+06
10181.4906 10.9039 3.2940e+06
10212.1706 14.3515 2.2398e+06
10215.2606 21.1797 3.5390e+06
10217.4506 10.8707 3.6827e+06
10247.0906 24.1971 2.6387e+06
10251.3406 10.9403 8.2943e+05
10258.5706 11.2402 3.4028e+05
10268.6706 20.5575 9.2232e+05
10274.3306 19.0354 4.2296e+06
10286.9406 11.9820 1.1605e+06
10303.8206 22.0536 2.3942e+06
10328.7906 20.2532 3.0594e+06
10339.2906 15.7998 9.8206e+05
10355.1006 18.4814 5.8888e+05
10374.3606 12.4707 3.8316e+05
10384.5106 17.3177 5.1639e+05
10389.5606 19.1782 5.1639e+05
10394.6706 10.1014 5.3802e+05
10413.0806 12.5704 3.4925e+05
10420.3806 15.0293 4.1168e+05
10444.6506 16.8197 3.3165e+05
10465.4506 12.3728 3.4620e+05
10469.1406 12.7068 3.0731e+05
10479.4606 13.1154 5.9960e+05
10483.7306 14.2867 3.8167e+05
10531.1706 21.6175 4.3555e+05
10543.5306 13.8695 5.1173e+05
10551.9806 13.6244 7.4904e+05
10567.2306 18.3045 5.1264e+05
10568.8406 10.8722 4.8056e+05
10570.3106 10.9360 5.0968e+05
10594.9906 11.4328 4.5149e+05
10618.5706 19.9667 1.2797e+06
10634.1706 15.8711 5.2093e+05
10655.4607 13.9425 2.5292e+05
10679.7307 14.6894 4.1986e+05
10694.2207 20.1035 4.7055e+05
10714.7507 11.3750 2.2208e+05
10727.4707 16.4022 2.4182e+05
10750.8407 12.3248 1.3203e+05
10753.8107 11.9772 1.9048e+05
10768.1607 11.2167 2.8061e+05
10780.5507 19.4346 6.4087e+05
10785.6007 21.6498 9.3208e+05
10794.9807 15.3206 5.1430e+05
10804.8107 10.7036 7.0708e+05
10855.8907 15.8282 3.9990e+05
10874.3607 17.8044 3.3209e+05
10879.9207 16.2829 4.4707e+05
10883.0107 13.0704 3.5730e+05
10898.1407 11.5766 3.2362e+05
10901.2207 12.7237 4.9077e+05
10904.3907 13.5046 3.7521e+05
10917.8307 12.0608 3.6700e+05
10939.1207 11.2123 5.6481e+05
10948.7507 17.2944 4.6887e+05
10959.1907 10.0916 3.6139e+05
10961.7207 12.6723 3.6219e+05
10981.3407 21.8904 1.0297e+06
11038.1607 20.3824 7.2203e+05
11059.1007 21.7839 6.5409e+05
11099.7507 15.4878 4.5781e+05
11108.2507 14.6359 3.6519e+05
11119.3207 11.3497 2.6470e+05
11126.8607 16.0071 4.9691e+05
11130.9007 13.4535 4.1269e+05
11187.5907 12.0289 3.0089e+05
11198.0807 22.3134 7.0753e+05
11271.0607 12.7432 2.8430e+05
11293.6107 13.3082 3.3663e+05
11321.0007 18.6149 4.7953e+05
11378.5007 13.2653 2.3703e+05
11392.7107 17.0879 3.5409e+05
11398.1007 10.4990 2.4433e+05
11415.8407 13.5741 3.0209e+05
11440.5807 13.2903 2.8599e+05
11473.8907 11.5444 1.2137e+05
11481.0707 14.7348 3.3658e+05
11513.4607 18.9470 3.8047e+05
11553.1007 12.2874 1.6739e+05
11581.2207 10.4218 3.0594e+05
11627.6607 13.2507 4.9705e+05
11669.5207 17.2731 2.7293e+05
11673.4207 14.1055 2.7397e+05
11679.6907 14.8595 3.0939e+05
11707.9507 13.9450 3.7516e+05
11773.8507 14.8042 2.5026e+05
11787.0807 20.8554 3.0272e+05
11801.9107 11.9946 2.3432e+05
11856.3807 11.7787 2.4735e+05
11866.8707 10.4506 4.3611e+05
11898.3207 13.0816 2.8107e+05
12008.6907 18.9344 7.4369e+05
12016.4507 10.2028 2.1280e+05
12026.1707 11.4862 4.8925e+05
12030.7607 12.0775 2.1191e+05
12063.4307 10.1672 1.9533e+05
12109.3707 11.0692 2.2874e+05
12123.0007 13.7679 4.0395e+05
12150.1907 10.3916 3.2142e+05
12152.2107 14.3241 4.4251e+05
12158.2107 12.2699 4.4251e+05
12176.3607 16.0111 4.0292e+05
12191.1007 14.2118 4.4653e+05
12192.8707 16.3690 4.1725e+05
12205.8807 15.9659 8.8562e+05
12207.5207 17.3952 8.0084e+05
12218.6307 14.0313 8.3694e+05
12232.6907 13.4629 6.2191e+05
12238.9507 15.5265 9.9549e+05
12248.4707 11.1754 6.5065e+05
12253.1807 14.7918 1.1846e+06
12254.8507 13.6363 1.1846e+06
12256.4907 12.0399 1.0591e+06
12276.2707 11.8629 3.5111e+05
12278.8207 12.4320 3.0913e+05
12303.9108 11.0438 1.3614e+05
12322.3908 11.8918 1.2577e+05
12326.3108 13.9789 1.2153e+05
12335.8508 14.0338 1.9489e+05
12373.1708 12.1544 4.1964e+05
12373.5808 16.7360 3.5766e+05
12465.2508 15.7781 1.8182e+06
12466.4708 16.3754 1.6196e+06
12493.5908 11.4700 3.7809e+05
12527.9808 17.1779 3.2326e+05
12530.7608 14.3628 3.5849e+05
12547.3008 12.1913 2.7759e+05
12590.6908 11.8892 8.4024e+05
12607.7708 10.0734 1.2388e+06
12608.9408 14.7699 1.2388e+06
12625.9008 15.2177 4.7768e+05
12636.5908 17.0864 3.6332e+06
12638.5108 12.5051 1.3173e+06
12681.0908 25.8179 4.9509e+06
12718.0908 19.6729 4.4712e+06
12737.9008 13.6723 8.2345e+05
12740.2508 14.9434 7.8574e+05
12771.2408 23.0441 2.4823e+06
12773.4108 11.1638 2.4823e+06
12776.4208 17.4316 2.6348e+06
12793.3408 14.4930 2.7402e+06
12796.4408 19.8037 2.6837e+06
12811.0108 21.4730 2.0780e+06
12827.8208 11.7486 1.1677e+06
12841.7208 18.4272 1.7703e+06
12850.6908 12.2862 1.4172e+06
12857.0308 11.6777 1.8260e+06
12862.6608 21.1489 2.3464e+06
12877.4808 25.8342 2.6824e+06
12884.5908 11.5746 1.5876e+06
12896.3708 23.8876 3.5883e+06
12905.2708 18.5757 3.5996e+06
12916.9908 12.8572 6.7631e+05
12936.0408 24.9952 3.1383e+06
12938.0908 13.3550 2.6032e+06
12944.4408 20.1271 2.4562e+06
12951.7008 17.4453 2.3955e+06
12957.5508 13.5372 1.2861e+06
12968.8108 14.1876 6.1987e+05
12980.6108 14.4672 2.1342e+06
12982.4208 15.4642 2.1342e+06
12988.0508 13.9157 1.1642e+06
12998.2308 25.4820 3.5005e+06
13010.3008 16.7501 2.4520e+06
13021.8808 20.7737 3.8202e+06
13033.2608 13.6089 1.0325e+06
13038.9308 11.2028 1.2379e+06
13050.4708 13.3412 1.7689e+06
13055.2308 15.4246 1.7680e+06
13064.0508 20.0922 1.8696e+06
13069.6008 10.8109 1.0902e+06
13085.1908 11.2632 8.0308e+05
13089.3608 13.4801 7.8255e+05
13100.8208 22.2831 1.4985e+06
13106.7408 12.0750 1.4876e+06
13130.9908 19.4492 1.5768e+06
13147.1608 21.8713 2.5200e+06
13168.2108 18.8683 2.5224e+06
13179.9108 10.2884 1.6624e+06
13188.6908 12.3890 1.3397e+06
13197.2108 17.5259 1.3058e+06
13209.2808 18.1613 3.8282e+06
13213.6008 19.5505 4.3111e+06
13227.3408 10.3418 8.5164e+05
13234.6808 23.7942 2.2159e+06
13244.5608 10.7345 1.2222e+06
13248.6208 14.4760 1.1525e+06
13255.3908 11.1724 1.3104e+06
13258.7608 12.0939 1.2622e+06
13269.8008 10.8370 1.8346e+06
13287.4708 12.2535 1.2368e+06
13298.1808 15.9703 3.1983e+06
13314.3408 17.4826 3.4490e+05
13337.4308 17.6420 2.6250e+05
13358.4208 11.5579 2.7750e+05
13377.2908 10.9192 1.3662e+05
13390.3108 12.1079 2.7328e+05
13466.1408 12.5197 3.5375e+05
13473.6408 18.9736 8.2976e+05
13522.6608 17.0417 4.0654e+05
13538.4008 12.5749 8.0482e+05
13539.1308 21.9678 7.5833e+05
13541.8708 11.1634 5.6124e+05
13556.3908 10.0491 2.7168e+05
13559.9108 13.8599 3.0636e+05
13579.1808 10.0406 5.1509e+05
13585.9308 10.1441 4.1013e+05
13613.0208 10.2130 4.4749e+05
13631.0008 16.5943 5.1787e+05
13655.3908 10.0222 4.4054e+05
13659.3308 10.8831 4.4054e+05
13679.6708 16.4783 8.5613e+05
13687.0408 13.9106 4.4984e+05
13701.7608 12.7638 2.8487e+05
13713.2008 16.1285 5.7070e+05
13756.3008 12.5881 3.1744e+05
13775.7508 14.6331 1.2397e+05
13785.2008 16.0439 6.2003e+05
13792.4508 10.8872 3.5595e+05
13857.9308 13.3160 4.6829e+05
13877.2408 10.5740 1.3514e+05
13883.6408 23.4276 1.2516e+06
13893.9808 20.3491 2.1077e+06
13896.0708 11.3375 1.9912e+06
13900.3008 11.0529 2.1039e+06
13902.4308 12.0619 1.7233e+06
14006.3009 12.0427 6.0119e+05
14033.3109 10.0793 3.0452e+05
14046.3509 16.4381 1.5805e+06
14051.3009 17.9828 1.1436e+06
14059.3209 19.0728 9.5024e+05
14075.2009 13.3365 2.8279e+05
14101.9509 19.9138 5.0955e+05
14109.2009 14.1973 5.5015e+05
14124.9109 11.0926 3.7335e+05
14130.5809 13.9710 4.4264e+05
14187.3009 10.3005 3.7590e+05
14211.5809 14.2128 5.2966e+05
14240.9609 10.5936 3.1626e+05
14255.5509 11.0691 3.3084e+05
14285.0609 13.9111 5.4108e+05
14293.7009 10.4358 3.9768e+05
14311.8509 11.2413 3.6573e+05
14371.5609 17.3798 1.5272e+05
14378.8209 16.9743 3.6607e+05
14388.3209 18.2733 6.4574e+05
14401.4409 20.9695 4.1656e+05
14409.1409 13.0346 2.8098e+05
14427.9709 12.8810 3.0153e+05
14430.0909 12.4861 5.1689e+05
14434.6309 16.9274 5.1298e+05
14438.7409 11.6071 4.8495e+05
14450.4809 12.9899 2.9918e+05
14499.0309 17.5635 3.7638e+05
14525.6809 10.5496 4.2231e+05
14528.8009 11.2434 4.2231e+05
14537.0209 18.7432 5.2772e+05
14544.1309 18.6748 4.2591e+05
14557.6309 19.5285 4.9127e+05
14579.4609 15.6003 3.6120e+05
14588.2109 13.8983 4.3958e+05
14597.6809 16.7902 6.0527e+05
14615.4309 14.2191 6.0702e+05
14645.9109 19.3057 7.7018e+05
14670.1109 10.8925 3.7773e+05
14686.9209 20.1069 4.7089e+05
14693.1009 14.6951 4.5013e+05
14715.4109 12.9499 2.5660e+05
14742.3009 19.4230 5.6524e+05
14762.2409 12.9747 3.3106e+05
14799.2009 10.8100 2.7836e+05
14804.0809 13.7335 2.8042e+05
14812.7309 10.2686 3.0751e+05
14830.0009 10.7096 2.5179e+05
14852.2209 10.8719 1.5436e+05
14867.1109 19.7700 2.9628e+05
14901.3409 10.0186 2.5093e+05
14958.0309 11.5842 5.8066e+05
14974.0509 10.4753 4.6528e+05
14993.2809 21.8793 4.9200e+05
15000.7109 11.6406 4.2538e+05
15039.1109 18.8724 4.9614e+05
15042.7709 15.3758 4.8043e+05
15080.8009 18.0903 3.2599e+05
15092.1309 11.0647 3.5130e+05
15094.5509 13.4611 2.5019e+05
15131.9309 12.2022 1.9102e+05
15153.2909 16.0942 1.9766e+05
15181.6909 10.0119 3.9184e+05
15203.5709 14.3434 3.8729e+05
15229.9109 12.8821 3.3568e+05
15248.0009 13.5079 3.5345e+05
15268.7409 14.1549 3.7560e+05
15302.2209 11.0191 5.4833e+05
15307.1609 19.7027 5.4833e+05
15325.5509 11.2702 3.0715e+05
15361.0109 22.4367 6.9041e+05
15373.8209 22.1826 9.6532e+05
15380.0809 15.5629 1.2676e+06
15396.3409 16.2802 1.4816e+06
15404.7909 16.4179 9.0237e+05
15415.1009 19.6319 1.8296e+06
15424.1609 10.9656 7.6317e+05
15442.7009 13.7891 5.9307e+05
15450.5809 21.7559 1.2725e+06
15458.8609 11.4607 4.6378e+05
15463.8809 11.4217 5.4621e+05
15476.1409 21.4896 9.4999e+05
15485.2809 13.1626 4.5223e+05
15489.6509 13.3366 7.6475e+05
15494.1009 16.1745 7.0616e+05
15508.6409 14.6789 5.7532e+05
15523.7409 14.6087 2.0801e+05
15624.4210 10.5981 2.0124e+05
15626.2510 13.6058 2.5554e+05
15630.4510 12.5715 2.1806e+05
15683.1510 14.3794 9.7775e+04
15695.1810 13.1189 1.6801e+05
15705.7210 10.1118 3.2389e+05
15724.2210 13.4629 1.1324e+05
15733.7910 17.4598 2.8070e+05
15739.3510 10.0048 3.7161e+05
15753.8010 11.6891 1.7539e+05
15784.6710 13.9449 2.6593e+05
15787.1510 10.2073 2.6501e+05
15856.7910 10.9828 8.9534e+04
15870.0910 16.6122 2.1552e+05
15890.8510 10.2794 1.4395e+05
15925.5910 13.4371 1.4446e+05
16053.8910 11.4590 3.0328e+05
16230.8910 10.1389 1.3583e+05
16273.5210 11.4657 8.7079e+04
16526.7310 10.4956 1.4705e+05
16599.2510 16.2627 4.6974e+05
16623.2610 11.2754 1.7580e+05
16690.2510 14.3971 1.2828e+05
16800.4510 12.4489 2.6818e+06
16802.4110 10.6645 1.0891e+06
16807.8210 15.4585 2.4934e+06
16808.6110 20.4246 2.3423e+06
16838.7510 10.0638 2.0815e+05
16870.3010 10.0842 1.4845e+05
16956.1510 12.2947 4.6687e+05
17026.5910 12.4237 1.0939e+05
17059.9610 10.3267 1.4222e+05
17096.7910 12.9000 1.4006e+05
17158.2510 12.9246 1.6161e+05
17211.1911 15.5383 1.8238e+05
17229.7311 14.3857 1.0055e+05
17248.8711 13.7485 8.3118e+04
17264.2711 20.5362 1.4869e+05
17277.2111 11.6731 6.8285e+04
17286.2511 11.2515 8.9172e+04
17340.5411 10.6971 2.0042e+05
17353.4011 14.3055 1.7783e+05
17398.1011 10.4825 9.4920e+04
17416.2111 15.5472 1.8612e+05
17483.3911 10.4710 2.0343e+05
17507.0011 11.2484 3.2809e+05
17529.1111 10.2026 2.6275e+05
17541.6811 17.4548 4.7292e+05
17601.1611 15.2107 2.8288e+05
17622.4111 11.5552 1.9202e+05
17636.8911 19.4122 2.1118e+06
17647.6911 17.8966 6.2304e+05
17653.0411 19.5832 7.5518e+05
17689.8511 17.2884 5.0732e+05
17699.2511 14.6717 2.9927e+05
17723.1611 12.8590 2.0077e+05
17752.8611 15.4531 2.2506e+05
17777.2511 12.8924 9.6525e+05
17783.9011 14.0287 6.1557e+05
17797.5111 11.6255 4.8775e+05
17853.9211 11.7673 1.1847e+06
17858.9011 16.5816 1.1847e+06
17878.8411 17.4674 5.6829e+05
17884.1311 10.8910 1.9632e+05
17891.4811 16.7560 8.0683e+05
17910.1311 12.2803 2.8005e+05
17930.3911 26.3214 2.9976e+06
17932.5611 16.7231 2.9354e+06
17943.9411 12.5214 1.0236e+06
17946.9211 11.5928 7.6978e+05
17954.5111 23.3844 2.4641e+06
17961.4911 11.5593 1.1848e+06
17971.4111 23.3334 2.4089e+06
17979.6511 19.3190 2.3994e+06
17991.5611 16.2492 3.5311e+05
17998.3011 23.7601 3.1465e+06
18000.8111 14.7182 3.0787e+06
18008.5111 12.7295 2.0630e+06
18014.2911 22.3963 2.0360e+06
18020.8311 22.5388 4.2668e+06
18031.6411 14.2609 1.6356e+06
18047.1911 21.9867 4.9363e+06
18049.5511 13.1464 4.7686e+06
18051.9811 10.2575 4.6318e+06
18056.8611 11.2914 3.0735e+06
18068.0611 16.8594 1.2939e+06
18077.5411 17.4592 1.0974e+06
18085.2211 19.1461 1.8046e+06
18091.3611 18.0703 1.1074e+06
18097.9511 17.5462 1.6377e+06
18105.6011 13.5384 1.3837e+06
18112.2911 21.2650 2.8839e+06
18134.8411 13.3670 4.8503e+06
18136.8211 19.2714 4.7913e+06
18147.2111 21.8759 3.3000e+06
18156.1211 17.8678 1.2474e+06
18160.9711 15.3788 3.8289e+06
18169.4611 14.8111 1.0984e+06
18174.7511 14.8027 1.4447e+06
18185.1111 12.8158 2.3572e+06
18190.4711 13.2332 1.4521e+06
18205.6611 21.0438 2.2581e+06
18210.9211 10.4042 3.6629e+06
18215.8311 17.3099 3.1835e+06
18226.1111 21.1727 1.5561e+06
18233.7311 11.6497 1.2238e+06
18243.9811 11.4745 2.5247e+06
18245.8811 17.2328 2.4320e+06
18255.4011 14.7014 3.6116e+06
18263.2911 16.2798 2.2973e+06
18276.7511 14.3817 3.7905e+06
18281.2311 18.3205 3.7905e+06
18295.0511 20.3519 3.4919e+06
18300.8211 13.7093 1.5263e+06
18311.2211 22.0576 3.8468e+06
18313.1011 10.9573 3.4154e+06
18322.3511 16.6206 2.6002e+06
18329.8611 10.8935 3.2781e+06
18341.8111 12.0107 9.1216e+05
18357.9811 15.3838 1.2103e+06
18365.1611 10.1416 9.4163e+05
18374.0411 25.2161 5.4482e+06
18376.3911 14.7485 4.3782e+06
18391.8711 13.8734 5.0491e+06
18398.5511 12.5104 4.4063e+06
18404.9611 18.0205 2.3278e+06
18415.4211 16.7720 4.3951e+06
18423.8211 12.1445 1.6937e+06
18435.7511 20.6189 2.1366e+06
18442.9511 14.2651 1.8658e+06
18451.1711 16.7900 1.9620e+06
18458.9911 12.7418 1.1163e+06
18470.7711 21.7743 5.6709e+06
18472.9711 11.5716 3.9603e+06
18490.3511 13.8163 3.7437e+06
18494.7511 22.1622 3.7450e+06
18509.6211 18.8964 2.2827e+06
18515.1211 11.9355 4.7030e+06
18540.8811 23.7696 6.1738e+06
18543.2011 12.7586 6.1738e+06
18566.8111 19.5021 1.0441e+06
18572.4111 21.0115 1.9788e+06
18580.3311 16.8297 2.0997e+06
18591.4711 22.3117 3.2085e+06
18599.2811 15.8944 2.3641e+06
18606.6111 10.4467 1.4807e+06
18615.2411 16.5518 1.7447e+06
18623.4511 17.1373 1.5485e+06
18637.5811 22.3878 1.7295e+06
18643.5711 12.4869 2.5050e+06
18646.9311 13.9331 2.3463e+06
18654.5711 16.3032 1.9448e+06
18656.9311 14.7067 1.6879e+06
18667.2911 10.3914 3.3867e+05
18678.1311 21.6624 1.3149e+06
18680.2211 10.5961 5.4867e+05
18684.7411 18.5236 3.5422e+06
18692.6511 19.2498 4.0124e+06
18694.8611 13.9967 3.9562e+06
18710.3611 16.1746 1.5273e+06
18727.9411 17.6269 3.6162e+06
18730.0011 19.8403 3.6162e+06
18732.1011 13.7037 3.5816e+06
18734.2211 12.3710 3.5043e+06
18742.7811 11.9156 2.8857e+06
18760.2411 21.2064 1.4490e+06
18771.9811 21.9518 2.3640e+06
18773.9411 16.3504 3.0396e+06
18777.1111 17.8929 3.0925e+06
18779.0711 12.7774 2.5249e+06
18786.8711 12.4093 1.3638e+06
18793.0811 20.2114 1.4643e+06
18803.6011 22.6473 4.0814e+06
18822.7511 18.2507 3.8768e+06
18834.2711 16.4735 1.9591e+06
18846.0312 19.9186 1.6812e+06
18858.0612 15.2899 1.0776e+06
18864.0212 13.8718 2.9572e+06
18868.0412 18.0970 2.9033e+06
18880.8012 21.3568 2.3965e+06
18892.6312 17.1325 1.9686e+06
18902.5612 12.6594 1.1752e+06
18928.0012 15.0206 8.1218e+05
18935.4912 15.7572 3.5379e+06
18937.8612 11.4738 3.5379e+06
18948.4712 12.8584 1.8270e+06
18953.8012 10.3412 1.1070e+06
18961.6112 15.9294 1.5512e+06
18969.5112 12.3126 8.8256e+05
18980.2212 10.4399 1.0275e+06
18995.0012 20.5853 1.6691e+06
19005.9112 17.5205 3.2779e+06
19010.1312 10.8339 9.6565e+05
19017.1612 17.4215 1.2365e+06
19035.9112 23.7458 5.1613e+06
19043.4012 16.8136 5.4239e+06
19060.5212 16.6678 1.7607e+06
19071.8812 11.4761 5.3592e+05
19079.4312 16.9614 1.2571e+06
19086.9212 11.0811 2.4357e+06
19089.4712 14.9016 1.8314e+06
19104.6812 18.8266 2.6799e+06
19110.0412 17.2956 3.7559e+06
19128.7412 12.7102 1.5815e+06
19153.3012 20.5232 3.1292e+06
19160.0012 11.6660 1.3040e+06
19165.7212 11.1910 9.4698e+05
19176.3112 25.6407 2.3715e+06
19199.3912 25.7618 2.9507e+06
19204.3412 11.4387 1.0020e+06
19214.7112 17.0868 1.2740e+06
19230.3912 12.8075 1.4762e+06
19234.2912 10.5544 1.0103e+06
19242.0212 10.8576 4.2590e+06
19253.1412 14.8273 3.0373e+06
19284.2212 16.6646 4.8487e+06
19302.1612 13.5969 1.2142e+06
19309.5312 13.4325 1.2749e+06
19321.2012 11.5274 1.6478e+06
19329.2612 22.6736 4.2902e+06
19331.4812 11.5955 3.8136e+06
19343.4412 14.3881 1.7875e+06
19351.0412 11.0993 2.0395e+06
19356.6612 15.7170 2.0395e+06
19367.3512 20.0661 3.2296e+06
19389.9312 18.6828 1.0790e+06
19397.0812 14.6983 1.6781e+06
19408.7312 19.9248 4.8759e+06
19410.9712 12.2592 2.6320e+06
19421.5712 15.8641 1.1463e+06
19429.1512 20.3313 2.3260e+06
19437.5212 23.1923 3.8863e+06
19439.3212 12.6717 3.6735e+06
19460.0712 18.3773 5.3367e+06
19462.5512 11.3788 5.2907e+06
19478.8312 17.3021 4.4247e+06
19481.8212 11.0455 1.9917e+06
19487.8812 13.9249 1.3016e+06
19492.6412 10.6375 1.0426e+06
19500.0612 17.2619 1.7848e+06
19516.0312 18.0709 1.3934e+06
19528.1612 11.5149 1.1593e+06
19537.1412 12.4385 3.5672e+06
19542.1512 10.7088 5.1783e+06
19547.0212 11.6793 3.4270e+06
19569.2612 18.6563 1.3291e+06
19594.6112 19.8508 5.4080e+06
19598.1112 13.4484 4.6362e+06
19613.8912 13.2280 1.3869e+06
19620.4912 12.2810 1.9401e+06
19646.6312 12.7578 2.4298e+06
19655.3612 11.5951 1.5073e+06
19667.4212 14.3434 1.5508e+06
19673.2312 10.1029 1.1907e+06
19680.5512 10.6194 8.8064e+05
19686.0312 11.3681 1.2265e+06
19693.7512 10.0316 8.9317e+05
19699.3812 16.4065 2.6990e+06
19704.8712 10.8383 1.2309e+06
19721.5112 15.8907 1.3973e+06
19725.6612 13.3167 1.3973e+06
19741.8712 20.1133 1.6980e+06
19746.7012 10.8766 8.4357e+05
19756.1912 10.1014 1.9067e+06
19768.1412 21.2720 4.7610e+06
19770.3712 12.4967 4.7610e+06
19772.6012 10.4328 4.5809e+06
19786.5312 13.5206 2.0677e+06
19792.2812 15.6335 9.3775e+05
19853.9312 10.0043 2.0915e+05
19896.3812 11.5007 1.2930e+05
19901.6012 12.1650 1.4343e+05
19946.5612 13.7497 9.1955e+04
19971.3112 11.9724 1.2790e+05
19983.8412 21.7262 6.7981e+05
20007.2012 10.3787 1.9390e+05
20014.9712 11.2397 2.3270e+05
20030.1312 15.0061 4.3181e+05
20081.3312 11.5845 5.6313e+05
20105.1912 15.3046 3.0487e+05
20139.5212 11.2712 9.0193e+04
20175.6312 10.9821 4.7812e+05
20178.8212 13.1207 4.7812e+05
20237.8812 12.4235 4.2683e+05
20263.0712 15.8371 1.4865e+05
20296.2412 16.1449 2.5703e+05
20302.4212 12.2010 3.0969e+05
20394.1412 12.7962 2.8796e+05
20407.3712 11.0208 1.7397e+05
20440.4812 11.8346 1.9686e+05
20463.5212 11.4934 2.3777e+05
20465.0412 12.8257 1.6502e+05
20475.3512 12.0491 8.8456e+04
20482.6313 13.5110 1.5849e+05
20492.8613 11.4480 1.1360e+05
20501.2213 15.1046 1.8647e+05
20520.0913 19.9496 5.2500e+05
20523.9113 18.2044 5.2500e+05
20533.3813 10.8177 4.3717e+05
20538.9213 13.0186 2.3399e+05
20560.0413 12.2993 2.9825e+05
20562.8313 10.6340 2.7248e+05
20612.8213 16.7898 2.9870e+05
20646.3813 11.4562 5.0536e+05
20649.4613 13.5026 2.9200e+05
20656.0413 12.7187 3.1775e+05
20720.9613 13.9484 5.6516e+05
20758.9613 20.5034 5.2080e+05
20781.8913 22.6905 1.1098e+06
20822.7413 13.6192 4.0030e+05
20833.4513 16.6381 3.0461e+05
20862.6813 18.0273 6.2721e+05
20884.5413 13.0945 4.2280e+05
20903.7513 10.0473 3.3082e+05
20907.0113 11.9307 3.2781e+05
20993.1713 16.2665 2.6764e+05
21005.2613 15.1871 3.8303e+05
21080.3513 10.5487 9.7811e+04
21116.0713 15.2726 1.8990e+05
21223.8413 17.4742 3.1760e+05
21248.3913 21.5963 5.9060e+05
21257.5213 17.2879 2.4446e+05
21266.3513 21.2069 5.9885e+05
21274.9913 18.3146 3.9019e+05
21284.6613 21.2124 6.5526e+05
21293.2913 18.9980 6.8326e+05
21299.3313 18.2631 7.5208e+05
21305.6913 16.7214 5.8993e+05
21311.7613 12.7264 3.6298e+05
21340.4913 15.6313 4.7661e+06
21341.2113 10.0216 4.7661e+06
21342.7813 17.1966 4.7661e+06
21343.4213 21.9308 4.7661e+06
21371.9413 14.3193 4.1730e+05
21381.1013 19.2052 5.4220e+05
21389.8113 17.5530 2.9988e+05
21397.4513 15.3537 7.2048e+05
21398.7213 11.5237 4.2914e+05
21407.4513 19.1797 6.2187e+05
21416.0013 17.7154 2.8499e+05
21423.6513 16.9842 4.4496e+05
21431.7913 10.1460 4.0334e+05
21440.0913 16.8980 4.3552e+05
21448.0013 18.9269 4.1483e+05
21462.8013 22.3466 5.8452e+05
21466.9513 10.4601 3.0342e+05
21472.8013 12.8632 3.1488e+05
21480.9113 19.5230 5.4496e+05
21488.3313 14.8111 4.0146e+05
21495.2713 10.0150 3.0987e+05
21500.6613 11.9643 7.1284e+05
21503.8413 10.8904 2.7705e+05
21511.9713 13.4917 4.1175e+05
21521.0013 16.9634 2.6960e+05
21529.8613 11.0991 4.5831e+05
21538.3613 20.1538 6.1849e+05
21547.3213 19.9721 5.1183e+05
21556.3813 14.5591 3.1155e+05
21575.0513 19.0551 4.5079e+05
21583.6013 17.0168 5.5614e+05
21592.6413 12.5819 3.1429e+05
21604.6913 21.4643 4.6174e+05
21614.7213 20.8512 2.6166e+05
21624.0413 13.6241 2.1809e+05
21634.3813 18.8062 3.3147e+05
21643.4213 11.4587 7.0743e+05
21646.1113 11.1286 6.7369e+05
21672.3213 13.9608 2.9741e+05
21682.8713 18.4897 3.3530e+05
21692.3413 12.2913 6.1794e+05
21693.4513 15.0756 3.2588e+05
21702.6013 15.4099 3.2012e+05
21708.4013 10.8265 7.4669e+05
21711.8113 12.4348 5.2299e+05
21732.3413 11.0708 6.2486e+05
21740.7713 10.2030 5.6653e+05
21754.3213 12.9754 3.9589e+05
21766.3013 19.2125 4.3553e+05
21864.8913 11.4311 1.5673e+05
21888.6113 10.2698 1.2998e+05
21924.0513 19.6451 3.7623e+05
21934.6313 10.3825 3.3593e+05
21948.9013 19.0159 2.8747e+05
22024.5313 13.2452 2.1969e+05
22045.3313 12.3970 1.5975e+05
22049.0813 10.0286 1.5273e+05
22065.1313 12.4419 3.7356e+05
22088.4313 19.5625 2.3828e+05
22168.4314 10.1785 9.6458e+04
22193.0814 10.0578 1.8854e+05
22202.0314 13.4857 6.7920e+05
22220.4514 14.3501 1.6812e+05
22257.8814 14.7194 1.6432e+05
22265.5414 12.1913 3.6518e+05
22424.2414 10.5380 5.3882e+04
22462.2514 14.8192 1.8404e+05
22693.7314 10.8506 6.7507e+04
22715.2114 10.5828 8.6230e+04
23662.5914 20.6592 1.9178e+05
23691.1214 10.3636 7.6166e+05
23692.8114 15.8711 5.3263e+05
24268.2715 15.3502 1.7046e+05
24298.6315 10.2034 5.2626e+05
24302.1015 10.4303 5.5990e+05
24303.5515 11.7714 4.8721e+05
24577.6815 11.6885 1.3875e+05
24719.5315 10.5721 2.0799e+05
24749.9515 12.5338 2.7869e+05
24753.7515 11.7401 2.6838e+05
24757.5015 11.4011 1.6284e+05
24771.7915 12.2995 2.5168e+05
24773.5615 16.4403 2.0305e+05
24854.1615 12.1755 4.0445e+05
24947.8215 10.7405 1.4469e+07
24948.8415 12.2724 1.4469e+07
24949.8415 21.6245 1.4469e+07
24956.1815 11.6610 7.3476e+06
24976.9515 10.0602 4.5616e+05
25137.5515 11.7906 1.0361e+05
25182.1715 10.2745 1.3068e+05
25534.1216 15.8278 8.9654e+04
25581.8616 24.5107 2.9969e+05
25674.3016 21.7588 3.9854e+05
25751.0716 17.1363 2.2390e+05
25816.0816 10.0362 5.5511e+04
25864.2116 16.6158 1.1663e+05
26048.3016 12.7540 1.4589e+05
26054.3716 10.4663 2.0622e+05
26117.2016 10.9488 1.6623e+05
26133.6416 10.4266 1.4172e+05
26140.6216 14.6975 2.0357e+05
26156.7916 19.2116 4.4654e+05
26164.1816 18.0939 7.2515e+05
26188.1716 14.0101 1.4964e+05
26203.0716 11.4051 9.2668e+04
26229.7116 13.4828 1.5069e+05
26252.4616 15.5555 1.0897e+05
26266.7816 11.2869 1.5353e+05
26317.8616 15.6311 3.3920e+05
26334.9216 15.6790 2.7560e+05
26350.1616 21.0806 9.6323e+05
26382.9416 10.4911 3.5523e+05
26390.2816 10.8917 4.8917e+05
26474.6616 18.7985 7.4473e+05
26512.5816 13.4247 3.4764e+05
26544.3516 12.3287 3.6800e+05
26585.3516 10.9500 1.9045e+05
26613.7016 11.7077 2.0297e+05
26677.4616 14.7459 5.2235e+05
26713.2216 12.0261 2.3770e+05
26719.9116 11.6679 2.0683e+05
26724.1916 11.1304 4.5423e+05
26764.4516 11.1099 2.9191e+05
26791.6116 10.5606 6.5777e+05
26803.4316 16.5796 5.3175e+05
26813.3516 16.8233 4.6185e+05
26827.9216 10.6349 1.8125e+05
26841.2316 12.2415 3.0776e+05
26857.0216 15.8656 2.5890e+05
26948.3716 13.4487 2.3193e+05
26965.8316 10.7547 1.5603e+05
27032.5416 11.6723 8.8005e+05
27036.0317 13.4080 5.7299e+05
27090.4617 15.1974 2.9269e+05
27113.4317 13.7462 2.8232e+05
27188.8917 11.1978 2.5210e+05
27334.5217 10.1223 2.0348e+05
27533.0717 14.3605 2.0441e+05
27539.5317 10.4326 2.4103e+05
27581.9817 12.0472 3.2125e+05
27666.4917 10.2080 6.9818e+05
27670.4817 12.7487 6.7381e+05
27699.7817 10.2751 7.5284e+05
27719.0717 12.6804 4.2598e+05
27750.9317 13.6252 5.0048e+05
27758.0817 11.0367 6.3490e+05
27767.5517 13.5236 9.1785e+05
27772.2917 10.6291 8.5052e+05
27936.1617 10.8903 1.2779e+05
28062.0417 10.5396 1.7492e+05
28132.7317 10.0872 2.5187e+05
28218.2917 12.2720 2.8902e+05
28239.9917 10.4964 1.7907e+05
28258.9917 13.0158 2.0779e+05
28262.9517 11.2827 2.3414e+05
28283.5417 17.2991 5.3810e+05
28325.2517 11.5462 2.0420e+05
28406.6217 11.4903 2.4254e+05
28414.8517 17.0313 3.4466e+05
28448.0517 10.9422 1.6170e+05
28452.9017 13.1754 1.7528e+05
28471.6917 10.5264 4.3732e+05
28473.6717 13.7257 3.7109e+05
28481.7917 16.9810 3.5670e+05
28488.1317 10.4553 1.9151e+05
28499.0817 11.8543 3.1238e+05
28531.1117 10.7316 6.1523e+05
28556.1317 11.4151 2.3719e+05
28571.8517 12.0441 5.4241e+05
28573.4717 11.8034 4.9866e+05
28593.8117 12.0817 3.0779e+05
28596.2317 11.1437 2.7709e+05
28602.6917 10.1916 3.1715e+05
28620.8717 12.3284 2.5884e+05
28621.5917 11.2828 2.6023e+05
28630.1017 21.4715 5.6472e+05
28649.7717 17.1026 2.7873e+05
28668.4717 11.8280 4.6861e+05
28690.4318 17.9878 1.5306e+05
28713.2418 12.9353 5.4775e+05
28727.4618 11.3035 5.2125e+05
28734.7118 12.3024 4.3695e+05
28746.1218 17.0711 1.3924e+06
28748.7718 11.2697 1.3924e+06
28749.8118 13.2919 9.5548e+05
28756.7218 11.4613 6.4126e+05
28763.6818 19.5685 1.0287e+06
28779.5818 12.3677 4.9673e+05
28781.6618 10.7590 3.1461e+05
28792.7318 14.3276 1.2642e+06
28795.5718 12.8432 1.8076e+06
28799.4618 22.0994 3.1150e+06
28808.8818 10.2126 6.8493e+05
28813.3018 13.6758 1.9373e+06
28814.1218 17.9583 1.2910e+06
28818.9718 12.0864 2.2788e+06
28825.9218 21.2085 2.2660e+06
28931.3418 11.1943 1.7411e+05
28963.6018 14.1874 3.8897e+05
28984.8318 11.6572 2.8196e+05
28988.6418 11.6147 2.6597e+05
29047.4418 13.4703 2.6655e+05
29120.9618 15.5404 2.3860e+05
29128.5718 17.7309 3.5943e+05
29133.8618 18.0907 2.9052e+05
29141.9318 23.2176 6.4304e+05
29148.6018 16.3744 5.1003e+05
29154.3918 12.3919 4.4752e+05
29162.2918 11.0685 3.2507e+05
29171.2518 21.0665 5.0228e+05
29176.9918 12.8529 6.6618e+05
29182.1418 16.5538 5.5780e+05
29188.5618 16.8119 6.8226e+05
29194.1918 19.5737 6.8118e+05
29199.8218 14.9050 4.7789e+05
29205.1018 14.1890 4.8977e+05
29211.7218 14.5856 4.9942e+05
29217.9218 15.0933 3.6664e+05
29232.2718 16.2344 3.6378e+05
29238.4518 21.1235 5.3116e+05
29243.4418 11.5759 3.2699e+05
29251.4518 18.7422 3.7046e+05
29258.2018 20.5803 4.2147e+05
29264.9418 18.0350 4.2003e+05
29365.9718 10.8044 1.9114e+06
29368.7118 12.7773 1.9114e+06
29385.2118 24.6459 1.5415e+06
29421.5418 21.6731 1.2757e+06
29450.8918 10.7990 4.2002e+05
29460.4018 14.9640 7.3417e+05
29479.6018 11.7671 5.0991e+05
29483.5418 21.9203 5.0991e+05
29491.5618 10.1401 3.2640e+05
29498.4418 15.0525 3.2886e+05
29504.7418 22.9700 8.9989e+05
29514.7018 19.4306 5.2917e+05
29525.8318 17.5067 3.2926e+05
29532.1818 10.6608 2.4319e+05
29545.8918 19.2732 5.2198e+05
29555.9118 21.9980 6.7559e+05
29562.2918 15.9831 3.7396e+05
29577.8718 10.1768 1.9862e+05
29589.3318 16.7075 3.1851e+05
29599.6618 19.9337 5.7141e+05
29615.2718 14.7075 5.1968e+05
29620.6718 11.4942 3.9511e+05
29626.5218 14.8189 1.5012e+06
29628.4418 15.5143 1.3260e+06
29634.2318 15.9300 1.0927e+06
29646.4018 20.7102 1.3271e+06
29650.7418 13.5112 9.0556e+05
29656.5718 16.0226 1.5617e+06
29659.8518 15.2654 1.3027e+06
29668.6818 17.7632 1.3687e+06
29695.5418 21.7788 1.4976e+06
29712.0818 10.6991 2.6285e+05
29717.7018 18.3432 1.2056e+06
29725.7518 11.9050 9.7214e+05
29734.7018 11.7922 1.1204e+06
29750.7518 16.6934 1.1456e+06
29756.9318 10.2140 8.0809e+05
29771.5618 19.9499 1.5178e+06
29789.6518 10.2501 1.0263e+06
29804.1118 13.6288 1.0900e+06
29807.3818 12.8935 8.0658e+05
29826.5118 12.7037 8.3558e+05
29831.2918 20.0363 8.2890e+05
29838.4618 12.8510 5.4933e+05
29844.1918 11.0577 2.7354e+05
29849.2718 17.0818 8.9029e+05
29852.6418 10.4121 8.1410e+05
29861.4218 17.2132 7.4049e+05
29865.8918 11.7490 9.5478e+05
29871.0018 15.1584 8.6603e+05
29876.3418 14.5047 7.5350e+05
29901.1718 16.1874 8.8585e+05
29921.3018 18.0171 1.0786e+06
29926.1418 13.8727 1.0148e+06
29946.7918 13.0091 8.8678e+05
29952.5718 11.8648 8.2205e+05
29965.4818 11.7194 5.3012e+05
29986.7718 18.7024 8.2051e+05
29994.2218 10.4857 9.7783e+05
30016.7418 13.7743 1.1462e+06
30022.4518 10.0495 1.1415e+06
30032.8918 14.8796 1.3252e+06
30038.1918 14.3985 1.2709e+06
30042.8618 10.3963 9.0520e+05
30058.3718 15.3906 1.1793e+06
30073.6018 10.0399 9.8779e+05
30075.8118 10.7225 7.8528e+05
30107.1518 12.7837 6.9337e+05
30112.4618 10.7478 1.0343e+06
30122.5418 10.8472 8.6823e+05
30135.7318 10.8674 4.9192e+05
30141.3118 14.2452 8.0781e+05
30149.7318 11.9389 1.3246e+06
30154.1718 11.4700 1.1925e+06
30169.1118 16.5930 6.4715e+05
30176.4418 16.8633 2.2511e+06
30181.2418 18.3983 2.2511e+06
30198.8818 14.5077 3.4263e+05
30205.1318 16.6320 6.0575e+05
30215.8918 12.8950 3.7918e+05
30225.5818 10.2741 4.7457e+05
30229.0118 11.0923 8.2298e+05
30234.7418 12.1026 6.8499e+05
30247.8718 11.3336 8.4418e+05
30262.1518 12.5242 6.3532e+05
30278.7318 10.0213 5.9066e+05
30291.6418 15.4333 8.0796e+05
30308.5418 10.2172 7.3536e+05
30319.1419 16.3146 8.3306e+05
30323.6619 13.8033 6.0671e+05
30334.4519 17.3555 9.4451e+05
30342.9619 19.1121 8.6190e+05
30356.6719 11.0552 5.5891e+05
30369.1419 18.5019 6.4298e+05
30382.6319 15.4601 6.9090e+05
30395.9919 16.9136 9.1520e+05
30403.2219 15.3255 5.9805e+05
30408.7919 12.4384 6.1760e+05
30427.7419 19.4175 7.6382e+05
30437.0019 15.9558 6.8659e+05
30447.4119 10.8323 2.1492e+05
30462.1219 10.5421 4.4457e+05
30466.7319 11.7788 4.3462e+05
30475.2219 17.0957 8.2231e+05
30486.9619 18.0833 5.6228e+05
30495.2719 15.7691 4.8591e+05
30507.0219 10.8694 7.5006e+05
30509.8919 15.6956 7.5006e+05
30539.1819 20.8853 6.8245e+05
30551.5619 11.9050 6.4785e+05
30559.5119 20.3820 7.7480e+05
30575.5719 11.2659 5.5283e+05
30577.7719 13.8296 4.9804e+05
30586.4119 13.2542 4.5417e+05
30596.9819 18.2203 5.0192e+05
30683.2819 12.8784 2.0581e+05
30695.9919 15.7252 4.3398e+05
30747.1019 14.6722 1.7603e+05
30908.1119 10.5127 1.6882e+05
30935.6719 21.5901 4.2487e+05
30957.0319 19.3049 5.4583e+05
30965.5619 12.3624 7.0767e+05
30984.0119 11.5006 5.6434e+05
31002.5119 13.9423 4.4818e+05
31022.6419 13.3975 2.3782e+05
31040.8219 25.0652 1.2283e+06
31048.0619 17.4949 1.2005e+06
31052.1219 13.3275 1.0743e+06
31093.8519 12.4417 1.8950e+05
31119.3919 11.9382 3.2412e+05
31139.9019 20.7630 7.8900e+05
31148.9219 10.8842 2.5731e+05
31164.3519 11.0533 1.9508e+05
31185.0519 14.1158 3.3429e+05
31215.9019 15.7119 8.2423e+05
31259.9819 11.9784 2.8193e+05
31316.3319 10.7838 2.7450e+05
31370.0319 14.8446 1.2073e+06
31371.5019 13.0807 1.2073e+06
31386.5919 12.0578 4.3097e+05
31431.7919 13.9203 9.6908e+05
31435.2219 14.9367 7.9204e+05
31456.0619 11.9681 3.0306e+05
31466.3419 13.1918 1.0874e+05
31471.6619 11.1483 3.1920e+05
31475.7219 12.5539 3.1920e+05
31486.6319 10.1108 2.1498e+05
31534.8919 10.2799 2.9077e+05
31541.3019 23.3006 2.5198e+06
31551.5419 16.7894 2.7037e+06
31555.7119 17.3321 2.2611e+06
31559.4319 15.2534 2.0787e+06
31568.0019 19.4703 2.5628e+06
31574.2319 13.0788 1.1130e+06
31580.9819 14.7557 1.5865e+06
31584.9919 11.8058 1.7468e+06
31587.3019 13.6295 1.5663e+06
31604.6919 14.8518 4.3750e+05
31613.0019 14.8742 2.1736e+06
31626.9119 15.2550 1.7964e+06
31637.8319 14.3470 1.3181e+06
31643.5419 19.8580 2.4810e+06
31650.6519 11.9454 1.8824e+06
31658.5819 16.9808 4.6382e+06
31660.7519 12.7667 4.5680e+06
31667.9219 13.2411 4.9298e+06
31680.8619 18.4288 1.8260e+06
31688.5619 12.0201 8.2976e+05
31695.3219 12.2929 1.5234e+06
31714.2719 17.5355 1.5973e+06
31721.7619 13.6942 3.4736e+06
31734.8319 14.5406 1.5272e+06
31743.4919 17.5709 1.3343e+06
31754.9019 19.5178 1.0999e+06
31760.6919 15.4765 9.0634e+05
31766.3519 17.3356 9.3284e+05
31771.5619 20.7343 1.7441e+06
31784.8919 23.0072 2.2439e+06
31786.5119 11.0152 1.2828e+06
31800.3019 10.6794 1.9590e+06
31812.5219 22.9420 4.0664e+06
31814.9319 14.7745 4.5530e+06
31817.2119 11.2907 5.0567e+06
31819.7619 10.7379 4.6431e+06
31835.8419 21.4789 4.2085e+06
31852.8219 26.2902 3.7964e+06
31854.5419 16.4796 3.7964e+06
31856.1719 12.6776 3.6139e+06
31873.2619 18.7118 2.5244e+06
31882.8119 20.6837 6.0298e+06
31896.6019 11.5805 1.0503e+06
31902.3319 10.2466 1.0430e+06
31911.6519 21.8908 5.7604e+06
31921.5619 11.1901 1.8413e+06
31933.4819 15.0513 1.5487e+06
31936.3419 11.2494 2.1584e+06
31941.2219 12.0148 2.1584e+06
31953.5120 11.4237 9.3213e+05
31961.1420 21.2352 2.6575e+06
31968.8520 18.9410 1.9025e+06
31975.8420 14.9511 1.4121e+06
31980.9120 11.3747 1.2288e+06
31990.1920 21.8081 3.0767e+06
31998.8120 14.9953 2.6177e+06
32009.7720 21.4700 1.9586e+06
32030.7520 15.6006 4.5273e+06
32035.9320 18.5740 4.3740e+06
32044.7520 13.3544 1.4637e+06
32053.6720 11.6770 2.1730e+06
32065.7220 13.2656 1.4277e+06
32071.3720 14.6529 2.2581e+06
32075.4620 11.7338 2.1343e+06
32080.2820 10.2962 2.5062e+06
32088.5120 16.8423 2.3976e+06
32101.5320 19.4369 2.0261e+06
32114.6820 24.5277 4.7421e+06
32126.0320 12.2858 1.3384e+06
32133.3220 11.1854 2.2818e+06
32141.4820 13.9920 2.9452e+06
32163.1320 13.3638 1.2619e+06
32167.9420 19.9304 5.4191e+06
32179.7520 12.0755 1.7455e+06
32186.2020 13.3573 1.3389e+06
32193.5520 24.0111 3.7772e+06
32203.5820 12.5938 1.4708e+06
32210.9820 19.4943 2.7309e+06
32218.7920 10.5656 7.6580e+05
32227.7220 10.8214 6.0686e+05
32233.1420 17.6275 1.4479e+06
32238.9820 13.6068 3.6395e+06
32268.7920 24.7548 3.5810e+06
32271.0720 11.7441 2.8066e+06
32279.4420 20.6499 3.1222e+06
32283.7520 11.2065 2.2430e+06
32292.9620 15.4293 2.4747e+06
32307.3020 19.0259 2.9513e+06
32335.9420 12.8275 2.3242e+05
32337.9320 10.1587 2.3242e+05
32342.4520 10.0383 1.9978e+05
32373.3520 15.1969 6.6423e+05
32387.5920 10.2629 4.3523e+05
32396.6420 14.3854 4.4304e+05
32409.9220 14.2510 2.5982e+05
32437.3620 11.8213 3.5250e+05
32439.6020 10.0733 3.0861e+05
32533.7020 11.7683 9.0676e+05
32544.2920 17.2669 1.6653e+06
32589.1520 12.6864 5.1027e+05
32620.4120 11.3066 3.3424e+05
32654.1020 15.2262 4.9320e+05
32667.3620 14.6694 2.9487e+05
32694.4520 11.7072 4.8664e+05
32699.3420 10.9530 4.8664e+05
32710.0620 13.9457 3.5129e+05
32721.7220 17.0676 3.8441e+05
32738.3620 18.1551 3.5236e+05
32760.6020 16.1443 5.8900e+05
32776.6320 13.0799 2.3737e+05
32796.4520 11.2411 1.4588e+05
32823.4420 10.1233 3.5227e+05
32825.5320 10.3967 2.7541e+05
32845.6420 13.2134 2.4860e+05
32862.6720 12.7836 2.1585e+05
32866.8720 10.9043 2.7987e+05
32914.9120 11.8655 1.6996e+05
32926.6320 14.7368 3.5979e+05
32999.9520 13.6983 2.4916e+05
33023.8220 10.1965 4.5025e+05
33083.6320 10.6846 7.0239e+05
33176.1820 11.1114 3.7371e+05
33200.2620 10.4851 2.3742e+05
33216.1220 19.5572 3.9546e+05
33230.1620 12.0036 3.2898e+05
33277.8520 11.0623 2.4861e+05
33283.4620 15.1951 3.5510e+05
33289.1220 13.6869 3.0800e+05
33311.9420 19.4383 3.9490e+05
33327.4320 10.7803 4.8493e+05
33332.5320 10.3255 5.1057e+05
33358.7320 10.3717 5.2076e+05
33383.2020 24.4330 1.5360e+06
33398.2120 15.4702 3.2196e+05
33405.0520 16.3134 7.8435e+05
33427.4220 17.9977 5.1004e+05
33444.7020 17.8174 4.0276e+05
33457.2720 12.3172 4.1760e+05
33467.1520 15.5828 5.9772e+05
33474.0020 15.7507 7.6470e+05
33484.9920 17.0305 3.6530e+05
33516.3320 13.7492 1.1783e+06
33520.5220 14.6680 1.2038e+06
33523.3220 11.5696 1.0748e+06
33544.6720 13.2353 6.5688e+05
33547.7820 13.4626 7.4137e+05
33557.5020 15.3796 8.7828e+05
33571.0520 11.6122 4.3317e+05
33587.0920 20.9309 1.0035e+06
33612.4721 21.0590 6.2613e+05
33662.9821 11.3426 1.3840e+05
33714.5921 17.7836 5.2525e+05
33734.0221 10.9913 1.4692e+05
33745.0521 15.9841 2.3858e+05
33783.3421 10.0197 2.6554e+05
33797.5221 12.7244 1.6100e+05
33814.9321 19.7434 5.7691e+05
33833.8421 18.5407 4.3552e+05
33870.5321 13.7691 1.3819e+05
33914.9521 10.4341 1.3021e+05
33928.5221 15.3995 1.0500e+05
33965.5521 11.5002 2.0685e+05
33969.7721 14.1931 2.0710e+05
33979.8521 11.2722 2.8440e+05
33988.3321 13.8264 4.1635e+05
34027.5021 13.3803 1.0747e+05
34078.2621 15.5294 6.3738e+05
34102.7021 16.0127 6.4027e+05
34121.7521 20.1609 5.8205e+05
34141.7221 11.5403 7.0000e+05
34158.3021 13.6074 2.2629e+05
34186.9821 17.5741 6.0799e+05
34345.1921 10.1380 3.9886e+05
34376.7021 12.2236 5.1174e+05
34480.0221 13.3923 1.4381e+05
34487.6621 11.2712 2.2386e+05
34522.1521 11.6313 1.3266e+05
34529.8721 19.3602 3.2235e+05
34550.2321 12.6248 5.5898e+05
34556.0021 10.4191 5.5898e+05
34563.5621 12.0923 2.3589e+05
34569.4721 11.2293 2.5417e+05
34571.6921 10.5484 2.3919e+05
34585.3721 14.8782 3.0583e+05
34597.3421 13.0147 2.9620e+05
34617.4221 14.6868 3.0012e+05
34656.1521 16.5664 4.8789e+05
34675.1721 10.9166 3.3304e+05
34701.6221 12.4826 1.8708e+05
34722.5421 13.6194 3.3687e+05
34737.5821 14.6917 3.0739e+05
34745.5321 17.7403 4.9353e+05
34848.0221 10.2061 1.6803e+05
34877.4821 14.5988 2.9435e+05
34909.6521 10.3741 1.6580e+05
34940.0421 11.8414 2.4430e+05
34952.0121 14.5797 6.5531e+05
35006.2121 16.9306 4.0109e+05
35019.8421 17.9541 5.1061e+05
35044.0921 15.8226 6.4652e+05
35047.4921 16.3423 5.5420e+05
35085.4221 11.5126 3.5416e+05
35090.7621 11.1063 1.9277e+05
35123.0621 10.5283 4.2900e+05
35143.6721 10.8019 2.0735e+05
35166.7321 16.8090 4.4303e+05
35202.6121 12.9904 1.0509e+05
35227.7822 22.2176 2.7340e+05
35239.4922 10.8868 2.6472e+05
35259.4622 10.4071 2.2475e+05
35292.8722 15.9572 7.9119e+05
35326.0622 14.2799 6.7998e+05
35351.5522 23.2539 1.3995e+06
35353.4322 10.5868 1.2467e+06
35371.5222 16.4381 3.3772e+05
35387.7622 16.8532 7.2826e+05
35423.1222 21.6704 1.2218e+06
35455.6922 10.1470 2.3238e+05
35456.5122 16.1817 2.3238e+05
35466.2522 10.8803 2.3591e+05
35473.4222 12.8445 4.0939e+05
35487.4222 12.0381 2.0100e+05
35494.6422 10.6250 3.2206e+05
35515.0822 11.8747 1.7303e+05
35533.2722 19.2273 8.1284e+05
35533.9122 14.0403 6.1160e+05
35543.0922 13.0113 5.5806e+05
35550.1822 17.8317 1.3705e+06
35568.7822 12.6475 9.5602e+05
35575.7222 12.5216 6.8194e+05
35589.8822 12.2150 3.3673e+05
35591.4322 10.3220 3.3673e+05
35632.4122 11.6850 3.1324e+05
35633.2422 12.8911 3.3054e+05
35652.2522 18.4576 6.8907e+05
35658.8122 16.9579 1.2341e+06
35660.9722 11.2596 1.0435e+06
35666.4422 12.8733 1.1261e+06
35701.4322 10.2040 5.0836e+05
35797.8522 13.2963 3.9322e+05
35845.5522 10.1288 6.4681e+05
35847.5822 17.0173 6.4681e+05
35857.9222 13.6626 5.8884e+05
35871.3722 10.9000 2.6673e+05
35879.5222 14.0982 4.6650e+05
35890.2622 10.5611 4.9731e+05
35920.8322 10.7071 4.2435e+05
35939.9222 15.1901 6.5538e+05
35946.7622 11.1639 8.9721e+05
35973.1822 13.3661 6.5201e+05
36014.4222 15.0741 5.4649e+05
36029.6422 21.0306 4.0866e+05
36067.8122 10.9927 3.6095e+05
36077.9022 18.6703 5.2444e+05
36089.3922 20.8169 7.4469e+05
36101.6122 17.9984 7.1999e+05
36135.1322 16.0422 1.1683e+06
36139.4222 11.5608 1.1742e+06
36176.5622 19.2964 1.3370e+06
36197.4022 12.8228 2.9382e+05
36224.5722 11.4515 2.3186e+05
36250.5022 10.4061 3.2432e+05
36288.6722 12.2796 8.3926e+05
36302.4622 14.6112 9.9241e+05
36305.4822 12.1040 1.0881e+06
36321.1322 10.2613 2.3894e+05
36369.5722 18.3832 3.2361e+05
36377.1922 10.6069 2.6543e+05
36460.9722 11.0629 9.2276e+05
36463.9522 18.6502 8.8996e+05
36504.4122 18.2775 9.7404e+05
36505.6722 15.0151 8.9791e+05
36516.6722 10.0068 2.9452e+05
36528.9522 14.0382 4.4721e+05
36535.3822 14.7320 8.4568e+05
36560.1122 15.0749 4.5243e+05
36633.3722 11.9404 3.6095e+05
36973.4023 11.8170 1.0436e+05
36981.6723 11.5950 1.1366e+05
37018.4523 14.8974 5.7227e+05
37145.6423 12.3136 2.3482e+05
37243.4823 11.1550 1.8987e+05
37246.3023 16.0564 1.8469e+05
37259.0523 11.8567 4.8787e+05
37313.9523 12.8315 1.2262e+05
37421.0823 10.8916 7.7712e+05
37436.5323 17.3175 2.8969e+06
37438.7623 11.0180 2.1353e+06
37466.6923 14.3254 1.6548e+05
37493.7223 14.6820 1.5635e+05
37628.2423 10.4662 3.3893e+05
37734.7623 19.8091 1.9308e+05
37763.5923 11.4698 8.0675e+04
37810.9923 14.5654 4.1917e+05
37824.0923 10.7433 3.2416e+05
37832.1823 10.7351 3.2519e+05
37868.4523 10.8306 3.0452e+05
37888.4923 10.9230 1.0500e+05
37922.8923 10.6319 1.3658e+05
37964.2223 10.2684 2.2057e+05
37994.8923 11.0663 1.7648e+05
37997.0623 10.1782 1.7648e+05
38001.9123 12.4524 1.7089e+05
38037.5923 14.3088 8.4120e+05
38061.2923 20.3914 6.7741e+05
38075.7723 13.4580 2.6283e+05
38087.6323 10.7391 7.5065e+05
38123.9423 18.1157 8.6294e+05
38151.3823 11.3753 7.9007e+05
38179.5623 12.9540 2.8318e+05
38187.8223 21.2638 8.9887e+05
38203.8623 10.0925 1.8176e+05
38217.1023 14.4413 5.6108e+05
38273.5023 12.4264 4.2307e+05
38295.8823 18.7824 7.0049e+05
38310.3223 15.5554 7.3298e+05
38327.5923 18.1397 7.7114e+05
38337.5523 12.0907 4.1876e+05
38387.7923 15.4242 6.2319e+05
38411.1223 10.2001 2.2409e+05
38422.6223 17.2997 5.3966e+05
38447.1223 11.2274 7.3480e+05
38447.8723 17.4586 7.2042e+05
38461.9023 12.1300 1.7328e+05
38481.0123 10.5977 1.3182e+05
38540.5724 18.0102 2.0040e+05
38587.5524 13.5192 1.1522e+05
38605.9024 14.1839 1.8442e+05
38667.8624 15.9622 4.3491e+05
38701.7924 12.6533 1.3899e+05
38719.9024 10.6033 2.3275e+05
38727.2824 11.1688 1.7547e+05
38749.8724 17.5079 4.3184e+05
38763.1624 12.1575 2.7764e+05
38785.9924 23.3883 3.7606e+05
38799.7324 14.3734 5.2733e+05
38817.0424 18.8352 2.0693e+05
38835.0924 13.8314 2.3015e+05
38861.1424 11.0821 2.2423e+05
38873.3024 12.1608 3.2772e+05
38887.4124 11.7725 3.0208e+05
38965.4124 12.7431 1.1806e+05
38965.9324 10.0399 1.2078e+05
39081.5424 19.8843 2.7785e+05
39138.3124 11.6812 1.4995e+05
39158.9524 13.4014 1.5986e+05
39197.7924 12.6995 7.1407e+04
39252.6524 11.9866 1.3875e+05
39291.0924 10.8980 5.3181e+05
39293.6924 15.8864 4.4983e+05
39319.2224 11.2061 1.5923e+05
39354.1824 13.6111 1.2941e+05
39361.9524 10.2390 1.9409e+05
39362.6124 11.3395 1.9735e+05
39382.0324 12.8789 1.3073e+05
39396.1524 16.0849 2.3720e+05
39405.2624 13.3519 3.3830e+05
39490.7924 20.1329 9.2340e+05
39540.4124 15.7873 5.0212e+05
39547.9624 16.6719 5.5995e+05
39565.1424 10.2428 8.5503e+05
39565.5024 15.0808 7.7128e+05
39624.4524 19.2422 2.1850e+05
39657.9424 24.0393 1.0729e+06
39765.9324 21.8325 5.6125e+05
39784.4424 18.0837 6.2430e+05
39806.5624 24.1647 1.1148e+06
39821.9924 11.5919 5.0944e+05
39832.3324 17.1954 1.1059e+06
39835.4924 16.6634 1.0792e+06
39860.0724 10.1339 4.4977e+05
39872.9124 15.1404 3.7133e+05
39902.1124 17.5433 7.7862e+05
39931.3024 13.4347 5.8739e+05
39969.8924 14.3773 4.5765e+05
39970.7924 11.8247 4.5521e+05
39972.4324 12.0533 4.1752e+05
40022.7224 20.6911 2.0052e+05
40028.1424 12.4740 4.0451e+05
40029.3424 16.6432 4.0122e+05
40044.2024 12.7659 1.2202e+05
40053.2324 20.0852 3.1055e+05
40078.4124 19.5991 5.2385e+05
40097.6824 11.8840 2.2070e+05
40119.8024 10.3673 3.3777e+05
40164.7525 14.1881 1.6912e+05
40166.4625 11.6859 1.6402e+05
40177.8325 22.3297 2.9197e+05
40235.3725 18.6569 2.6840e+05
40237.9325 11.1935 2.6840e+05
40246.6025 10.7291 1.6469e+05
40259.8125 12.4022 1.5804e+05
40267.9625 14.0418 3.0329e+05
40324.7425 12.7828 3.0879e+05
40331.8925 14.6641 1.7180e+05
40397.7825 12.2570 1.1233e+05
40429.4125 20.4742 2.8339e+05
40445.4625 22.3013 5.2090e+05
40470.2025 11.3799 2.4855e+05
40485.2625 18.5220 3.4360e+05
40542.6425 11.6496 4.9443e+05
40554.9625 10.0327 2.5066e+05
40562.8825 16.6120 4.7419e+05
40576.1625 12.8342 3.0392e+05
40594.8525 11.7785 3.3562e+05
40606.2825 19.7481 4.2615e+05
40622.1225 17.3674 1.1112e+06
40652.7525 16.4938 5.8487e+05
40684.2425 23.7995 1.0507e+06
40698.9925 21.9987 6.7488e+05
40723.0325 15.7350 3.9566e+05
40735.7725 16.6202 2.3854e+05
40746.9425 17.3319 3.6448e+05
40778.7225 15.9069 1.9660e+05
40797.3825 22.9047 3.7768e+05
40809.8925 13.3806 2.2465e+05
40825.6725 21.1547 2.6365e+05
40842.8125 21.9983 7.1621e+05
40862.5225 18.0119 5.9194e+05
40890.0725 11.6667 2.4388e+05
40900.7725 10.3098 2.7906e+05
41001.6425 12.3353 3.6404e+05
41032.8625 11.3893 2.1473e+05
41035.1625 11.6301 2.0619e+05
41056.0325 12.5410 1.3695e+05
41060.2725 15.4271 2.2846e+05
41080.1725 17.1774 1.4044e+05
41087.3325 12.7640 1.7814e+05
41099.0125 10.6840 2.3255e+05
41116.3225 11.3458 2.4537e+05
41128.6125 14.5094 1.2033e+05
41134.4325 16.8381 3.4808e+05
41156.3025 10.3877 2.8518e+05
41159.3525 10.5250 2.8500e+05
41172.4225 15.7387 3.2116e+05
41185.6525 13.5864 8.9852e+05
41194.5725 21.2294 1.8872e+06
41202.4125 17.9179 9.0214e+05
41215.6325 14.3373 3.9972e+05
41227.2025 18.1181 4.3815e+05
41239.1425 16.2637 4.3327e+05
41251.9825 17.1580 2.4421e+05
41266.1525 19.6906 8.2241e+05
41276.2725 13.1033 7.8889e+05
41280.2125 14.0217 4.3579e+05
41294.3925 15.1227 4.2498e+05
41307.6925 20.4018 7.7742e+05
41320.8225 11.4889 6.7486e+05
41321.2625 13.0422 4.9694e+05
41335.1525 15.9035 5.1133e+05
41348.3125 17.6597 4.3679e+05
41361.9025 15.8743 3.8266e+05
41379.6325 22.2810 6.1089e+05
41393.6625 22.3879 4.6948e+05
41410.6425 13.9496 2.3464e+05
41430.3725 10.3947 4.2068e+05
41450.3225 11.5994 2.9729e+05
41498.5025 17.7142 6.8814e+05
41506.1325 11.6529 2.6175e+05
41512.6325 18.2931 5.5363e+05
41526.8825 17.3247 4.7524e+05
41547.3625 10.0120 4.2941e+05
41567.5625 17.3336 2.9739e+05
41582.7425 19.4414 8.5507e+05
41585.1125 15.3308 8.1634e+05
41596.3525 19.4812 9.8763e+05
41618.1225 15.0685 4.4809e+05
41666.1125 12.2345 3.2378e+05
41702.6625 13.2615 4.4600e+05
41715.4725 24.0528 1.3077e+06
41731.9425 18.7561 4.1310e+05
41735.2525 12.8246 3.1507e+06
41736.3525 15.0264 3.1507e+06
41744.5125 12.0795 3.3992e+06
41774.3925 10.2324 2.8198e+05
41780.4026 20.6698 1.5815e+06
41792.0426 19.2009 7.2369e+05
41804.2526 14.7680 2.4209e+05
41817.4926 20.5237 8.1288e+05
41824.9826 10.4936 7.6613e+05
41826.9126 11.1759 6.3035e+05
41828.9626 11.4368 4.2251e+05
41839.4026 17.5976 1.0886e+06
41855.3926 14.0846 5.5232e+05
41861.2526 18.4581 7.2953e+05
41865.5426 10.3613 8.5274e+05
41880.6026 17.8163 7.9236e+05
41894.8226 12.8158 2.7328e+05
41924.3726 10.1331 7.1547e+05
41954.4126 15.9063 1.0093e+06
41955.7126 13.7226 1.0093e+06
41976.8726 12.8557 6.0729e+05
41990.6926 12.8424 7.4245e+05
41996.0926 15.1921 7.4245e+05
42008.7826 13.7962 3.3233e+05
42010.9326 10.2906 2.4278e+05
42016.1326 24.3693 1.3585e+06
42022.2726 23.3817 2.0450e+06
42033.8926 23.8802 3.0590e+06
42035.1426 19.4463 1.9886e+06
42050.3226 25.0984 1.6373e+06
42069.6226 17.1597 8.6388e+05
42079.4726 10.4691 3.3721e+05
42093.0626 12.1280 2.0478e+05
42102.0626 16.4090 2.6558e+05
42104.1126 13.2566 3.5218e+05
42107.8026 13.4371 1.8734e+05
42116.5826 10.6091 3.1942e+05
42136.6526 11.5275 5.8463e+05
42143.0726 16.1895 8.0632e+05
42178.6026 11.9900 2.7146e+05
42202.8026 11.7655 3.8573e+05
42205.2426 10.4492 8.9141e+05
42207.5026 17.4955 8.8140e+05
42334.3926 11.6566 1.7994e+05
42374.5826 15.9003 6.6157e+05
42437.7226 22.9760 2.3265e+05
42464.6026 13.6594 4.4259e+05
42466.1126 10.5851 2.4279e+05
42475.7126 25.5619 1.0102e+06
42492.0626 15.4259 2.3881e+06
42494.9426 22.7446 3.7032e+06
42498.0226 18.7195 3.1831e+06
42502.7826 10.3081 3.3465e+06
42523.2426 12.1568 3.3226e+05
42543.9926 15.6700 1.0253e+06
42553.8426 13.2524 5.7176e+05
42581.3126 14.5274 2.6638e+05
42618.4626 21.2785 2.8687e+05
42634.4226 11.0710 1.7307e+05
42643.4226 14.2018 2.5763e+05
42659.9426 11.7210 2.8634e+05
42726.0026 17.0728 3.5632e+05
42726.6326 11.7813 2.6837e+05
42738.6026 12.7505 2.4552e+05
42749.3126 11.5550 1.9491e+05
42763.3826 11.1598 9.7640e+04
42814.5726 12.3175 1.4517e+05
42847.8826 12.8407 2.0320e+05
42888.2626 10.0452 9.4465e+04
43002.3626 11.7802 2.2840e+05
43027.4826 12.0250 3.2248e+05
43042.7726 10.6624 2.7949e+05
43070.7326 13.4051 3.6444e+05
43117.1626 13.0708 1.0061e+05
43124.5326 10.5182 3.2699e+05
43128.1026 11.0733 3.7160e+05
43222.9126 10.9498 1.4866e+06
43238.9426 18.7352 2.1723e+06
43278.4626 12.4234 4.6558e+05
43290.2526 11.7505 3.3751e+05
43322.5926 15.3749 7.0355e+05
43334.1326 11.6939 3.5414e+05
43407.8726 20.7101 2.8741e+05
43440.6927 21.6355 6.0209e+05
43478.2727 14.5635 6.0059e+05
43501.5127 11.5477 3.9595e+05
43518.0527 13.4655 2.6757e+05
43528.7327 17.6996 2.5923e+05
43535.3427 14.1708 6.7566e+05
43536.1727 11.0249 5.6846e+05
43553.3527 19.1442 7.4538e+05
43564.6327 13.8802 5.0468e+05
43595.0927 13.3917 2.1283e+05
43644.7427 10.2223 2.9974e+05
43658.4527 12.1840 4.6454e+05
43663.0027 11.5035 3.1858e+05
43781.4127 12.6329 2.2961e+05
43834.8227 10.1360 3.4605e+05
43869.7127 22.0128 3.2222e+05
43872.4927 12.4355 2.2181e+05
43880.5127 11.3046 1.4189e+05
43897.4527 14.6894 3.0619e+05
43918.7127 10.2945 1.5211e+05
43963.2927 11.9205 2.7228e+05
44003.1127 10.9496 2.1215e+05
44018.7827 10.1944 1.8038e+05
44042.7727 11.5081 2.1794e+05
44152.4027 14.8888 1.1006e+05
44157.8027 13.4330 1.8893e+05
44237.6627 10.4129 7.9035e+04
44359.6427 15.8179 2.2619e+05
44364.0427 10.4346 1.6161e+05
44392.9727 13.3801 5.5771e+04
44415.4127 11.1966 3.3641e+05
44421.3427 20.3901 3.3641e+05
44436.4327 20.0273 3.1462e+05
44458.8927 16.6372 1.4844e+05
44472.7627 21.3664 1.4725e+05
44490.2827 10.3033 4.6037e+04
44500.2527 11.2653 6.9612e+04
44530.8627 18.7555 2.1293e+05
44539.2327 12.7041 2.2239e+05
44562.1027 13.3892 1.5246e+05
44774.6427 10.3549 8.8302e+04
44775.7727 11.0033 8.4145e+04
44782.9427 13.3370 2.1325e+05
44783.2727 19.0381 1.9776e+05
44815.5427 13.5385 7.1650e+04
45404.7528 10.9673 7.6588e+04
46137.3128 15.7473 1.4601e+05
47154.6129 19.2579 7.1042e+05
48727.8730 10.8125 5.0587e+04
49034.3030 12.0672 1.0194e+05
49116.2730 11.5431 4.2365e+04
49493.4230 11.0498 5.1527e+04
50887.5831 19.7421 8.1129e+04
51464.9331 14.7696 8.4590e+04
52652.8232 18.2162 6.9738e+04
52911.1132 12.0459 4.0839e+04
53830.7433 13.8205 5.2947e+04
54528.9133 10.4168 1.8402e+04
61383.6937 10.0470 2.3220e+04
61573.3138 15.4593 5.0652e+04
61785.4838 10.7132 2.7885e+04
61809.8438 16.1863 3.7555e+04
62750.2538 11.7629 1.3129e+04
63379.3639 11.0897 4.1327e+04
63400.9539 11.3832 3.1347e+04
63994.0439 14.8613 3.4703e+04
64292.9539 10.8919 3.2319e+04
66489.9141 16.0484 7.8392e+04
80043.7549 10.8677 2.4699e+05
80062.1349 16.7278 2.2021e+06
80569.4149 13.8012 8.5089e+04
80781.9449 10.7605 2.0634e+04
80906.1349 16.3662 1.0916e+05
80955.3849 14.4393 1.0094e+05
81133.8650 10.1689 6.4005e+05
81141.5450 12.3548 1.0076e+06
82118.2450 12.7624 1.4688e+05
82139.7050 10.6133 8.2425e+05
82141.8950 16.4481 8.2425e+05
83353.7451 21.7441 9.8424e+04
83400.7651 10.3285 3.8331e+04
84194.8251 14.4966 8.9287e+04
84443.4752 13.8772 3.2429e+04
84933.3552 10.9484 1.6208e+05
86251.1653 14.5505 2.6823e+04
86335.3353 17.6328 6.9501e+04
