37.6900 10.8221 3.7516e+03
165.1300 13.7498 5.0596e+03
1158.6301 25.2139 9.4313e+04
1173.9101 17.3473 3.5061e+04
1181.9001 16.2769 8.5845e+04
1200.7701 22.2239 1.5674e+05
1217.7901 14.8989 3.3560e+04
1251.5101 21.7578 6.5041e+04
1280.9101 17.4118 4.1730e+04
1288.4601 12.7883 6.2524e+04
1298.9901 16.4011 9.0347e+04
1303.2801 17.1161 8.3872e+04
1319.2001 10.1476 6.8151e+04
1337.5201 20.8121 1.0310e+05
1339.8101 15.5487 8.7112e+04
1341.4201 21.4241 7.6623e+04
1355.4001 24.8696 1.1866e+05
1363.8601 19.2262 7.4717e+04
1383.5501 21.1600 5.8825e+04
1412.3001 22.3130 6.6144e+04
1442.4301 23.2540 1.0140e+05
1446.3801 12.2432 7.6346e+04
1456.2501 21.8082 1.6027e+05
1468.9601 15.7992 4.1683e+04
1481.3601 16.3848 5.5943e+04
1503.2201 20.3012 7.5773e+04
1507.3001 16.4297 4.9391e+04
1760.8301 11.3614 3.9859e+03
1773.9901 10.1419 6.0392e+03
2129.5901 18.4428 1.0311e+04
2358.4901 26.0011 1.7379e+05
2370.5801 18.1660 6.1128e+04
2402.7201 24.4131 6.5397e+04
2428.6001 12.7258 3.2948e+04
2432.3701 12.8562 6.5136e+04
2435.0501 15.6018 6.5136e+04
2459.4202 19.0800 6.8038e+04
2467.5502 20.1566 1.3841e+05
2605.6502 12.7471 4.5888e+03
2677.0002 10.4167 3.5890e+03
3691.8802 15.2004 1.0073e+04
4101.8503 25.2228 7.5130e+04
4107.2903 16.5982 8.4866e+04
4118.1903 16.7619 1.2842e+05
4122.6103 19.5477 1.2371e+05
4133.8603 11.5483 7.5624e+04
4135.7803 10.0017 7.5624e+04
4141.1603 20.0105 1.2557e+05
4162.4503 20.7638 7.3405e+04
4170.2803 15.5936 1.0373e+05
4172.0203 10.0204 9.0288e+04
4183.4003 22.8254 1.0560e+05
4188.5403 13.6191 7.3628e+04
4660.6303 10.7243 7.2384e+03
4668.3403 14.6234 8.2485e+04
4669.1103 21.1086 8.2485e+04
4686.6903 17.3498 3.8756e+04
5561.1903 12.5516 4.8203e+03
5696.7103 10.8341 4.5308e+03
6847.0804 12.3867 4.6977e+03
6897.5204 12.7137 8.2423e+03
6976.3904 15.7844 6.8896e+03
7051.8004 24.6099 6.7145e+04
7057.1204 10.7554 1.1937e+05
7072.4004 18.7340 1.3543e+05
7133.4704 11.0864 8.1487e+03
7157.2304 13.8071 4.4150e+04
7181.2604 21.9104 7.9614e+04
7273.6604 11.7605 4.9376e+03
7298.6804 10.4990 5.4111e+03
7968.6205 12.9798 5.9586e+03
7980.9305 10.8121 5.2029e+03
9326.4506 16.7195 9.7735e+03
13085.5608 11.4117 1.0334e+04
13777.8008 10.3777 5.4771e+03
15234.0709 13.3020 9.6402e+03
15865.0710 16.1116 1.4199e+04
23949.3915 21.9117 1.0679e+05
24581.8415 12.0849 2.1492e+04
25865.4716 12.3968 4.5330e+04
25866.9316 11.1106 4.5330e+04
26119.4416 11.0906 1.3646e+04
26545.2816 11.2725 5.3089e+04
26985.7016 11.9724 7.8893e+03
27102.2817 11.1576 9.6454e+03
27338.9917 10.8443 1.4766e+04
27427.4017 16.1700 1.1686e+04
27985.1717 10.4984 1.7778e+04
28077.7217 13.5056 1.6880e+04
28167.8217 11.6360 1.9666e+04
28550.7517 17.2328 8.0086e+04
32955.0720 13.7328 8.4441e+03
33250.2620 14.0583 8.4613e+03
33610.2421 10.4440 1.6148e+04
33761.9321 13.5295 1.6741e+04
34869.3021 22.8209 5.2562e+04
34873.9621 12.4368 4.5225e+04
34874.2721 10.4204 2.4637e+04
34901.2421 13.9495 3.2237e+04
34925.2821 13.0205 4.4517e+04
34929.3421 13.2174 3.7941e+04
35209.0521 24.9566 6.9961e+04
35234.4322 20.7766 4.7995e+04
35245.1022 13.8068 3.9846e+04
35250.7722 19.7177 5.2398e+04
35282.3122 11.9496 1.8621e+04
35406.9322 19.2937 4.3268e+04
35423.2022 13.2267 3.1066e+04
35442.6822 16.1223 3.2851e+04
35462.2222 13.8281 2.8064e+04
35609.5022 13.4747 7.1143e+03
35638.2922 11.2741 7.3060e+03
35659.0222 15.0955 5.3104e+04
35668.6322 18.5766 4.7218e+04
35683.7722 23.2073 8.8662e+04
35689.8222 10.2227 6.6032e+04
35704.3522 20.2347 1.4624e+05
35706.7422 14.3143 1.4624e+05
35727.7222 10.0732 4.4308e+04
35730.6022 11.2721 1.9649e+04
35758.3922 13.2198 3.7929e+04
35769.0522 22.5315 1.7971e+05
35779.3122 13.4758 6.0339e+04
35821.8422 18.6984 7.9824e+04
35830.2022 11.5626 4.9015e+04
35839.5522 12.8327 6.2060e+04
35869.9122 12.9982 2.8829e+04
35900.1622 10.5970 1.2293e+05
35901.6722 17.6069 9.0704e+04
35931.5022 19.1190 7.6752e+04
35933.4722 15.6367 6.1309e+04
35950.6322 18.3236 5.0891e+04
36402.8122 10.9554 4.7021e+03
36997.8523 11.4922 7.3764e+03
37148.3223 10.4692 1.4443e+04
37864.8723 10.0924 1.1267e+04
37950.5123 11.6894 1.0245e+04
38908.6424 10.3812 1.1272e+04
38961.4324 11.3605 9.6185e+03
39439.9624 25.2673 1.1150e+05
39459.5324 13.0961 1.2584e+05
39460.9824 22.3783 1.2584e+05
39737.0024 12.8374 7.3810e+04
39737.7624 12.7514 6.8436e+04
39764.5724 25.0614 3.3755e+05
39810.7024 22.7493 1.5452e+05
39908.2224 22.4695 1.8345e+05
39921.1424 17.0471 9.0460e+04
39943.9024 16.7531 1.9670e+05
39994.6624 16.0981 6.1332e+04
40001.7024 10.3018 1.7622e+05
40224.3825 13.1260 9.8636e+03
41047.1125 10.0065 1.9208e+04
41148.6525 10.7925 3.2673e+04
41933.4826 25.0762 9.7248e+04
41988.3126 12.1654 3.1537e+04
42102.2526 12.8299 8.9677e+04
42279.5426 13.1553 1.2612e+05
42293.8126 14.7484 1.7494e+05
42444.4626 17.9387 1.1250e+05
42563.9626 17.2053 9.3929e+04
43688.2627 16.2771 1.5781e+05
44025.7527 21.4997 8.4737e+04
44037.2727 19.2073 8.8820e+04
46613.4328 14.0388 1.9406e+05
46631.9128 10.1674 8.8995e+04
48398.5830 10.0561 2.3037e+05
49227.0430 18.0933 2.8997e+05
49452.2630 12.9818 2.3709e+05
49612.3130 10.4399 3.0327e+05
49691.3330 11.1277 1.5815e+05
49969.5930 12.7230 1.8667e+05
49986.6831 17.3715 4.3526e+05
50131.6131 13.1958 2.6091e+05
50163.0031 15.0121 3.1887e+05
50163.4731 10.2337 2.1048e+05
50233.8731 15.3899 2.4009e+05
51023.5631 10.7532 2.1881e+05
51028.6831 10.1582 1.5501e+05
51033.3431 12.8098 1.9228e+05
51089.0331 10.1629 1.3372e+05
51216.4831 14.2456 2.0436e+05
51709.9832 10.2389 7.6637e+04
51924.8532 10.7261 9.5090e+04
52017.7032 11.2815 4.8105e+04
52095.0832 13.2157 2.8792e+05
52582.6832 10.1832 7.7726e+04
53045.6932 14.4442 4.0790e+05
53466.8233 15.3893 4.2303e+05
56913.4235 10.9831 5.7710e+04
57314.8835 11.0370 1.7302e+05
57879.7935 11.2502 2.4762e+04
60324.4637 10.0352 1.7713e+04
60623.1237 10.2422 1.4563e+04
60798.5337 10.6001 8.7317e+04
63133.0739 10.1103 4.7625e+04
63994.4939 10.4963 1.5411e+04
65093.3440 10.8517 6.7328e+03
65694.6540 16.5875 2.2641e+05
66878.6241 13.6378 1.9569e+04
69074.6042 22.4510 5.2517e+03
69218.4242 16.0801 6.0207e+03
69304.0442 13.7887 4.3496e+03
71045.5243 10.0356 5.0766e+03
71216.1643 17.2438 1.3819e+06
72457.7244 13.3743 4.1804e+04
72664.3744 11.0012 4.1422e+03
74233.8945 10.4564 4.0551e+03
74526.8145 11.1652 3.7165e+03
75420.0846 11.8078 3.8957e+03
75589.7446 13.6012 1.4358e+04
75651.4246 10.2371 3.6401e+04
77358.2347 14.7364 3.8122e+03
77640.0747 13.9405 1.1450e+04
79084.8448 15.9742 3.4466e+03
79816.5649 10.9425 2.4050e+03
80331.2249 17.4585 5.9767e+03
81927.9350 11.2207 7.7229e+03
83454.7551 16.0826 2.2094e+04
83492.1951 11.6943 2.0381e+04
83562.1551 10.1408 1.2443e+04
84028.9251 10.3005 7.3660e+03
84201.5851 12.3168 5.0940e+03
84486.2052 10.5352 2.6766e+03
84566.9752 10.7099 3.8997e+03
84836.4152 17.0986 1.0915e+04
85054.9952 11.4065 1.1076e+04
85059.6752 14.6915 1.0122e+04
85067.8752 12.8270 9.5182e+03
85115.8052 10.6889 6.8224e+03
85257.9252 10.3993 1.0034e+04
85258.4152 10.7868 1.0034e+04
85308.3352 10.9201 5.6648e+03
86343.5853 12.8868 7.3548e+03
86372.4053 16.2126 8.9602e+03
