121.81000743469284 6.962548147554776 193818.80389582063
259.70001585083105 6.298354506512391 101588.53382419345
683.5300417193629 7.1491680124209545 61927.95060616766
824.8100503424102 8.56193660264024 152818.94096476006
916.4500559356724 6.4123570568207215 79174.22652544848
984.7500601043738 6.291046723726752 193724.85107133212
1093.830066762089 6.565292785447256 383812.85253781616
1095.3200668530314 7.083694377526185 400582.3382882265
1201.6400733422897 8.479176348338406 94105.67504922688
1234.1400753259322 8.417507399635978 194278.672101651
1277.9800780017138 6.31693067618625 69636.29344027775
1419.3200866284233 6.138759865834103 84049.79704516774
1520.4600928015193 6.432546726224794 80646.3127011759
2165.160132150887 7.70829198893405 244941.31811316064
2910.760177658702 6.8637498522931475 144549.56437377786
2926.6701786297717 7.881532094059892 162149.3582622533
2940.960179501964 7.179811289622123 169775.08181434727
4620.920282038592 6.0716884783835 62401.803968156244
5781.85035289614 6.538522133593078 183840.59562259231
5806.520354401877 6.194439688344537 223724.5404279721
6125.1403738489 7.0926832383448755 311949.93037785596
6991.820426746852 6.52363992961668 125323.56246762117
7047.790430162991 7.91078074052663 365460.3473926842
7055.9604306616475 7.971118693051324 285408.0832489178
7842.190478649321 6.581750382155318 431784.6590810312
7849.870479118072 6.101934475100536 276197.1533418803
8833.960539182162 8.320628239734306 222563.17029328377
8835.880539299349 6.3674313590712 239724.79504269955
8851.460540250277 6.112442757816738 164198.59387332585
9110.480556059605 6.689473500474286 79620.33005925734
9298.11056751163 7.021190886450812 83634.21025897887
10892.610664832195 6.471643972646441 90004.63593388148
11385.69069492741 9.932744477219817 678605.5129494718
11410.740696456342 6.900637262211486 286357.60630576906
11454.320699116253 7.83286146926909 116677.93957656165
12200.650744668625 8.22942908092819 109556.9056222475
12756.790778612718 6.088652892743986 41768.89025158019
12764.550779086352 6.182975863082056 41512.10293155993
12819.210782422533 7.118346100328347 54447.26561540075
12964.860791312303 6.354473295324306 59570.342864224454
13036.810795703785 8.694755652619499 859260.942955302
13276.890810357105 6.241178397050722 71891.03022168748
13669.610834326833 6.613684579104255 122805.71242056206
13933.960850461477 8.282077733810349 413764.8278578402
15600.150952157652 7.052741627915465 113690.94104453307
15606.710952558042 6.158933293839503 119705.41151908331
16240.790991259215 6.015825187780702 44876.13746926638
16431.271002885194 7.278430496774487 72043.61315560105
16552.911010309508 6.185997109125257 66233.75213196248
16588.681012492736 6.910355987393414 153950.2712794622
16590.12101258063 7.22148314587237 133062.9508258712
16607.991013671326 6.680544321035612 123878.84875542844
16625.851014761414 6.1964936851999015 59415.3621075953
16794.771025071474 6.036623436807152 132038.0395845415
16845.161028147035 7.802311716763543 80322.44604991826
17084.19104273627 7.236828316771775 62666.16884351828
17173.53104818915 6.590442748623486 61406.495635729625
17233.46105184699 8.247781497668026 134802.24862331888
18090.071104130315 7.1932916977487436 174272.92514254965
19834.751210617138 7.66923602123302 298342.5263340873
19900.671214640577 6.267556904000104 140436.29528231156
19980.831219533156 8.784998029167008 270499.89875068597
20349.671242045362 7.5311903485897576 678784.4778244483
20836.46127175667 7.110972003741963 827578.8664398113
21086.16128699715 7.5348331730719735 518475.2556262723
21803.061330753255 6.4812087197355535 176054.12701564308
22181.231353834923 7.335860958909078 877603.2907789908
23211.791416735316 7.242222654491187 325753.67388472694
23746.991449401332 6.375729756573367 112433.60821015318
23988.07146411569 7.8532642467616895 334419.4266166209
24498.07149524362 7.161305164987864 195967.1471278042
25485.941555538426 6.704903387409788 78975.75485552628
25866.93157879221 6.124758619666929 208058.76568565355
26166.15159705515 6.014654675637788 92032.10701542381
26182.751598068335 6.358286110756692 182371.39013269744
26744.691632366434 6.668904176770872 144348.89147742273
27495.4616781898 6.388600297963396 53286.584740651146
27615.121685493268 6.135074520749717 99949.55000894879
27766.23169471629 6.929540031181849 386667.6507203541
28218.99172235057 6.47762132791911 133939.54314316006
28352.48173049815 6.263602595177496 99123.09389808329
28410.761734055282 6.439912969581664 64324.582938153384
28547.991742431135 6.181769269735314 77763.18721366642
28779.57175656566 6.1903775132648144 119469.65107769214
29441.42179696178 7.382018516906354 950849.7547384315
29925.43182650341 6.687162146931614 72390.4034835903
29983.891830071523 6.467372227524697 135530.30845064324
30278.77184806957 9.420056948314668 225273.0598269716
30371.331853718984 6.6834997907593 103700.90818156362
30491.931861079825 6.218982037329669 69489.36527847701
30593.511867279776 7.141429223973802 90678.9426743375
30662.241871474722 6.012815159209121 87585.44835167105
30677.601872412222 6.338620906285176 87972.47574889506
30849.441882900504 9.417172443694529 215056.51433257476
31777.30193953259 7.184969817587746 184746.59252082722
32333.72197349377 7.129467679187425 161633.18478130247
32528.15198536084 6.599296602124406 52965.58517436898
32736.3919980708 6.716291464932155 52891.68083095063
33169.53202450757 6.376791916861634 81742.91216119986
33857.10206647351 6.768127721267131 79770.20009367689
34449.16210260999 8.120738795438266 221807.75722976797
34577.892110467044 8.10052174087583 303452.4288659884
35244.04215112562 6.63964147974685 1162248.6233518885
35309.77215513746 6.312773833884504 202346.47229560028
35415.442161587045 7.419933824568208 205957.2140510781
36339.29221797438 8.101825054931798 93223.31330254895
36581.05223273024 8.403830841640392 100388.00971360363
37508.33228932692 6.289954161956764 123180.1931036139
37770.80230534682 6.130598568674734 63614.58041202039
38312.59233841506 6.554474020376101 70325.23975397376
38461.00234747329 6.252135723726692 121756.34596369459
39948.09243823806 8.809537661144384 199750.39473199716
39984.762440476225 6.748748687118175 643381.3649492163
40196.192453380885 7.1214406899705995 160059.00322893946
40393.6624654335 7.009340105290847 655812.6776166293
40741.712486676784 6.01278218096137 255742.09949349734
41045.51250521927 7.594091715472136 113295.47331750895
41065.89250646316 6.735198688116974 65674.23219472246
41102.94250872452 6.074316567094887 73164.54174393922
41200.86251470108 7.610997752345911 85040.74971878451
41460.13253052567 8.189758548580656 373772.59468242474
41471.172531199496 7.383247959719946 336942.0546155953
42417.672588969275 6.154790755083475 59996.70221671802
42514.54259488175 6.922813510668512 67848.02924394028
42777.512610932165 6.0726212641325805 149880.30091275394
43073.37262899003 7.016519127514073 64508.100876969795
43227.77263841386 9.049562495279561 156777.59925246055
43444.89265166581 6.22202052863289 142575.83455740192
43980.032684328165 6.4044574119305455 76198.68694167928
44067.872689689495 8.435949171570506 190934.01517535903
44149.09269464677 6.191154930703441 104367.88905313746
44811.612735083785 7.04252572924696 126235.15418243175
44830.24273622087 6.305518858402473 67532.09411468885
45023.10274799211 6.139948147881104 58036.94010743761
45670.622787513596 6.336951192976115 165831.0427688414
45867.932799556445 6.5277362404675605 95118.4307266053
46206.25282020586 6.281797059944463 74775.40645592773
46479.70283689592 6.223191147249919 196936.85047545022
47058.862872245045 6.151117292676401 132825.38009706137
47417.382894127375 6.458141531768505 66284.33094670197
47444.41289577715 7.476668441993924 99601.2649182736
48997.67299058063 7.14627779363806 156523.42039717166
49059.88299437762 6.367959515938409 35136.01650417951
49267.86300707172 6.319030142533889 124916.28006918475
49653.06303058246 6.1280317867479335 80334.2250459594
50285.93306920978 6.567417103950851 56360.53198669605
50533.32308430927 6.1605524262760705 53344.665087633795
50622.28308973896 7.140233785256621 39449.68697976345
50764.55309842243 6.83191579293169 41551.111070253406
51193.16312458271 6.633573661710554 48229.69987698834
51339.72313352802 6.12867281800698 46351.510535891095
51447.753140121655 7.769981468001946 92909.82962660427
51966.08317175801 6.258133109057021 36311.816049598536
51986.003172973826 6.111142302382428 59282.844843301355
52025.693175396314 6.116926361752072 59225.75011171949
52062.01317761311 6.7723560832945715 104555.95869543825
52317.28319319355 6.30256351630867 44134.31683690033
52361.343195882764 6.311706360914053 69537.40607918042
52437.603200537305 7.165923313004131 36974.315575598106
52755.95321996785 7.065318484138355 29216.66332527888
52857.993226195875 6.064577272242317 29382.809332741737
52946.093231573075 6.562575235456336 64770.94359865214
53314.59325406453 7.780588987439985 57615.262690856456
54048.91329888387 6.636121761589246 124159.76340934861
54117.51330307088 6.017983153948299 73453.70130525203
54489.10332575093 6.4804375661977796 36325.259534405435
54709.33333919271 8.128309618869192 49323.38131744483
54813.37334554281 6.672381281276288 41746.646080875355
54987.61335617757 6.3262211895916565 44558.33306929261
55011.01335760579 6.470002327076935 333444.9734687135
55320.49337649496 6.115467615144916 28229.556071712115
55378.54338003805 6.187937472336638 38782.03617832869
56236.123432380584 8.082307758322576 49295.615432345454
56254.21343348471 7.278552227197074 36377.114350474
56409.78344297995 7.745741414344145 43263.81848648354
56443.55344504111 6.2258845313195605 28231.662799762948
56638.27345692587 6.278574826051695 31408.098381150245
56856.63347025351 6.229888125191754 26062.446739243427
57066.48348306173 6.262850056230104 33864.648472488574
57105.49348544272 8.079578569744173 35681.04747761814
57163.80348900168 6.314926413916942 21444.56056559706
57218.12349231711 6.18424741918079 28572.98093558524
57264.30349513571 10.329555493069812 72858.74213272138
57441.31350593954 6.185990493420522 18302.460222727866
57891.783533434056 6.38786723458116 18363.559843413048
58088.603545447 6.729643987144758 16512.789392497525
58203.79355247763 9.18238554721465 29875.19340759944
58228.083553960176 7.103562900585115 22702.58239107852
58827.99359057578 6.708269230752475 20565.732497643374
59011.11360175254 6.658815767740469 36673.210816584615
59063.303604937966 7.517350721421233 20570.907271800923
59140.89360967368 7.515650263685864 30196.617279108326
59164.283611101295 6.809958554095138 42584.08200311595
59164.95361114219 6.712217506863415 34937.698795008364
59194.47361294395 7.915779211113107 43328.28582111397
59206.78361369529 6.180283971591797 40752.5743227937
59224.87361479941 7.728578142507085 40673.94128877414
59240.633615761326 7.398828090855373 33057.64118605733
59258.863616874 6.268329319994054 54534.56077121518
59284.43361843467 6.171812133948946 19524.564328984612
59314.55362027305 7.238064121320968 57094.22587999856
59424.42362697898 6.1747280225163905 23936.00020816183
59492.44363113059 6.077486731675382 49356.85755668376
59493.453631192235 8.74914245856808 49356.85755668376
59575.753636215435 6.1537939621490745 13762.59192486529
59658.0336412374 8.054447273725543 25659.487319301454
60110.783668871074 6.376238669143331 12807.618337096166
60154.21367152183 6.579068255636233 63862.499244065344
60155.03367157188 6.294474851424786 73283.69027103744
60282.41367934654 7.372044687310179 43898.24838797523
60479.22369135887 6.170516153292439 48525.94095517132
60533.693694683454 6.756937318366098 22387.555076785502
60559.88369628196 6.06058845456525 34266.17099693155
60560.90369634422 7.965953847134248 48770.99871520628
60600.583698766095 6.9482818243676 41174.72729326793
60647.66370163963 8.142348472507035 22848.107626940975
60668.473702909774 6.092196064949841 26490.09912983339
60730.98370672508 7.567760758026647 19139.364953594824
60793.483710539775 7.019290191957028 29949.84156076658
60826.183712535625 9.848653521923938 60109.11420471951
61143.15373188194 6.6191346905066455 31250.36315502687
61199.99373535118 7.970399182755801 71015.05986193544
61226.583736974106 6.868231885358966 30408.50040540983
61760.95376958946 8.540240252202974 39416.244315099844
61799.463771939925 8.319022817557801 36869.096794585246
62364.773806443714 6.1611321702661215 19290.53202002339
63269.773861680536 7.699243575192552 33790.41303210269
63304.66386381005 6.745394167403767 18501.754446952604
63653.543885103994 6.590315399715834 18910.383024158116
63836.97389629968 6.677343138179581 16017.188493245038
64923.6839626272 8.667396030812933 41465.307684826344
65619.80400511499 8.262931046608776 39522.76942391636
65695.46400973291 7.869515666006743 325736.68769063737
66671.33406929529 6.114939753746847 10593.837489395863
68262.18416639308 6.339859934619961 28031.417937442708
68862.60420303981 7.286463852158937 17481.6909458654
68919.4842065115 7.705745971731986 17964.964563486443
69074.57421597742 7.2612913805750665 13097.685074426321
69683.35425313441 6.008066336266639 17900.84603064797
69713.03425494595 6.60395708242969 19862.00356844179
69734.99425628627 7.457016984161941 30998.545147825447
69793.99425988735 6.705745191269077 13218.010162532722
69800.02426025539 8.744368904981838 26165.62647844354
69902.65426651943 6.022450901266085 15527.770696077867
70771.98431957912 6.149449940865494 16408.869666057533
71216.65434671963 7.729206020897254 1799665.1724075014
72022.52439590603 8.459548066222556 33862.56944665843
72125.01440216153 6.400441409605978 20121.57145248091
72217.35440779751 7.555990926333675 34367.658147849754
72919.81445067227 6.839479463630855 17580.744159594396
73999.5745165756 6.344986389877732 15821.217696347012
74053.71451988004 7.2659867480536215 32645.731037102963
75160.59458743864 6.6955557556123 13467.307174487392
75642.78461686918 7.157975490225023 17672.893562821748
76085.08464386503 6.171811867420488 11462.630217507993
76406.36466347441 7.6662447077206 33484.11867436145
76473.05466754484 7.057843347187354 46583.46789100744
76629.4146770883 8.014436023357485 16404.501378184726
76913.36469441923 6.0385474045702345 11505.171701268373
77390.04472351348 6.6443420804699915 22236.693568449446
77642.24473890653 7.696677937803268 30778.224102061482
77694.78474211333 7.3476353635800775 23690.224226253235
77720.20474366484 8.036192390558108 20376.803505812142
78330.44478091094 6.038755450007994 19339.060665932073
79533.79485435759 6.279490139452639 14229.025024698949
79719.71486570526 6.604549041251652 16809.679740522657
80013.80488365509 6.943661469423568 17851.77109101389
80226.01489660736 7.9075687765069205 19396.750835640814
80332.77490312347 7.842180290558133 30030.9010928114
80534.52491543732 6.531965087578906 15511.109893327337
81006.57494424896 7.627137830816973 16569.60328706967
81026.38494545806 6.680453845850074 13181.085373371707
81488.74497367829 6.1737368620338176 12621.817847769957
81602.4649806192 8.151991954147498 17679.47543641386
81699.57498654633 6.062376385997102 14736.104005566229
82100.89501104095 7.003571772671763 26100.366545138102
84673.86516808259 7.057380378808776 38703.96607991252
