96.8400 12.5403 2.0930e+04
235.2600 13.5710 2.2077e+04
253.6400 21.6561 4.5816e+04
279.6400 13.7486 3.3077e+04
301.7000 11.1717 3.0028e+04
369.4900 11.3140 1.7081e+04
438.0100 12.1149 3.1990e+04
474.4100 11.1879 2.6407e+04
479.6800 13.7101 4.0878e+04
510.3000 14.1788 2.6128e+04
516.4000 10.9695 4.8241e+04
523.2600 12.8398 3.3915e+04
536.9100 12.0419 1.9690e+04
541.7000 13.0926 2.3833e+04
567.3300 14.4862 3.8458e+04
574.3100 14.0389 5.1181e+04
585.1400 10.5316 3.7191e+04
655.4900 16.3797 4.0441e+04
669.3600 11.9603 9.0065e+04
678.7900 11.9460 1.0253e+05
834.6901 11.1701 7.1734e+04
857.0301 11.5109 5.1875e+04
891.3601 16.6723 8.0514e+04
892.0501 12.5764 7.0748e+04
1181.3301 11.3610 3.6575e+05
1248.8601 10.9310 7.3032e+04
1279.7701 12.3997 8.6654e+04
1358.3501 11.9410 3.8958e+04
1371.5501 12.0620 5.3923e+04
1437.9601 11.7456 5.4311e+04
1453.4501 14.0713 1.0551e+05
1519.2601 10.2164 4.5988e+04
1735.7901 10.1479 6.3331e+04
1765.7801 12.0342 9.0770e+04
1808.7101 10.0296 1.0639e+05
1843.9001 10.6839 1.4565e+05
1844.4601 11.7478 1.4565e+05
1886.0001 13.1242 2.4708e+05
1888.2601 15.4559 1.8845e+05
1904.5001 10.5494 5.1781e+04
1915.1501 10.0172 8.8169e+04
1919.1501 15.8486 7.3053e+04
1969.7001 10.9156 1.1153e+05
2017.5601 12.6920 4.2034e+04
2055.2501 16.5376 3.5018e+04
2083.9201 11.3467 5.6993e+04
2174.3201 10.3838 7.0898e+04
2282.2601 10.0594 7.7971e+04
2301.2801 10.4659 4.1559e+04
2346.3501 10.2972 3.9993e+04
2376.5401 15.7772 7.9572e+04
2428.6801 10.4960 3.4692e+04
2433.5801 10.3879 8.2300e+04
2438.8901 11.1135 5.4310e+04
2487.9002 17.7247 2.6183e+04
2510.2702 10.1037 1.7375e+04
2517.0602 10.0981 1.2885e+04
2607.2802 10.5347 1.8125e+04
2782.8402 10.7610 5.7131e+04
2797.9302 11.9140 3.3055e+04
2802.2602 18.8507 5.7899e+04
2865.0002 14.1624 3.7060e+04
2888.9002 11.6164 1.4298e+05
2914.9702 12.7932 1.1538e+05
2918.5902 15.0028 1.0049e+05
2929.1702 18.7953 8.0096e+04
2934.8202 11.2700 1.7757e+05
2936.5002 15.4379 1.3400e+05
2993.3702 13.7043 4.4005e+04
3006.0302 13.0606 9.8010e+04
3047.0302 12.5907 5.5990e+04
3095.8302 11.0299 7.2714e+04
3124.9502 11.1353 3.2901e+04
3135.4602 11.0334 6.8110e+04
3155.0202 12.6466 4.7289e+04
3163.6302 10.9542 6.8778e+04
3215.9802 12.1191 3.4666e+04
3250.2502 13.5934 7.2310e+04
3355.0402 10.6631 3.1821e+04
3372.8702 11.6586 4.8014e+04
3397.9302 10.3856 7.4880e+04
3398.4802 14.3962 1.1179e+05
3425.3802 10.4680 3.2810e+04
3432.6702 11.3644 4.4549e+04
3542.1402 16.1273 5.4140e+04
3574.0902 10.7343 2.9637e+04
3599.1902 11.4558 1.0279e+05
3622.2202 10.6167 3.2017e+04
3670.7002 11.7510 1.9591e+04
3678.5902 21.4428 4.0195e+04
3815.0402 11.3234 2.2795e+04
3912.2102 11.0919 5.8673e+04
3973.5402 21.2665 4.4421e+04
4023.1002 10.6635 1.7810e+04
4139.0503 14.1043 1.3403e+04
4142.6103 11.4407 1.3975e+04
4244.3203 11.4566 2.0025e+04
4341.3403 11.0012 2.6975e+04
4346.1503 10.2354 1.7127e+04
4350.9103 11.4826 3.3832e+04
4378.5403 10.4511 2.4922e+04
4449.3103 10.0561 1.4584e+04
4482.5903 20.6457 3.8615e+04
4498.2603 13.7342 1.9002e+04
4536.1403 12.2061 1.2753e+04
4597.3303 15.1353 2.5682e+04
4600.4803 12.2694 3.5145e+04
4607.0103 10.6400 8.8385e+04
4675.6403 13.4609 7.6970e+04
4696.5503 10.2123 3.9639e+04
4712.1203 10.1999 3.2194e+04
4741.1003 12.0726 9.3732e+04
4789.4503 10.3046 6.0821e+04
4816.3203 14.0695 3.4031e+04
4892.9903 13.5563 3.8792e+04
4893.5603 14.5818 3.8792e+04
4928.9303 10.0829 2.1786e+04
4998.4203 11.5977 1.2953e+04
5012.9403 12.6779 1.0771e+05
5014.7103 10.0455 1.0771e+05
5058.7003 14.9672 4.5174e+04
5091.0403 13.4003 2.3312e+05
5107.0903 11.5901 1.7863e+05
5230.2103 12.3737 7.0134e+04
5295.8403 11.6849 4.0971e+04
5342.0403 12.7620 2.1308e+04
5403.0003 11.4733 4.8319e+04
5417.7903 11.4658 3.2786e+04
5426.5203 10.2044 6.8218e+04
5439.4703 10.3299 2.9869e+04
5486.7903 10.5872 3.4725e+04
5776.9504 11.7940 2.0092e+04
5876.9604 12.2170 2.9508e+04
5936.0404 18.8317 2.3464e+04
5950.0004 10.4443 2.0569e+04
5972.5004 14.8552 1.4693e+04
5986.7504 10.6818 1.4040e+04
5994.4204 16.9752 1.8646e+04
6027.5504 12.1653 2.3674e+04
6032.3604 10.9830 2.0446e+04
6135.3404 11.4887 6.7272e+04
6160.7104 12.0674 2.5742e+04
6166.2504 12.7783 5.9203e+04
6167.2104 13.2665 5.9203e+04
6177.4604 15.3521 4.4250e+04
6184.7904 12.3869 3.6043e+04
6190.9104 10.5040 4.9540e+04
6195.7804 11.1907 7.2173e+04
6206.6104 12.6781 2.2942e+04
6217.4004 17.5345 3.2367e+04
6231.0904 12.9868 3.4022e+04
6238.3604 10.8017 4.0509e+04
6241.5004 14.1140 4.0509e+04
6260.7804 12.5422 1.6529e+04
6279.1504 15.9624 6.4451e+04
6281.0704 11.0309 6.3280e+04
6283.8704 13.7284 3.4465e+04
6293.6304 10.6162 5.8912e+04
6311.0804 12.7086 5.3104e+04
6357.8904 10.2105 1.2864e+05
6383.4004 11.9550 1.4529e+05
6392.9204 10.0841 1.7282e+05
6395.2904 18.5480 1.8365e+05
6400.4504 10.8064 5.9499e+04
6439.1104 18.5181 8.5222e+04
6440.5004 16.5132 7.2745e+04
6496.7704 16.5596 4.8578e+04
6518.2604 19.4978 4.2516e+04
6524.2704 14.7302 5.2836e+04
6580.9204 10.1295 1.7655e+04
6587.0904 14.7600 3.6538e+04
6626.3304 22.4750 5.3239e+04
6648.0904 11.8105 3.2642e+04
6649.3904 12.1952 3.0559e+04
6670.1704 12.6439 5.8375e+04
6717.4804 15.8380 3.8509e+04
6731.2304 17.9677 6.2740e+04
6761.3604 13.8161 3.1301e+04
6791.1604 10.7632 1.5625e+04
6806.5904 10.1993 3.4701e+04
6816.9004 16.3914 7.7657e+04
6832.0704 15.5367 2.4913e+04
6844.8704 10.3186 8.3852e+04
6865.2304 16.6470 9.2768e+04
6907.1104 10.1901 3.0623e+04
6916.9804 11.7650 3.5878e+04
6933.8904 12.3484 3.5514e+04
6941.9304 14.5680 4.4847e+04
7235.5004 15.5547 2.2236e+04
7244.2804 10.2093 1.5616e+04
7256.2804 10.9986 4.8606e+04
7285.1504 12.2248 2.8736e+04
7432.3705 12.0807 3.8634e+04
7437.5105 10.1840 6.0392e+04
7439.6605 11.2919 3.2308e+04
7447.4605 12.3383 3.0525e+04
7450.7305 12.6552 2.6344e+04
7468.7105 21.2926 7.7468e+04
7479.4905 16.3555 3.5608e+04
7494.3605 13.5126 1.9919e+04
7548.4705 10.9722 1.6261e+04
7556.5105 14.1604 2.3126e+04
7596.1905 12.0949 1.7587e+04
7601.2505 15.3345 3.0142e+04
7617.3205 12.7584 7.1653e+04
7619.2405 11.4887 7.1653e+04
7638.0805 11.1890 2.0130e+04
7646.0605 12.1147 2.3002e+04
7655.9605 12.8048 1.4491e+04
7682.7305 19.0888 2.3596e+04
7690.2905 15.3888 2.3801e+04
7706.5205 11.9615 4.6995e+04
7735.6605 17.2523 1.2874e+04
7760.0605 13.2189 1.7328e+04
7768.9205 10.0871 1.4606e+04
7778.9205 19.0951 5.1613e+04
7792.1205 17.6880 2.2026e+04
7796.3505 19.1783 4.6074e+04
7801.7005 11.7617 3.2736e+04
7823.2805 11.6615 2.9174e+04
7826.4805 15.1614 3.1355e+04
7832.0405 11.2587 1.7747e+04
7842.0105 10.3742 3.0072e+04
7855.8805 10.3635 9.8732e+04
7881.2905 14.6929 5.6956e+04
7921.3405 10.3263 5.1692e+04
7937.5405 11.1954 5.7627e+04
7969.4005 11.1395 6.5844e+04
7988.2205 11.8676 6.4114e+04
8016.0505 11.3111 1.4218e+05
8062.9205 10.7858 8.4406e+04
8093.2405 10.1757 8.7514e+04
8118.8405 10.4230 1.0865e+05
8225.3105 15.1137 5.9423e+04
8269.8405 17.2588 3.3099e+04
8279.1305 10.2556 1.6236e+04
8303.3605 14.1682 1.3471e+05
8304.9105 13.6131 1.3471e+05
8329.7805 14.2228 3.6495e+04
8395.6305 11.3275 2.2217e+04
8503.8005 10.1835 2.1331e+04
8555.7805 17.8672 4.6776e+04
8557.0205 11.5706 4.1819e+04
8564.4605 10.6021 5.8072e+04
8572.2405 13.1069 7.9652e+04
8624.1005 16.1519 3.9576e+04
8630.9305 11.9954 5.4445e+04
8646.2405 13.2804 6.4075e+04
8656.0705 11.7138 4.4323e+04
8667.7805 12.7816 4.3647e+04
8673.3805 10.2726 3.3133e+04
8684.7605 11.2629 5.8587e+04
8696.2405 13.4319 5.8514e+04
8698.0305 15.1634 5.8514e+04
8716.2405 16.4203 2.8137e+04
8729.6905 10.6990 4.2640e+04
8737.4105 12.0571 2.7810e+04
8744.6105 17.7358 2.6099e+04
8781.3905 20.4826 3.9747e+04
8873.7405 10.3920 5.3283e+04
8876.4505 14.0753 3.0811e+04
8882.9005 14.9705 2.8945e+04
8907.2105 10.3469 1.0258e+04
8912.3205 13.8369 3.9184e+04
8912.7405 11.1936 3.9184e+04
8933.7305 12.9086 1.6798e+04
8974.5805 14.5295 1.7938e+04
8987.3405 11.3283 3.0615e+04
9009.9105 10.7777 5.2315e+04
9020.2906 12.5069 2.6979e+04
9024.5806 12.6423 2.1299e+04
9045.9906 12.4978 3.3508e+04
9112.7206 11.6884 3.3099e+04
9168.7206 10.0059 5.0811e+04
9176.5006 10.6761 3.1701e+04
9198.2406 14.2420 1.9572e+05
9219.6606 10.6426 5.7771e+04
9227.3906 13.3468 7.4736e+04
9228.4106 10.4335 7.4031e+04
9238.9306 11.6332 7.5287e+04
9255.9706 10.5420 2.6340e+04
9270.4106 12.0815 2.8395e+04
9275.5906 15.7331 5.8697e+04
9287.5606 11.0599 1.0955e+05
9290.7906 12.6126 1.2574e+05
9314.5806 12.1138 6.2016e+04
9318.3006 16.3379 4.6621e+04
9322.9206 10.5441 2.3553e+04
9329.4306 19.4588 5.1357e+04
9360.3206 14.9107 3.3300e+04
9371.0806 14.6133 5.1713e+04
9445.9906 10.3653 4.8851e+04
9460.5206 11.4778 6.1882e+04
9522.7906 13.1141 5.7645e+04
9560.9106 20.9374 5.0388e+04
9581.0306 14.0474 5.3224e+04
9630.1406 10.8000 2.1003e+04
9649.5706 12.3727 3.7438e+04
9667.3806 12.2117 2.8024e+04
9685.2706 16.1911 2.6137e+04
9700.6506 11.7675 2.2412e+04
9723.8206 11.2873 2.8239e+04
9750.6706 16.5754 2.6357e+04
9766.0706 18.0389 5.2984e+04
9891.3606 17.7371 4.0311e+04
9979.6806 13.7293 4.3753e+04
10043.6806 19.2409 3.9783e+04
10056.1006 16.0032 5.1909e+04
10066.0006 15.4738 7.1019e+04
10091.3606 14.6075 3.8499e+04
10097.7306 15.5650 7.1814e+04
10117.3006 12.0495 5.1045e+04
10125.6206 20.8612 9.5143e+04
10166.9006 12.8080 5.1134e+04
10175.5706 11.2180 7.2631e+04
10204.6906 13.9743 2.3829e+04
10229.5106 16.0150 2.7085e+04
10264.5806 10.7117 1.5093e+04
10275.7806 13.2482 2.9618e+04
10281.8806 12.8231 2.6697e+04
10318.7606 18.2928 4.2205e+04
10366.6106 11.1530 4.1685e+04
10405.1606 10.1391 4.4739e+04
10489.3206 10.3296 3.6905e+04
10523.3706 19.8711 4.3154e+04
10531.7306 13.1864 2.6152e+04
10537.3806 11.6706 3.2240e+04
10563.7906 13.9141 5.4521e+04
10567.2706 14.6587 3.2130e+04
10572.6806 16.8028 3.5439e+04
10583.7206 11.8928 1.8556e+04
10589.3506 18.4095 4.1547e+04
10601.9106 21.9084 4.7154e+04
10625.0406 14.3429 3.6056e+04
10626.2406 10.1329 2.8039e+04
10631.4806 21.6881 4.8591e+04
10651.8607 17.2345 3.7921e+04
10658.7207 10.0476 4.7729e+04
10662.1807 10.9378 2.4422e+04
10840.0407 13.5866 6.1944e+04
10855.3007 12.8551 4.1317e+04
10883.9507 13.9131 3.6456e+04
10921.5007 13.9561 3.0161e+04
10939.0507 14.2061 3.8785e+04
10977.3107 13.3458 2.3482e+04
10986.6707 13.2813 2.9286e+04
11017.8507 14.8890 6.0658e+04
11030.1707 11.3079 3.3246e+04
11050.9907 11.6131 2.4484e+04
11090.0607 12.5930 3.2965e+04
11094.5107 11.4894 6.5491e+04
11096.3507 13.1364 6.5491e+04
11118.0607 13.4004 3.1158e+04
11391.0107 12.0581 9.0652e+04
11391.6707 10.9444 7.7894e+04
11442.0707 13.5066 3.4624e+04
11451.4207 10.2685 5.6387e+04
11453.1207 10.3595 5.6805e+04
11461.9907 12.4405 7.5808e+04
11731.6007 11.3030 6.0556e+04
11734.9807 12.4387 6.0556e+04
11752.9907 17.5007 2.5327e+04
11757.6607 10.9235 1.6807e+04
11762.9607 11.5053 1.8979e+04
11776.4707 16.6780 3.1917e+04
11788.7207 10.2974 3.7683e+04
11789.4507 14.6268 2.5376e+04
11792.9307 10.4820 1.7913e+04
11808.5107 16.3988 2.1406e+04
11815.7507 10.1131 1.4994e+04
11822.6407 16.8305 1.7760e+04
11850.7307 11.8677 1.7050e+04
11873.0907 16.0778 1.9614e+04
11904.5607 12.1653 1.8941e+04
11925.1007 13.8104 2.0736e+04
12021.1207 15.0062 3.4307e+04
12023.3907 10.0872 1.8283e+04
12058.2407 18.3787 2.3916e+04
12064.4307 10.8460 1.5961e+04
12069.4707 16.7047 2.5319e+04
12074.1007 14.4896 1.8556e+04
12079.2707 18.7593 2.4916e+04
12093.2007 13.1033 1.8247e+04
12119.1907 12.3016 2.2174e+04
12123.6307 18.4495 3.7209e+04
12137.3107 13.8942 3.7024e+04
12149.2307 10.2466 2.8225e+04
12207.4107 10.5733 2.2741e+04
12222.3807 12.1045 2.6664e+04
12229.7207 10.8828 9.4638e+04
12265.7707 10.7912 1.7434e+04
12274.4507 11.2281 3.8428e+04
12296.9308 10.7009 3.3026e+04
12301.9308 10.8984 4.1885e+04
12337.2608 10.5212 2.4893e+04
12360.4008 13.2537 1.7312e+04
12365.7508 16.6848 2.7830e+04
12370.8308 13.9490 1.8974e+04
12377.1508 11.4174 3.3878e+04
12380.5008 16.9309 3.1502e+04
12405.4308 10.7671 2.3731e+04
12411.9208 15.1032 7.4223e+04
12422.8808 18.7845 5.4872e+04
12434.1908 10.5729 1.8112e+04
12439.7608 12.5824 3.3656e+04
12451.1308 11.7842 2.5669e+04
12466.3108 18.1229 3.7522e+04
12496.0408 15.4037 2.9290e+04
12501.3008 13.5499 2.5917e+04
12511.8808 10.1502 2.3753e+04
12531.0508 13.8439 3.0572e+04
12538.0708 18.0984 3.2662e+04
12543.4608 11.2109 4.1720e+04
12545.6708 13.7201 2.8974e+04
12551.7008 13.1033 3.1346e+04
12555.2708 12.3119 2.6022e+04
12559.0408 14.2958 4.2470e+04
12561.0008 13.4106 3.0696e+04
12575.2908 16.2278 3.0501e+04
12577.5108 15.5773 2.1273e+04
12587.9708 12.4885 3.4763e+04
12605.1308 13.7777 3.4116e+04
12608.0008 14.3546 2.0174e+04
12622.1408 18.8619 2.6450e+04
12635.5608 10.3972 3.6939e+04
12638.7008 16.4122 2.8758e+04
12646.0308 16.2502 1.7703e+04
12654.7808 12.0701 1.7196e+04
12665.3308 11.7888 1.5303e+04
12671.6908 15.7554 2.7861e+04
12673.5208 11.7355 2.0545e+04
12686.8308 15.3084 1.8081e+04
12696.8108 11.6673 2.8886e+04
12698.0708 17.8388 1.7087e+04
12705.3008 13.3051 3.0517e+04
12712.3608 15.0346 2.7260e+04
12765.8208 12.2202 5.9806e+04
12804.0508 20.6169 7.4538e+04
12815.5208 20.3647 6.8741e+04
12827.5808 13.3407 3.9767e+04
12850.9808 13.9234 2.5591e+04
12859.1608 16.8675 3.3629e+04
12862.7108 12.4652 2.1553e+04
12880.1808 12.9614 4.4387e+04
12881.9708 14.6021 5.1749e+04
12924.7108 15.2956 3.8744e+04
12928.2508 13.6262 2.8150e+04
12952.9208 10.5605 2.4698e+04
12955.5208 17.3410 2.8935e+04
12964.4308 10.5208 2.6994e+04
12970.1008 10.7647 2.9499e+04
12974.7008 14.6038 3.0105e+04
12995.7508 15.7570 2.3209e+04
13070.5308 10.7859 4.0617e+04
13141.4708 11.6960 3.1914e+04
13149.0008 12.9311 5.2840e+04
13153.7808 10.0116 5.2840e+04
13241.6208 12.0118 3.6458e+04
13258.1808 14.3393 2.8471e+04
13261.0808 10.4200 4.4626e+04
13269.6108 13.3207 7.7347e+04
13281.9908 14.9546 5.3147e+04
13285.4308 16.7965 6.2813e+04
13286.1308 12.1307 5.9913e+04
13300.3808 18.0666 3.1600e+04
13311.0608 11.8855 2.5765e+04
13315.0808 14.3464 2.7817e+04
13337.4808 10.2561 3.0041e+04
13339.5808 10.5678 1.9678e+04
13344.1908 15.4355 3.7389e+04
13378.6608 11.1823 7.8372e+04
13389.9008 10.1630 3.1149e+04
13395.1208 13.5169 2.4926e+04
13399.8608 13.0071 8.3137e+04
13406.7708 10.8792 8.6576e+04
13414.2608 10.8211 1.6045e+05
13430.4808 12.7255 1.0677e+05
13453.3708 11.1358 3.1234e+04
13464.9908 11.7024 1.7027e+05
13466.0408 13.9688 1.5395e+05
13472.3508 10.6775 1.7601e+05
13523.7408 10.5591 4.8931e+04
13531.1808 10.3809 9.4969e+04
13532.9208 12.0131 8.8788e+04
13542.3908 10.5791 3.1874e+04
13550.5608 11.6383 1.1785e+05
13552.2908 10.3450 9.0767e+04
13559.0108 12.0221 5.8435e+04
13568.5508 10.6004 2.2234e+04
13578.3408 11.7458 2.8518e+04
13580.8308 11.0803 2.5400e+04
13589.0708 15.3351 2.8942e+04
13599.6708 10.8300 3.1963e+04
13616.5008 10.4272 2.8257e+04
13627.2108 10.0192 3.1908e+04
13634.9808 10.9857 3.8945e+04
13642.6408 10.6564 6.0770e+04
13656.7708 11.7836 1.2178e+05
13673.2908 10.3063 5.2085e+04
13673.9108 11.9803 5.2085e+04
13692.1908 13.9462 7.0001e+04
13706.9908 11.1441 3.6879e+04
13709.5308 12.7942 3.1723e+04
13715.4308 10.4676 3.0905e+04
13720.8608 12.0622 4.4135e+04
13729.3908 12.3907 6.4320e+04
13763.2608 11.0740 2.5951e+04
13789.9908 10.1945 3.0599e+04
13792.3608 15.8740 3.0821e+04
13804.9108 10.7935 1.3499e+04
13810.2508 17.3285 2.4678e+04
13819.6408 13.8726 2.4960e+04
13831.1208 13.9939 5.8120e+04
13867.6808 12.7772 2.8305e+04
13874.8308 13.8638 2.6353e+04
13889.3708 16.5100 3.2424e+04
13894.6808 13.8811 4.6231e+04
13905.6908 11.6859 2.8600e+04
13909.3808 10.7064 6.1355e+04
13913.1308 10.2811 5.2935e+04
13925.4408 11.6903 2.1748e+04
13934.8009 12.2628 3.2804e+04
13943.6509 12.5118 4.8975e+04
13962.3309 14.6037 1.8748e+04
13970.5309 15.3550 5.7788e+04
13984.2009 12.2306 3.8689e+04
13994.0309 12.0141 3.0081e+04
14006.7009 15.5253 3.1304e+04
14015.8909 12.3522 3.5255e+04
14019.3909 13.0323 3.2547e+04
14030.7209 15.4067 1.9780e+04
14035.7809 11.7377 3.8003e+04
14039.8209 18.3747 5.7456e+04
14047.4509 13.9859 5.3053e+04
14060.7009 16.1953 3.2336e+04
14065.5109 10.1787 6.1172e+04
14068.9509 13.3814 6.1172e+04
14073.7709 12.9660 3.2797e+04
14075.1709 15.0551 3.2376e+04
14089.0709 13.9718 3.2205e+04
14092.2409 15.3272 3.2205e+04
14099.3909 13.3540 2.1810e+04
14112.1709 15.2224 2.4806e+04
14115.5009 13.9838 3.3576e+04
14125.2509 10.4427 2.9409e+04
14136.6909 16.8331 3.7959e+04
14138.7109 12.4951 5.8919e+04
14141.7409 16.9865 4.5811e+04
14184.8509 14.6269 3.6489e+04
14192.8509 11.1061 4.1625e+04
14205.6809 10.2270 3.4486e+04
14221.9009 13.3377 4.3642e+04
14229.7209 12.5325 2.6317e+04
14254.0509 10.8073 2.5698e+04
14258.9109 12.2472 4.5710e+04
14262.5609 11.8363 2.9797e+04
14348.1409 12.1353 4.2943e+04
14352.3009 10.0988 6.3103e+04
14389.2409 12.4575 3.8780e+04
14398.2709 13.2621 5.2983e+04
14439.6109 10.3283 2.4578e+04
14458.7709 14.0963 3.4210e+04
14484.2409 12.8287 4.8629e+04
14510.3309 14.1316 4.4635e+04
14516.3409 12.7684 2.4764e+04
14522.7109 10.1095 3.4885e+04
14589.4009 11.1998 3.7707e+04
14704.5809 11.8131 5.7832e+04
14732.3909 13.1935 2.7886e+04
14734.4409 12.2120 3.1477e+04
14749.4609 13.8512 2.7024e+04
14758.0309 10.7686 3.0342e+04
14767.7409 12.0634 2.1023e+04
14773.9309 13.9901 2.9919e+04
14962.9809 15.0303 3.7641e+04
14997.1309 10.1042 2.0028e+04
15005.7409 12.8394 3.9603e+04
15028.4209 11.8591 3.2400e+04
15031.8209 10.4896 1.9666e+04
15107.9409 13.6021 3.2406e+04
15111.3309 10.6682 3.0495e+04
15122.0309 10.0626 5.6072e+04
15132.5209 12.2720 2.0637e+04
15145.9809 11.3714 2.9524e+04
15155.9009 13.1369 3.6181e+04
15166.0009 10.8795 5.1147e+04
15181.0909 10.9019 2.9724e+04
15194.9309 13.4972 5.3354e+04
15196.8809 13.5914 8.0887e+04
15198.4409 11.4470 8.1243e+04
15238.4609 18.5124 4.4357e+04
15244.3809 10.3344 5.4976e+04
15296.5009 11.2978 3.6988e+04
15399.9009 11.8862 2.2693e+04
15413.6109 14.9136 4.5271e+04
15415.3309 13.1117 2.3892e+04
15423.6409 11.0129 1.4768e+04
15434.5609 11.2563 3.0328e+04
15449.5909 10.2299 3.4563e+04
15461.4209 13.8621 5.2745e+04
15475.9609 10.3928 1.5315e+04
15480.2509 12.5639 1.8124e+04
15533.4509 12.2467 1.6002e+04
15555.5809 10.3713 5.1851e+04
15579.3210 11.3791 1.8768e+04
15588.8310 10.5812 4.8756e+04
15589.5810 10.7486 5.1353e+04
15597.9910 10.0438 6.7578e+04
15669.6710 10.0179 3.6044e+04
15674.9910 13.3189 5.7800e+04
15681.0410 13.1703 6.0043e+04
15689.9910 11.0614 8.1367e+04
15698.0710 19.2885 9.6676e+04
15737.2510 17.6853 1.5659e+06
15740.9010 24.8576 1.3015e+06
15785.2510 13.3097 2.2272e+04
15799.6410 11.0398 3.1532e+04
15803.6910 13.8341 2.5546e+04
15845.9910 16.8148 3.0638e+04
15847.7410 10.7427 2.8023e+04
15877.4610 10.9687 6.8490e+04
15901.1710 13.0527 5.0613e+04
15923.5910 10.7834 4.0246e+04
15992.7410 14.1097 3.0582e+04
16003.6210 12.4126 5.7834e+04
16026.7310 10.9747 3.6403e+04
16028.3510 13.4741 3.6884e+04
16069.9110 11.2855 5.2285e+04
16070.3910 17.1672 5.0878e+04
16142.5610 13.1756 3.2312e+04
16148.5410 10.3753 2.8817e+04
16157.4810 16.2704 7.1190e+04
16167.0010 14.3157 2.8322e+04
16174.5810 10.7462 4.1479e+04
16178.0810 11.5575 4.4093e+04
16181.7210 11.6996 3.4885e+04
16208.2810 10.1574 3.9679e+04
16225.0710 13.5416 3.0434e+04
16233.4710 10.0680 4.6329e+04
16233.7110 15.9344 4.0791e+04
16240.9510 14.1567 3.1291e+04
16318.6310 10.1365 3.5733e+04
16334.9210 10.0920 3.5639e+04
16363.3310 10.1243 3.6985e+04
16428.6110 12.7020 4.5073e+04
16461.9510 17.3148 3.7953e+04
16470.0410 10.0282 3.1580e+04
16484.3710 10.2529 3.3095e+04
16489.6610 11.4197 2.5107e+04
16489.9810 10.2235 2.5060e+04
16503.5510 10.1978 2.3980e+04
16513.4210 12.0082 4.0129e+04
16514.1810 15.2103 3.6478e+04
16521.8410 13.8693 5.5436e+04
16527.9810 13.6043 4.8796e+04
16538.6010 11.3768 3.7885e+04
16554.4110 14.6788 2.2729e+04
16571.7810 11.7176 1.7721e+04
16579.4510 11.7538 5.7482e+04
16587.5510 11.2189 5.5538e+04
16762.6410 11.8493 4.0214e+04
16775.6110 11.5576 3.5065e+04
16777.7310 13.3023 4.1330e+04
16791.2110 12.0226 3.0977e+04
16794.6510 11.8145 2.7732e+04
16810.6110 14.2169 2.8123e+04
16814.0310 11.3331 2.5759e+04
16843.1410 11.4260 4.0988e+04
16843.9510 10.1713 3.0788e+04
16849.1610 11.0787 1.9267e+04
16863.3110 19.8787 6.1806e+04
16867.5610 12.1506 3.8258e+04
16916.7210 11.2598 4.6585e+04
16919.7110 10.6642 2.5220e+04
16938.7110 11.1504 2.9175e+04
16998.8410 10.9597 4.8920e+04
17165.6610 10.5118 5.8392e+04
17168.9710 10.7505 6.8718e+04
17169.9410 10.8554 6.6005e+04
17344.2311 10.3319 3.9266e+04
17360.0111 11.3818 2.5587e+04
17368.2411 11.4682 3.5351e+04
17408.6111 11.3266 5.8867e+04
17415.9911 11.7455 5.8717e+04
17476.4411 13.2758 4.2895e+04
17485.9211 13.9639 3.0412e+04
17488.3411 10.8323 2.6557e+04
17501.1011 11.5358 2.7267e+04
17511.6411 13.0299 4.3930e+04
17531.7011 11.3101 3.1583e+04
17539.5611 12.6698 3.4635e+04
17583.2011 11.6250 1.8810e+04
17595.3111 11.0426 3.9109e+04
17808.3711 12.4287 4.8313e+04
17808.9111 10.5455 2.9427e+04
17832.9711 11.2964 4.3023e+04
17906.6811 10.7616 4.8595e+04
18004.1711 11.2250 4.1777e+04
18079.6211 11.0525 4.1684e+04
18085.2511 10.2192 4.3335e+04
18095.4411 13.9310 8.5856e+04
18150.5911 12.6109 4.2342e+04
18162.8211 14.6403 4.9794e+04
18167.0711 11.0450 4.8301e+04
18171.3311 11.9319 3.1292e+04
18236.6711 11.0591 6.1540e+04
18247.5111 11.2223 6.0796e+04
18343.5011 11.1452 4.1717e+04
18357.6911 11.7254 7.5487e+04
18358.1611 13.2865 7.5487e+04
18421.3311 10.9505 3.3162e+04
18424.4111 11.2493 2.9193e+04
18554.0611 13.5119 4.6198e+04
18616.3811 13.2240 3.2115e+04
18623.0611 11.7420 2.0319e+04
18635.9811 10.5337 1.9719e+04
18644.8211 10.6568 5.7710e+04
18645.5111 18.6212 5.4210e+04
18667.4511 18.3760 2.7060e+04
18688.5311 11.6256 5.1725e+04
18706.6411 14.1098 3.4637e+04
18756.2111 10.0115 6.9638e+04
18839.2211 11.2779 6.5933e+04
18848.4012 13.2705 6.6127e+04
18893.1312 11.3006 2.2148e+04
19109.8212 17.5118 7.6480e+04
19111.7112 10.0939 3.6188e+04
19125.6812 17.7770 4.6974e+04
19167.2012 10.2834 2.6060e+04
19298.0112 10.3930 3.6663e+04
19362.3112 11.1151 3.7803e+04
19380.4912 11.7187 2.0145e+04
19387.7512 12.2180 3.5721e+04
19395.7212 13.0353 5.0536e+04
19403.2212 10.9586 4.2475e+04
19410.8412 10.5446 4.7626e+04
19420.1312 15.6624 4.4621e+04
19422.0912 10.1301 2.6103e+04
19441.8712 18.1594 3.7534e+04
19473.4512 12.4271 3.0019e+04
19488.5012 13.8901 2.9958e+04
19495.5512 11.8021 4.5135e+04
19504.2312 11.6488 2.3838e+04
19517.5812 14.0135 2.4309e+04
19524.3112 11.1015 5.6349e+04
19642.3512 10.3768 1.9044e+04
19658.2112 10.4479 2.7519e+04
19678.6412 10.2434 3.3673e+04
19688.3412 10.9146 1.5535e+04
19692.6612 13.0220 2.2384e+04
19701.5612 19.7114 2.2858e+04
19712.6112 10.2359 3.6572e+04
19721.4412 12.6393 1.7165e+04
19726.3712 13.9715 2.6975e+04
19729.6512 15.5673 1.9925e+04
19734.6812 15.5060 2.9391e+04
19737.4312 14.9617 2.1390e+04
19748.0512 11.1652 3.9550e+04
19752.8412 10.4371 1.7392e+04
19769.6212 16.8145 1.8006e+04
19773.9512 16.7824 3.0413e+04
19783.3212 12.1121 3.5161e+04
19784.2512 16.2710 5.2778e+04
19793.0312 11.3306 3.2827e+04
19802.1312 15.9931 3.4177e+04
19841.2412 12.6810 1.5532e+05
19872.9612 12.1892 1.1977e+05
19886.3812 12.3328 3.7813e+04
19887.8512 13.4440 3.7719e+04
19925.6912 11.7043 2.3193e+04
19935.8512 10.8309 3.7327e+04
19945.2912 11.0488 2.6883e+04
19951.9912 11.5057 2.7542e+04
19962.1812 10.8320 5.0135e+04
19981.0012 12.2132 2.4678e+04
19996.7112 10.3297 3.4577e+04
20001.9412 11.0489 2.6942e+04
20012.0012 15.3463 3.7202e+04
20029.1912 10.5334 3.5775e+04
20036.6912 10.3946 3.6538e+04
20061.6812 18.0636 6.3737e+04
20063.3312 11.3292 6.1970e+04
20097.2212 10.7939 2.9853e+04
20108.7612 11.9694 2.0092e+04
20114.9712 10.8663 2.0717e+04
20120.0912 16.8979 3.6539e+04
20122.0512 11.2212 1.6067e+04
20127.5812 11.0216 2.3625e+04
20140.3412 11.2939 3.5471e+04
20161.7112 12.0881 3.0269e+04
20166.7812 14.0351 2.1551e+04
20174.0512 14.7151 2.0611e+04
20178.2912 12.4164 2.1214e+04
20190.4612 14.8347 2.5670e+04
20224.5512 15.2977 1.8167e+04
20237.1312 12.2495 2.1942e+04
20343.4112 13.9238 2.1228e+04
20347.2012 12.5249 2.1228e+04
20436.4112 17.8014 4.3049e+04
20446.7212 21.0742 5.1310e+04
20453.3212 13.7807 2.8154e+04
20478.7812 19.4679 3.6506e+04
20492.2813 17.0308 2.9353e+04
20516.4813 15.1075 7.6093e+04
20539.1713 12.5993 1.7623e+04
20547.5913 14.3582 3.9709e+04
20550.9513 11.2700 2.5759e+04
20559.8013 11.4608 5.8315e+04
20584.1313 20.1448 3.1979e+04
20595.4413 13.6546 5.3767e+04
20596.4413 13.6439 4.8457e+04
20599.5613 12.9087 4.4799e+04
20603.4513 13.2106 5.5177e+04
20604.7013 10.4252 3.5782e+04
20612.4113 10.8494 2.4702e+04
20635.2713 18.6214 2.7679e+04
20641.2413 13.1662 1.8475e+04
20653.0613 10.5658 2.6025e+04
20660.0413 11.1752 1.5505e+04
20672.1013 15.1671 1.8047e+04
20678.7613 18.3244 3.0613e+04
20685.1913 13.4528 2.8044e+04
20691.7313 10.6996 2.5808e+04
20716.0213 16.8279 3.7130e+04
20735.6513 14.6858 2.0544e+04
20739.7613 10.2623 1.2881e+04
20748.6713 10.2001 1.5143e+04
20766.1313 15.6266 1.8549e+04
20777.9413 15.0682 1.8798e+04
20784.2513 11.9903 1.6370e+04
20791.2813 10.7688 3.1485e+04
20794.3213 17.0985 4.0173e+04
20798.2213 17.9510 3.0060e+04
20804.6613 13.4347 1.9936e+04
20816.5813 10.1073 2.6269e+04
20819.6113 11.5666 2.6219e+04
20851.4613 10.1635 2.1317e+04
20860.6413 19.2844 2.6490e+04
20865.6013 13.1562 3.3309e+04
20867.9913 13.3229 3.2464e+04
20877.3313 10.1222 2.3198e+04
20887.2113 16.0436 6.2315e+04
20890.4113 17.6720 6.2315e+04
20904.1113 12.4655 2.6240e+04
20914.8313 13.9804 1.2264e+04
20930.4613 18.7149 5.1522e+04
20959.6813 12.8105 1.5092e+04
20966.9013 10.1516 2.7193e+04
20996.0213 10.5417 9.8214e+03
21019.3813 15.5699 2.1079e+04
21027.8013 18.0416 2.6382e+04
21054.3913 11.2964 2.0441e+04
21088.2913 13.8863 1.8852e+04
21096.2913 12.5046 2.9025e+04
21098.9913 14.2999 2.1655e+04
21111.7313 13.8945 2.1520e+04
21113.1213 10.3762 1.8627e+04
21121.8413 16.8487 3.2332e+04
21138.2413 18.7601 2.8127e+04
21152.1413 10.1302 1.0017e+05
21182.4613 10.3052 1.2276e+05
21201.5713 10.7380 2.8316e+04
21246.1713 11.0594 3.9958e+04
21251.3213 19.4956 8.1198e+04
21259.5513 11.7047 8.1987e+04
21268.8513 13.5409 1.5617e+05
21270.1913 14.5872 1.3656e+05
21290.6013 10.7331 1.3043e+05
21367.9413 10.5255 4.8712e+04
21386.9213 10.5989 3.4337e+04
21439.4213 10.2888 3.4375e+04
21449.4813 12.0621 3.9526e+04
21459.5113 10.7633 2.7819e+04
21481.2513 13.8321 9.1737e+04
21582.1113 18.2057 5.7060e+04
21603.4313 13.1432 4.4945e+04
21785.4113 14.0908 1.8287e+04
21793.3013 11.9952 2.9699e+04
21813.1613 10.6595 2.4893e+04
21819.0213 12.0534 2.9459e+04
21859.1513 14.8185 3.2759e+04
21874.7713 11.2497 2.9396e+04
21893.6813 10.0733 3.1561e+04
21901.0313 17.8658 3.8027e+04
21929.9613 10.7745 2.1584e+04
21937.5613 10.1520 1.7548e+04
21943.3913 14.6759 2.9091e+04
21949.1913 16.2447 4.5984e+04
21966.9413 16.7181 4.0767e+04
21981.2813 12.4630 2.4243e+04
21983.1813 10.5425 2.0404e+04
21988.1013 14.7355 4.6164e+04
21988.7513 12.4018 2.8835e+04
21992.9913 14.8360 3.1426e+04
21998.2313 10.7563 4.8402e+04
21999.0413 13.6225 3.7192e+04
22008.3013 13.7317 3.6701e+04
22022.1613 12.1497 2.7556e+04
22058.4113 10.9453 5.2435e+04
22101.2813 12.5164 8.0902e+04
22156.9614 10.3870 4.1969e+04
22239.5514 12.0168 7.1562e+05
22282.0214 11.0081 3.2205e+04
22304.2214 14.5625 4.3360e+04
22310.3714 10.3211 3.3817e+04
22317.7414 14.7045 4.5694e+04
22353.4914 15.0930 8.3644e+04
22355.7414 17.3067 5.6012e+04
22405.4214 11.9357 4.6151e+04
22420.8814 11.8993 4.7131e+04
22437.9514 12.6708 2.6621e+04
22446.6914 15.7978 7.9473e+04
22508.0114 12.8857 5.5516e+04
22551.6314 11.3446 3.6757e+04
22577.4914 10.8518 7.5892e+04
22602.3214 12.7905 3.9567e+04
22615.1414 14.3108 2.8863e+04
22620.0114 17.2163 3.7442e+04
22630.5914 10.1234 3.0816e+04
22635.6914 10.5885 4.7558e+04
22665.2614 11.0011 3.3797e+04
22666.3514 14.2741 3.3797e+04
22679.2414 14.0815 4.1159e+04
22685.7514 13.4225 2.3592e+04
22695.5014 11.0783 1.9846e+04
22699.9414 17.6609 4.1857e+04
22705.2414 10.6431 4.8490e+04
22708.0414 15.0337 4.0105e+04
22765.0114 11.6253 4.7447e+04
22780.7214 16.8364 4.5658e+04
22787.0514 14.2345 2.8614e+04
22800.0514 10.1671 2.7509e+04
22804.7914 10.2990 4.4189e+04
22807.4814 10.9393 3.2540e+04
22814.2314 12.3859 3.0472e+04
22849.8514 10.9474 4.4617e+04
22873.2114 12.0421 2.5042e+04
22879.5314 10.7678 2.9812e+04
22894.1914 10.6659 5.2252e+04
22944.3214 11.8487 5.0172e+04
22967.6614 10.9679 2.8313e+04
22993.6214 14.1654 4.4083e+04
23072.4814 14.5058 5.1764e+04
23079.1214 10.7250 4.8428e+04
23106.7614 11.3993 3.0827e+04
23128.3414 10.3225 4.1686e+04
23134.6714 10.1581 4.5152e+04
23146.8914 11.2667 3.4475e+04
23160.4314 12.0072 3.5295e+04
23247.2014 12.6784 7.0283e+04
23256.5514 13.9699 6.9401e+04
23287.5414 10.8589 4.5497e+04
23301.8914 11.6088 3.4870e+04
23332.1814 12.9324 4.2914e+04
23360.3114 15.3705 5.8002e+04
23379.8214 11.3715 3.2711e+04
23404.1214 10.5116 2.5340e+04
23408.3514 12.2791 3.5642e+04
23422.5814 16.3123 2.3504e+05
23423.9614 20.7186 2.3504e+05
23506.0214 10.9190 7.2826e+04
23714.2514 15.4491 4.5878e+04
23726.7214 10.1731 3.2227e+04
23821.1815 11.2582 2.5545e+04
23836.1615 10.8955 6.1208e+04
23870.6315 10.2366 9.8892e+04
23948.6215 16.2116 3.1961e+04
23981.3615 10.3231 2.6408e+04
23986.6515 16.7744 3.1335e+04
23994.5515 11.7729 2.3049e+04
24009.7215 11.8625 3.5961e+04
24010.4715 13.3452 5.2478e+04
24041.8815 15.7615 1.8324e+04
24055.0715 12.2855 1.5818e+04
24078.1515 11.2933 2.8182e+04
24087.9915 13.5016 3.6745e+04
24088.8715 10.0894 3.2368e+04
24107.8915 17.1389 1.3196e+04
24112.4415 15.3048 2.8175e+04
24117.4215 13.9106 3.7588e+04
24119.3315 10.8091 2.0031e+04
24125.0515 11.0913 6.8387e+04
24126.8315 13.7906 4.2296e+04
24144.8115 17.3875 4.2560e+04
24147.1815 10.2816 3.0714e+04
24155.6615 15.6855 2.9648e+04
24162.0015 11.0791 8.5486e+04
24163.3015 10.5402 8.5486e+04
24165.7015 15.9493 4.9143e+04
24174.2415 11.8479 2.2237e+04
24187.7915 10.0343 3.8777e+04
24191.7415 16.9091 3.3626e+04
24193.8815 11.9251 3.6969e+04
24207.8215 12.9337 3.2950e+04
24292.8515 11.0999 2.5421e+04
24398.5215 10.9288 8.6019e+04
24413.2815 10.2717 7.1027e+04
24455.5915 10.4084 5.5773e+04
24573.0215 10.8350 3.5658e+04
24777.6515 11.8213 6.2438e+04
24799.4915 16.6362 3.9029e+04
24873.3915 12.1788 4.4489e+04
24888.7615 14.4188 5.3640e+04
24905.9615 12.6846 5.3523e+04
24934.2915 11.7820 3.8633e+04
24953.2515 12.3776 5.3594e+04
24958.8815 10.5522 3.5244e+04
24961.8415 17.8619 3.3226e+04
24981.0315 11.2997 3.7612e+04
25000.2015 11.1619 6.0679e+04
25026.3915 13.1120 4.2826e+04
25030.7315 12.6121 4.4496e+04
25038.1615 12.7221 3.9795e+04
25049.8515 13.0435 3.6252e+04
25066.2815 11.6754 2.2744e+04
25094.1115 10.7791 3.3687e+04
25095.4615 10.9986 2.9890e+04
25124.9915 17.6870 5.9276e+04
25137.9615 12.0938 6.9177e+04
25141.0615 17.0656 5.3078e+04
25157.6315 12.9988 3.9117e+04
25172.7515 18.3413 6.1313e+04
25198.1115 13.2826 1.9466e+04
25200.1815 11.2894 1.8069e+04
25202.7315 10.6008 3.3052e+04
25207.4115 15.4050 2.7329e+04
25212.7215 15.2422 2.7626e+04
25229.2515 13.1826 3.8760e+04
25232.7915 10.3026 4.0869e+04
25239.3015 11.3646 4.6381e+04
25242.3615 12.2939 4.3741e+04
25269.1615 13.3470 3.8730e+04
25282.2715 15.8944 4.6060e+04
25284.5215 10.2437 4.2766e+04
25406.4216 10.7302 4.3441e+04
25423.9016 10.0202 3.4475e+04
25424.9016 11.6439 3.3578e+04
25436.2716 15.3865 1.1778e+05
25460.3816 10.0671 3.8881e+04
25482.9616 14.7917 2.2577e+04
25489.8216 12.9780 1.6598e+04
25502.2116 14.3973 5.1673e+04
25530.4516 10.6850 3.0230e+04
25538.3316 13.0808 3.9832e+04
25545.3716 11.4098 6.1221e+04
25558.8816 11.9289 8.9168e+04
25600.6916 13.4206 4.7385e+04
25625.6716 12.5487 4.4671e+04
25632.5016 13.0532 5.4659e+04
25643.5516 15.7199 4.1797e+04
25679.4016 12.1529 5.8041e+04
25683.0316 15.9035 4.7681e+04
25708.7716 10.1733 3.7987e+04
25761.6516 13.8134 2.7791e+04
25768.4016 11.9140 2.7708e+04
25846.5916 11.0319 1.2238e+05
25866.9516 10.7932 2.4477e+05
25911.9716 10.0673 4.2998e+05
25960.7616 10.3255 5.1200e+04
26006.3616 14.2374 5.2799e+04
26049.9216 10.2873 7.6665e+04
26071.1616 11.1370 6.1304e+04
26086.3716 12.7059 6.3712e+04
26115.8816 11.0781 4.4519e+04
26179.9216 13.7617 5.1564e+04
26197.1216 11.8386 1.0716e+05
26246.0416 15.3691 6.5802e+04
26258.1016 12.6683 4.2937e+04
26258.9616 10.2627 4.2268e+04
26261.1516 12.8471 4.7406e+04
26274.0616 17.4292 1.6107e+05
26292.8716 10.6642 4.0710e+04
26297.6716 16.3953 4.5777e+04
26306.7416 10.0392 1.1561e+05
26322.3516 11.2838 6.3508e+04
26328.5016 15.7649 5.9316e+04
26342.6916 10.5569 4.9292e+04
26358.0116 10.9323 4.0618e+04
26365.4316 13.2570 8.3646e+04
26410.9616 10.1130 1.4664e+05
26426.0916 10.5331 2.8598e+04
26435.7216 10.5841 6.8247e+04
26448.6416 16.9962 1.1943e+05
26454.9616 13.6176 5.0714e+04
26470.6016 12.2965 1.5987e+05
26502.2916 14.7628 7.3641e+04
26513.8816 11.2654 1.0493e+05
26604.8916 15.0671 4.2613e+04
26645.0716 11.2669 3.9294e+04
26646.1516 11.1211 3.5635e+04
26660.3816 10.3950 3.8733e+04
26742.6516 11.5292 1.9266e+05
26780.0316 14.5689 1.1318e+05
26790.8216 10.5866 7.3617e+04
26822.1016 11.3681 9.9556e+04
26833.1816 11.6242 5.8513e+04
26849.4916 13.2708 5.6611e+04
26860.1316 11.4585 1.1482e+05
26927.0516 11.7133 5.3022e+04
26933.2016 12.3423 5.0487e+04
27055.9517 13.3684 1.4074e+05
27059.3917 10.5005 1.4074e+05
27121.8517 13.5752 4.6417e+04
27138.7717 10.3541 5.4421e+04
27163.9717 10.7175 7.7143e+04
27176.7817 10.4986 8.3005e+04
27213.2917 11.8991 3.9666e+04
27222.3317 13.1629 3.3194e+04
27253.1017 14.6734 3.2396e+04
27302.9517 11.3623 3.2771e+04
27342.0617 10.4793 2.6747e+04
27364.0017 10.1021 5.7037e+04
27401.6817 13.0581 3.2719e+04
27409.2917 12.7927 3.4456e+04
27428.3617 18.9720 9.5764e+04
27446.3517 10.9697 1.0989e+05
27448.8117 10.3950 1.0086e+05
27461.4517 11.8928 5.9707e+04
27462.3817 11.7649 5.9707e+04
27488.3617 12.6138 1.2866e+05
27490.1217 12.7261 1.2619e+05
27706.8517 16.8151 4.7587e+04
27718.4417 10.7369 3.4704e+04
27724.4017 13.9915 4.8465e+04
27750.1717 10.2489 2.8180e+04
27828.4517 14.1400 2.1435e+05
27828.8317 12.1219 2.1435e+05
27843.1517 12.9260 1.1591e+05
27858.9817 17.5803 8.0187e+04
27868.5117 17.3268 1.1723e+05
27892.1217 11.2137 1.7076e+05
27894.4817 10.6440 4.8869e+05
27897.2817 11.8447 3.2210e+05
27909.3717 15.7082 7.8569e+05
27909.6817 13.7128 1.7102e+05
27923.1517 16.2851 6.9671e+04
27943.6117 10.1874 1.0831e+05
27947.1417 13.0681 1.7295e+05
27950.9017 22.0451 1.7295e+05
27961.7317 19.2396 1.1651e+05
27971.9017 14.2746 6.8921e+04
27983.8817 14.3794 1.2731e+05
27984.5317 12.2342 1.1068e+05
27993.1417 17.5496 1.1797e+05
27998.0517 11.6577 1.5832e+05
27998.6517 13.8750 1.5510e+05
28008.9917 10.3817 1.5792e+05
28009.7317 17.5936 1.3396e+05
28014.8217 12.0055 1.5428e+05
28016.9217 13.8849 1.5009e+05
28022.2817 10.2862 8.4492e+04
28029.1117 10.7768 8.2405e+04
28033.4917 19.0304 1.4898e+05
28040.1917 10.1559 1.9661e+05
28040.9217 18.1501 1.9398e+05
28047.7917 10.0599 1.7536e+05
28049.3717 11.6127 1.4240e+05
28053.9017 10.9594 1.3687e+05
28058.2517 12.6640 1.4562e+05
28065.9017 13.8730 1.8560e+05
28078.4517 18.1763 2.5771e+05
28080.4217 12.0337 2.5070e+05
28080.9617 11.7201 1.4814e+05
28107.8617 13.6780 1.3134e+05
28121.4217 13.8578 1.9094e+05
28123.5617 14.4418 1.2587e+05
28129.2817 11.3577 1.3349e+05
28136.6817 13.0959 7.2334e+04
28150.2017 13.0362 1.3238e+05
28150.9317 11.9711 1.2235e+05
28156.8717 11.6337 9.5914e+04
28161.3917 14.0925 1.0926e+05
28194.8617 14.3615 1.9269e+05
28195.5617 11.4770 1.9269e+05
28197.6717 14.7701 1.2071e+05
28207.5617 12.9438 2.0402e+05
28209.6917 10.9775 1.5713e+05
28220.9417 11.4038 1.2194e+05
28221.7317 10.0312 1.1580e+05
28222.7017 15.9040 7.3154e+04
28236.5917 10.9130 8.4677e+04
28245.6417 19.8028 1.8174e+05
28258.9717 13.0306 1.3019e+05
28263.1317 13.6041 9.1502e+04
28264.5517 11.8711 7.2433e+04
28277.2617 19.4291 2.0720e+05
28286.1217 13.8279 1.0889e+05
28293.9617 10.8017 9.6759e+04
28301.9817 18.9455 1.5991e+05
28309.0317 11.5878 5.0191e+04
28313.4717 14.3227 1.3235e+05
28317.7517 12.7066 1.0704e+05
28323.3217 14.1735 1.0200e+05
28330.3317 18.4263 2.0884e+05
28337.9217 11.1407 1.6828e+05
28339.2817 14.6019 1.5819e+05
28351.8117 15.8187 8.9112e+04
28352.5417 11.9489 6.4232e+04
28367.0617 15.2141 1.1923e+05
28374.3817 13.1331 1.1473e+05
28382.5017 10.2495 1.1387e+05
28389.0117 13.6562 1.1003e+05
28398.3417 10.4940 6.0563e+04
28409.6117 11.0675 3.5232e+04
28424.3017 21.1737 1.0150e+05
28435.7417 23.5134 1.0146e+05
28443.2517 15.4276 1.0505e+05
28443.9817 13.2595 8.9634e+04
28450.0017 16.6512 1.2388e+05
28454.1317 11.2924 4.4793e+04
28464.1917 12.5113 5.5806e+04
28468.9417 10.1559 1.6890e+05
28469.7617 16.8235 1.6890e+05
28483.5617 19.4267 8.3508e+04
28487.0717 11.5921 4.5328e+04
28491.9517 14.9835 7.6675e+04
28497.4717 10.9345 1.3968e+05
28498.2817 16.3408 1.3054e+05
28508.9217 12.4514 8.2339e+04
28512.0517 10.0660 6.8832e+04
28516.8517 15.1798 8.4977e+04
28521.6017 16.2738 8.4293e+04
28553.1017 10.6871 5.1625e+04
28565.2017 15.8115 7.2517e+04
28568.4017 14.0630 7.3512e+04
28572.8017 14.9066 1.5294e+05
28584.5117 17.2748 1.2285e+05
28593.6617 13.9979 1.1173e+05
28594.3317 13.5638 1.0923e+05
28595.7617 14.0762 7.3702e+04
28606.3717 11.3904 1.1427e+05
28619.9717 15.2215 1.4443e+05
28646.8617 18.2603 1.1518e+05
28699.9818 13.0286 1.1473e+05
28704.9618 10.8221 9.3058e+04
28714.8018 17.9936 9.2248e+04
28728.3118 10.3204 3.8055e+04
28737.8418 12.5180 3.0044e+04
28744.3018 18.4877 5.4086e+04
28753.9018 17.0192 8.9739e+04
28758.2718 15.3809 8.6391e+04
28761.2118 11.9104 8.2179e+04
28770.1518 10.4547 7.2538e+04
28795.7618 15.8826 8.8778e+04
28805.4718 11.2271 5.6024e+04
28811.1618 15.0759 8.3966e+04
28819.3318 13.5320 6.4412e+04
28828.0718 12.1868 6.5885e+04
28866.7918 11.5436 9.4488e+04
28867.5318 16.0983 8.5030e+04
28881.9418 11.4493 8.8332e+04
28900.8618 15.7122 5.1851e+04
28903.2918 10.9571 4.9052e+04
28905.0218 12.3387 3.3050e+04
28916.5818 15.7610 7.1666e+04
28921.6718 10.6701 8.4615e+04
28936.1918 15.5371 5.0555e+04
28941.7318 10.5337 9.8372e+04
28957.4618 14.8037 6.8136e+04
28958.1818 12.5856 6.3720e+04
28970.3218 16.1458 7.0153e+04
28984.2318 12.9871 9.7983e+04
28986.3018 18.3335 7.9341e+04
28997.6218 11.7203 8.6840e+04
29013.5718 13.3256 8.9878e+04
29034.0418 15.9074 7.5168e+04
29052.4618 13.8946 5.8184e+04
29073.7318 11.2092 4.6677e+04
29083.6018 14.0375 5.7037e+04
29099.6818 12.3732 4.6987e+04
29113.8218 10.4883 5.2722e+04
29123.0318 15.2937 5.4178e+04
29135.5918 13.1510 2.4634e+04
29143.8918 18.8506 8.5750e+04
29173.3218 12.7246 9.9074e+04
29174.2518 12.7116 7.4248e+04
29213.8418 10.2891 8.6261e+04
29227.4918 15.7792 9.5791e+04
29239.3718 17.7794 5.2763e+04
29250.1918 17.6826 4.4181e+04
29266.3518 16.8189 8.7883e+04
29267.0318 12.4524 7.4772e+04
29288.0618 16.1720 7.3017e+04
29328.5918 10.2643 1.3985e+05
29366.9418 12.4964 8.7274e+04
29405.6418 16.7737 1.3506e+05
29435.1118 10.3415 9.7018e+04
29435.8018 15.6535 9.7018e+04
29491.9618 10.0181 3.0133e+04
29500.2118 11.2804 3.6912e+04
29533.6618 11.1352 5.2818e+04
29573.8018 13.5213 4.3514e+04
29580.6118 10.5382 1.8575e+05
29650.6618 14.7069 9.7832e+04
29651.9218 12.0294 1.4502e+05
29662.3618 12.9497 8.1552e+04
29663.1318 16.2553 8.1231e+04
29670.5318 12.8186 1.0473e+05
29726.9318 10.9736 4.7722e+04
29740.9018 16.7782 3.4651e+04
29760.3818 12.3806 4.4142e+04
29771.0718 10.5413 7.9427e+04
29781.3118 13.3482 3.3457e+04
29789.9818 11.2874 4.2917e+04
29805.0018 11.7716 4.9904e+04
29830.9718 11.2911 3.9519e+04
29890.5518 14.2060 6.6846e+04
29899.8018 11.1222 6.8675e+04
29948.2118 10.5778 3.1687e+04
29959.4818 11.7916 4.2200e+04
29983.1018 13.3694 2.3581e+04
29990.6118 11.4360 3.3884e+04
29997.4618 15.5954 9.6264e+04
30000.9918 13.3507 6.3275e+04
30009.2418 21.8078 1.7633e+05
30034.8118 11.2663 5.7773e+04
30054.1818 10.9722 6.5315e+04
30071.8118 10.6183 2.3927e+04
30078.9618 12.9833 3.0328e+04
30086.8818 13.1670 4.4093e+04
30089.3218 10.8853 2.8033e+04
30110.8218 11.6477 4.0375e+04
30150.8818 11.8965 2.9210e+04
30158.5418 12.7791 3.0834e+04
30184.7818 10.4043 2.8563e+04
30202.2018 12.3576 5.9805e+04
30257.5418 11.5694 2.6120e+04
30272.9018 10.4632 3.1104e+04
30282.9418 19.3697 1.4937e+05
30293.7718 11.3376 3.3296e+04
30336.2119 10.6758 5.8170e+04
30336.8919 10.5177 4.4732e+04
30365.0119 12.0294 2.6387e+04
30371.1719 11.8207 3.7344e+04
30371.4719 12.9186 3.2263e+04
30385.7519 20.3701 1.4724e+05
30443.6019 11.1787 3.4895e+04
30517.0219 10.0096 5.2494e+04
30573.9919 11.2827 2.7853e+04
30604.5119 10.4100 2.4904e+04
30609.5219 10.4753 2.8218e+04
30643.7519 10.6198 3.3653e+04
30663.1119 15.2562 9.2240e+04
30682.3219 11.0214 2.9584e+04
30683.2919 10.6037 2.5021e+04
30688.5419 10.6591 3.5189e+04
30690.4119 11.8522 3.5978e+04
30784.8819 10.2634 1.1323e+05
30826.6519 11.5679 3.3849e+04
30859.3419 10.6018 5.1957e+04
30891.9119 10.4947 5.4600e+04
30955.5919 11.1432 4.9979e+04
30966.1119 12.9926 3.9534e+04
30990.9619 11.3425 5.8814e+04
31053.1719 13.7916 1.4496e+05
31053.8819 15.2639 1.5571e+05
31054.9619 13.1256 1.3882e+05
31069.4119 15.2796 1.7818e+05
31102.5719 11.8615 1.1383e+05
31104.4019 13.6557 1.1071e+05
31125.4019 11.0062 6.4135e+04
31126.1319 11.0976 6.4291e+04
31156.5319 17.0936 1.0503e+05
31269.2319 10.3457 4.4105e+04
31274.8119 11.1526 4.6540e+04
31301.0619 10.2689 3.1045e+04
31303.8519 10.8832 4.8151e+04
31305.9319 11.0073 3.2084e+04
31337.3519 13.7032 2.1698e+04
31343.5319 11.8382 3.4529e+04
31350.3319 12.1104 3.8980e+04
31356.3819 10.5859 3.6169e+04
31366.4519 13.5363 2.8335e+04
31380.9719 14.2959 9.1357e+04
31472.2319 16.1529 3.6182e+04
31483.9719 10.3708 6.3603e+04
31532.3819 10.2125 5.3364e+04
31541.8919 12.6161 3.1692e+04
31565.0119 13.4309 6.5812e+04
31568.8419 12.1888 1.0710e+05
31609.8419 13.0175 3.6894e+04
31614.9519 13.1344 3.7662e+04
31622.2219 12.2966 3.4236e+04
31644.1219 13.7501 4.6310e+04
31672.8519 11.7809 4.5633e+04
31690.7219 16.5080 4.4060e+04
31694.0319 11.9769 2.5133e+04
31770.9819 12.6060 4.0218e+04
31798.5819 10.5092 5.9020e+04
31818.7119 10.4599 3.4409e+04
31824.0919 10.0645 3.3296e+04
31859.5919 11.2194 3.7217e+04
31925.7119 10.9845 9.7095e+04
31927.0619 14.5453 9.7095e+04
31936.8719 10.1422 4.9002e+04
31955.2120 10.1498 6.8785e+04
31967.4220 17.8436 1.0648e+05
32001.5920 14.0759 2.0956e+04
32005.4520 10.0809 3.3625e+04
32009.2520 11.8143 2.1701e+04
32035.8920 10.8302 2.8919e+04
32042.0920 12.3094 4.0837e+04
32068.4620 14.7959 5.8696e+04
32074.1320 11.6259 5.8129e+04
32130.7720 14.0560 5.8075e+04
32144.3220 11.4947 5.7964e+04
32164.2020 11.0461 1.0168e+05
32177.3220 10.9708 1.6183e+05
32255.6320 10.6260 4.6477e+04
32265.2720 14.9365 2.4821e+04
32273.4720 14.7531 3.1491e+04
32277.7320 13.1168 3.5272e+04
32280.9620 14.1493 2.8636e+04
32293.7620 11.2265 2.4314e+04
32307.9020 13.2653 3.5731e+04
32316.9020 10.3858 3.2486e+04
32319.9220 10.4867 2.4403e+04
32374.0120 15.1955 3.3428e+04
32376.0220 12.4858 2.7014e+04
32393.4720 10.1981 2.7180e+04
32395.0220 12.0769 2.3516e+04
32411.8620 16.3492 2.6651e+04
32417.1420 10.1863 3.5123e+04
32434.6620 10.5150 3.1782e+04
32449.8020 10.5199 4.1655e+04
32466.7220 13.6857 5.4583e+04
32468.0920 11.6544 5.3063e+04
32486.9220 11.0108 6.2098e+04
32498.7420 10.2797 2.3756e+04
32524.9320 11.3452 3.1487e+04
32535.7620 14.0105 3.1951e+04
32589.0020 13.1920 4.0677e+04
32605.1020 10.9339 2.4786e+04
32610.2820 11.9144 3.7039e+04
32619.2420 11.0977 3.0869e+04
32625.1120 10.9025 4.1969e+04
32650.2920 11.9126 4.0242e+04
32704.3520 11.2285 2.2978e+04
32714.9420 17.0941 2.9986e+04
32734.3320 10.9700 4.3475e+04
32735.4820 12.9999 3.0555e+04
32762.1320 12.3652 3.4985e+04
32788.3020 10.8881 2.9765e+04
32796.2220 13.9957 2.5769e+04
32824.3820 15.3523 2.4595e+04
32836.7220 15.6132 4.2108e+04
32843.2420 16.1629 3.2864e+04
32863.9420 16.9734 3.1441e+04
32883.4620 12.3949 3.2640e+04
32892.9620 11.7371 2.4264e+04
32929.1220 11.6037 4.2043e+04
32971.0920 18.2941 2.5106e+04
32984.6520 11.3113 3.3280e+04
33006.7120 11.9716 2.9611e+04
33026.2420 15.2472 2.7220e+04
33032.0920 13.7120 2.4061e+04
33039.9920 15.6794 2.5964e+04
33055.7920 14.8136 3.4869e+04
33059.3620 14.9350 5.2871e+04
33067.7620 14.6176 3.7522e+04
33087.8420 13.0085 3.3464e+04
33092.3020 13.0766 3.5557e+04
33098.4920 10.9919 5.8547e+04
33099.0020 12.7592 5.7211e+04
33100.6420 13.0713 3.7365e+04
33112.3120 12.0332 4.8433e+04
33115.2220 11.0788 5.6276e+04
33118.4620 12.3854 3.2465e+04
33133.5420 10.2504 1.4671e+04
33144.7620 16.1120 2.8993e+04
33146.7020 10.3680 3.3844e+04
33153.6720 13.8650 2.3133e+04
33159.7420 11.9173 2.7021e+04
33162.5620 10.9212 5.9221e+04
33165.6120 15.6173 3.9902e+04
33171.5120 11.2912 3.6263e+04
33173.7320 10.9338 3.7737e+04
33206.9520 13.5994 3.3821e+04
33235.3920 16.1329 3.7378e+04
33248.7820 14.7857 2.2592e+04
33298.0120 14.7118 3.4449e+04
33309.2220 16.4677 4.2921e+04
33332.6620 10.9291 2.7757e+04
33348.1220 10.5913 4.3741e+04
33350.4920 10.3422 4.3741e+04
33350.8820 13.6723 4.3207e+04
33365.8220 11.6606 2.1919e+04
33375.7720 13.1431 2.8386e+04
33390.4120 12.5058 1.9719e+04
33402.8820 10.4004 2.2790e+04
33416.1520 14.2846 2.7169e+04
33424.5920 18.9744 3.9119e+04
33441.5820 11.2400 4.5319e+04
33461.0820 18.0880 2.9865e+04
33463.6620 14.3383 3.5440e+04
33466.8920 10.3134 3.5440e+04
33470.9920 12.4166 3.9034e+04
33475.2820 11.4628 4.0344e+04
33485.9520 10.5627 1.9942e+04
33506.6320 16.9580 2.6006e+04
33527.9020 10.1575 1.1703e+04
33536.5920 15.9409 2.0876e+04
33540.5220 12.7983 2.9414e+04
33551.1920 13.8876 3.3831e+04
33579.8320 12.5156 5.1071e+04
33591.2221 13.4605 2.6306e+04
33600.4921 10.3365 3.0463e+04
33618.2221 15.7266 2.7763e+04
33631.3021 11.6509 3.5184e+04
33641.4221 11.8668 2.7240e+04
33653.1221 10.2552 7.1575e+04
33656.0721 11.4002 7.1575e+04
33657.4421 17.3292 7.1575e+04
33669.3821 11.3718 3.6250e+04
33679.4221 11.0101 2.7002e+04
33706.6521 13.1469 6.6390e+04
33710.3421 15.4683 6.5469e+04
33728.4021 10.7213 5.2830e+04
33749.3221 10.2778 3.5808e+04
33766.1121 10.6744 2.7533e+04
33772.9921 11.6124 3.5670e+04
33781.0821 12.0535 2.4370e+04
33799.5421 13.0796 2.7554e+04
33806.1721 14.2897 2.6562e+04
33812.0321 13.5017 2.8148e+04
33814.1221 10.5385 2.8076e+04
33828.1021 10.7135 2.3218e+04
33844.6521 11.6378 3.1166e+04
33856.1121 15.3208 1.9865e+04
33898.3821 11.0062 8.8695e+04
33911.1321 11.5312 5.9524e+04
33912.9721 10.1691 5.3924e+04
33956.1321 10.5785 2.6913e+04
33981.6921 11.8037 2.5859e+04
34001.2921 13.2508 2.0235e+04
34008.3621 12.8087 6.2497e+04
34024.3021 12.8594 2.1660e+04
34051.0021 11.4186 2.0052e+04
34070.9021 20.2308 3.1550e+04
34087.8421 10.2337 2.5170e+04
34095.2521 18.2979 3.6790e+04
34108.6121 12.5662 2.7931e+04
34163.1021 11.4006 4.2123e+04
34166.4421 11.3132 3.6143e+04
34226.2721 11.0016 3.5837e+04
34255.9521 10.6850 2.5628e+04
34264.6421 17.3260 3.2385e+04
34311.0021 11.3081 3.0973e+04
34315.1821 10.2477 2.5418e+04
34322.5021 11.9369 3.0711e+04
34361.9321 10.3101 2.8361e+04
34608.7521 11.0220 1.0393e+05
34610.1321 16.8075 7.7140e+04
34627.9321 10.2501 5.6245e+05
34631.4221 12.2575 5.6245e+05
34632.3621 18.2931 3.4291e+05
34640.6521 15.7243 1.6844e+05
34661.4721 11.6593 8.9954e+04
34725.1421 10.7627 3.8763e+04
34750.2921 10.2414 2.8923e+04
34759.7321 13.3659 3.3963e+04
34775.7721 15.0508 6.6507e+04
34786.0221 12.1156 2.5318e+04
34806.5921 10.3902 3.3565e+04
34857.8821 14.0599 3.6584e+04
34869.0521 13.0903 3.1069e+04
34882.3321 12.1021 4.0881e+04
34940.9321 11.7838 3.3913e+04
35058.1921 12.4510 6.1231e+04
35089.4321 15.4784 6.3306e+04
35100.1021 10.0998 7.6687e+04
35120.3021 10.5524 7.1695e+04
35208.0921 10.1198 7.1418e+04
35282.8922 12.5619 4.9325e+04
35292.2222 12.1816 4.9734e+04
35337.7522 10.5927 5.4307e+04
35385.2522 16.0111 4.1276e+04
35393.0122 12.6134 4.5648e+04
35397.5822 13.5679 4.8112e+04
35405.5122 14.3007 7.8934e+04
35408.5022 15.6333 7.8934e+04
35417.3722 12.9023 6.9766e+04
35419.1622 11.1553 4.3473e+04
35425.5022 19.9801 1.4758e+05
35433.8322 11.0953 1.3171e+05
35438.1322 11.2444 4.2472e+05
35441.1022 13.0351 4.4662e+05
35441.8822 19.1379 4.2746e+05
35486.5722 10.1466 1.1193e+05
35531.2522 13.0402 6.2988e+04
35534.2722 14.2821 3.3292e+04
35723.8722 13.1882 4.0407e+04
35736.4422 17.6605 5.8867e+04
35751.2122 13.3299 4.4963e+04
35757.5322 11.6727 3.2755e+04
35781.9922 11.2063 3.2323e+04
35789.7322 11.0999 7.0771e+04
35793.6622 11.8897 3.9489e+04
35835.2922 11.3567 7.2009e+04
35913.8322 14.6052 1.3340e+05
35925.3222 13.3690 3.7748e+04
35952.9022 15.4086 1.0973e+05
36007.3822 10.2925 2.4776e+04
36038.3322 10.7935 6.7816e+04
36239.7322 12.4769 6.0954e+04
36248.9222 17.9297 7.0479e+04
36253.4822 13.0086 3.2714e+04
36264.3722 15.9409 5.2007e+04
36269.8722 10.5296 5.1071e+04
36271.1822 10.8205 3.7447e+04
36282.2622 11.8951 3.2452e+04
36285.6622 10.8246 2.2410e+04
36292.8422 18.0799 5.5303e+04
36302.2722 13.2380 3.3419e+04
36314.0822 16.1705 3.3862e+04
36320.5722 17.3710 6.0193e+04
36352.9222 10.2843 2.0711e+04
36382.5222 14.0171 3.8044e+04
36403.8022 10.2199 2.2397e+04
36426.3822 11.0692 2.8346e+04
36447.5522 10.4856 2.7574e+04
36454.5222 10.2244 2.3771e+04
36845.3622 10.1577 4.5728e+04
36885.8723 15.8344 1.2341e+05
36900.0123 11.1598 5.7226e+04
36907.0023 16.9986 1.2531e+05
36914.9023 15.1103 1.0491e+05
36925.3623 12.6543 8.7001e+04
36944.3323 13.7945 1.0766e+05
36967.5423 10.2757 5.5156e+04
36995.9723 11.0998 4.0445e+04
36998.0823 11.8542 3.0368e+04
37032.8423 13.3508 1.0635e+05
37065.7223 21.7636 1.6307e+05
37074.1623 18.1722 3.1918e+05
37076.4623 10.2416 3.1055e+05
37082.4723 11.1492 5.5180e+05
37155.7723 11.1732 1.0381e+05
37178.5223 10.6831 3.0192e+04
37244.5223 11.6578 1.1305e+05
37249.5823 10.1804 1.3829e+05
37259.8323 11.2076 2.0045e+05
37264.9723 10.3890 3.7813e+05
37266.2723 12.2627 3.0529e+05
37267.7923 13.3919 2.8450e+05
37270.3423 12.1207 3.0470e+05
37291.9323 10.4429 1.7270e+05
37306.7623 10.3783 2.0463e+05
37307.8623 15.0222 1.5517e+05
37332.8623 13.6177 1.9857e+05
37333.4323 13.8678 1.9857e+05
37333.9723 15.7676 1.8726e+05
37353.9023 12.7030 4.8347e+04
37362.7323 18.1844 1.3048e+05
37371.0723 15.5420 1.1548e+05
37530.9123 10.0967 3.2881e+04
37547.8523 14.2365 8.3002e+04
37594.5523 10.9630 3.5914e+04
37680.4223 10.9666 5.3807e+04
37688.3123 10.5365 4.6541e+04
37755.8223 13.2064 3.3233e+04
37851.2723 10.6588 3.0475e+04
37966.0823 12.6146 2.6238e+04
38069.6623 10.3718 3.7285e+04
38120.5223 11.7876 5.2930e+04
38186.7123 10.4609 2.6067e+04
38203.6323 10.3441 6.0785e+04
38232.5623 10.2795 8.9644e+04
38317.2623 11.7314 5.3313e+04
38445.9123 10.8538 3.4364e+04
38461.7723 10.5735 2.6898e+04
38543.6324 14.0388 3.0124e+04
38558.0624 12.8709 3.8708e+04
38563.3024 11.0562 2.9058e+04
38580.7724 10.9052 2.4303e+04
38587.2124 11.5131 2.2874e+04
38614.1124 10.1212 1.2033e+05
38658.4424 12.2346 4.5016e+04
38713.9024 11.4496 4.2449e+04
38717.9224 14.6621 3.8977e+04
38743.0724 17.2030 5.3054e+04
38761.5324 13.3848 3.6427e+04
38767.9524 15.7008 1.0422e+05
38788.0124 11.8458 2.6815e+04
38811.9624 14.5661 2.2929e+04
38856.0724 10.9715 3.9598e+04
38883.5924 11.0953 2.6743e+04
38892.1424 10.4141 4.4228e+04
38894.8824 11.0876 4.2529e+04
38940.5624 10.0918 4.0092e+04
38948.2424 12.3170 2.9380e+04
38993.0424 12.0259 5.9217e+04
38995.9324 11.1951 4.1307e+04
39008.5824 11.6709 4.0012e+04
39053.1724 17.0167 3.4865e+04
39075.6824 11.2650 2.5484e+04
39103.1724 11.0073 3.8400e+04
39114.9924 10.2507 4.1252e+04
39123.6424 10.3564 3.2867e+04
39129.4724 11.5630 3.4731e+04
39136.4424 10.3051 3.1585e+04
39139.2424 11.0812 2.3515e+04
39166.7124 10.5976 4.2256e+04
39196.4624 10.1154 2.4530e+04
39222.5024 12.8182 8.8434e+04
39232.3224 19.6778 5.4412e+05
39254.1024 26.1862 1.4888e+07
39282.5824 16.1787 3.1406e+05
39285.6624 10.9173 2.0679e+05
39304.8224 17.5922 1.1816e+05
39326.0024 12.7009 9.8180e+04
39339.7724 11.1997 6.9374e+04
39506.9924 11.3510 2.5346e+04
39517.3024 13.5911 3.5851e+04
39527.6924 13.0768 4.7333e+04
39534.5424 12.8958 3.1278e+04
39572.9124 13.6053 5.7970e+05
39597.8824 16.0347 1.4425e+05
39628.3324 12.7468 5.5999e+04
39666.3624 12.6873 2.4771e+04
39804.4924 12.8713 3.4931e+04
39811.0824 10.3668 4.3023e+04
39854.2024 10.6381 3.0875e+04
39870.7524 11.4832 2.5538e+04
39883.7924 13.5654 3.4854e+04
39954.0424 15.4754 4.8996e+04
39980.4324 11.3040 4.5586e+04
40197.0225 12.1904 8.8338e+04
40199.1825 13.2624 8.8338e+04
40347.6325 10.8537 8.2463e+04
40447.5625 16.6175 5.1452e+04
40509.3625 11.7138 2.8986e+04
40571.6425 10.5218 5.5860e+04
40595.4425 11.2687 3.5359e+04
40602.4425 11.2023 4.3211e+04
40653.4225 10.5932 3.0315e+04
40804.6725 11.5979 5.5944e+04
40940.9125 16.8372 1.0271e+05
40984.9625 10.5315 2.8189e+04
41001.5825 13.0530 2.4612e+04
41007.6425 15.5810 3.4268e+04
41010.4925 12.6835 4.1042e+04
41026.3425 12.9260 4.6079e+04
41030.8225 10.2911 3.1546e+04
41036.7425 16.0866 2.9417e+04
41049.0125 10.2461 8.3076e+04
41051.8125 15.4977 8.3076e+04
41067.5325 13.8126 5.7826e+04
41071.3625 10.5242 3.7302e+04
41099.7425 12.3418 2.6346e+04
41103.0025 11.8924 3.9858e+04
41120.8625 12.7509 3.3712e+04
41124.4525 12.5883 2.4201e+04
41141.0525 11.7272 1.9657e+04
41170.7425 13.8797 7.4449e+04
41172.2825 11.0988 7.4449e+04
41173.7025 14.7506 5.3979e+04
41185.4125 14.5134 3.2796e+04
41193.0425 13.6783 2.3633e+04
41216.7725 15.1733 2.4640e+04
41224.8725 12.2401 1.9882e+04
41229.9125 13.9823 2.6217e+04
41235.6425 11.1213 3.6737e+04
41236.9425 11.4920 1.6185e+05
41240.0925 20.5990 1.6054e+05
41260.5025 10.7024 2.8641e+04
41283.5625 11.9764 2.5627e+04
41311.2825 10.1099 3.8556e+04
41362.8525 12.5048 4.1287e+04
41469.6825 11.3534 3.3013e+04
41480.0925 10.1963 4.1396e+04
41494.4525 12.1116 5.0581e+04
41542.5125 10.0530 3.2600e+04
41561.3925 10.3304 3.0905e+04
41629.5925 10.4022 5.2966e+04
41680.9225 10.5875 3.3504e+04
41702.1825 12.6917 5.7704e+04
41741.3025 14.2905 4.8931e+04
41791.1426 11.1137 3.0799e+04
41887.6226 10.3727 7.3635e+05
41890.9326 22.3580 4.1359e+05
41904.2026 10.2555 4.5457e+04
41991.5626 10.8636 2.5031e+04
42065.8626 11.5315 3.1956e+04
42294.1026 10.4225 4.4733e+04
42718.8326 14.4548 2.9279e+04
42814.5726 13.8450 3.1145e+04
42836.8026 11.6487 2.8833e+04
42882.8326 12.0534 2.5932e+04
42935.7226 10.4324 2.5463e+04
42965.7726 11.4006 3.8197e+04
42993.4426 12.8957 3.4081e+04
43021.2026 14.2337 4.2786e+04
43049.0626 10.9461 2.3213e+04
43056.7026 13.1720 5.2176e+04
43066.8726 13.8067 6.9410e+04
43082.7526 11.0144 5.7301e+04
43134.2626 13.8944 6.7982e+04
43292.7526 10.2680 1.5312e+04
43381.0526 11.0184 2.3016e+04
43390.9126 12.8685 1.8797e+04
43477.4827 17.1041 3.8398e+04
43526.0027 10.0564 3.0440e+04
43554.0327 11.2863 2.3870e+04
43583.4427 10.1609 2.1890e+04
43587.9627 10.7497 2.3549e+04
43618.6027 11.2362 2.4848e+04
43625.8427 12.2770 3.1553e+04
43792.1827 12.1431 9.0027e+04
44003.1727 16.5043 3.9892e+04
44034.7027 12.9138 2.8070e+04
44043.4627 13.2338 2.7141e+04
44064.7327 11.0598 3.8563e+04
44386.4127 14.9468 2.3381e+04
44401.6427 14.2971 2.4911e+04
44486.1727 10.4437 3.6139e+04
44540.9627 12.6428 7.0047e+04
44566.5027 10.5754 1.2295e+05
44569.1327 10.9323 1.3717e+05
44578.7527 11.4957 3.3079e+05
44581.2327 13.0625 3.7541e+05
44582.4227 13.5092 3.5064e+05
44595.3727 20.7053 2.4619e+05
44619.6927 13.5102 9.8584e+04
44643.4827 15.3605 6.5763e+04
44706.0227 17.4047 5.1835e+05
44801.9727 13.0178 6.6829e+04
44864.7227 16.1412 8.1136e+04
44874.5827 13.4505 7.2677e+04
45037.7227 10.9222 8.4021e+04
45218.9928 10.6568 4.2628e+04
45336.4528 13.1752 3.6664e+04
45519.8128 10.2917 4.3139e+04
45537.3828 18.2856 4.3752e+04
45552.0128 13.5061 2.3714e+04
45657.9828 10.2402 4.7350e+04
45681.2928 10.2119 1.8769e+04
45731.6928 14.2714 2.2396e+05
45844.5728 10.5241 2.3719e+04
45910.3628 16.5033 2.2823e+04
46143.6428 10.7558 3.7215e+04
46217.6128 11.5909 8.3137e+04
46231.5128 12.8562 1.0027e+05
46235.0928 10.5344 2.5437e+05
46236.3728 16.6325 2.5108e+05
46276.8028 17.2037 9.9972e+04
46334.5028 17.1107 1.2912e+05
46339.1428 14.6018 1.4090e+05
46343.3128 10.9080 2.7199e+05
46360.6828 11.7891 8.9405e+04
46365.3628 14.2810 1.6909e+05
46376.9528 10.4507 8.1507e+04
46421.1828 16.2835 1.8830e+05
46427.2628 11.5313 9.8211e+04
46451.5328 14.9155 6.6712e+04
46470.7128 10.7140 1.0960e+05
46472.9828 10.4666 1.0960e+05
46487.7628 12.7780 5.0421e+04
46492.2128 19.5318 1.1467e+05
46511.5428 17.6937 1.1193e+05
46582.2928 13.5653 6.1284e+04
46694.0328 11.6372 2.6015e+04
46710.0429 12.2206 1.6455e+04
46723.7729 10.7040 2.3713e+04
46828.4629 12.7971 3.3072e+04
46957.9029 11.6585 6.0323e+04
46970.6329 15.9911 6.8773e+04
46974.5829 17.5241 6.5436e+04
46991.7829 14.2103 1.2366e+05
47111.8629 10.0978 1.0738e+05
47144.7629 11.3571 5.4379e+04
47154.4929 11.2980 1.1720e+05
47164.2629 12.7599 8.7051e+04
47214.7629 11.6311 3.4367e+04
47254.6329 10.6402 4.1542e+04
47362.9129 11.4588 2.6274e+04
47410.6429 11.0294 5.6161e+04
47428.9329 10.5304 4.3103e+04
47459.8429 13.0783 1.2963e+05
47521.5429 11.8452 1.1759e+05
47585.6029 12.2819 5.4716e+04
47678.9429 13.8973 4.9457e+04
47749.7229 11.2471 8.5733e+04
47754.7129 11.4341 6.5771e+04
47766.2529 13.9656 8.4295e+04
47799.6029 10.8015 1.1685e+05
47855.3729 13.8805 5.3205e+04
47928.8729 10.3811 8.5435e+04
47935.1829 12.8485 9.8029e+04
47950.8629 17.2683 1.6922e+05
47988.0929 10.3429 3.4908e+04
48006.2229 10.6344 2.5785e+04
48016.3629 15.0743 1.2237e+05
48018.9729 17.6076 1.2237e+05
48019.5529 11.4170 1.0782e+05
48029.3629 16.6446 9.6908e+04
48030.0929 11.8029 9.6908e+04
48072.8429 13.0201 7.2834e+04
48134.3729 15.2155 8.4966e+04
48161.5329 11.5877 6.5053e+04
48195.1629 13.1128 2.7924e+04
48297.1529 13.4332 6.3837e+04
48304.6929 10.3092 2.3966e+04
48313.4529 11.0164 2.1886e+04
48320.1029 15.7400 3.0491e+04
48338.0530 18.8737 3.2492e+04
48353.3130 10.5561 2.8829e+04
48376.0730 16.3454 2.2405e+04
48384.1630 11.2860 3.6373e+04
48387.5330 11.0176 3.8283e+04
48416.7830 14.0199 4.1641e+04
48521.3830 12.4207 2.8881e+04
48610.2930 14.4320 2.5615e+04
48652.6430 18.8317 2.7691e+04
48762.7430 14.3627 1.9461e+04
48792.0030 12.1669 1.6440e+04
48798.3630 11.4081 2.4366e+04
48805.1030 22.0732 4.8982e+04
48845.2030 10.6192 1.3767e+04
48892.5330 19.4628 3.6261e+04
48973.0930 11.8405 2.4014e+04
48981.2430 10.7192 6.5974e+04
49011.1830 13.2319 2.0643e+04
49018.4630 14.1174 2.8299e+04
49066.7930 14.3578 3.3711e+04
49159.3730 13.2925 2.6826e+04
49198.1830 13.7264 7.4347e+04
49199.8330 13.6860 8.5752e+04
49206.0430 10.9477 1.1374e+05
49229.3530 13.8156 3.0885e+04
49238.5830 11.3860 3.5684e+04
49292.4330 11.2834 3.4011e+04
49298.1330 15.7077 4.8616e+04
49313.2630 13.7875 1.2366e+05
49320.2430 12.2765 9.6327e+04
49336.6930 10.1910 1.9946e+04
49354.8230 10.8189 1.0425e+04
49361.3430 10.3883 2.4886e+04
49364.3330 11.1627 2.4886e+04
49456.4430 13.4977 3.3595e+04
49458.2130 11.2943 3.3595e+04
49459.0930 12.6153 3.3569e+04
49471.2730 17.5344 2.7266e+04
49516.1130 15.3816 2.9069e+04
49519.7330 10.2721 2.5946e+04
49538.9030 12.2288 2.7045e+04
49555.7330 12.7927 1.4153e+04
49574.2830 10.7175 9.2889e+03
49645.5230 18.4351 4.3049e+04
49677.6130 10.7840 1.8288e+04
49681.7430 11.1216 2.7810e+04
49735.4330 12.2265 3.1103e+04
49736.0230 12.6754 2.1302e+04
49773.3630 10.6802 3.0313e+04
49782.3130 12.0678 3.0353e+04
49830.0130 14.9138 4.5136e+04
49840.1730 12.2847 3.7981e+04
49840.6830 11.5288 3.7981e+04
49892.3430 11.6859 4.2349e+04
49902.3430 10.9709 2.0839e+04
49910.4430 14.6725 6.0911e+04
49911.5130 14.5274 6.0911e+04
49927.4530 11.4702 4.0796e+04
49937.7330 14.4099 6.5817e+04
49938.2430 13.3886 5.1225e+04
50037.6231 15.5498 4.2411e+04
50048.9131 12.3814 3.6101e+04
50049.4531 10.2574 3.4739e+04
50050.0031 10.5946 3.4761e+04
50071.6131 19.0650 4.0435e+04
50072.2931 11.6162 3.7435e+04
50098.8931 13.7254 2.1259e+04
50099.6331 15.8708 2.1259e+04
50118.5531 10.9194 2.7834e+04
50119.1531 13.4300 3.8917e+04
50130.5831 11.6152 4.1438e+04
50139.3631 11.5714 4.6744e+04
50142.6131 10.2562 3.7952e+04
50167.2731 10.3143 1.8680e+04
50180.8931 11.8004 4.6496e+04
50182.8731 10.5426 4.1002e+04
50194.8731 11.5651 7.5125e+04
50195.6531 16.1026 7.5125e+04
50211.7931 13.0871 4.3584e+04
50235.7731 13.2251 6.7898e+04
50259.9331 14.0828 2.9868e+04
50337.5631 12.2288 4.1694e+04
50360.0231 12.1070 2.7675e+04
50382.9331 11.5596 4.4131e+04
50422.9031 10.9650 3.3004e+04
50425.4731 15.2962 3.3004e+04
50436.7931 10.9833 2.4997e+04
50447.8431 12.3723 5.9007e+04
50448.5031 11.8470 4.1992e+04
50465.2931 14.6652 3.6231e+04
50470.5831 10.0504 4.4155e+04
50482.4231 12.6578 2.1243e+04
50494.4331 15.3502 2.0892e+04
50500.1531 13.7097 1.8135e+04
50515.8531 14.6106 2.0317e+04
50523.5131 14.5593 2.2725e+04
50548.6931 15.3402 1.6362e+04
50554.0731 11.8911 4.9322e+04
50558.4731 17.1006 5.1696e+04
50559.3231 10.1422 4.6870e+04
50577.6231 14.1926 5.7706e+04
50608.0031 15.3229 6.5314e+04
50620.5431 13.0602 3.7140e+04
50635.0331 11.3563 2.7856e+04
50636.7331 12.7322 2.5522e+04
50647.2731 10.7265 4.6765e+04
50647.6931 10.8279 3.3310e+04
50718.5031 10.3294 1.5238e+04
50810.4531 12.7381 1.5734e+04
50890.3631 10.9013 3.2617e+04
50905.1231 10.9175 4.1304e+04
50911.9731 10.5897 4.4246e+04
50934.2131 13.6551 1.8636e+04
50943.5331 12.2877 1.0039e+04
50981.7831 12.0744 3.5600e+04
51008.6831 14.1498 1.6947e+04
51015.6931 11.9505 6.3012e+04
51019.1231 12.9676 5.1999e+04
51019.5331 12.1927 6.0060e+04
51045.2531 12.8475 4.0047e+04
51095.0231 12.5302 2.6497e+04
51112.1531 11.0262 2.7243e+04
51152.4531 15.0677 5.1600e+04
51160.4131 13.6333 3.8004e+04
51178.2931 11.1307 6.3394e+04
51230.1531 14.7372 3.7555e+04
51241.2431 16.0205 6.5391e+04
51263.7431 13.6109 6.5733e+04
51264.9431 13.6324 6.5733e+04
51265.7531 16.2364 6.2410e+04
51268.3831 10.6175 5.3007e+04
51274.0231 13.3191 1.0724e+05
51299.5131 11.5849 4.0818e+04
51322.0531 16.2623 3.5562e+04
51329.2631 15.5775 5.3301e+04
51389.1131 10.2979 1.2510e+04
51404.7331 19.9375 4.3155e+04
51483.6431 15.6078 2.7403e+04
51498.6431 11.4327 3.2395e+04
51535.5731 11.8169 1.8792e+04
51541.7531 11.4102 1.9003e+04
51555.4431 14.1852 2.9907e+04
51586.3831 19.1850 5.9798e+04
51588.4731 11.0931 5.0782e+04
51683.8632 13.3847 1.3746e+04
51734.6732 18.5073 4.2773e+04
51778.1732 16.8669 4.5195e+04
51824.6932 14.0553 1.8420e+04
51848.7032 16.4373 6.9885e+04
51849.4332 16.5669 6.9885e+04
51850.6432 10.5208 5.5784e+04
51859.1132 14.3698 7.2772e+04
51868.3832 15.6897 6.2144e+04
51887.8232 17.9279 7.2970e+04
51888.4332 15.2956 7.2970e+04
52022.6932 12.7602 2.3717e+06
52025.9432 22.9193 2.3717e+06
52060.7132 15.7843 7.1346e+04
52096.0432 11.1344 1.6580e+04
52103.5432 19.9948 5.6863e+04
52116.9632 16.9796 4.7907e+04
52446.9532 10.6900 9.4328e+03
52588.5932 19.7562 2.1355e+04
52601.4132 15.4406 3.9753e+04
52601.9532 16.9543 3.9753e+04
52629.9432 16.7336 5.1626e+04
52630.5932 18.4105 5.1626e+04
52641.2532 10.0362 4.6535e+04
52644.6732 10.2863 4.6535e+04
52699.2432 15.6831 2.8838e+04
52758.4332 10.2282 1.1693e+04
52768.1432 14.1220 3.5492e+04
52768.9432 10.6223 3.5492e+04
52803.0232 14.5377 3.7409e+04
52807.3732 17.4301 4.4458e+04
52823.4032 13.6092 1.5087e+04
52923.8532 10.1199 1.8842e+04
52973.1232 16.0889 4.1585e+04
53118.8732 11.6848 1.7886e+04
53181.0432 12.8574 5.9167e+04
53200.9432 11.5081 4.7210e+04
53201.5032 12.9018 4.7210e+04
53207.8432 14.0639 3.5291e+04
53223.2732 14.5110 3.5677e+04
53223.8732 13.2085 3.5677e+04
53295.2233 11.9963 1.7993e+04
53469.9033 12.9730 1.4347e+04
53502.9833 17.5766 3.6566e+04
53517.3233 15.3295 5.7552e+04
53519.6633 12.5100 5.7552e+04
53553.4933 18.5589 3.8045e+04
53555.4433 10.8094 3.4238e+04
53591.9333 10.4876 2.6610e+04
53592.6833 16.4661 2.6610e+04
53599.3333 13.9993 4.7641e+04
53599.8733 14.3240 4.5331e+04
53624.3733 10.5274 1.4513e+04
53630.0333 10.2652 4.3107e+04
53636.5333 11.4044 3.0408e+04
53650.2233 17.2230 4.9836e+04
53650.9433 15.1096 4.9836e+04
53664.3333 12.4415 4.3687e+04
53672.4233 15.3038 3.6784e+04
53707.5733 14.5076 4.9807e+04
53915.1233 11.9029 2.8026e+04
53916.6733 15.6050 2.8026e+04
53922.2733 11.5310 3.0377e+04
53934.4233 13.7728 1.9476e+04
53944.3433 16.3685 3.9431e+04
53984.0133 10.2366 8.1157e+03
53997.7133 11.4620 2.2806e+04
54005.2933 10.0895 7.2111e+03
54010.2133 18.4621 3.8761e+04
54013.5633 13.2158 2.6846e+04
54047.0933 16.0245 1.0988e+05
54077.9433 11.2478 2.7562e+04
54106.7733 17.0165 6.1473e+04
54110.4733 12.2423 6.1473e+04
54122.9033 10.1887 1.1743e+04
54130.6033 15.4929 3.7089e+04
54145.5833 12.4412 2.8834e+04
54166.4333 16.4477 2.4823e+04
54167.8733 10.7608 2.4482e+04
54190.8833 12.6137 3.8790e+04
54192.1033 12.2635 3.8790e+04
54214.1233 12.6146 3.3386e+04
54255.5633 17.0860 5.2504e+04
54256.3633 10.5035 5.2504e+04
54276.7133 14.7144 3.6616e+04
54289.3033 12.9413 4.3715e+04
54289.8833 13.7014 4.4133e+04
54298.7833 13.3955 8.9032e+04
54315.2433 12.2284 9.7836e+04
54338.4633 11.3223 4.0596e+04
54390.8733 10.2942 1.2115e+04
54406.0233 13.2764 2.5684e+04
54406.9333 11.3443 2.2557e+04
54484.2833 10.4999 1.0025e+04
54490.3433 16.2925 3.2897e+04
54503.1533 11.4680 2.0090e+04
54510.3733 10.6157 4.8613e+04
54513.2033 14.1130 4.8613e+04
54517.9333 19.6891 1.1506e+05
54558.6633 12.3801 1.0451e+05
54568.5533 11.4077 3.8303e+04
54576.3933 11.2082 3.0899e+04
54606.0833 12.5818 8.1997e+04
54627.2733 11.7107 4.0103e+04
54639.8533 13.6772 5.1342e+04
54658.5933 11.2100 2.2792e+04
54659.4133 12.8378 2.2792e+04
54669.9033 18.5357 4.6208e+04
54682.3133 20.3836 4.9298e+04
54753.0733 15.5565 1.3334e+04
54760.7233 18.3568 2.4597e+04
54768.1433 14.6010 3.4241e+04
54784.9233 11.7533 2.9636e+04
54791.7533 15.6937 2.0136e+04
54796.2533 10.8690 3.5486e+04
54797.0333 16.0454 3.5486e+04
54799.5633 10.7605 3.2517e+04
54803.7733 15.2324 4.0003e+04
54831.5133 18.2398 4.1317e+04
54854.8333 18.4045 2.6089e+04
54884.9533 15.3660 6.4522e+04
54903.1734 17.6952 3.6662e+04
54917.9934 12.7280 2.1361e+04
54926.0234 11.3808 2.6991e+04
54933.9634 15.2644 3.8650e+04
54949.9734 12.1276 3.3760e+04
54961.7034 11.9145 2.1650e+04
54966.4234 20.1329 5.8904e+04
54989.5034 11.8293 2.3910e+04
55000.6834 16.6645 4.5240e+04
55007.8034 10.9076 2.5323e+04
55017.4934 12.4114 5.6935e+04
55019.0534 10.3177 4.3477e+04
55021.7434 12.2493 4.6392e+04
55025.3134 12.9570 4.1553e+04
55034.7934 15.0997 2.7054e+04
55043.8934 10.6644 3.8874e+04
55054.8934 12.5808 4.9057e+04
55060.4334 11.7034 6.0833e+04
55066.2134 11.9715 3.0885e+04
55077.4334 19.0560 5.7490e+04
55092.2934 11.2857 4.1429e+04
55100.1134 14.9460 6.6875e+04
55126.1734 19.9378 7.5097e+04
55138.3434 15.7731 3.7848e+04
55169.3334 11.3439 2.7403e+04
55175.6234 11.8413 2.1701e+04
55180.2834 12.6692 2.9642e+04
55184.2834 12.6051 3.9715e+04
55191.3734 10.2822 3.1166e+04
55196.2434 10.0021 4.1217e+04
55203.6834 16.7398 3.4588e+04
55205.2134 11.6041 3.4275e+04
55214.1534 11.5809 2.2146e+04
55231.1734 18.6697 6.4330e+04
55248.0434 14.4641 3.7786e+04
55249.2834 10.5603 4.4863e+04
55256.4534 11.6658 1.0670e+05
55348.5934 12.0032 2.2924e+04
55366.5134 11.6604 4.0951e+04
55458.8534 13.6827 4.0701e+04
55479.2734 16.3793 2.2288e+04
55490.1034 10.1423 2.4768e+04
55511.3234 10.1231 2.0362e+04
55541.0234 10.6228 9.3162e+04
55624.3234 14.0636 2.2110e+04
55660.8134 13.5018 3.1891e+04
55667.4534 14.9229 4.5602e+04
55696.3934 12.7660 3.0439e+04
55701.0534 13.6062 2.8020e+04
55708.0034 12.0976 3.3752e+04
55729.9834 10.7385 1.9313e+04
55805.4734 13.3433 5.3815e+04
55822.5334 11.0462 2.9405e+04
55837.2634 11.2172 1.8333e+04
55858.5934 21.8328 1.1579e+05
55872.2834 12.5547 3.8147e+04
55881.6234 13.0425 8.6188e+04
55907.6834 14.2173 4.1383e+04
56086.5334 15.4852 3.4226e+04
56120.9434 13.6860 3.2094e+04
56188.4234 16.4341 3.9172e+04
56190.2634 13.2737 3.9172e+04
56308.5734 11.8972 2.0852e+04
56309.4534 13.0839 2.1070e+04
56313.0434 11.8547 1.7716e+04
56354.6234 15.7354 2.3407e+04
56369.0134 10.5570 2.1984e+04
56374.0234 10.0574 1.5706e+04
56511.5134 13.2131 3.3969e+04
56512.1434 14.9105 3.3969e+04
56512.8934 10.7776 3.3036e+04
56539.1235 12.9172 2.9172e+04
56570.6635 10.8884 1.7842e+04
56588.8035 13.1732 3.1342e+04
56598.6835 12.5104 2.2383e+04
56668.8835 13.1624 2.4262e+04
56676.9435 12.1798 2.2917e+04
56686.1235 11.9155 1.8502e+04
56750.9735 16.6043 2.5600e+04
56771.2235 15.7034 3.2075e+04
56771.9735 10.9672 2.8853e+04
56784.5535 10.6655 2.1716e+04
56793.8935 10.4326 1.2335e+04
56799.2035 10.5171 2.5930e+04
56853.2935 14.0870 4.0460e+04
56879.1635 16.3304 4.3338e+04
56885.3635 13.3967 8.4867e+04
56901.7335 10.1390 2.5875e+04
57056.3935 10.0756 4.9552e+04
57057.8735 11.0420 4.4042e+04
57266.7035 15.1204 2.4909e+04
57275.7035 10.0419 3.2897e+04
57291.5235 11.6467 3.2082e+04
57392.7235 17.3336 7.7993e+04
57476.4935 15.5258 1.8136e+04
57496.1935 11.7108 2.5570e+04
57500.7035 11.5863 1.6152e+04
57506.0535 10.1711 1.6687e+04
57515.6135 13.7412 2.1778e+04
57529.1735 15.0253 2.3849e+04
57548.1435 10.0782 1.9428e+04
57589.8935 17.5369 3.5856e+04
57631.0935 12.7127 1.2379e+04
57631.5835 10.7245 1.1066e+04
57638.0035 11.6966 2.8180e+04
57650.0135 17.2849 3.0951e+04
57666.6135 13.2384 1.2312e+04
57736.0435 10.8649 6.9647e+03
57785.7035 14.5939 1.5857e+04
57813.9335 14.6664 2.0265e+04
57826.3235 13.2665 1.3139e+04
57833.4035 15.9332 2.1662e+04
57867.6635 13.6765 4.0469e+04
57930.1035 10.5624 6.8979e+03
58022.8335 17.3221 1.6441e+04
58078.5835 15.6997 5.8515e+04
58107.2235 10.6632 2.2389e+04
58124.0135 10.3137 1.6252e+04
58167.4236 20.5240 9.9055e+04
58189.6536 20.3540 1.2373e+05
58190.5536 10.5670 1.2373e+05
58223.2836 15.0683 1.1605e+05
58231.1936 10.2616 1.2002e+05
58276.4236 17.4544 7.7665e+04
58294.0136 18.4442 9.9391e+04
58294.7736 13.9844 8.5593e+04
58305.7836 13.1478 9.9738e+04
58307.1736 11.4006 9.9256e+04
58317.7936 18.1502 1.1454e+05
58327.6736 14.0820 1.0311e+05
58328.2636 10.6942 9.1027e+04
58380.2736 18.4876 8.6406e+04
58404.5736 20.2419 1.1706e+05
58494.6536 19.2735 1.2247e+05
58572.9736 11.4096 2.1663e+04
58579.9636 14.5810 4.5260e+04
58590.9336 10.1948 3.4351e+04
58611.1936 11.6403 7.5661e+04
58612.0936 11.9009 7.5661e+04
58613.3736 19.4817 7.5661e+04
58632.2336 14.2436 2.9877e+04
58666.6036 16.9473 1.9577e+04
58674.5636 11.0380 1.2693e+04
58692.0336 10.6608 2.8514e+04
58692.3736 18.0129 2.9756e+04
58697.7936 13.8243 5.8987e+04
58698.6436 12.1005 5.8987e+04
58710.7636 14.5925 3.3733e+04
58721.7436 10.5180 3.6327e+04
58771.7736 13.0262 2.3357e+04
58772.6636 18.6971 2.3357e+04
58773.3736 13.5112 2.2778e+04
58802.8636 10.8186 2.4263e+04
58803.6036 12.3811 2.4263e+04
58804.6136 16.1605 2.4263e+04
58819.9436 12.7561 3.7790e+04
58843.2636 12.3674 2.0802e+04
58856.5036 14.2500 2.1605e+04
58857.1236 15.5296 2.1401e+04
58902.9636 13.8754 1.0494e+04
58960.0536 16.6004 3.6311e+04
58960.8836 10.7377 3.6311e+04
58969.4236 10.1150 3.1498e+04
58985.4536 14.4975 2.6031e+04
58990.3036 10.5822 2.2664e+04
58997.0336 17.2659 2.0708e+04
59012.9336 14.4501 1.5599e+04
59028.0836 15.6112 2.1073e+04
59151.0136 15.0489 1.3794e+04
59152.1636 12.6906 1.2273e+04
59177.6736 13.3013 1.7888e+04
59179.4536 13.0732 1.7888e+04
59193.7436 10.4767 3.2072e+04
59195.3836 13.3873 2.7986e+04
59208.4836 13.0312 3.3971e+04
59209.7736 12.7488 2.4983e+04
59217.0636 18.8589 1.8489e+04
59225.7536 10.1572 2.5404e+04
59242.1736 13.6353 3.2712e+04
59253.2236 12.0991 2.8469e+04
59332.7536 16.4201 3.2986e+04
59371.9436 16.4937 2.6187e+04
59380.5836 12.2233 2.0826e+04
59382.1136 11.6959 2.0679e+04
60234.8237 13.3010 9.1457e+03
60650.1537 13.4261 8.9786e+03
60802.8337 12.7929 1.3460e+04
61018.7837 11.4866 2.3459e+05
61114.8937 10.8811 7.1456e+03
61126.8437 11.3563 6.8122e+03
61583.9438 15.0638 3.0530e+04
61586.0638 10.8798 2.8380e+04
61747.6538 12.3089 1.4061e+04
61881.9138 11.0392 8.1065e+03
61982.5238 13.6085 1.4803e+04
62140.5038 11.1346 1.0375e+04
62366.5238 10.4932 9.0532e+03
62543.9138 11.3884 1.3720e+04
62570.4638 12.9998 7.8530e+03
62581.2838 10.4685 1.2460e+04
62662.1938 18.0828 1.1792e+04
62676.5638 14.8289 8.9623e+03
62796.4838 10.0831 9.9667e+03
62861.3338 10.4113 1.5506e+04
62970.5838 10.6714 1.5458e+04
62994.2438 15.1205 3.5918e+04
63023.5338 11.9092 1.5794e+04
63033.1038 13.2813 1.9369e+04
63088.8539 10.6427 1.6985e+04
63201.4439 10.9176 1.0377e+04
63269.7239 13.9970 5.0990e+04
63468.4239 10.0958 8.8934e+03
63582.0439 10.3972 8.3881e+03
63597.8839 11.5692 9.8164e+03
63907.0739 10.5981 1.1486e+04
64164.5639 10.5801 1.2485e+04
64201.0039 11.3857 6.6619e+03
64540.8539 11.1732 8.6856e+03
64672.9839 10.3522 1.7336e+04
64690.7639 10.8524 1.2635e+04
64857.4240 11.4411 1.1119e+04
64923.5840 12.3017 3.9082e+04
65322.4140 11.5435 7.1010e+03
65537.8840 11.9430 2.4661e+04
65600.1440 19.3298 4.4331e+04
65645.5340 13.2058 4.0018e+04
65695.2440 15.1999 1.9242e+05
66101.8740 11.1095 1.0121e+04
66490.7541 14.7723 6.3508e+03
66568.9041 12.7513 1.9845e+04
66633.4141 11.1558 2.5261e+04
66637.2441 10.2414 2.4696e+04
66665.5141 10.0145 9.4989e+03
66876.4041 12.8936 7.8105e+03
66995.9541 10.1932 9.6919e+03
67619.5941 14.7304 7.6936e+03
67685.4541 10.4954 1.3110e+04
67814.7241 11.0048 4.3471e+03
68462.7742 18.4187 2.5406e+04
68536.1642 10.9891 1.1335e+04
68646.6542 13.6666 2.1352e+04
68943.4442 14.4850 1.4751e+04
69074.3342 19.8303 1.5063e+04
69331.9742 10.4170 5.6599e+03
69367.8242 16.0122 1.9669e+04
69407.9942 13.2542 1.8722e+04
69448.4142 15.2023 2.6252e+04
69588.9242 11.2285 1.8997e+04
69789.1843 14.3739 1.6160e+04
69889.4043 20.2495 1.5711e+04
69954.0643 17.9399 2.4961e+04
70082.0443 16.4401 4.5191e+04
70517.6143 15.2429 1.3797e+04
70730.6543 12.2998 8.3277e+03
70824.5843 11.4002 6.1380e+03
71216.3343 15.5110 8.0632e+05
72188.2944 10.7349 5.9753e+03
72239.6144 11.8044 1.1452e+04
72247.7944 10.1402 1.9342e+04
72373.9244 10.2912 2.4142e+04
72660.9144 12.7182 1.0373e+04
72876.9144 14.2443 4.7272e+03
73550.2245 10.5194 7.9067e+03
73941.0845 16.1165 1.6653e+04
73999.2745 15.1449 1.8150e+04
74053.6745 14.5294 4.2535e+04
74315.7345 12.6751 1.0897e+04
74371.9345 14.1539 4.4448e+04
74372.5345 10.9561 4.1720e+04
74824.8646 10.0408 9.2995e+03
74895.5546 16.5019 4.1913e+04
74915.8646 17.2014 2.8804e+04
74977.2646 11.9140 1.0371e+04
74984.5146 10.4391 1.5157e+04
75002.8446 13.5776 1.1499e+04
75019.2146 10.4178 1.7268e+04
75125.3146 10.4157 7.0455e+03
75130.3646 10.3330 8.2978e+03
75222.4946 12.5378 9.8176e+03
75264.6946 11.7311 2.7922e+04
75329.4546 13.1489 5.1419e+03
75880.1646 15.4494 3.8316e+04
75886.4346 12.5189 2.9671e+04
76153.1346 10.0151 4.2182e+03
76262.0247 13.0882 2.8268e+04
76266.2947 12.7470 2.8268e+04
76512.5647 13.0320 3.5154e+04
76963.2747 13.7726 1.7183e+04
77006.7447 10.2254 1.6640e+04
77028.2647 14.8351 3.9562e+04
77061.7947 10.0994 4.1786e+04
77642.3547 11.2469 2.5498e+04
77920.1048 10.8039 4.6196e+03
77950.1848 13.3296 1.5605e+04
78196.1448 14.6893 4.2820e+03
78270.9648 10.6020 8.7618e+03
78562.0648 13.5597 1.8183e+04
78614.2748 15.5498 8.0959e+03
78635.3148 13.5613 1.0466e+04
78643.4048 15.0631 1.1169e+04
78773.6348 10.3480 6.0393e+03
79010.2648 18.5989 2.6119e+04
79024.3348 14.7389 3.3088e+04
79586.7149 13.9307 1.3291e+04
79683.3549 10.6201 6.6586e+03
79736.1349 20.2081 5.8951e+04
79840.5549 10.3399 5.8717e+03
79879.8549 12.5120 1.1777e+04
80059.9749 11.9955 2.4440e+04
80075.0449 10.6442 8.7808e+03
80332.0849 16.8471 4.7127e+04
80390.7749 18.1197 4.0865e+04
80643.3849 11.2920 5.3508e+03
80724.2249 14.5181 1.0037e+04
81339.7350 14.4230 5.9718e+03
81611.4550 17.0940 4.2859e+04
81691.8650 10.0252 1.0280e+04
81799.4550 11.1468 8.1266e+03
81817.1150 12.9525 6.8524e+03
82242.9450 11.4301 9.8173e+03
83081.6951 11.2654 1.1978e+05
83319.8951 10.9351 2.3661e+04
83327.8551 11.0736 1.7380e+04
83345.3051 11.2064 1.8311e+04
83349.8851 12.6917 2.4596e+04
83355.8751 13.7505 2.1906e+04
83397.5251 12.3019 1.9409e+04
83406.6251 14.5780 3.3510e+04
83425.6251 15.5305 3.3462e+04
83426.2351 10.1944 3.3462e+04
83446.9051 15.2697 2.7243e+04
83453.2751 11.9020 2.7460e+04
83472.3951 16.7522 3.0533e+04
83506.0351 11.7866 3.7573e+04
83549.8851 21.2007 3.4646e+04
83567.4651 14.5991 3.1041e+04
83568.1351 17.6088 3.1041e+04
83573.7951 16.1790 2.7917e+04
83578.4051 14.2405 6.5676e+04
83585.7051 13.6986 6.7556e+04
83592.0151 19.0570 1.5205e+05
83609.9551 21.4116 8.6268e+04
83636.4151 15.1927 1.1550e+04
83644.1551 16.9684 3.5402e+04
83644.9051 13.1062 3.5402e+04
83648.8151 12.1450 2.5110e+04
83672.8851 14.6409 2.2214e+04
83679.9651 11.8641 4.7864e+04
83681.5251 11.9882 5.5558e+04
83682.7251 10.0278 5.1971e+04
83690.9551 12.1606 1.1110e+05
83928.4851 13.4214 1.5901e+04
84027.4551 10.3447 3.0459e+04
84029.7051 17.1473 3.0459e+04
84110.4551 11.0222 1.6819e+04
84160.8251 11.0135 4.0416e+04
84174.1651 11.3922 1.1555e+05
84214.6151 14.5340 5.1657e+04
84215.2951 10.9109 5.1657e+04
84243.5251 15.2372 4.7834e+04
84257.7451 18.2942 4.0078e+04
84272.1551 12.2638 2.6262e+04
84278.0351 14.1413 3.4628e+04
84298.7551 13.7009 3.6979e+04
84307.3851 13.8220 3.0374e+04
84315.2851 15.7110 3.4386e+04
84330.3651 11.6421 1.9002e+04
84350.1751 12.1867 2.1055e+04
84351.6651 12.0576 2.1055e+04
84356.9551 11.6600 2.6233e+04
84397.1552 11.8575 1.3334e+04
84447.3152 11.0189 2.7810e+04
84448.3252 17.8765 2.6703e+04
84455.0652 13.2912 3.3521e+04
84462.8552 10.8293 1.6195e+04
84467.3352 15.3458 2.0866e+04
84480.4252 11.7345 3.1184e+04
84525.2452 10.7720 2.5003e+04
84785.9752 12.2296 4.6232e+04
84787.2352 11.8333 4.6232e+04
84843.4252 11.1844 4.2493e+04
84859.8652 14.0108 4.7940e+04
84872.8052 12.7430 1.6120e+04
84891.6552 14.2333 4.4160e+04
84905.1552 12.6746 3.5817e+04
84925.4952 10.6681 2.0676e+04
85269.0152 17.6486 4.2601e+04
85311.0452 11.1771 7.5558e+04
85322.2552 11.6124 1.0467e+05
85322.9552 16.3494 1.0342e+05
85397.9852 10.3434 3.1244e+04
85424.2852 15.6864 2.4819e+04
85472.7552 10.6355 2.6196e+04
85504.3352 13.2604 9.4662e+04
85525.2352 12.5341 3.9480e+04
85528.6952 13.6840 3.9553e+04
85541.7352 11.4182 5.3372e+04
85552.7852 11.2764 5.8803e+04
85569.1352 13.9235 8.0181e+04
85569.8952 13.9490 8.9427e+04
85685.7152 11.0106 3.8422e+04
85696.5252 10.4076 3.6844e+04
85718.9352 10.3813 4.3876e+04
85755.7252 13.1018 3.6127e+04
85768.5952 10.6337 5.0057e+04
85777.4552 11.8439 3.7961e+04
85791.4952 12.1513 3.2708e+04
85801.5852 16.1235 3.9668e+04
86034.4753 18.2482 1.2068e+05
86100.6853 10.2157 3.3723e+04
86207.0053 12.6815 3.6466e+04
86208.8353 12.1492 4.7029e+04
86318.7353 11.1633 9.3139e+04
86326.5853 10.8600 6.1906e+04
