53.52000326660176 8.361434447757503 26927.14734381031
493.44003011718934 8.091685004844996 32443.444404206202
548.6900334893819 6.504185080291197 57367.183594585666
651.650039773562 6.594131850002471 70385.13348243796
935.0300570697057 7.070383044597212 15763.72056248497
2017.440123134773 6.985136373477826 9218.38874234075
3794.2702315838765 7.592638966946883 10975.812882057302
4220.550257601944 6.999006482811532 9595.106351690678
4950.720302167987 6.738388278650979 13396.692328378638
4977.620303809833 9.466303227807902 35158.21328534821
5021.940306514911 8.68832612607409 70295.97690834974
5026.240306777362 8.068949931284171 67894.39462554657
5038.490307525043 10.411292786446381 46915.94608569833
5064.920309138202 6.5902718195345615 23598.481535137253
5074.24030970705 9.429415580501814 35174.089463710356
5084.490310332661 9.010615796486789 45756.2171243293
5091.740310775165 6.093870851147779 21971.488489188403
5107.53031173891 9.923957469379744 49527.91447087483
5133.97031335268 7.393130507487 20538.908743977034
5163.860315177021 8.788730113236099 29573.979388073483
5186.330316548481 9.567116483260845 30835.249884232308
5208.78031791872 7.317902344560432 30634.698239264075
5238.650319741841 8.437053547554124 43744.26668250611
5257.420320887471 7.032232133165382 21435.942877473222
5304.800323779316 7.003061629590107 10100.870276417374
6246.190381237206 6.140477350118505 15507.766875547033
6304.430384791894 7.708547735031579 24762.309859896028
6418.520391755395 6.581749906998959 11253.36657980041
6472.640395058618 9.076903694830973 42785.378777419464
6588.4104021246585 7.245561523140659 18341.708713396205
6629.3904046258795 7.805196522924496 15763.44252530996
6724.68041044192 9.480773476995566 26063.60313904829
6824.360416525904 7.489199974590815 10368.397964745627
6826.4804166552985 6.110471708509707 19612.273521348903
6845.3104178045905 9.475969096157895 39858.75119075464
6881.580420018337 7.027938983361848 15320.722584684008
6903.02042132693 6.667793330177541 14207.364378042084
6908.630421669337 7.6137074672118645 17804.331194266055
6958.850424734523 6.337026712396037 21185.07403230854
6994.700426922634 6.065884359187104 19338.069002627486
7019.360428427761 6.040378536092728 28722.7369763825
7207.160439890164 6.4479203207134965 13611.281844177514
7433.47045370303 6.836801071087172 146631.32265616933
7453.900454949979 6.409237947608795 310191.3859862778
8319.850507803376 7.430983393752909 30295.033556973023
8415.200513623078 6.068780923466785 15224.333949414042
8562.29052260074 8.308172863654766 22362.265308664602
8571.070523136628 8.224793515422911 27134.829538464688
8582.120523811067 8.744707071011664 69210.28576845292
8587.550524142489 8.753034859555344 62001.1881528974
12049.320735432173 12.199409035909303 191799.3304833643
12052.07073560002 7.988465425460114 69367.34044995271
13308.420812281543 6.209652035704599 36579.80207200163
13323.230813185475 6.260507907309907 93118.76145997272
