823.2000502441437 6.009273431153141 4596.52392370799
2809.5801714831646 6.440472524249828 11226.9551221008
3165.220193189709 6.141707270057503 9318.797246519227
3381.0402063623173 7.351985229242687 19196.548022367828
3800.3402319543598 6.56890075543583 6733.8786805310765
4225.700257916275 7.233034420622591 14591.390194014404
4912.090299810199 7.850214637269731 14982.851542805542
4919.020300233173 6.111523044056506 19865.192485543204
4952.470302274799 7.969842629552184 22497.150729410754
4963.61030295473 6.602402893255534 11057.329865320402
5020.510306427631 6.43933086267014 8249.633044857339
6049.810369251121 10.845009742541306 715052.8695852585
6602.830403004786 6.331732181671655 140454.368072344
7714.850470877104 8.360632312809008 23385.631063137454
7737.9604722876265 7.472718798498463 19772.797377420113
8315.510507538484 6.618685736469022 18529.700158420812
9265.070565495029 6.0392966331040006 10854.721586017457
9771.62059641239 6.5078800659593865 16935.30263654759
9948.630607216224 7.6404877744672035 34939.75182959362
11670.09071228581 8.039092983579135 15105.580423864265
12853.82078453496 6.209227048875963 26567.825999214347
15210.580928380183 6.453766689155201 19778.418651246542
19488.93118950996 10.137002978835136 44102.64563147532
26188.701598431493 6.979947395360476 74737.88349922276
28821.351759115707 6.429273224271554 19866.48811098821
30069.521835297965 8.297350892430682 41529.04876265675
30364.461853299672 6.179876199427724 39205.59213296505
31286.71190958935 8.982511267372278 26000.822275294177
31313.49191122387 6.2924056005075295 12070.269902976837
31352.15191358349 6.42318929145467 14184.396636805024
33045.07201691114 7.43118126068834 17390.521738237225
33062.88201799817 6.986597847432164 24662.861502697306
33112.47202102491 6.180442548917123 10765.201139340283
34539.652108133065 6.002197887731595 26359.995010383376
35841.97218762037 6.284094515702557 20163.82740912029
36613.05223468336 7.633395486971064 19627.724598415192
37752.80230424819 6.71220323630406 390396.3339861864
37754.27230433791 6.84243181455487 325114.920506072
37799.362307089985 6.245338714586996 157838.9812703603
37803.98230737197 6.464602663942861 193904.05828234952
37808.77230766432 7.085396541634589 477972.987520946
37830.33230898024 9.570202897095495 357948.06400445057
37831.09230902663 6.9342455115418264 336907.058425746
37941.412315760026 9.736439094775662 26054.56061768011
37976.902317926164 7.092685713185211 82201.24146483657
37978.5723180281 6.2304475014684355 82201.24146483657
41318.31252186966 6.821767503575724 26193.404298617814
41929.852559195104 6.334342971381837 8117.34075497251
44171.11269599076 6.105868187108249 239648.08812576853
45004.962746884936 6.871217960726699 132204.36061686688
45364.40276882341 7.748328943907911 36357.78610516066
45729.85279112871 6.33323690202681 994227.4530716211
47240.232883314995 6.7998679515511276 54144.921952909935
47293.90288659075 7.065029413119523 119536.69927770631
48847.00298138446 6.190090358956206 651202.3630646276
49952.19304883991 6.038649469868357 426580.81845361955
52463.33320210774 9.14458516005547 26334.138587486632
53067.773238999835 8.255725621598424 36183.65440218399
56732.81346269613 9.260808699556746 42417.24056407455
58146.283548967505 7.606782234047086 15145.43283072633
62362.373806297226 7.899838699874437 16465.919057786337
65717.18401105859 9.462785044511753 19762.453208382358
67757.75413560511 8.439265557620404 32329.243973601537
72992.44445510526 9.956014805808254 188626.56925420056
75343.69459861417 7.254774166670267 4117.136252183761
76126.87464641569 8.25065012090312 10957.307327726907
78853.1348128134 6.418651273187106 11593.530600866961
81641.51498300262 7.591285053761858 37990.88826698069
81643.50498312409 8.752961934025825 37916.77572831972
81738.76498893829 6.506500768003467 6369.27224910097
83031.08506781525 9.72563089316123 5709.356603576476
84137.88513536897 6.442196029441389 28666.33304764111
