1010.1000616516151 6.901556537229422 364681.4700702452
2986.4201822766227 6.189457067536559 50292.133208620115
4996.7003049743835 6.5105836958210554 28912.78943665407
6050.4903692926255 8.852010378108274 329844.3105443513
6052.90036943972 7.996300423612996 329844.3105443513
15934.470972562925 6.356322384151756 84581.4442178815
16190.780988206847 6.222615187231899 81685.00559041882
16283.510993866637 6.8064189186803485 201319.09710578632
16391.121000434632 8.759870769825119 77128.42257083816
16442.521003571837 6.16864495251508 109796.18829835716
16768.17102344794 6.898800365468687 41501.06287315376
16825.57102695136 8.867661813186123 517135.16354377154
17071.361041953187 6.305939325639411 212768.26998583987
17124.221045179507 7.79578166900541 310087.6191659406
17416.921063044498 6.024249639773466 28891.170557307967
17674.96107879401 7.853723106317785 333910.5962643171
17687.78107957648 9.144221982528526 396314.7642915919
17883.07109149604 7.065523314770185 135800.47097772633
18211.33111153144 6.069672341700462 120538.68263995888
18221.171112132026 6.384093699722742 218747.33641354277
18255.911114252387 6.189161675462589 190274.1915896002
18342.521119538644 6.03954757117272 263246.7646270904
18443.541125704414 7.256143018301178 198008.7688981026
18469.60112729499 8.07084462306245 124157.30138718999
18495.74112889045 7.029363809145309 91585.18084534485
18510.481129790107 6.182132691243632 101688.25155066462
18524.371130637886 6.215038295614616 77370.84066104147
18551.46113229133 6.88395306599981 106857.8988501624
18565.20113312995 8.428792348910212 60810.80908023517
18571.721133527903 6.656239079739064 98170.61663127046
18581.42113411994 6.070677585878972 91727.32140997979
18642.431137843698 6.8375402334999675 479809.4255320884
18965.781157579415 7.52477639669464 282920.30947233434
19313.45117879951 8.9386578098518 300519.8823715831
19343.431180629344 7.216992731271426 139327.19595406452
19750.04120544685 8.119510476029168 53475.890641711885
19919.691215801467 7.442924813035378 51954.25930420641
19944.471217313916 6.294249391518774 35057.316653118425
19973.57121909004 9.4302326318645 75203.17195730655
19993.031220277786 6.799995815493936 34878.39725879505
20034.511222809524 7.590909468200063 42612.997867072496
20038.67122306343 6.225003041728458 164482.1457251783
20042.33122328682 6.067436769423276 243864.27185504392
20081.60122568367 6.504587107402341 114512.91241313251
20098.16122669441 6.4902329514040185 364367.22863773484
20160.061230472485 7.633360309652624 259644.92667647067
20173.351231283643 6.476550743306445 345872.1078541996
20198.22123280159 6.704810172625299 314893.70355891093
20312.91123980171 6.172411479642001 244437.82879532728
20703.631263649368 7.756880145615102 144469.09893202942
20806.111269904253 6.340508397235288 426179.24573840166
20984.561280795977 6.720012482662683 494443.2177121181
21009.14128229622 7.063418462805673 516374.0944642243
21186.171293101273 6.483376727346617 430519.08996968326
21202.861294119954 6.566806997657914 363271.49228764465
21225.141295479814 6.446431569564356 349169.60763544356
21368.211304212116 6.524535813528779 56151.37657553402
21519.44131344246 6.7232348466707625 41373.07283183413
21543.121314887776 6.439383277409208 34339.23112536616
21558.551315829547 6.9538214524280715 34861.77808962806
21702.951324643025 6.959888698426512 75950.27324197047
21714.321325336994 6.393465377819939 45856.07298814083
21742.511327057575 6.674452363797576 34088.69945340501
21783.421329554523 6.665772019294229 38864.74310313744
21915.34133760628 7.120429234249505 39217.52384574458
22227.131356636437 7.575376569364585 51850.04394232675
22242.151357553183 6.698310982015457 52304.05178802636
22250.501358062826 7.577668621753239 53841.75665451908
23451.311431354457 7.698231756463761 51327.73773742231
23455.281431596766 7.704820382528816 269600.2935957692
23604.031440675746 6.293589476918447 430040.01078146754
23611.18144111215 8.036364515235746 424990.47534516704
24282.50148208627 6.430949581866031 240805.21657238028
24383.851488272187 6.442459964249224 417268.54456279136
24863.391517540986 6.385689044488291 370887.24601506646
24881.921518671967 6.072662475708873 213508.18057914719
25146.591534826144 6.148298620396615 296996.0280319654
25179.081536809175 7.214607207853117 378394.40646989964
25501.881556511325 6.7968271224314645 425713.8180674587
25971.151585153297 6.308695498836808 432592.2422308479
26974.72164640635 6.915960743285553 41349.17251217198
26977.431646571757 6.414883904191182 128021.20572483042
27372.671670695294 7.232774028364596 64989.39643225768
28769.751755966292 6.927246428918053 40450.595898745174
28805.621758155627 7.250035109825416 50036.47906051437
28811.341758504746 6.215373758556247 83275.34763424633
28832.071759770006 7.508834773795373 49079.66790105568
28842.17176038646 6.274749752018936 57114.70202484759
29314.56178921886 6.368635417206127 37299.5107686601
29355.611791724354 9.02018633533456 310197.3210813382
29359.54179196422 7.9970894760842794 650719.8341830511
29630.82180852184 6.513177485609612 146436.0755606565
29709.101813299672 6.527753639099812 34884.75769256352
29866.431822902334 7.949038548099847 140830.33070115367
30384.181854503287 6.17371744676903 33700.971633985486
30394.401855127067 6.008538904323403 41252.17488598622
32119.071960392575 6.214795251492729 29392.332992084655
32489.431982997557 6.1047639967315055 32849.31497439787
32545.361986411255 8.315604786676577 203119.93604458647
37087.58226364638 8.867534097785883 127727.69646681118
37112.9122651924 6.633891670698288 49078.211369882396
37132.602266394184 7.827312644333405 47759.18949082995
39380.91240362014 6.249095132873704 56727.37149128143
39739.9424255336 6.000560163294766 61188.56537448638
39768.85242729812 6.9834631814121 77675.0562612398
39801.59242929641 6.660849071622807 71106.83305856973
41266.752518722686 7.310550009211295 30387.47968356183
41646.702541913 6.1446334335094965 48621.713011146174
41694.54254483292 7.593279865978606 96042.2088417814
42838.70261466691 6.373468766037183 62141.517754205124
43512.97265582108 6.762596327078546 75606.25686021868
44141.93269420976 6.011128459398847 95862.0024528929
44340.812706348435 7.932430992221335 123195.13225970072
44369.892708123334 6.749732569307883 49049.828440077974
44440.702712445236 7.7675210822282486 217096.92328144758
44472.38271437883 6.479039666281907 189671.63496403708
44555.49271945146 7.418274886176432 193038.81231065476
44618.712723310106 6.959580346942423 107724.80933345213
44678.19272694048 6.2563422548481045 237246.3739595694
44725.29272981523 6.681124739010396 104311.59203459084
44892.55274002397 7.039984816119162 140977.19362849757
44946.80274333513 7.728209854858513 123652.29001174458
44985.07274567094 6.97022100344658 145193.75485266905
45079.61275144121 6.490492663917505 102977.69862591791
45138.21275501787 6.056476223812563 49457.91984265076
45226.65276041582 6.858115369408341 164286.2091548072
45486.16277625505 7.628103765819464 94104.16907239832
45545.29277986406 7.442009961988402 204913.74587258685
45574.392781640185 7.674659908413033 160729.14255006833
46074.442812160814 8.057732165914476 224714.84852355026
46123.22281513811 6.752937259926709 208583.15981348217
46175.642818337576 6.555132547189114 405369.1355154941
46250.22282288958 6.674205729651304 560650.0793824367
46321.002827209646 6.4030406874332115 168674.55125073227
46389.452831387505 6.591948934994765 96475.10525745267
46394.66283170549 7.0549833622498745 157721.2693719398
46418.47283315874 7.6220649510922 392891.10752017575
46569.99284240679 7.878713774460987 86124.8944446182
46624.57284573809 7.363301728584169 1437945.7576825682
46687.74284959368 6.054143968975617 204044.8776257081
46823.12285785662 7.931943137782337 287622.11269207194
46844.43285915728 6.274836827124702 185922.60241241104
46883.162861521174 7.3773517957312205 107064.98891628021
52418.26319935689 6.01979139200495 35448.84313652887
52470.023202516066 6.9578290382308 53535.303142392964
53218.49324819905 6.084826403152778 27910.869487135154
53229.3632488625 8.901021564300931 57555.506125097694
53238.813249439285 6.150056011680106 46085.2303761424
53394.193258922925 6.596516660592839 46549.24866014096
53396.173259043775 6.554120928654993 35802.7218302298
53793.76328331075 11.096711787329767 127285.70249172095
53815.97328466634 7.4296935319936175 75665.31633510783
54789.51334408651 6.1367432356590035 16522.886165058277
55105.61336337972 6.6842886218726285 104417.76722924465
67758.16413563014 7.571167276165738 38803.94939956357
67847.71414109583 6.575106324407977 108982.64892252433
67848.454141141 6.510955753625077 92697.31455968125
69352.87423296351 8.209913313054718 218472.23531461632
72488.22442433011 6.0589962650094025 136994.36247720636
72502.65442521084 9.804600233816293 424337.5389629204
72528.64442679714 10.381196115008635 251899.90737036633
72992.2044550906 6.101394206459897 229085.6664628666
74064.9945205685 6.463878186644422 19167.881973839598
81640.64498294953 8.788570648581937 125442.46888553539
81642.15498304169 7.458684494128223 114348.3224325064
