4042.0102 11.4693 2.0409e+05
4046.3102 12.3905 3.3939e+05
4050.7402 16.6058 1.8540e+05
4058.2702 15.9652 1.7824e+06
4972.6703 10.1559 1.1328e+05
4974.0703 13.7130 1.1580e+05
6050.7604 12.9391 9.9073e+04
8096.5805 12.6117 5.4837e+04
9212.8106 11.3257 5.2980e+04
9263.7506 10.6108 4.3881e+04
10653.2207 13.2742 7.4931e+04
10662.1507 10.3421 7.6899e+04
10676.0107 10.3262 6.3448e+06
10677.8507 15.0546 6.3448e+06
10678.5007 20.7575 6.3448e+06
10679.5407 18.7522 6.3448e+06
10711.5107 10.7237 1.0826e+05
10733.7107 14.6760 3.2529e+05
10755.2907 15.4633 3.8775e+05
10770.1707 10.5145 5.4290e+05
10774.5807 18.3765 8.2786e+05
10798.3607 10.3149 1.5594e+06
10801.0407 22.5752 1.5594e+06
10801.9307 12.5699 1.5421e+06
10813.3907 10.8045 5.0840e+05
10837.1607 13.5355 4.1462e+05
10837.8507 10.9419 4.1462e+05
10849.5107 12.7126 1.1920e+06
10855.8007 10.1809 1.4637e+06
10871.6407 10.5877 2.1251e+06
10875.2807 21.7543 3.1604e+06
10876.0907 13.4293 2.5124e+06
10885.9007 11.4962 1.0827e+06
10893.8407 11.6613 1.7264e+06
10894.6307 22.6651 1.7264e+06
10900.3307 16.2981 2.5978e+06
10945.4307 12.5234 2.5261e+05
11025.9007 14.8449 1.1994e+05
11140.7507 10.4245 7.4580e+04
11162.3907 13.1413 2.0729e+05
11175.1207 14.6643 2.2435e+05
11199.5807 15.9152 1.0796e+05
11220.6707 12.0761 1.2716e+05
11229.9807 19.2921 1.2769e+05
11231.0707 10.2121 1.1620e+05
11246.1707 20.3090 2.8863e+05
11275.8507 12.5070 2.8106e+05
11276.5307 10.2139 2.7988e+05
11634.3607 14.4591 6.0982e+04
11635.2507 10.6889 5.5930e+04
11647.7207 15.5315 5.8724e+04
12116.9007 11.0016 4.3990e+04
12129.4707 10.9492 7.0248e+04
12199.2007 20.2177 4.9800e+05
12203.0707 18.6602 4.7889e+05
12247.7507 13.4845 1.2615e+05
15232.1809 10.9400 5.8261e+04
17843.6511 10.0489 2.5668e+04
17972.6711 12.4560 3.8866e+04
17999.6911 11.2898 5.0763e+04
19429.9212 12.1902 3.9347e+04
19624.9912 12.6206 9.2084e+04
19748.6512 10.7239 7.5954e+04
20208.7712 10.1368 4.6683e+05
20552.2313 11.7496 1.7928e+05
20580.7713 10.9288 1.6836e+05
22042.6613 11.5908 9.9193e+04
23048.4614 11.0486 3.7463e+04
28692.9818 10.5925 8.3997e+04
30537.8719 10.0053 5.8752e+04
30551.3719 10.1061 4.0499e+04
30782.4519 10.5805 2.9563e+04
30903.9619 10.0534 3.8362e+04
30940.2619 12.4920 5.3762e+04
31363.1719 17.3535 1.9964e+05
31510.1519 16.5766 1.7684e+05
31585.9319 10.5720 4.5787e+04
31663.9819 10.8753 3.0890e+04
32592.6020 11.4574 4.7070e+04
32754.1420 12.0133 1.7855e+05
33682.5721 12.6087 4.1687e+04
33684.3621 11.3683 3.9644e+04
34838.6521 12.2243 6.9710e+04
38536.0824 10.9746 6.6086e+04
39215.2024 16.3558 3.7428e+05
39220.2924 13.5322 8.0627e+05
39228.8524 11.5339 2.7046e+06
39966.4524 18.3135 2.0472e+05
39973.6024 10.7920 1.8444e+05
39989.0624 12.3197 1.7650e+05
39989.6824 10.7514 1.8496e+05
39994.0024 10.4086 1.8977e+05
40014.9724 12.4758 5.8593e+04
40487.3725 10.7813 1.1849e+05
41161.5525 10.4786 3.6239e+04
41348.9525 13.9725 1.1735e+05
41364.4925 11.2781 1.6100e+05
41584.0725 12.7842 6.4247e+04
41721.2425 13.7355 7.0656e+04
41820.6526 19.7705 1.7001e+05
41914.4126 12.5509 2.5641e+05
42157.7126 10.4529 5.7029e+04
42833.6626 10.5681 8.2623e+04
44173.6427 13.7536 1.6855e+05
44183.1327 10.4593 2.4430e+05
44184.2027 16.7454 2.3316e+05
44186.0727 17.3856 2.0578e+05
44196.2327 19.3108 3.2405e+06
44611.9127 10.2384 2.3505e+05
46191.8728 10.5598 5.3094e+05
47496.3629 10.4634 5.0000e+04
49628.0430 10.2234 7.7011e+04
51346.2531 11.9906 3.9675e+04
53366.5733 11.6609 2.4008e+04
57994.0935 12.5068 4.9730e+04
59778.8636 14.4541 5.7094e+04
60085.6137 10.4321 1.4177e+04
61318.3237 17.9218 6.0151e+04
61501.6638 13.0145 1.9844e+04
61850.9938 10.6369 1.6831e+04
62889.9138 10.6652 1.4936e+04
70691.5443 15.5770 4.3042e+04
70695.8743 11.3971 4.3042e+04
70906.8743 16.2532 2.7297e+04
72648.2544 11.1397 2.1980e+04
72688.5944 10.5433 1.4978e+04
72718.2444 10.9020 1.2939e+04
72736.9544 11.0927 2.0253e+04
72794.3544 14.1022 4.5171e+04
72991.9645 12.0058 1.8269e+05
73281.5045 14.9764 9.3744e+03
73301.2545 15.8681 1.3275e+04
73314.0345 15.7707 1.3049e+04
73377.8545 14.6474 8.2084e+03
73496.8545 11.8891 7.6602e+03
73543.9845 12.0190 1.3594e+04
73559.7545 10.5949 1.0454e+04
73868.0345 11.4589 4.2729e+04
73870.0345 12.5740 4.2729e+04
74028.4945 10.2564 1.0135e+04
74201.5645 10.5036 9.7130e+03
74351.0845 11.1599 9.1561e+03
75636.8246 10.5350 1.2651e+04
76117.4346 13.2611 9.0195e+03
76743.9247 13.2118 1.1941e+04
76847.7447 11.1637 8.4500e+03
76959.1447 13.3998 1.0657e+04
76999.2347 10.4473 1.3419e+04
77139.0647 16.2608 1.1832e+04
77168.1147 15.5172 2.3672e+04
77180.4747 11.9913 3.9743e+04
79939.8949 12.5218 9.0433e+03
80746.1749 12.0866 1.5656e+04
81194.7150 20.7323 4.8318e+04
81640.8950 20.6041 4.0945e+04
82013.4950 10.0551 1.6767e+04
82166.3650 11.5828 1.1136e+04
82295.6550 13.7881 1.1930e+04
82453.3450 15.6753 3.6707e+04
82573.4550 11.3819 2.4268e+04
82732.6550 10.5873 1.6703e+04
83631.5551 14.8189 1.1878e+04
83645.8351 10.9805 1.5766e+04
83683.1251 10.7951 1.5231e+04
84079.3051 10.3644 1.5808e+04
84713.8952 10.5285 4.4518e+04
84842.3552 14.8805 4.4314e+04
85546.6152 10.3527 7.8026e+04
85548.8152 10.0324 2.7383e+05
85550.5852 10.4174 2.7383e+05
85553.2652 13.8140 3.0980e+05
85559.4052 11.4121 1.2083e+05
85574.7352 13.5275 2.5383e+06
85575.2352 12.5961 2.5383e+06
85988.4852 10.1523 4.1357e+04
86066.9453 10.0039 3.6453e+04
