38.340002340088034 6.58702159625048 27457.175133525205
780.320047626956 6.630871420361564 19883.471809304385
879.4500536773714 6.177100899204125 20226.474231590353
914.1500557952915 6.88393951042937 40107.46752729377
1191.4000727172895 6.473564215660099 16721.27865399387
1245.3200760083055 6.989245211133683 43191.40173242715
1384.5600845068411 11.495459794195567 174011.76083657276
1444.880088188482 6.037817105095509 17372.538768610462
1603.1700978497374 7.237104033750896 66119.78233323584
1644.6201003796448 8.09438374070255 45733.27690195573
1703.0101039434878 6.542688983580545 122534.91937778982
1715.3801046984927 8.897928454659239 110389.52559203975
1754.2301070697088 10.438353102309714 123257.54844619673
1773.3201082348698 6.916822113256077 44231.436375790865
1865.5801138659738 6.240178581467411 33717.88185035606
2198.560134189461 8.689878190416946 65967.63707007273
2262.3901380853354 7.120178212052062 64282.271874958664
2278.9101390936366 9.354798965602525 221369.37499035563
2307.2701408245935 6.709643386384509 66068.54458652485
2309.010140930795 7.270000400798787 55819.789095589804
2333.830142445687 7.937410884740902 40054.25102828657
2493.290152178354 6.396079350613433 17525.436834023407
2512.0601533239837 6.653714140889637 31511.173593901156
2695.730164534312 6.279929224699679 18555.462479057216
2834.900173028575 11.423923661559455 388829.0339979344
2866.7101749701033 6.580580013311621 126289.06223271642
2868.5601750830183 6.5070958565332955 119053.10115192144
2895.9301767535508 9.81168418475129 295074.7214120228
2915.53017794984 6.55350163662386 175148.63788782962
2917.500178070079 7.502173932509205 108276.34271306808
2930.2401788476673 8.444518524220204 115092.1864610703
2940.0901794488636 6.603852028994519 80115.57181674102
3039.430185512096 10.791417478700915 87503.59659361307
3049.3101861151235 9.219019467472512 60623.70920365853
3109.2601897741815 6.478069249086429 15503.894905973888
3276.9202000073365 6.962502449095799 33614.23945798976
3381.3602063818485 7.177322758765038 37219.297640188626
3397.670207377332 6.483008543970122 35000.04117618291
3410.610208167127 6.645075181294743 90349.11196500545
3647.710222638563 6.614323956907873 47046.51454737576
3659.050223330702 6.783144147900058 62948.31899528829
3743.4802284839006 6.277373280680524 45038.0011713723
3789.850231314101 7.4624169265613975 98991.60528096072
4035.520246308609 10.965444360795512 185281.1438795616
4104.880250542007 6.383822280053352 40685.753487618385
4196.220256116959 6.5140770529096 44850.36306634161
4205.120256660172 7.832710939368695 92230.81395768575
4261.290260088517 6.304516534737352 97287.19585446702
4288.910261774308 7.064296842693624 50647.70816504523
4332.1602644140785 7.297285867931283 42702.61212159598
4347.120265327165 6.3604560576461004 86872.54746428251
4391.990268065812 6.095521902593011 16476.641925001288
4656.480284209002 6.107110078038502 28045.9499072132
4819.69029417055 9.460539306975981 86016.42552563724
6051.160369333518 6.411697546604479 190749.44941956905
6053.070369450096 6.091841201205935 190749.44941956905
6540.550399203516 11.852977973636074 514118.57136154675
6559.640400368677 7.43319861748379 305853.3993200746
7042.990429870021 6.077193174199643 83393.49171107482
7065.270431229885 6.475852755726786 30038.53163152007
7087.100432562283 7.796829480232386 59579.91212736044
7164.350437277249 6.974524865994669 34305.93481205877
7258.2604430090605 6.248545806923446 52114.76538032192
8307.810507068512 7.722879997095033 49292.035157939215
8321.870507926667 7.374022350365335 57507.07314567665
8332.570508579744 6.981208770228019 46528.22179058549
9897.010604065588 6.191524904878787 44709.97115892782
10022.090611699867 9.623119877187088 556284.9141721921
10049.390613366126 6.975198604227885 79832.22672191693
10803.550659396402 6.310623570998268 38951.64097205934
10810.530659822429 6.3867681071139355 34108.44782674469
12502.150763070726 6.283516412866143 173664.85912642197
13769.430840419363 6.501294442144617 1004364.8307531154
13771.450840542653 6.347802458261883 1289458.5141520733
13843.950844967703 8.968062220220984 3366484.0115774795
15382.480938872128 8.448698543545644 158535.44943582648
16036.830978810485 6.85872253173201 2891325.670890834
16236.800991015685 8.384053463517679 145017.5348299242
16245.580991551575 7.2953002006295495 452633.5802707937
16484.871006156678 6.1146666563445216 111573.61471541545
16838.141027718568 6.161361953102318 386824.90185126674
18510.361129782785 6.819241967066464 667058.5954193922
20427.851246817092 6.440607449666217 30587.659221103753
21110.38128847542 6.696469073928798 61601.47629544636
22687.071384708946 7.706468435460991 28523.316764801548
23408.531428743372 6.403780923923086 22476.380384682834
23512.781435106288 6.166620312937624 28837.648982818755
24955.191523144014 6.620800295617368 38955.74054605815
24983.921524897552 6.007216626410412 35741.81350095825
25095.991531737764 6.677783215864731 56360.25030330876
25130.081533818455 6.081616906124401 39327.39755196967
25268.21154224924 7.6902869083716965 37105.151219994565
25368.971548399142 6.641721684683106 57750.81418240758
25380.79154912058 6.985044209128564 79794.55627592251
25489.22155573862 6.265929775198852 56951.17472945515
25515.99155737253 8.227104167867086 92075.02282891051
26039.881589348242 6.109736125127111 65507.02809408752
26096.261592789404 8.09629442649925 65797.46029477999
27661.821688343607 6.54728475516406 147161.641450241
28442.02173596324 6.020327667134784 82856.8440541851
29313.66178916393 6.588708485918057 165955.93367435958
29373.22179279918 8.084933859955857 750514.8300402076
29388.131793709217 6.2594206335313745 450278.7228754072
30454.391858788567 6.092476048180853 607556.6177638116
30465.93185949291 6.088236681021732 777987.6908912668
32308.721971967894 8.637150167974122 312425.3947172844
33348.5620354347 6.236022309154935 86390.66015973591
34665.172115794194 6.434256215500965 330235.009849112
38971.54237863418 6.219276921277959 36049.12848313278
39911.55243600784 6.125423758984147 84503.3863900025
40418.56246695328 9.582954744468173 690687.8323139049
40459.52246945327 6.75071334818434 730379.8174894856
41030.75250431839 7.123463462130658 1385273.4414506543
41042.37250502762 6.316738909488556 1563861.3963396768
41044.292505144804 6.264354840729039 1290077.0244454285
41056.462505887604 6.649278025170034 1102665.6765800167
41170.70251286026 6.280092181126456 1056887.9555839584
41179.32251338638 6.445691805645916 895254.4054846772
41196.84251445572 6.8379525055286186 1102426.3443328978
41265.04251861832 6.717797226707644 150615.08914553438
41882.122556281895 6.160581218881931 98332.40571437767
41900.22255738663 7.818379160257665 179364.50525951196
42030.81256535721 7.555521966203791 199642.43841417952
42115.582570531165 7.6711567067162685 115804.64658371732
42172.85257402665 8.693288391475308 63125.69918118644
42201.57257577957 7.89229309996696 72677.67951070554
42217.80257677018 6.051157105391229 73036.7783951087
42219.79257689164 7.27828727561317 71854.16750107399
42233.24257771256 9.687959908116914 426676.2199344918
42319.012582947544 9.969727720285569 157059.88673947478
42378.87258660111 9.435178174124797 92074.11144784793
42443.002590515294 7.100383098728585 45276.928487479236
42573.64259848893 7.253674199126571 131129.0201725821
42600.67260013871 8.43972425328624 121333.38707392875
42642.5926026973 6.979107505090872 48695.51961624347
42699.862606192786 6.205570412575294 380834.9624128073
42998.16262439957 6.132093837127378 46133.743087671806
43535.44265719254 6.879804556844085 280765.14560165
43662.442664944014 6.595085217269364 39411.19257299992
43890.5126788643 6.767415136936155 137504.7691897953
44469.82271422258 6.694647085048914 148703.9993159151
45156.7927561519 7.519618695842564 74014.74597453988
45279.10276361711 6.521748566670106 94820.27731536028
45289.062764225026 9.954252132940578 153918.90389479528
45367.74276902727 8.199759994607556 90498.91649131829
45393.002770569015 7.031533236831147 58739.98081646407
45399.28277095232 9.183832774973729 157086.10123410224
45440.40277346208 7.8633606708311685 80456.0623921813
45445.24277375749 6.484822916049968 98776.85431451257
45546.11277991411 6.13000846450503 28596.22215565687
45566.682781169606 7.568119807637709 44219.47431745062
45575.212781690236 7.232161892038327 57469.842611950895
45587.26278242571 7.8479224702597135 53398.774693009764
45607.862783683035 7.525264568406818 50617.578882041475
45620.582784459395 8.261042644840568 92838.5692148352
45649.272786210495 6.3039362810916755 50289.52021301316
45678.58278799944 6.026156206544434 36924.774156011285
45693.882788933275 6.743397958871084 34033.71054099236
53167.37324507893 6.000411812502294 37874.09960811782
53208.25324757405 10.214692614592416 255241.7581487539
53225.38324861958 6.135613310816684 50652.30906422825
53253.633250343824 6.321895315595903 44112.26469911354
53602.65327164632 6.24221936451474 43839.50659822881
53620.753272751055 6.004524440695828 13049.371084727934
53660.043275149124 6.238165701537235 44025.063704088425
53674.62327603902 8.566142256701006 133389.4266782303
53715.253278518874 6.9271029899118775 54337.91494346383
53863.54328756978 8.182652335169854 76683.34065878637
53974.19329432332 6.427533422018223 37795.37995840608
54028.31329762654 8.312255539844388 36896.77187980618
54607.083332951865 7.176338780134361 38703.5046507776
55551.303390582485 6.4491566176904245 15169.31919329702
56492.61344803549 6.544594644217888 35069.71828526176
56567.253452591154 6.103442921523191 194185.63152838463
57717.11352277304 7.130790784811554 33188.98508573227
57843.90353051169 6.887659335218445 31195.927593384084
60049.01366510093 7.0434718172732325 14427.490505917272
61186.92373455345 6.565299847521586 15325.864284254301
61243.453738003765 6.3478741066518225 11144.219869230403
61265.18373933006 6.198912738156696 24560.280123953635
63525.223877271965 6.331024043593516 27036.377439443335
67443.0141163949 8.424746779374296 64086.42510081597
67473.11411823206 10.07238207362609 93712.83512661433
67492.4641194131 7.087773719265581 25097.872423137716
69209.86422423487 6.128859464910257 50618.03701052982
69830.68426212673 6.5472809042131574 145476.04148698115
71511.7543647311 7.432784892675125 29837.39126317898
71576.43436867885 6.887040872057833 29156.31919888263
71636.3743723373 6.782412516022269 35035.7131675631
72800.16444336942 6.152736418584232 13896.8242819297
72993.58445517483 8.985382179151161 494770.92392757285
74234.29453090177 8.67662435222645 98627.8934611773
74275.06453339016 6.543657010766895 163757.97667286897
74315.41453585293 6.681341360218263 112806.162280294
74331.49453683439 6.262757808946216 247956.59851369527
74423.23454243375 6.102172198119877 47611.793107226724
81644.70498319733 8.274215813083515 36939.61936912229
82921.43506112274 6.140391852385495 26151.668102519267
84609.23516413789 9.752050247489251 40371.098942918776
84703.77516990816 8.274719531840084 36253.08366328754
85099.19519404268 6.104273163603713 42296.81940373835
85781.10523566316 6.686626928147547 89261.5171761726
85942.16524549348 6.54697152884327 20719.311618579413
