946.8300577899205 7.467297583434311 23336.044824543187
4422.670269938371 9.636185273790291 41383.59267800907
5020.6203064343445 9.096969414601324 45526.60492882779
5688.150347177145 6.820412873756963 42724.19189371426
6050.3303692828595 8.767482451729004 382655.6670377216
6051.900369378684 6.163539656124028 382655.6670377216
6392.48039016604 6.582493432937584 33934.85662007023
7153.03043658633 7.4508474145967085 666270.019601923
7162.790437182033 10.007673614170622 942539.4774503636
7194.800439135769 7.336587439570368 175038.1336773545
7228.560441196316 6.33134924828474 32583.11403444577
7500.440457790555 7.196820479146844 36034.40564975098
7711.830470692777 7.489211820768225 63981.08035098345
10490.740640303995 6.3566453425303715 277710.42312368687
10721.980654417765 6.627395453333384 741175.9966284884
12337.640753029831 9.791501131896391 701155.6661859046
12426.200758435105 7.0923590151292 32174.55660382264
18138.681107097236 6.179552325936675 89188.26351691037
20273.501237396315 7.611542212739291 32127.87289166036
20709.37126399971 6.613024003069902 55102.14034133564
21080.911286676714 6.263670219911965 43868.47550104774
21173.351292318803 7.339634429474632 59030.95038101182
21489.071311588825 6.13022377018905 17048.687051767032
21498.92131219002 7.856421396828563 34703.35784645073
21588.601317663655 6.448121076539604 55771.10487246731
21616.121319343343 6.289323696089927 19173.8969348517
23683.42144552133 7.145356170259012 19005.24934117673
24314.461484036954 7.023131752038728 73560.82533336902
24463.94149316049 6.398698860751184 42575.19380734661
28712.991752501937 6.275687634311703 29205.54933397548
29161.711779889636 6.16276966691995 35512.91427950066
29276.14178687389 6.321470907268077 42966.74255214551
29414.46179531627 8.373638792275448 71929.87577288067
29909.05182550365 6.432023974658232 32386.42450592095
32073.90195763562 6.066986140496709 1309067.2026450306
34738.04212024183 7.3952568304806166 566028.2816030241
36611.832234608904 6.527950299102803 63113.21028136682
37586.52229409926 6.465732202832823 277468.9892804781
37694.34230068007 6.96511084722033 154683.41454051496
37696.45230080886 6.108424628860833 123969.71377966077
40001.14244147598 6.402869507389355 20268.601395053443
40587.40247725845 6.915701279079304 100437.86979812839
42447.1625907692 6.194554935612866 24769.623270039618
44765.17273224931 9.58520780078213 144976.0677341265
51865.043165591014 6.526614688640275 24415.406760809965
52463.33320210774 7.861925745571599 54523.11739223996
52614.90321135884 7.710648141121718 21022.911663224007
58212.54355301169 6.712385161086937 22520.277336801464
58945.68359775901 6.862242956177307 28738.19930100687
59443.61362815025 6.89875299001799 29941.383342002406
59596.55363748496 7.635507989866789 113472.3719292893
63177.05385602135 7.044083294343033 35004.213034819724
64017.353907309196 7.767885104551832 16683.6330020436
64465.42393465722 6.996756144606142 31093.56090795996
64979.8139660531 6.633213371311795 89185.11132560251
65715.86401097802 10.38106004714064 102523.52305089466
67754.67413541712 7.009815147367746 20385.125444931375
71873.74438682522 6.355069895040063 14690.140573138357
72992.27445509487 9.011029320371453 1054718.993789365
73385.50447909573 6.200797360788405 9810.128699018356
73589.81449156582 6.704517194257749 9959.837301248208
73876.72450907742 6.776893047468034 18215.964320549057
76239.66465329984 6.013459633904766 20249.68763553713
76475.03466766569 7.111422379976957 13504.587523536038
78577.38479598296 7.672508782422271 27471.565794302853
78853.01481280608 7.861532698512971 42262.72299542043
85133.3251961258 6.0474738806875745 8827.500370885184
85321.70520762361 7.187708120337238 19895.680749707382
85775.4352353171 6.261959140505918 16186.166694373871
85784.99523590058 6.255615774124145 12169.02483139467
86106.24525550814 6.224261757652639 11959.67641772837
86259.64526487092 6.5810190902749985 22018.591600186854
