885.8601 20.9072 3.5383e+04
891.5301 19.9050 5.0763e+04
899.0501 10.3726 3.2473e+04
914.9501 14.3987 5.9602e+04
945.2701 10.2335 2.8463e+04
968.9701 10.0408 5.3713e+04
971.0601 10.4245 5.3713e+04
978.8001 10.3317 3.2822e+04
997.6001 10.9201 3.3641e+04
1001.4901 10.7974 3.3258e+04
1057.5101 15.7800 3.6767e+04
3719.0102 15.1744 2.4852e+04
3898.7302 12.9638 1.0958e+04
4155.1903 11.1322 1.0026e+04
4165.4503 15.9500 1.5663e+04
4212.4503 25.6497 2.3447e+05
4553.5403 19.2336 2.3923e+04
5726.8103 22.4478 5.1531e+04
5728.7003 16.9327 5.1531e+04
5746.1604 17.2304 1.3671e+04
5776.8404 20.1603 2.4797e+04
5793.8404 15.9883 4.0513e+04
5794.9604 10.0018 4.0436e+04
6086.4004 11.8865 8.5730e+04
6156.9104 10.2823 8.4138e+05
6167.4804 10.4893 1.5280e+06
6844.6604 15.1159 1.4155e+04
7029.9404 13.2302 1.1449e+04
7104.1204 24.6344 8.9403e+04
7111.5804 21.0320 1.7476e+05
7375.5405 11.2188 8.7703e+03
7397.3805 16.6730 1.4859e+04
7712.0105 14.9508 1.5348e+04
7735.1205 12.4643 1.0530e+04
7772.9205 10.2754 8.2587e+03
7852.2305 10.2559 1.0212e+04
7925.3505 10.3689 7.0034e+03
8049.7505 10.0799 4.6821e+03
8317.9205 10.8853 2.8388e+04
8769.1605 10.4855 1.1552e+04
8971.0305 18.0217 1.4151e+04
8997.3605 11.1073 1.0108e+04
9034.4506 16.3147 1.2952e+04
9216.4406 11.3694 9.7044e+03
9459.2006 11.1572 1.1082e+04
9558.4106 12.0449 8.6099e+03
9860.1206 11.4919 7.2298e+03
9949.8306 11.4535 3.0221e+04
9965.4806 10.8257 8.5869e+03
9986.8106 11.6628 7.2040e+03
10343.2706 22.9806 7.5226e+04
10352.6406 21.4340 2.0196e+05
13417.2508 10.7753 1.2273e+04
13500.0708 11.3945 8.0923e+03
14262.8609 11.7160 9.0225e+03
14343.2009 13.4848 2.9541e+04
14348.8209 14.2306 5.3546e+04
14362.7509 24.2264 2.9888e+05
14363.5409 10.0559 2.9888e+05
14401.9309 17.8687 4.4941e+04
14419.1309 16.2496 2.8656e+04
14594.5209 10.5739 2.0963e+04
14819.9309 10.7373 5.9054e+03
16884.2410 10.1822 1.1978e+04
17036.9610 13.0008 8.7087e+03
17478.5311 11.6601 1.5870e+04
17918.2111 15.9131 5.9112e+04
17935.8311 10.8080 4.3103e+04
18024.7711 10.5418 1.2207e+05
18044.6511 11.8020 3.4750e+05
18056.1211 10.4428 5.1557e+05
18080.0911 11.1324 9.6252e+05
18085.5711 13.9080 1.6537e+06
18140.6811 10.9932 2.0164e+05
18161.1911 10.3260 5.2052e+04
18208.1111 10.3792 1.0966e+05
18250.3911 10.8548 4.5665e+04
19695.1412 10.0134 2.2603e+05
19727.2612 10.2761 9.8324e+04
19785.0812 22.8249 3.2331e+05
19797.1012 13.8152 1.6476e+05
19854.9412 17.5650 1.8323e+05
19873.4212 10.4487 4.6308e+04
19892.7512 13.6418 1.4815e+05
19943.1212 10.6053 3.5309e+04
20005.9012 13.1291 6.1302e+04
20089.1612 23.0185 1.2977e+05
20167.3412 18.0186 2.7790e+05
20202.9512 12.9271 1.7976e+05
20242.5912 12.8505 1.8294e+05
20307.0812 12.7289 7.2664e+04
20341.0812 16.5686 2.2260e+05
20350.2212 22.0185 3.0567e+05
20380.0412 10.2803 2.8301e+05
20383.3012 10.3427 8.7708e+04
20405.7612 13.8231 2.0908e+05
20501.7413 19.5899 2.5102e+05
20507.6113 14.7168 4.3941e+05
20555.1413 18.4143 1.1238e+05
20706.5413 11.3148 3.1124e+05
20714.5213 14.1086 2.2845e+05
20772.6713 19.4855 2.2413e+05
20846.0013 15.0778 2.8887e+05
20885.3113 15.6742 2.6922e+05
20893.8713 24.4843 4.6486e+05
20960.8613 10.3334 8.3814e+04
20984.3113 21.0574 3.2543e+05
20992.5013 16.3390 2.8715e+05
21054.1213 19.2722 1.5654e+05
21068.2013 17.1256 1.7587e+05
21134.8713 11.1570 7.1888e+04
21148.6213 14.8618 1.5234e+05
21157.7713 18.5792 3.7249e+05
21199.0613 21.7178 3.5725e+05
21201.6313 12.5665 1.5292e+05
21214.7213 20.9883 3.2201e+05
21220.0913 18.5885 2.2651e+05
21240.9513 15.3199 4.8574e+05
21307.4013 13.8832 3.2452e+05
21337.9913 16.2195 2.0360e+05
21357.3213 16.1291 1.6024e+05
21370.9113 15.7303 4.2459e+05
21374.4513 23.6828 4.2459e+05
21388.9513 20.3347 2.4817e+05
21397.2613 12.8313 1.9451e+05
21405.9013 11.0389 7.3194e+04
21414.9513 23.7871 3.9850e+05
21435.7713 13.5171 1.0015e+05
21463.7713 17.4168 2.9356e+05
21478.8213 20.3307 2.9219e+05
21486.5913 22.2636 3.5889e+05
21504.2813 10.4650 1.8236e+05
21524.0413 14.5472 3.9755e+05
21556.4013 11.5819 4.4927e+05
21560.3113 24.0547 4.4927e+05
21582.5713 15.2281 7.7990e+04
21589.4713 15.7588 3.4565e+05
21589.9913 18.6926 2.0262e+05
21594.1713 13.7333 3.0059e+05
21602.5613 22.5383 2.3609e+05
21632.3313 25.0107 3.2631e+05
21650.4613 20.7395 3.7876e+05
21652.6113 12.8167 1.8796e+05
21669.5513 16.6796 1.9807e+05
21684.3713 12.6467 1.4441e+05
21684.8613 11.4573 2.5523e+05
21699.4913 19.9714 2.2915e+05
21706.5613 18.6306 1.0643e+05
21712.9113 17.3347 4.4091e+05
21719.0513 16.9170 2.1571e+05
21725.0513 10.8001 2.6482e+05
21726.1513 14.6888 1.0578e+05
21730.3113 19.7905 5.1080e+05
21739.2713 17.1125 2.7028e+05
21743.6213 19.9001 2.1846e+05
21758.3713 16.6380 2.9513e+05
21760.4213 16.5703 2.3112e+05
21769.2813 18.8076 2.5107e+05
21798.6913 22.7804 3.5547e+05
21808.0913 12.1371 1.2996e+05
21819.0313 13.8620 1.3272e+05
21830.6213 10.1709 7.6825e+04
21854.4713 18.1669 2.7930e+05
21911.8013 14.2997 6.1784e+05
21953.4813 15.6392 2.1604e+05
21959.8613 15.1833 2.4406e+05
21978.2213 20.4941 3.8182e+05
21981.5813 13.2129 2.5094e+05
21992.5113 21.6495 4.0363e+05
22027.0213 13.3180 1.7789e+05
22042.3713 12.6576 2.8341e+05
22062.1713 10.3180 1.3172e+05
22139.2114 12.1302 3.9093e+05
22153.8014 12.2119 3.5053e+05
22170.0814 19.0778 1.8144e+05
22192.1614 16.5777 1.5514e+05
22229.9814 11.4283 3.1770e+05
22493.6014 11.5265 4.9748e+05
22506.8514 10.2066 9.8805e+05
22511.3814 12.2716 8.8458e+05
22533.6214 14.2119 7.0439e+05
22555.2014 14.3554 1.1976e+06
22583.8714 15.9478 1.6318e+05
22588.0314 15.8008 3.9357e+05
22607.6914 13.7557 2.9552e+05
22624.7614 12.8874 1.0885e+05
22631.0214 12.8089 3.2935e+05
22653.7714 13.5973 1.5861e+05
22655.0214 15.9603 1.5861e+05
22665.5214 11.5704 2.6287e+05
22666.7314 20.2906 2.6287e+05
22676.0814 12.2256 1.9436e+05
22679.1414 13.1950 1.9083e+05
22690.5414 12.4681 2.6011e+05
22691.8714 13.6165 2.6011e+05
22693.0114 11.2961 2.6011e+05
22693.5614 10.5942 2.6011e+05
22710.3014 14.8397 2.2410e+05
22738.0814 19.3139 2.5977e+05
22738.8014 20.8307 2.5977e+05
22757.8814 19.5804 5.5311e+05
22759.7414 11.8882 2.0620e+06
22761.7014 11.3260 2.0620e+06
22762.3914 23.3766 2.0620e+06
22771.8514 12.2893 4.4923e+05
22796.2514 10.4553 6.0673e+04
22805.7914 15.4200 4.2548e+04
22823.5514 26.0892 7.1709e+05
22845.9914 14.3951 4.1553e+05
22847.6614 22.2794 4.1553e+05
22849.6414 17.5715 1.1943e+05
22882.7714 19.7859 1.5262e+05
22883.5014 22.2893 1.5262e+05
22899.0314 10.5917 3.5689e+05
22899.5914 10.7078 3.8219e+05
22900.2814 17.6725 4.3209e+05
22930.8614 15.9753 1.0163e+05
22939.5814 14.2833 2.4192e+05
22968.6914 12.4401 1.2754e+05
22988.5814 15.1460 8.6822e+04
22989.5814 10.2202 4.4565e+04
22996.6114 10.6392 1.0742e+05
23001.0114 12.6158 3.1804e+05
23004.3114 10.4161 2.1442e+05
23008.0714 10.3057 2.5070e+05
23016.8314 11.4241 3.1653e+05
23019.0914 11.3405 2.9833e+05
23045.7914 18.5321 4.2099e+04
23055.6514 20.2144 9.0821e+04
23081.6814 10.1899 8.9093e+04
23082.6214 21.9062 8.9093e+04
23095.8514 13.3558 9.9607e+04
23096.6514 23.0424 9.9607e+04
23104.5414 14.0642 2.7315e+05
23129.8914 18.7038 3.0112e+05
23164.8914 20.1469 2.1331e+05
23185.0714 10.4030 4.8572e+04
23193.1114 10.0326 1.7230e+05
23193.8214 11.6917 1.7666e+05
23197.3114 12.7640 1.8459e+05
23242.2614 13.8390 9.4560e+04
23256.4314 21.3491 2.4072e+05
23276.9714 22.2955 8.4273e+04
23291.6814 11.8247 1.3913e+05
23292.5414 11.9912 1.3913e+05
23295.1614 11.8605 1.2641e+05
23300.7314 10.5358 7.2523e+04
23306.0214 12.1778 5.1290e+04
23314.0414 12.7770 1.0677e+05
23314.7014 13.5651 1.0304e+05
23315.2414 10.0494 9.2858e+04
23324.5914 23.6154 3.4766e+05
23333.0314 10.0625 2.2572e+05
23334.4314 19.5788 2.2269e+05
23355.2814 25.7680 1.0275e+06
23391.4614 10.8127 3.0688e+04
23400.1914 18.5549 1.1224e+05
23403.5114 12.8533 5.8631e+04
23441.2914 16.5897 3.0335e+04
23457.4114 19.0703 7.9310e+04
23468.4214 23.8971 7.3277e+04
23515.3414 10.1899 1.8999e+04
23544.3414 19.7107 1.1420e+05
23565.5214 16.2422 1.0504e+05
23598.5914 14.0517 5.7616e+04
23604.3514 15.0371 7.9042e+04
23613.9714 11.7686 9.1838e+04
23627.6114 11.5032 3.9850e+04
23632.2414 11.7618 3.0922e+04
23652.6014 13.0608 6.5521e+04
23670.4814 18.3064 1.1250e+05
23686.5614 12.0819 3.3863e+04
23699.3214 12.2265 1.9490e+04
23726.0414 11.4012 4.6628e+04
23737.5714 12.0488 9.3603e+04
23747.2814 10.9968 2.6696e+04
23805.5215 14.1547 1.7599e+05
23806.3315 11.3412 1.7599e+05
23808.0415 12.3698 1.9088e+05
23808.9515 14.3204 1.9088e+05
23824.2615 11.6066 2.3726e+05
23850.5315 11.6867 2.5672e+05
24474.0215 22.1242 3.2136e+05
24489.5915 16.4473 3.0468e+05
24649.1915 10.2351 4.4412e+04
24718.7915 10.0618 7.0226e+04
24738.3015 11.1536 1.0402e+05
24833.5515 21.9724 3.3756e+05
24891.9515 12.8484 2.8166e+05
24892.8615 14.9599 2.6221e+05
24910.6815 17.0381 2.2408e+05
24944.9715 24.2162 2.4917e+05
25007.2815 20.5860 2.4600e+05
25007.9615 13.2605 1.3492e+05
25033.4215 22.2668 4.8326e+05
25050.2315 19.0809 5.2343e+05
25069.9015 19.3616 4.6369e+05
25072.1215 15.8257 4.6369e+05
25078.5815 11.4933 3.7339e+05
25104.6515 23.0998 3.6706e+05
25134.7515 21.3541 4.4468e+05
25160.9015 23.2826 6.0172e+05
25167.2615 18.9980 3.7658e+05
25171.6915 20.0775 4.6303e+05
25178.4115 15.5745 2.8934e+05
25182.0115 14.1067 2.7554e+05
25183.5115 19.3658 2.2536e+05
25190.2915 22.7185 4.2818e+05
25204.2415 22.7079 2.6994e+05
25222.3215 19.6636 1.5891e+05
25235.9415 22.2009 4.1351e+05
25253.3015 22.3571 6.0333e+05
25253.7515 13.8302 3.6021e+05
25268.4515 24.9032 3.3422e+05
25277.4015 16.5520 2.5604e+05
25305.2615 18.2082 2.0503e+05
25315.9215 22.7067 2.8996e+05
25322.0415 16.4643 1.1993e+05
25326.3815 16.8529 1.5469e+05
25333.3115 10.4123 1.3489e+05
25349.9215 18.9244 2.3365e+05
25361.3815 13.5569 1.4917e+05
25362.8515 16.9308 1.3826e+05
25398.9816 11.2761 8.7474e+04
25403.0716 18.6634 1.2494e+05
25413.7116 15.5394 9.1581e+04
25434.7516 21.9100 2.0348e+05
25446.0616 22.5740 3.3204e+05
25459.1316 21.9909 2.8530e+05
25475.8916 20.0672 1.1068e+05
25484.0716 18.6359 1.3156e+05
25496.1016 17.9601 2.9860e+05
25529.8716 15.0572 4.1906e+05
25531.8416 17.6228 4.0657e+05
25573.2616 15.1269 2.7906e+05
25573.7416 12.5730 1.0992e+05
25601.5116 13.2203 3.8843e+05
25601.7716 17.4739 3.8843e+05
25618.5916 14.9034 5.6798e+04
25625.2816 20.9776 3.3345e+05
25643.7816 12.4011 8.3757e+04
25667.4516 19.5365 3.7965e+05
25708.0516 14.2142 2.0084e+05
25724.5816 14.4334 2.1733e+05
25739.8816 17.3256 1.2894e+05
25765.7816 20.6848 1.7604e+05
25770.1716 16.2079 1.4129e+05
25790.2516 20.1545 4.0750e+05
25799.1016 22.0286 3.3580e+05
25823.4716 23.8366 2.6417e+05
25870.9916 22.1478 3.0468e+05
25885.2716 26.1200 6.7734e+05
25897.6016 22.6105 5.4478e+05
25950.3216 13.9880 4.1795e+05
25954.1916 14.7467 2.7364e+05
25958.3016 12.6455 1.5213e+05
26012.6716 10.0404 8.7580e+04
26027.3416 12.6347 9.6088e+04
26046.5116 22.4131 3.5967e+05
26052.7016 21.4991 2.7933e+05
26061.7416 10.9785 2.3821e+05
26086.5216 15.6070 2.0516e+05
26115.9916 11.9106 1.6499e+05
26140.8616 13.8814 2.4051e+05
26148.4916 18.0489 5.3964e+05
26156.0716 18.9161 4.2897e+05
26162.2716 14.0214 6.0412e+05
26175.3316 19.8483 3.8983e+05
26187.1416 17.7985 3.5716e+05
26191.2716 13.1024 3.6771e+05
26214.9316 11.9473 4.2603e+05
26264.3216 10.6881 7.3035e+04
26288.1316 14.4757 2.4168e+05
26303.1716 15.9157 2.5224e+05
26334.0316 13.9554 1.2924e+05
26354.1716 10.1972 3.7404e+05
26371.2216 13.2493 5.7571e+05
26390.2716 10.2560 2.8669e+05
26398.3716 10.2454 3.7114e+05
26406.8216 10.8197 2.3576e+05
26413.7916 11.5681 8.0870e+05
26414.3716 12.7499 8.0870e+05
26425.9716 10.4760 6.7835e+05
26448.7016 10.6087 4.5289e+05
26468.1116 14.2438 6.3067e+05
26535.4216 11.2607 5.5685e+05
26536.1616 13.1288 3.5326e+05
26552.7516 11.8625 4.3756e+05
26558.2116 11.4506 4.0247e+05
26564.5116 13.1275 5.2797e+05
26565.1416 16.3052 4.6205e+05
26578.4916 13.3707 5.8641e+05
26591.4516 11.0201 4.5754e+05
26615.9416 11.0577 2.2304e+05
26699.2416 17.1666 2.3807e+05
26710.0716 13.8257 3.9096e+05
26719.0116 16.4116 6.0079e+05
26719.7916 10.0321 6.0023e+05
26722.4216 13.5166 6.7684e+05
26743.1816 18.8585 5.2587e+05
26753.6316 16.2634 3.0142e+05
26781.8416 11.7853 4.5957e+05
26785.1816 16.7808 4.5932e+05
26798.5416 19.7701 3.5372e+05
26850.8016 14.2426 4.3303e+05
26900.8416 23.2873 6.3294e+05
26925.0516 11.3122 3.5286e+05
26934.9316 15.0819 4.3592e+05
26974.9016 10.0990 1.1945e+05
27014.5316 14.0916 1.7526e+05
27017.6916 15.1614 1.6117e+05
27022.4516 12.3805 3.3333e+05
27054.3817 15.9609 7.8362e+04
27082.6017 11.2697 1.7657e+05
27166.4017 21.1648 8.2151e+05
27222.1717 12.9111 2.4845e+05
27282.3917 10.7472 1.4197e+05
27327.3417 19.3313 7.9791e+05
27477.9617 23.8184 2.7479e+05
27498.3917 18.8178 6.3742e+04
27547.2117 10.3558 1.2826e+04
27562.6817 13.1790 9.2772e+04
27564.2717 20.4287 9.2772e+04
27569.5017 18.3551 9.1810e+04
27576.2417 14.6977 8.8818e+04
27598.2317 19.9002 1.8632e+05
27617.1317 19.3502 7.8640e+05
27629.0517 23.7169 1.0743e+05
27641.1417 14.6379 1.6992e+04
27650.3217 20.3451 8.4100e+04
27686.1317 11.0546 7.7497e+04
27748.2217 12.4133 3.9297e+04
27804.5217 12.8195 1.5044e+05
27830.7817 10.8921 1.2861e+05
27993.5017 11.1192 4.1373e+04
28099.4817 11.1938 4.5564e+04
28120.7917 12.0389 3.9619e+04
28161.7717 10.7612 1.1821e+05
28490.4217 14.2900 1.9208e+05
28514.5717 23.9925 3.5755e+05
28550.7017 18.3748 5.9490e+05
28557.2017 10.1950 8.8973e+04
28911.6318 14.8458 5.3123e+05
28996.5818 12.5366 3.8803e+05
29044.5418 11.8053 6.7945e+04
29114.8918 13.1325 4.7935e+04
29182.0818 10.6300 4.6626e+04
29194.5518 10.3093 5.3081e+04
29223.4218 17.3043 1.2283e+05
29313.3318 11.3827 7.0624e+04
29332.8418 11.0646 4.0668e+04
29342.4518 18.2755 4.8048e+04
29353.8218 12.7407 6.1656e+04
29354.6118 10.8799 6.7611e+04
29373.1918 14.0851 6.9988e+04
29377.7718 19.0026 1.4213e+05
29406.9518 13.1423 2.9478e+04
29420.3518 13.5915 5.9131e+04
29446.8518 13.3346 1.2563e+05
29480.5518 13.4773 5.0122e+04
29495.5218 10.6167 9.2332e+04
29504.0818 15.9760 6.5509e+04
29517.9918 20.5762 3.6214e+04
29573.6718 10.6861 2.5300e+04
29574.5818 11.1463 2.4329e+04
29592.1418 10.2680 6.5094e+04
29593.8618 18.4041 6.5094e+04
29603.5018 12.3858 1.2565e+05
29617.3718 10.0260 2.4962e+04
29629.9818 11.0286 7.5956e+04
29631.0218 14.8003 6.5213e+04
29651.0918 14.3126 3.7024e+04
29651.9718 11.9538 9.9886e+04
29670.0318 12.6105 4.1090e+04
29686.9618 13.3754 6.7710e+04
29701.3618 10.0846 5.0396e+04
29702.5718 19.4142 5.0396e+04
29720.0118 10.6021 3.5363e+05
29721.6318 17.5513 1.5212e+05
29736.8518 21.9379 1.1529e+05
29773.2118 17.8881 7.3548e+04
29788.0518 12.3229 9.9498e+04
29810.5618 15.4964 5.2396e+04
29815.1618 14.2172 5.2441e+04
29830.2418 22.9265 3.1247e+05
29842.3718 10.0665 5.3132e+04
29847.9218 16.8309 8.9452e+04
29852.4318 17.5812 8.9452e+04
29864.2118 18.5274 6.3517e+04
29881.4918 16.4031 9.2284e+04
29896.0418 10.9540 1.4991e+05
29916.9318 11.5224 1.6264e+05
29922.2818 11.8894 4.4319e+04
29956.4018 10.2082 3.4383e+04
29972.8018 14.3502 3.5183e+04
30015.8018 14.5246 2.1564e+04
30021.9818 12.6474 1.6307e+05
30058.2618 13.2503 3.2771e+04
30079.9118 11.2858 2.9073e+05
30080.7618 14.9678 2.9073e+05
30102.1918 11.4280 2.4368e+05
30107.5018 16.5550 4.4985e+04
30126.6318 15.5621 2.3093e+04
30135.0718 18.1911 4.9143e+04
30156.0118 17.1565 8.0799e+04
30167.2818 16.5964 4.3411e+04
30177.9218 12.3583 8.4916e+04
30178.6418 13.8387 8.4916e+04
30179.5418 10.5334 7.0516e+04
30186.4318 12.1186 4.2280e+04
30206.9418 12.7096 7.6503e+04
30260.9218 12.3589 1.0152e+05
30265.5818 11.4810 1.9758e+05
30278.1118 11.0973 2.6463e+05
30297.3318 10.5854 5.3985e+05
30301.4118 10.3199 5.6097e+05
30315.8419 13.6897 6.6746e+05
30614.1419 11.9520 3.9831e+04
30645.3519 10.0384 6.7339e+04
30652.5219 11.2414 1.9101e+05
30708.3419 22.6990 3.3105e+05
30732.5619 10.5824 2.7758e+05
30733.7319 11.0028 6.3973e+04
31005.1519 10.5150 3.8355e+05
31044.9419 10.0229 1.0933e+05
31106.9219 10.3255 7.4109e+04
31233.0719 10.6628 6.3734e+04
31313.5119 16.8653 3.9886e+05
31346.2819 18.1697 3.6529e+05
31500.8919 19.3337 1.5833e+05
31506.5219 10.4296 7.1084e+04
31534.3719 17.3575 1.8067e+05
31770.6819 17.0943 1.0281e+05
31790.6919 20.0258 3.6005e+05
31885.6519 25.8648 4.7550e+05
32010.4920 16.6298 5.4465e+05
32010.8220 17.7449 5.4465e+05
32269.1320 10.5114 1.2691e+04
32284.0720 16.0336 4.7897e+04
32563.3620 19.0410 2.6704e+05
32588.2020 19.1652 5.3658e+05
32593.1320 23.4032 5.0278e+05
32692.3220 12.4433 8.7853e+04
32871.9220 19.2913 6.8518e+04
33015.6820 10.2077 1.4250e+04
33116.6920 17.8588 3.5004e+05
33150.1820 15.4053 6.5320e+04
33153.1820 10.5296 8.9011e+03
33260.8520 12.7239 1.8587e+04
33404.0820 10.8971 6.0868e+04
33515.5820 11.8634 1.1669e+05
33589.3421 11.5379 1.5278e+04
33690.2021 11.3888 3.4661e+04
33752.5121 15.6224 4.2775e+05
33753.8921 12.7120 4.2775e+05
33978.1821 22.2180 2.8352e+05
34049.4921 12.2055 4.7862e+05
34162.4321 20.0729 1.8078e+05
34176.9921 21.3223 7.7806e+05
34243.8621 11.3084 5.7641e+04
34319.8221 17.7408 8.0716e+04
34373.4721 12.1529 2.9773e+05
34535.2121 10.5953 5.3160e+04
34743.3521 13.1294 2.0915e+06
34748.6121 10.6427 7.2043e+05
35143.0621 19.7897 2.6216e+05
35242.6822 11.2041 1.1384e+05
35386.2422 13.3839 2.0138e+05
35413.7522 17.7792 3.0519e+05
35459.6722 10.6134 1.8423e+05
35617.7022 11.6793 1.4929e+05
35676.6422 10.4366 3.8917e+04
35813.2922 12.0686 1.7172e+05
35824.1522 12.6082 7.9288e+04
35908.7822 12.0228 2.3234e+05
36609.9022 11.6582 3.5800e+04
37239.0523 10.6687 7.2227e+03
40276.5325 13.3200 1.6777e+04
40314.0425 18.4519 2.0294e+04
40734.9525 14.1889 1.0486e+04
41565.0225 13.1829 8.1092e+04
41761.0625 21.4650 3.4457e+04
41774.6125 13.2003 2.9148e+04
45832.9428 12.8454 4.0878e+04
45937.9228 10.8451 5.9531e+04
45989.1128 10.6591 1.3664e+06
45991.9028 18.0371 1.3664e+06
46021.4228 11.9836 1.5212e+05
46073.2628 10.3755 4.5979e+04
46121.5428 12.7518 4.3493e+04
48546.0330 15.2818 8.6056e+04
48784.8630 11.2058 1.7454e+05
48795.7530 10.5577 4.0318e+05
48796.2730 19.5109 3.7330e+05
48862.3930 18.8139 8.8357e+04
72993.1945 13.1284 4.9578e+05
72994.4945 15.4341 4.9578e+05
