790.5000 24.7683 3.8088e+05
1636.6501 11.9642 4.2119e+04
1723.3201 10.0988 4.7973e+04
2192.9401 24.1067 1.5836e+05
3307.5102 11.9656 1.0459e+06
4257.0903 16.9134 1.0759e+05
7047.7504 12.5241 1.6898e+05
8777.9705 10.7227 1.3080e+05
9722.8206 12.2954 3.3031e+05
13080.8608 12.2618 1.0704e+06
13970.1009 12.4032 7.6920e+05
16155.9610 10.8006 3.7860e+05
16874.5510 10.2597 1.4972e+06
17452.0411 11.6195 6.3943e+05
17682.8311 13.9085 2.8657e+05
20290.1612 10.0163 9.0444e+05
20359.8712 10.8382 1.3339e+05
21382.4913 10.2064 2.0655e+05
21418.4813 12.8450 1.6795e+06
24271.9415 12.5352 2.2056e+06
24473.0215 11.5479 1.2328e+05
24780.7415 12.4650 1.4586e+05
25030.1615 10.5332 1.5005e+06
29416.0218 10.4950 2.5301e+06
31611.4019 11.3854 2.9087e+05
31804.4119 11.8028 1.8285e+06
32968.2620 10.0461 1.7279e+05
33855.3721 12.7340 2.7047e+05
34279.1021 11.6767 9.0407e+04
34794.3821 10.8160 1.3408e+05
35689.4922 11.2962 1.3111e+06
36077.1422 10.3964 1.7162e+05
36259.3922 10.4662 9.2697e+05
36739.8622 14.2693 1.6637e+05
38379.6423 11.2879 1.5189e+05
38408.4323 13.9340 1.3240e+05
38500.8223 10.3261 7.6468e+05
38763.6724 12.2032 6.6229e+04
39170.4024 11.5394 8.0338e+04
39250.0424 14.4254 1.0458e+05
39306.5324 10.8726 1.2856e+06
39307.7324 17.9091 1.0810e+06
39332.4824 11.5494 1.7374e+06
41594.4825 10.1334 1.4888e+06
45021.5827 10.7292 2.6323e+05
45365.9428 10.1726 1.6718e+05
45369.6228 10.9312 2.4284e+05
45733.1428 10.5917 1.0000e+06
46654.6028 10.4764 2.0544e+05
46700.0229 12.4655 1.1576e+05
47524.2629 12.1653 1.4758e+05
48401.9930 11.5351 3.4729e+05
49311.3230 11.5542 2.1111e+05
51340.4331 10.4943 2.6809e+05
52056.2432 11.4939 5.3169e+04
53394.2133 10.7524 1.8287e+06
54109.4033 11.4155 1.0310e+06
54346.0033 10.4619 3.1892e+06
54408.3233 11.1309 1.6931e+06
54535.8733 11.4484 2.1261e+06
55434.4034 10.0452 2.8904e+06
57474.8335 10.4082 3.9241e+05
57518.3635 11.3441 1.1294e+06
57534.4935 10.2326 1.5061e+06
59320.0736 10.9923 1.3171e+06
61465.4738 10.3614 1.5499e+06
63095.5439 11.4670 1.5024e+06
65788.4740 10.9943 7.1050e+05
65814.0440 11.0675 1.3269e+06
67546.9841 10.7247 3.2249e+04
68406.7442 11.8357 4.9202e+05
68818.1042 10.1651 1.5449e+06
69611.6042 10.2975 1.5201e+06
69788.4543 11.4895 7.8079e+05
69802.2643 10.4726 1.6746e+06
71630.3744 10.9851 2.7539e+06
72342.6144 10.1545 1.2476e+06
73451.6845 14.1520 1.6817e+05
73454.5845 12.3757 1.6817e+05
78603.2148 10.8989 8.1502e+04
78825.2148 11.5842 7.8893e+04
79508.1549 11.9366 1.4485e+04
79531.4349 11.5685 1.3068e+04
79834.2149 10.4104 1.2454e+04
81247.7350 11.2314 5.9338e+03
85944.6852 10.5335 1.5029e+05
86247.5953 11.2603 2.3003e+06
