127.4000 13.1691 2.4729e+04
158.4500 15.2913 1.7649e+04
168.6200 13.8139 1.4481e+04
308.9400 16.2997 3.0782e+04
315.2100 10.5991 1.6720e+04
328.6600 13.4560 2.1823e+04
344.3700 12.7485 1.6649e+04
347.9200 11.8885 9.5853e+03
355.3000 14.7812 1.2798e+04
359.9300 14.7673 1.5242e+04
699.3200 11.2884 2.8187e+04
724.6900 13.7531 3.4606e+04
775.3200 13.0969 2.2097e+04
891.0301 17.5738 3.7056e+04
983.4501 15.7095 1.0850e+04
1576.4501 11.0508 2.0320e+04
1702.8201 15.6490 1.6670e+04
1710.3801 17.4856 1.9849e+04
2185.4001 10.0620 2.6170e+04
3158.7002 10.6094 1.4998e+04
3188.0702 12.6738 2.3042e+04
3263.4502 13.0562 2.3090e+04
3526.2302 20.0064 1.8288e+04
3581.9502 17.1680 8.3292e+03
3590.3602 14.1409 9.2605e+03
4286.6503 10.6236 1.5628e+04
4353.8903 15.1480 2.4024e+04
4426.6503 10.6773 9.1284e+03
4457.8503 11.3199 8.8698e+03
4500.6103 12.8505 7.9755e+03
4671.1303 16.3862 1.1529e+04
4806.5703 21.3114 4.4542e+04
4821.1003 16.1610 5.0252e+04
4827.8403 13.1853 5.9353e+04
4848.4803 21.8121 1.0047e+05
5063.4303 12.9786 1.1960e+04
5097.0503 15.7618 1.0207e+04
5104.7403 12.9614 9.2015e+03
5277.9303 13.9124 1.5601e+04
5356.7903 14.2787 1.1243e+04
5371.6603 10.9342 1.0479e+04
5379.8903 12.4920 1.0800e+04
5718.8203 19.2322 1.7738e+04
6674.9704 11.4239 5.1275e+03
6718.2104 20.1855 2.0374e+04
6734.2504 13.2501 1.2155e+04
7164.9804 11.4937 1.8755e+04
7204.8304 11.8154 1.4632e+04
7292.9004 10.4339 2.4203e+04
7535.2705 20.8093 2.8310e+04
7545.1805 10.3245 2.7456e+04
7545.5505 17.6396 2.7456e+04
7687.0705 12.6027 1.2558e+04
7725.1805 13.1566 2.4643e+04
7737.1505 21.8749 6.9049e+04
7764.1705 10.1847 1.4861e+04
7785.4205 11.2450 2.6422e+04
7904.3905 10.5191 8.2551e+03
7944.9005 13.7934 2.1365e+04
7985.0905 12.0166 1.7341e+04
8143.1805 14.1961 1.7016e+04
8309.3305 10.6246 2.3790e+05
9359.1906 13.9760 1.9023e+04
9826.2506 11.0456 1.0381e+04
9830.6206 11.1817 9.1798e+03
10086.9206 11.6267 1.6534e+04
10144.1906 11.4210 1.4436e+04
10411.0806 10.7633 9.6392e+03
12037.3607 11.5398 1.0759e+04
12198.7107 10.7904 4.0890e+04
12215.1707 11.8490 1.5703e+05
12216.0207 11.4525 1.5703e+05
12217.0307 14.2136 1.5703e+05
12626.4508 11.3780 1.4467e+04
12646.7008 12.6570 3.4314e+04
13251.9208 11.9809 3.6382e+04
14115.0709 10.3231 3.5340e+04
14118.7509 10.9413 3.0227e+04
14659.2109 10.3169 3.4422e+04
14671.8309 10.6422 3.1863e+04
15084.8509 14.8996 1.9723e+04
15791.6810 10.4874 3.5670e+04
16400.0710 16.0073 2.8209e+04
16475.7510 13.2779 4.0642e+04
16508.3210 17.2671 2.8820e+05
16508.8710 13.3721 2.8820e+05
16524.8310 14.0429 1.1385e+05
16647.3010 15.9556 2.0479e+04
16653.7310 13.2804 1.5211e+04
16803.0010 10.8568 1.5621e+04
16812.5410 11.0134 1.9600e+04
17545.0811 12.3809 1.8230e+04
17793.2311 11.1540 3.0954e+04
17975.7111 10.2306 3.7460e+04
18321.0711 13.2613 1.8599e+04
18329.8911 10.6968 1.1613e+04
18396.2311 11.3001 1.4959e+04
18506.3511 10.0297 1.8367e+04
18721.7811 10.1668 2.8412e+04
18853.5912 11.3581 1.3267e+04
18904.8012 23.0867 5.1113e+04
18946.2712 13.0368 1.4414e+04
19125.4012 12.8719 2.2066e+04
19176.6212 22.7669 1.9568e+05
19443.8212 10.4706 3.9188e+04
19778.5812 10.3711 3.2825e+04
20569.9513 11.0389 3.6063e+04
20948.5513 12.2631 2.2291e+05
21096.3513 10.6825 1.4183e+05
21462.2213 10.6715 9.4683e+04
22104.3613 11.1132 2.5958e+04
22329.9314 12.2099 1.7600e+04
22682.7614 14.7068 2.8541e+04
22784.5214 11.4801 2.4417e+04
22812.3214 10.8084 2.9728e+04
23079.3814 15.5422 3.2855e+04
23829.9615 12.2498 1.7472e+04
23832.5315 10.1366 1.1384e+04
23985.1115 11.4836 6.5014e+05
23990.0015 17.3136 6.5014e+05
24088.4415 11.0791 2.4760e+04
24177.2015 13.3080 2.0091e+04
24262.8815 12.3193 1.7632e+04
24373.3415 14.1636 2.6892e+04
24532.5415 10.8747 1.5089e+04
24606.4715 16.4980 2.8199e+04
25129.7715 13.2663 2.7176e+04
25403.9116 10.8606 2.5311e+04
25424.7416 13.5413 2.0787e+04
25671.1116 13.9724 2.2549e+04
25779.8516 11.6263 2.5509e+04
25905.9516 12.6883 3.4539e+04
27214.6117 14.2730 1.9991e+04
27524.5317 10.3084 1.4136e+04
27531.1917 13.7309 2.1765e+04
27544.5417 14.8737 2.4277e+04
27642.0017 10.0888 1.6687e+04
27739.6117 10.3806 2.6977e+04
27900.8117 10.4041 2.8266e+04
28102.2117 11.4966 2.4995e+04
28770.1818 10.5949 2.7895e+04
28917.5618 11.0916 4.1125e+04
29095.5518 12.2927 3.1652e+04
29356.1318 10.0717 3.1272e+04
30335.5119 10.7822 3.0304e+04
30383.0719 13.1595 4.0777e+04
30911.4219 14.0003 3.1724e+04
31245.3119 10.3285 2.0865e+04
31946.8719 14.7945 2.2518e+04
31952.0520 12.0326 1.5886e+04
31961.4520 11.3092 2.5451e+04
32360.2320 16.9226 2.9133e+04
32476.4020 12.4357 3.0861e+04
32637.0220 10.1178 1.4742e+04
33436.8220 13.7106 1.0481e+05
33730.8721 11.9901 2.5691e+04
34143.8721 12.1873 1.9144e+04
34455.2521 12.9478 3.6804e+04
34457.8821 11.4864 3.6804e+04
34470.4221 14.9875 2.3204e+04
35227.0022 12.9392 2.9191e+04
35586.5422 13.9668 2.4246e+04
35759.9122 17.2339 2.8846e+04
35869.2422 10.4456 2.9070e+04
36188.8622 11.5324 3.5958e+04
36517.9822 12.7128 3.2032e+04
36574.8622 14.8043 3.3884e+04
36630.4322 11.9712 2.5456e+04
36644.6622 12.9303 2.5911e+04
37509.5423 10.8591 2.6839e+04
38676.2624 11.0631 3.6050e+04
38879.5924 11.2128 3.9561e+04
39627.3424 12.6248 4.5998e+04
39791.5724 10.2328 3.4615e+04
39884.8124 11.4858 3.7093e+04
40038.3524 14.6409 3.2428e+04
40090.4624 13.7114 3.8453e+04
40769.0525 10.3284 5.7031e+04
40900.2125 13.8458 3.6940e+04
41020.1925 10.2907 3.8285e+04
41249.7725 23.9903 4.8145e+06
41803.8426 12.1343 3.1169e+04
41989.3226 10.9210 2.8745e+04
42008.9826 14.1457 2.8399e+04
42028.5626 11.5291 1.9799e+04
42035.1726 11.8753 2.1809e+04
43200.3726 12.5452 2.9076e+04
44238.9827 15.6041 2.7371e+04
45060.7828 10.8785 1.8190e+04
45909.5528 12.3037 2.6733e+04
47595.7229 14.1074 2.5839e+04
47920.0229 16.3775 2.5569e+04
48139.2829 14.5314 1.4259e+04
49279.6430 12.0054 5.8542e+03
49308.4730 11.8306 1.0241e+04
50064.9631 13.0080 4.5865e+03
50081.5831 23.8114 2.4775e+04
50175.0031 13.9786 1.0841e+04
50993.1031 10.1170 4.7151e+03
51022.9631 13.4369 8.5100e+03
51075.8831 11.4080 8.6059e+03
51080.8931 13.5407 9.1919e+03
51093.4231 10.3399 1.1756e+04
51153.5331 11.5311 9.7308e+03
51812.3932 15.5009 2.4139e+04
52633.6432 12.0047 2.1198e+04
53938.1933 10.4190 3.5109e+04
53987.7733 12.2037 2.1605e+04
54031.9433 10.7490 1.9945e+04
54137.4933 11.4468 3.5387e+04
54157.6633 10.6921 2.1810e+04
54488.3833 11.5875 2.8465e+04
56103.1634 24.6990 1.7998e+05
56756.2135 11.7464 1.9738e+04
56874.7335 15.4913 2.0770e+04
57062.5635 12.0116 3.2986e+04
59879.9337 15.4000 4.1390e+04
60033.5637 13.2719 5.4568e+03
60137.4537 17.3021 3.1647e+04
60381.2937 10.5266 2.7561e+03
61174.0837 10.1211 1.2177e+04
61238.5537 22.3761 1.0045e+04
61547.6438 16.3001 4.5101e+03
62149.9438 13.2354 5.0190e+03
62937.2238 10.1948 6.3755e+03
63025.5938 22.1108 2.8479e+04
63174.5139 10.1357 3.5725e+03
64176.0339 22.2898 2.6848e+04
64299.2139 17.9168 1.7451e+04
64877.4640 11.3112 1.5075e+04
64938.3040 12.2977 1.6921e+04
65134.7940 11.4011 1.6403e+04
65996.3740 12.0629 4.2371e+03
66221.8740 11.3574 8.2082e+03
66459.7341 16.0066 1.5364e+04
67116.7941 16.8303 1.8384e+04
67638.9941 11.6802 9.8711e+04
67671.1941 17.8155 7.5526e+04
67696.0941 10.0377 1.7506e+04
67723.7741 11.3237 5.6930e+04
67741.3741 12.6258 8.3931e+05
67749.2141 11.2202 5.4450e+05
67758.0841 12.6274 6.5218e+05
67766.0141 26.0500 2.0621e+06
67768.6341 13.9841 1.1738e+06
67920.9441 10.1165 6.6977e+03
68452.1442 16.1232 2.9839e+04
68507.0142 11.2727 2.5311e+04
68507.3542 21.2489 2.5311e+04
68522.3142 10.6809 5.0933e+03
68526.2042 11.0627 9.6144e+03
68540.8442 10.5923 1.0022e+04
68757.8742 10.1637 1.1188e+04
68766.2242 19.7543 1.4117e+04
68839.7142 15.3084 8.2806e+03
68954.9542 11.4160 6.0136e+03
69014.5642 16.0712 1.9089e+04
69023.8942 14.2096 1.7103e+04
69046.2542 19.9580 1.6054e+04
69053.3842 13.9289 1.1498e+04
69062.2342 19.2044 1.3753e+04
69094.1342 13.1655 7.0850e+03
69104.3742 14.7430 1.0166e+04
69123.5542 16.6357 1.9046e+04
69127.9142 12.8374 1.5746e+04
69341.5342 12.0655 4.0305e+03
70241.2943 26.2569 8.3401e+04
70776.9243 14.1855 5.7432e+03
71375.9344 17.4346 7.7786e+03
71407.1744 14.8563 1.3343e+04
71668.7644 10.2361 3.4840e+03
71712.0544 10.2459 1.1455e+04
71714.6944 11.3917 1.2229e+04
72554.6844 13.9787 1.0345e+04
73136.3745 26.5157 1.1736e+05
73451.4645 26.1181 1.8632e+05
73555.3045 11.3397 2.8386e+03
74359.0345 10.7312 1.1784e+04
74395.5945 12.7771 1.4938e+04
74432.2645 19.4873 2.1700e+04
74586.8846 11.8258 1.8669e+04
74733.9446 13.8347 2.7552e+04
74758.2546 10.6419 3.0448e+04
74862.3546 18.4424 2.7612e+04
74882.3146 15.8320 2.1857e+04
74971.1546 12.1057 1.6749e+04
75583.4146 12.3883 9.2357e+04
75868.3646 13.9383 7.1089e+04
78261.4348 13.7975 3.8464e+03
78422.8348 26.6391 1.4277e+05
79805.7449 12.3048 3.9559e+03
79833.6249 16.1365 4.0249e+03
80407.8349 10.4824 3.4521e+03
80978.9249 10.0031 3.9076e+04
81478.0750 10.2899 1.6280e+04
81496.6950 12.4721 1.0019e+04
81539.4950 10.7585 1.1602e+06
81546.5950 19.8724 3.2022e+06
81580.0450 14.6110 5.3542e+04
81656.0050 12.9374 2.8327e+04
81709.2350 15.3067 1.8111e+04
81753.2850 14.0859 2.2280e+04
81770.0250 10.4521 1.3447e+04
81826.8350 11.7055 1.2215e+04
81866.2350 15.3964 2.0699e+04
81890.6150 10.7654 7.2078e+03
81932.3550 10.6970 9.7588e+03
81981.8450 13.8887 4.1880e+04
81992.8750 11.2549 1.7274e+04
81994.7050 10.2819 1.7168e+04
82002.0550 14.8377 6.2804e+04
82687.1050 10.1293 3.8679e+03
82997.2051 18.5940 1.9997e+04
83126.8751 12.7708 1.7676e+04
83128.9551 10.2758 1.4721e+04
83309.9551 11.4255 3.4770e+03
83417.7951 11.0027 2.8948e+03
83721.9651 11.2683 4.5242e+03
84812.0752 11.9499 4.9192e+03
85130.4552 10.9039 2.8528e+03
85347.0552 14.2257 8.0761e+03
85458.2652 12.4950 6.4286e+03
85536.5752 15.3919 2.7087e+04
85619.6252 10.6141 3.1157e+04
85658.2052 16.5610 6.2128e+03
85689.7252 13.8112 1.7982e+04
85705.1252 10.5531 1.2042e+04
85767.9552 10.2776 2.0265e+04
85814.9752 13.5634 1.2631e+04
85835.9752 11.1256 9.7442e+03
85857.4452 11.2896 2.1239e+04
85894.7752 11.5858 1.2121e+04
85915.3252 12.6826 3.1613e+04
85999.4952 12.2861 2.8633e+04
86074.9553 10.8064 6.0397e+03
86080.7453 10.5274 7.4343e+03
86124.3353 15.3447 1.1885e+04
86189.1753 16.5546 3.1411e+04
86297.8553 10.5149 1.0484e+04
