34.30000209350599 6.156593986368212 9784.449515313956
286.40001748046984 7.081455101222056 38468.759999007074
404.2800246752945 6.803533136606491 24493.660595820962
488.65002982483094 7.884648026956286 9953.468372179264
514.6900314141865 6.1830935893718975 21296.82651245199
547.870033439333 6.264036682385334 19570.554112753933
806.6300492327911 6.364666356569721 9316.2333121881
851.7200519848665 7.041673025762847 15269.718960449693
853.0500520660432 7.543718446962108 15269.718960449693
890.870054374393 7.19782183674249 14924.84873464367
927.4100566046177 6.53408183011274 13421.21618732372
934.4000570312535 7.783224294223855 59744.47651641396
936.8000571777378 7.725609799798858 45255.63628345256
1047.730063948368 7.186794154354755 15801.877630978006
1059.900064691166 6.690590784908892 11036.527117262012
1092.6400666894572 7.05028670636088 6859.806441659066
1138.8000695068401 7.9765573171531035 10494.85193655279
1158.0400706811567 7.806735369340174 20842.89324556499
1205.490073577275 6.513543016726115 8915.247667879217
1218.3000743591354 8.473578401808838 10362.728154113898
1271.8000776245165 8.110990592192568 6386.955941953668
1364.680083293462 7.008320559076449 12913.913250196647
1693.6001033691468 8.708588862139925 6837.944030311711
2087.430127406624 8.395475252805431 120686.55807745931
2186.910133478402 6.120853655260936 10710.205756683812
2194.020133912362 6.591682184484019 8153.599755411605
2215.370135215462 10.11542213662917 14204.226145846349
2725.720166364756 6.681590208755966 3289.501719800545
2850.1501739593614 6.425982325687667 4113.378847217164
2882.3801759265243 8.594110404069484 11313.281385366321
2910.13017762025 7.210816016549218 29039.04985764975
2962.6501808258167 8.179256056806185 31843.80948140013
3461.1502112518438 6.600451639491178 9281.730868553697
3461.9602113012825 6.541261703947538 8512.02537687554
3503.0902138116585 6.172708307584838 4669.514119294201
3509.4502141998423 9.626281247128441 13554.990225863916
3519.9002148376594 6.697287732331916 4882.064149323137
3571.050217959608 8.796286474375522 13917.876457325445
3668.2802238940567 6.230831505842512 9554.726366776591
4117.640251320816 9.878752446807063 13055.424503235048
4367.580266575944 7.031005617213862 6280.010697660382
4378.400267236344 6.675750441920482 5276.238803232349
4439.380270958269 9.004434339109473 17672.568070669306
4459.100272161882 9.546477824726344 36521.627735374284
4482.510273590715 7.096970070488685 24531.78377127547
4527.770276353166 9.007954743551302 12782.780449716483
4679.820285633562 8.94428978254089 34836.731983080135
4804.380293236102 7.750916999841145 12563.420200520479
5108.850311819477 6.710762932282557 5875.247374870398
5356.290326922017 8.520691847573548 9450.370235435863
5431.370331504537 8.024029765635097 5137.919308217255
5718.470349027732 9.4986389589602 18806.870486235744
5720.300349139426 7.269031902464713 14050.168071066575
5886.840359304221 7.770619604827054 12846.845527475807
5914.650361001609 8.033173244666964 11277.094284702556
5935.920362299827 8.593389114134272 41586.463114785554
6068.790370409569 6.90235581684813 8475.004975584514
6112.63037308535 8.018286269923903 8740.009609854753
6729.700410748316 7.5510223754426855 11659.92868726674
6744.840411672389 6.607937252530096 5726.454515064249
6806.510415436427 6.146685186758443 3649.1473606127715
6810.530415681788 8.048768948747808 6178.691859177802
6816.3404160364025 7.415757005816622 5928.1838477340025
7229.120441230496 6.632580824604418 3339.005562771196
8010.640488930694 6.004331186011807 25037.530371670924
8212.310501239655 8.905099017637285 44047.848703049574
8218.970501646148 6.16168035674759 13824.215056033954
8243.4605031409 7.008566841352112 65076.60660415382
8274.270505021394 7.355393792273673 10875.782025455614
8312.58050735965 10.105818048084132 18583.178727136317
8406.560513095734 10.076058855565744 20890.091034884714
8413.930513545563 6.220861893899127 12401.654602854635
8429.980514525178 6.8565454384400235 10016.1002395828
8454.21051600406 8.820300434932093 22484.20731334267
8587.230524122957 7.267449884577297 6636.693678782774
8591.58052438846 6.713236946126641 8158.528837655801
9209.550562106357 8.822649308969384 10600.047389374244
9735.880594230994 7.942155690501579 15765.781678373138
9969.370608482093 6.850798309612147 13648.21342198654
12244.490747344405 7.349831254004422 18357.103094343922
12248.89074761296 7.94005012913376 60401.463765896886
12267.710748761643 7.893198920922805 23185.631521482697
12293.410750330246 10.783662580549288 58788.03532559677
12457.780760362595 9.54949247109685 36691.53918304056
13222.640807045947 6.095970776259926 31757.88905457374
13273.780810167285 6.4357555935145 19025.11700438844
13342.410814356128 8.382610037711594 12881.81988628288
13381.40081673589 6.755896079281902 8693.541313954407
13535.410826135914 7.168302532187426 19930.14364160941
14283.950871823174 6.224810039959334 7377.559814181059
14301.570872898614 7.509726859058293 8626.840895959846
15602.550952304135 10.202045114731801 28431.804536135474
15827.94096606085 7.11940508195573 14464.235909436897
16511.301007769838 6.185103451349143 13178.015374496596
16556.32101051764 9.354983860250313 31409.693936669093
16617.251014236514 9.177221958437356 24840.84508905751
16629.521014985414 9.181616688438632 21370.792249611462
16636.22101539435 6.083864273874499 15116.615733228127
16737.261021561342 6.090778696893811 27216.375421482917
17038.491039946963 6.07136765021832 21911.552295224144
17122.89104509833 7.790575914509694 228396.27189798973
17474.451066555852 6.29336647606705 9407.412550836501
17543.981070799626 6.566943143302645 14042.547233957659
18684.06114038459 8.219256638513281 12927.416016573361
18947.841156484446 6.297953307533888 10350.733553939357
19176.481170439525 11.673133374439734 237404.74259157036
19178.211170545117 8.185001579387594 205094.48625728828
22443.011369812706 7.986710592660452 10366.146685254364
23080.271408707973 6.048247456678374 20390.514530301927
28393.33173299144 8.098373455405566 83073.79024939521
29188.86178154674 6.446164066281143 58727.044017549466
31884.091946050536 9.011772056319485 102171.85562323856
33596.37205055982 8.177657226438512 83812.2189903159
36649.03223687941 6.426666745942474 70843.43337232244
39364.29240260574 6.455914778238799 74904.6461070541
39624.68241849868 6.732004981835019 110184.14305130727
39794.20242884536 8.156093361883748 248841.49719954864
41235.872516837924 6.123409133874588 138903.1723010417
41371.97252514481 6.7757415748010095 149321.8658297141
41482.802531909336 6.152556214714851 161273.84259595943
43966.57268350663 6.916050235585124 308417.32331587124
47991.852929190245 7.0893757104409705 71585.72455846607
50464.39308010212 8.248691837052574 51643.25131481014
50657.01309185871 7.682259336328845 30612.271788518352
50660.893092095524 6.974062490610201 52495.773536875604
50674.52309292743 6.681820389787205 22991.66582303814
50721.06309576801 6.785370106026298 25033.377879063133
56102.903424249474 10.251687070288279 110596.94510126028
59307.14361982078 7.963534235362198 19749.172158870457
60103.01366839683 7.678291502725019 77080.12061429872
61866.26377601708 8.92742527449246 10016.243311157803
62981.48384408471 6.28923100720726 3583.6276489513016
63533.8538777987 6.347741935027541 3040.6838290051282
63836.083896245356 7.49659626328587 3925.7141680217396
63937.76390245141 6.212975334202461 9019.289130344772
64221.82391978906 7.051079744539251 3591.5052954670687
64241.00392095971 6.001299129143837 3113.4648720948985
64245.47392123254 6.025364190502724 3067.534908165417
64418.08393176782 6.555816747620525 7359.055186642649
65276.7739841781 6.00464429764267 6615.234859280375
66993.9040889834 6.762272342148418 15522.4918964066
67118.47409658655 7.364741799923711 7269.665483910037
67322.58410904444 7.74850065600759 3592.1690384218973
67725.43413363246 8.326718141076768 18759.87231411139
70118.42427968899 6.900259918465648 3261.9205771768634
70241.0342871725 7.196295923030139 33399.099688150396
70242.99428729214 8.358258628962068 33399.099688150396
72453.97442223965 9.795463322654657 10156.058811870382
73135.95446386441 11.918701813581512 83282.19485384577
73137.81446397793 8.443668246179364 76584.74322941828
73216.99446881069 6.858302592389249 5781.911082888506
73451.20448310574 8.518221803395377 77958.8852437231
73453.13448322353 8.906822805772334 77958.8852437231
73514.10448694485 7.316163917527167 10897.356535407169
75049.664580668 6.711217805458599 83875.82998637704
75763.11462421354 6.235001826358928 3794.9787375481706
76842.40469008818 6.474642158199866 4791.965719972697
78422.57478653411 9.1337947949919 60441.57867179578
78424.5047866519 8.870306045291603 60441.57867179578
78862.23481336882 7.494734224768733 19540.99359645659
78931.32481758574 6.014409864050197 6200.762560952061
78952.54481888091 6.751650176566028 13675.91626430988
78979.38482051909 6.945428745240055 8285.656562088812
79104.27482814177 6.0318983785477975 6588.128766035065
79241.35483650847 6.845791948318747 18937.37455285062
81777.13499128021 6.577819235223352 2403.031542188557
82175.99501562469 6.530994180181637 9016.803625571149
82279.63502195038 7.232005547396386 5029.410583210947
82925.39506136444 6.6226187511521175 10852.703916705581
82952.8850630423 6.4731546813433205 5091.995867735901
85119.39519527559 6.20169148596017 3747.345071833479
85241.64520273713 9.200537627800408 7937.6276990868955
85448.07521533662 7.697072923346385 6492.414244040031
85471.55521676973 8.853018759808945 17524.00852998057
85521.88521984163 6.527431076121807 5524.072028201709
85534.89522063569 8.7371274919902 25551.473329065877
85536.48522073273 6.278745236610994 25551.473329065877
85726.68523234162 8.92429975521112 28793.5078728649
85962.67524674532 6.144202519151211 3222.7897291639347
86074.29525355806 7.800193385724996 8209.676637908087
86098.99525506563 7.522153671952631 11920.179329157982
86131.93525707613 6.270001305008078 16861.15777835765
86132.52525711214 9.48971128845908 15632.165175845425
86136.81525737398 6.0292149335282 9800.578621538652
86143.7952578 7.014371054492006 9123.656056831085
86159.88525878206 7.152539577492526 12568.009050595607
86187.28526045442 8.024191930001063 10577.970107423844
86199.93526122652 6.950654803550482 7452.282995903355
86207.34526167878 7.956429731309484 7882.957764548986
86249.04526422395 10.774701699329002 32125.97208969046
