61.5700 11.1968 1.8816e+05
63.3100 11.9754 1.6470e+05
351.2400 13.4002 3.4205e+05
352.3000 10.2999 3.4205e+05
353.3300 10.4181 3.4205e+05
354.3900 11.7175 2.7780e+05
2978.4502 10.3914 1.7298e+05
3263.5302 10.0251 1.6172e+05
3265.2702 14.4273 1.5475e+05
3265.8502 10.3996 1.2732e+05
3275.6002 10.1103 6.0395e+04
4881.9403 15.7411 4.0740e+04
5382.3003 12.3143 3.4733e+04
5626.3903 10.1210 3.4227e+04
6044.9404 14.2262 3.5757e+04
6593.6304 10.2498 1.6186e+05
6597.4804 13.5653 2.8726e+05
7318.1304 13.9150 8.6050e+04
7322.6304 13.0721 9.4451e+04
7335.6404 20.7654 5.4490e+05
7376.5305 13.9446 7.0813e+04
7384.8005 16.1880 1.2843e+05
7389.2505 13.5030 2.9966e+05
7392.3705 10.7361 2.7415e+05
8578.1605 12.7356 5.8265e+05
9076.7006 10.8885 2.1753e+04
9633.7406 11.2804 8.8636e+04
9656.2506 10.6671 9.2874e+05
10491.7806 11.0374 8.0320e+04
10493.2306 15.0471 9.4047e+04
10498.2906 11.0050 1.2130e+05
11344.5707 13.6258 1.7126e+05
11360.2707 16.2874 3.6858e+05
12871.0208 10.2321 1.0074e+07
12872.4008 12.4416 1.0074e+07
14343.7909 10.5167 2.6126e+04
15998.9410 15.5799 6.0701e+05
16124.2110 11.0770 4.3132e+04
16584.0510 13.4090 6.3331e+04
17576.1111 14.0614 5.1222e+05
19081.0412 17.1653 3.4056e+05
19176.3412 21.2245 5.0111e+05
19178.0612 11.2112 4.2738e+05
19565.6412 11.0179 7.5805e+04
19965.1012 11.4454 1.0196e+06
19966.6412 11.8762 8.7323e+05
20228.2612 10.9876 5.3398e+04
20238.0612 13.1939 1.8991e+05
20759.5813 12.8688 8.1281e+04
21464.0913 13.8542 2.0422e+05
21499.1413 11.2290 5.0801e+04
21589.2113 12.7254 2.6089e+05
21590.3413 14.0602 2.6089e+05
21591.4813 11.7554 2.6873e+05
21886.2713 12.1506 7.0537e+04
21951.1713 11.8273 5.5459e+04
22556.3414 10.3175 1.1319e+05
23286.8914 13.8546 3.6076e+05
23576.2414 10.9690 2.0410e+05
23576.8214 13.1006 2.0410e+05
23591.2114 14.3756 7.9403e+04
23592.7814 14.0519 9.7358e+04
23596.0014 11.8458 1.3539e+05
23597.3714 12.7964 1.4136e+05
23599.9314 14.3893 1.7133e+05
23601.1814 11.1173 1.7133e+05
23602.5114 12.7606 1.3800e+05
23608.4614 11.1949 1.2891e+05
23673.5814 12.3146 4.1552e+04
23770.8315 12.1169 1.0466e+05
23775.0315 10.0472 1.2288e+05
23799.5915 11.2037 6.5940e+04
24201.5815 11.6023 4.5963e+04
24474.9215 10.3415 2.9718e+05
25095.2215 16.7823 1.9236e+05
25135.1715 11.2036 3.7632e+04
25271.7615 10.9227 4.9863e+04
25300.3215 17.1145 8.0360e+04
25370.0615 12.0118 7.2370e+04
25517.0916 16.1784 7.0425e+04
26798.9616 19.0427 4.2700e+05
26801.7116 11.9216 1.0485e+05
27832.1917 10.7562 5.2861e+04
27836.1117 10.1726 5.1666e+04
27840.4617 10.3253 5.4177e+04
27846.1917 12.5286 6.9409e+04
29103.6418 11.0866 9.0544e+04
29123.2618 17.5893 3.7523e+05
29340.4418 15.5688 6.6401e+04
30378.3119 10.6578 1.4517e+05
30403.4719 13.5185 8.1925e+04
30738.4319 11.7564 3.4101e+04
30744.0419 10.9760 3.0610e+04
30767.3019 13.1694 2.2846e+05
30770.2119 14.8747 2.0024e+05
31285.8819 19.7430 1.0478e+05
31522.1119 10.1508 1.1716e+05
31525.4919 10.8829 1.8273e+05
32969.9120 13.2191 3.2052e+04
32974.2420 11.1840 3.0849e+04
32985.0620 10.1446 1.5453e+05
32986.3020 15.2588 1.5861e+05
32987.5420 10.8553 1.5861e+05
32988.7720 11.0066 1.4530e+05
33021.9920 20.7725 5.8311e+04
33030.9520 19.0577 8.5526e+04
33034.9520 11.8256 1.1937e+05
33036.1820 11.8819 1.4161e+05
33813.1721 11.2276 1.9872e+04
34118.8221 16.5560 6.3786e+04
34199.7521 12.8806 1.0786e+05
34308.5321 11.0676 5.4168e+05
36571.2222 10.4362 9.3715e+04
37196.0823 13.1201 2.3836e+05
37207.8223 14.1964 1.8290e+05
38158.5223 25.0504 3.9982e+04
38170.4623 13.9787 2.6496e+04
38546.9724 11.1065 3.3512e+05
38611.6824 10.4097 9.7909e+06
39765.8424 11.6685 5.1505e+05
39766.1824 10.8923 5.1505e+05
40435.2725 11.1005 9.4791e+04
40448.3925 11.2710 1.2219e+05
40450.7125 12.1759 1.0500e+05
41366.1125 10.8992 2.2808e+04
41398.6725 10.6589 3.9534e+04
42905.1026 18.2233 8.5101e+04
42909.4726 12.8985 4.0844e+04
42943.7926 11.6463 7.8386e+04
42944.3726 14.3081 7.8386e+04
43364.6226 13.0193 3.3328e+04
43372.0226 12.9892 1.7931e+05
43398.4626 11.6010 2.1549e+04
43665.7227 10.1213 2.9443e+05
43667.2727 10.4816 2.9443e+05
43934.6527 13.6121 3.2526e+04
43984.2527 16.2387 2.9369e+04
44616.7427 11.5300 5.0248e+04
44617.8827 11.1414 5.0248e+04
44654.4427 14.6049 3.8143e+04
44693.2827 11.9438 2.5997e+04
44709.1827 16.0043 3.8012e+04
44738.1227 17.7004 4.8770e+04
44758.6927 10.7630 3.9563e+04
44786.1727 10.1738 2.7735e+04
44846.9927 13.4225 3.2062e+04
44856.2527 11.6136 2.2047e+04
45842.8628 14.7885 3.4913e+04
49346.4830 10.9040 1.8247e+04
51970.3832 11.9469 2.6105e+04
56103.0234 18.3468 1.7736e+05
59437.9236 10.5873 1.6102e+04
60063.8037 12.0294 1.4922e+05
60067.5737 11.2400 2.2077e+05
64256.1839 10.5579 2.8505e+04
64256.8539 10.5330 2.8505e+04
70240.8943 16.6700 7.2992e+04
73136.2345 23.7192 1.6709e+05
73451.0545 22.5295 1.5864e+05
74137.0945 15.5470 6.0188e+04
78422.4348 22.4220 1.1675e+05
84831.3252 11.4098 6.4143e+04
84835.7652 11.8638 1.4287e+05
84900.9352 11.7848 6.9794e+04
85099.2052 15.2252 5.7464e+04
85140.7752 10.0647 3.7081e+04
85151.1652 10.6545 1.7266e+05
