354.4000216308607 6.76380208988384 277796.3548523075
891.9300544390902 8.359287677500886 35895.04873161505
3264.060199222424 7.4744803555796695 149745.07174387635
6045.070368961815 6.529284889843382 35757.3959578738
11360.300693377729 6.666700682615607 363457.3806136932
12872.480785673875 6.619227173484014 10073568.720941385
12873.640785744677 7.272111469794005 10073568.720941385
19080.46116457893 6.635477256787011 340564.1234511506
19081.10116461799 6.519433973303071 287291.2280528432
19176.481170439525 7.263203084600852 501110.5377503703
19178.02117053352 10.34017427416281 480558.48348200636
19303.141178170237 6.896447615023361 2869809.6517192754
19303.901178216624 7.235284929739246 2869809.6517192754
19565.68119419441 7.198026687110802 75805.24954421764
19966.651218667677 6.960643616145836 873226.192544787
20759.71126707222 6.167540372575489 76200.89243574809
21463.871310050738 8.886750875609232 204219.76217191742
21499.251312210163 6.493075075609964 40847.8239373677
21886.281335832602 8.66974501101772 69401.20073065808
21951.251339798055 6.6454102557697565 53734.749090627265
22316.90136211556 6.479944967644825 42712.341214576554
23578.831439137663 7.17970559426397 121965.74545597692
23770.881450859462 6.231997370608033 96082.09166234986
23778.79145134225 6.002837369656955 110269.68212219111
23788.501451934902 6.165701617392376 89899.9952797945
24473.50149374399 6.444257525436697 306357.41507082386
25095.27153169382 9.107847536607643 192356.54803667066
25300.36154421152 8.130161254233904 80359.62075378097
25370.11154846872 6.719526794598104 72370.41514524784
25517.17155744455 7.58081045475948 70424.69907947537
26798.96163567881 12.05927281779197 426997.6772213272
28939.681766338 6.001409437510829 8701902.670186337
28987.3117692451 7.614269062455159 47350.93001532538
29006.681770427353 8.196351979808888 67871.67451137779
29103.661776346544 8.765038878406818 84683.64686191386
29123.291777544666 10.052919155664387 241038.61149497962
29340.4917908015 6.1013428227877835 62438.07697058921
29792.63181839794 7.432806030970716 2869871.1708130096
30382.32185438976 7.0476897491737915 243502.40908751482
31285.93190954174 8.857482709576988 104776.95332720032
32988.782013475466 6.453279806923685 142316.0116949942
33022.03201550488 6.46967847005962 48937.908691480276
34329.54209530896 6.0752059201922375 6915432.567762881
36570.50223208632 7.761351061177922 84670.50808100299
36684.7722390608 6.952469512909178 161553.6659195258
38547.03235272414 7.428262254479576 335123.4221688311
38614.11235681838 7.626032338703169 9790923.945304172
38615.112356879414 8.09670853630829 9001784.637969214
39767.73242722976 7.061415060269698 515045.8567217232
43372.03264721879 7.372919769399532 138544.278991569
43668.922665339516 6.49903031070827 231121.29784335848
44847.112737250536 6.445372286431523 30397.484354635493
45842.93279803057 6.418506968929512 27333.574247467488
49725.29303499103 6.169941104559252 15364.575908286837
50941.45310921955 6.089052187049033 24167.537673379837
56103.143424264126 9.276897677067739 177355.63511294636
56105.03342437948 8.521240286903371 173116.79927693255
67725.31413362513 7.7749735970099545 39862.909784234405
70241.05428717373 7.555210861660827 72991.81498033625
70242.87428728481 8.039985027239341 70908.73697255838
73136.30446388577 9.751583848789172 167085.52505840152
73138.1644639993 8.412940326880157 164921.90584202978
73451.1644831033 10.189196719533994 158635.33488944115
73453.03448321743 8.55692841697154 158635.33488944115
74137.26452497953 7.058308693871588 60187.528433432
75121.75458506803 7.207487337266261 22159.628529442547
75161.93458752042 6.819293670198285 28281.603699414667
78422.54478653228 9.699948659195822 116752.04031977995
78424.42478664703 7.873607720301903 111721.83726207726
84901.25518196137 6.160527311560255 54620.11152625424
85099.33519405122 8.145992467223062 57464.20165057089
