516.6000 16.1511 1.7495e+05
541.9800 15.2080 1.3916e+06
544.2800 16.2146 1.0691e+06
582.4000 10.8509 5.8083e+04
2321.3401 12.3113 5.5691e+04
2331.4601 10.4612 6.1343e+04
3027.3302 14.6290 1.2725e+05
3075.4502 16.9929 9.4760e+04
3101.8002 10.7860 5.4828e+04
3702.7302 12.5579 6.6389e+04
3780.1302 15.2762 1.9395e+05
3916.1102 10.3896 1.1605e+05
3951.0002 13.1576 1.8208e+05
4059.3302 13.6027 9.6354e+04
4084.8402 10.7769 1.3973e+05
4085.5302 11.5428 1.1879e+05
4094.4702 14.3513 1.8490e+05
4103.7503 11.5678 2.7229e+05
4106.5903 20.0905 2.7430e+05
4110.3603 11.0068 4.3888e+05
4112.2603 12.6941 3.8910e+05
4146.9703 11.4626 1.1885e+05
4432.9803 14.8606 1.3236e+05
4463.7303 14.8177 1.6377e+05
4883.2403 15.7733 4.7817e+04
4892.3103 14.3192 1.3059e+05
4904.3603 16.8792 1.6340e+05
5046.4603 11.9014 1.5751e+05
5062.7203 14.8510 5.9499e+05
5066.4903 10.3476 2.1322e+05
5084.0503 20.2062 2.1439e+05
5121.2603 14.9739 2.5008e+05
5140.8303 13.5114 2.1429e+05
5154.3803 16.3291 2.5126e+05
5304.1703 10.9297 4.4292e+05
5369.2903 10.1022 2.5327e+05
5406.1603 13.0371 2.4952e+05
5507.7203 15.3314 2.4299e+05
5632.7103 11.7092 3.5783e+05
5634.1803 10.7335 3.4886e+05
5641.5903 14.9609 3.7705e+05
5732.9903 15.5664 2.7938e+05
5752.6704 10.1414 4.7096e+05
5771.1104 12.1413 2.9807e+05
5783.4404 19.9107 7.3041e+05
5787.8604 11.8977 6.2100e+05
5813.8304 12.6054 3.0152e+05
5837.0204 12.7709 3.4559e+05
5874.6704 17.2943 2.5038e+05
5888.9304 10.8678 1.7578e+05
5897.4404 15.3656 5.3591e+05
5951.4404 15.8455 2.5751e+05
5962.7404 12.4149 1.5657e+05
6003.2004 10.9213 3.8476e+05
6006.8304 10.9260 3.8476e+05
6087.0604 12.6930 2.2832e+05
6152.5404 11.7506 1.0461e+05
6168.7304 12.7738 6.5390e+04
6180.2404 11.6027 1.0994e+05
6186.4504 11.3338 1.0127e+05
6212.2204 22.1200 5.7801e+05
6237.9804 15.3822 3.6972e+05
6251.5304 12.3017 4.5238e+05
6255.1804 15.3511 4.3384e+05
6269.6804 21.7977 6.0125e+05
6295.2204 11.0320 1.2118e+05
6316.1704 13.4158 9.0591e+04
6351.2204 11.6670 1.8636e+05
6352.2904 10.5963 1.6122e+05
6387.8304 15.2708 2.3619e+05
6490.2404 15.4766 1.4053e+05
6523.1504 10.8537 5.6073e+04
6561.5404 14.0054 9.4250e+04
6588.0504 13.5832 7.7875e+04
6600.7404 12.0748 5.9575e+04
6618.8704 20.3897 2.1491e+05
6644.5704 15.0005 2.3486e+05
6689.4704 13.2109 1.3667e+05
6710.7604 14.3985 1.3617e+05
6910.4504 11.1395 2.9622e+05
6932.3104 10.6295 8.9465e+05
7026.8704 15.5378 2.9615e+05
7027.6004 16.9628 2.9615e+05
7071.2204 14.0317 3.0287e+05
7109.7804 16.9933 2.0300e+05
7111.9204 12.1042 1.8939e+05
7282.6104 12.4970 6.9095e+04
7294.8004 10.2639 8.8206e+04
7363.2704 19.3527 9.0040e+05
7384.8205 20.9632 5.3655e+05
7414.9405 13.6560 1.0232e+06
7421.8605 16.8774 8.2778e+05
7450.5305 21.6777 8.9435e+05
7462.3305 10.0111 3.4928e+05
7473.8605 21.3616 9.2933e+05
7497.1905 12.2640 1.7383e+05
7507.2005 20.9768 1.1778e+06
7529.6105 17.1075 4.6867e+05
7535.1705 15.4998 4.6867e+05
7546.2705 22.2011 1.4383e+06
7557.1605 12.5020 2.2098e+05
7575.8305 19.1131 9.7679e+05
7587.0505 10.8291 6.1461e+05
7660.4405 10.5403 5.1740e+04
7719.5505 11.1741 9.8677e+04
7730.1205 14.5081 2.6607e+05
7743.5705 10.5606 4.5218e+05
7774.2005 13.2758 2.9497e+05
7783.1105 12.4592 3.1827e+05
7825.1305 11.3965 4.4217e+05
7850.7605 15.0725 4.3784e+05
7864.7405 11.7424 3.0132e+05
7866.4905 10.7525 2.6052e+05
7880.8305 12.0833 4.7914e+05
7904.1505 12.6424 4.0275e+05
7914.2505 14.3609 6.2682e+05
7942.1805 10.8316 3.1508e+05
7944.9305 10.3997 2.6463e+05
7961.3005 12.0789 3.1125e+05
7969.8905 12.6070 2.0872e+05
7988.1805 10.4079 3.7065e+05
8003.3305 13.6736 3.0006e+05
8015.8505 17.3752 4.2764e+05
8026.8805 10.9277 4.0018e+05
8058.7505 13.9261 3.0057e+05
8095.0305 10.1853 2.4996e+05
8118.7405 17.4212 6.1424e+05
8122.8705 13.6816 4.9982e+05
8130.7605 15.9367 5.0017e+05
8155.7605 11.9504 2.1344e+05
8282.1305 10.6645 7.1438e+04
8327.0905 13.9998 2.0544e+05
8346.7605 11.8935 1.2148e+05
8372.4805 10.8054 1.5759e+05
8417.3205 10.0558 2.4168e+05
8471.4305 12.0579 3.7083e+05
8527.6805 11.1482 1.7947e+05
8536.9905 11.0869 1.4511e+05
8570.4905 10.4486 1.5168e+05
8623.0805 10.0551 1.5418e+05
8632.5705 14.6261 1.9346e+05
8661.5305 13.0475 2.1135e+05
8702.1805 18.0669 2.3871e+05
8728.8305 13.7294 9.3515e+05
8745.1305 15.1653 8.0730e+05
8771.5005 13.0040 1.6320e+05
8793.2005 15.1732 1.2710e+06
8834.0505 19.9728 6.7789e+05
8906.5705 13.7472 2.3180e+05
8966.9405 10.9211 2.5757e+05
8987.8305 12.0949 3.2706e+05
9004.7205 15.5291 1.6828e+05
9031.3706 15.6780 2.3134e+05
9051.6006 23.1130 2.8980e+06
9057.6706 11.3825 2.1218e+06
9075.4806 21.1550 1.5339e+06
9107.0506 12.2461 2.5523e+05
9125.3506 12.2564 2.8854e+05
9165.0106 11.5427 2.6083e+05
9168.3406 10.1174 2.6478e+05
9209.2806 11.2590 1.7611e+05
9214.9206 18.5198 4.7982e+05
9229.3906 12.3983 3.1601e+05
9242.2906 10.7924 3.3960e+05
9248.5706 16.0506 8.7794e+05
9267.0006 10.4252 2.8924e+05
9324.4606 13.2034 2.3718e+05
9327.8606 10.3555 2.2739e+05
9354.5606 13.5174 1.9849e+05
9368.5506 12.1246 3.8870e+05
9387.6206 10.8973 2.7187e+05
9486.5006 10.8479 3.4064e+05
9544.6206 10.0986 2.4081e+05
9582.0606 12.2888 3.3373e+05
9601.3006 16.6079 1.8690e+05
9633.7406 10.5267 4.1432e+05
9635.4306 10.2627 2.8638e+05
9681.7306 14.5443 3.0138e+05
9684.9406 10.5415 2.4380e+05
9698.8606 11.2922 3.6152e+05
9700.8906 11.2957 3.5437e+05
9718.1006 11.0692 2.3473e+05
9766.4106 16.7917 1.4526e+06
9831.6706 16.8039 2.1942e+05
9845.4306 11.1588 4.4913e+05
9847.1906 18.8896 4.4913e+05
9934.5906 15.3317 2.7164e+05
9999.1306 13.9464 1.8497e+05
10023.4906 10.5099 2.7934e+05
10084.8306 10.1542 1.1176e+05
10224.3706 10.6493 9.9337e+05
10228.2206 18.2584 8.6800e+05
10239.1606 13.9447 4.1143e+05
10267.9306 14.3241 3.5570e+05
10268.7306 10.2832 3.0741e+05
10292.0906 10.0102 1.3671e+05
10293.8706 12.3761 1.3469e+05
10338.3206 19.9703 3.6774e+05
10395.6106 13.7682 1.9748e+05
10422.3206 10.0937 1.0949e+05
10523.4806 14.8549 2.6037e+05
10555.0206 10.7568 1.4547e+05
10575.7306 11.1469 4.2172e+05
10596.0206 11.9073 3.5328e+05
10608.0606 20.1064 5.3308e+05
10632.2606 12.7158 2.2127e+05
10648.5306 14.9542 4.0837e+05
10664.5607 10.7362 3.5345e+05
10667.9807 11.3283 2.4609e+05
10676.9607 14.8138 3.0738e+05
10694.0307 13.1304 2.8582e+05
10718.8107 10.4448 2.1135e+05
10750.2607 13.8153 3.9250e+05
10771.8007 10.1356 4.4181e+05
10788.3907 14.1611 2.0749e+05
10824.6307 22.3894 6.5612e+05
10832.9407 18.0268 6.3470e+05
10836.5207 13.4747 5.6910e+05
10840.5807 11.7836 4.4252e+05
10866.5807 14.6974 1.9474e+05
10873.9007 11.3380 2.6423e+05
10917.9907 10.7378 1.9418e+05
10927.2207 11.2462 2.5517e+05
10954.7807 18.6932 1.1408e+06
10971.3507 13.0771 5.1095e+05
10992.1007 10.6750 2.0628e+05
11010.7207 10.6800 2.8304e+05
11039.4607 14.1625 1.7397e+05
11090.6307 11.2983 1.4846e+05
11130.2807 11.1078 3.4146e+05
11142.4707 10.2410 2.2877e+05
11159.9007 10.7857 2.4348e+05
11186.0407 14.7272 2.0182e+05
11203.6007 11.1596 2.8242e+05
11249.8207 13.9463 1.5253e+05
11263.7407 12.9963 2.8761e+05
11283.7407 10.6633 1.3757e+05
11308.9207 14.2969 2.3853e+05
11328.8607 12.6864 1.8333e+05
11408.1707 20.2035 4.6304e+05
11416.3207 10.0151 1.5543e+05
11420.7507 11.5023 1.1685e+05
11426.5707 13.1721 2.1134e+05
11442.8807 11.7298 1.0391e+05
11487.2007 10.8085 2.7487e+05
11495.5907 10.9391 4.1682e+05
11528.7207 14.8090 3.1083e+05
11539.7007 12.2807 2.3967e+05
11542.0807 13.4507 1.8890e+05
11568.9807 14.8355 2.6797e+05
11583.1107 12.8763 1.5496e+06
11609.5007 21.1002 7.6418e+05
11630.2307 16.2849 3.2450e+05
11645.9207 10.6827 1.5737e+05
11660.8707 16.3634 2.0983e+05
11668.3307 15.5591 4.7507e+05
11684.5107 21.9477 6.6437e+05
11742.4307 14.4134 3.5411e+05
11745.7507 10.9593 1.0236e+06
11747.9307 12.3881 1.0782e+06
11761.8507 10.7771 8.6002e+05
11783.1707 12.5952 2.8908e+05
11805.0307 15.1616 2.2184e+05
11807.3307 12.4801 1.8279e+05
11901.5307 10.3075 6.4307e+04
11931.9607 12.2112 1.5316e+05
11934.3507 10.0613 1.5036e+05
11959.5207 14.0228 1.8482e+05
11963.8007 14.8731 1.8482e+05
11989.0807 10.5644 1.4126e+05
11991.8507 18.2001 1.4126e+05
11998.8407 10.6244 1.5384e+05
12020.3207 15.8318 1.0902e+05
12027.3607 11.6004 7.1829e+05
12030.2507 20.8480 7.3598e+05
12033.7707 12.8187 4.8790e+05
12085.2607 16.0482 3.0190e+05
12139.5907 13.0294 2.1166e+05
12217.9107 12.7113 2.1573e+05
12275.6207 10.9336 3.6467e+05
12461.7008 16.3461 1.8449e+05
12467.0508 10.8591 1.7367e+05
12548.6008 11.3559 1.3730e+05
12601.4508 12.1778 2.7567e+05
12615.4408 12.2309 3.0654e+05
12718.6808 11.9328 9.7917e+05
12740.9208 14.2198 2.1990e+05
12746.6108 10.4635 3.3632e+05
12771.1108 15.9032 2.8488e+05
12798.2008 21.6834 5.1856e+05
12866.5808 11.7539 5.8633e+05
12960.3608 10.9151 1.2644e+06
12994.0608 14.6884 4.2803e+05
13039.6908 12.9670 2.8342e+05
13051.0208 14.6661 2.7471e+05
13085.9108 13.0351 1.5680e+05
13142.4608 10.1198 1.2931e+05
13409.0908 10.0199 2.2728e+05
13475.5208 11.1148 2.4861e+05
13551.7608 11.0298 8.8106e+04
13557.2208 12.6876 1.1550e+05
13605.2508 17.1677 1.2998e+05
13759.8008 13.1920 8.6617e+04
13894.9608 15.8126 1.1981e+05
13908.9108 11.3613 1.4194e+05
14004.9709 11.1610 1.9216e+05
14189.6509 10.3837 1.0248e+05
14463.1809 10.8950 2.4012e+05
14528.8809 15.7943 3.0022e+05
14547.4609 11.5308 3.4216e+05
14556.3109 12.6241 5.5210e+05
14562.2009 11.2697 2.7727e+05
14671.8209 11.0005 1.3985e+05
14733.4809 12.0539 1.0589e+05
14755.5409 17.6040 1.2419e+05
14916.4509 15.8860 3.2739e+05
14923.9909 10.6426 2.1883e+05
15183.5609 11.8872 1.9953e+05
15199.4809 11.2148 1.5641e+05
15225.6809 14.6492 1.3432e+05
15259.3309 12.0301 8.8110e+04
15308.2209 11.4577 2.1358e+05
15387.2109 11.3116 4.3014e+05
15413.1609 10.4986 2.0241e+05
15476.3309 11.3691 3.4720e+05
15483.1009 10.1898 2.7853e+05
15815.4110 10.6379 1.6480e+05
15912.1910 11.5649 2.7754e+05
16020.1610 10.8329 1.6994e+05
16447.9410 11.2761 5.8954e+05
16465.9410 11.3548 4.7915e+05
16476.0910 11.7788 3.7968e+05
16686.1710 10.0854 1.3445e+05
16723.8610 10.2859 2.2186e+05
16752.1010 19.1446 7.7264e+05
16792.1910 16.9106 3.1451e+05
16982.0510 12.4852 2.2106e+05
16988.2710 10.0490 2.1373e+05
17088.3810 10.3786 4.2845e+05
17201.5710 13.2389 4.5431e+05
17261.2411 11.1254 4.1553e+05
17350.3311 12.3278 6.0344e+05
17435.0711 11.0994 1.2718e+05
17440.1511 15.0165 5.2740e+05
17507.6511 12.8839 1.3995e+05
17556.9611 10.3117 4.3588e+05
17579.5311 14.1956 3.6254e+05
17644.6311 15.1628 4.3856e+05
17739.7211 10.5897 3.4472e+05
17767.6811 10.2046 2.2055e+05
17781.5011 16.1174 6.7760e+05
17786.7211 10.2135 5.2579e+05
17843.6711 10.9979 1.0873e+06
17942.5411 10.9817 2.5894e+05
18162.4411 11.0335 3.4544e+05
18206.5511 10.8155 2.2196e+05
18220.2811 10.0288 4.4524e+05
18255.4911 10.6669 2.6498e+05
18343.7611 12.1656 2.5739e+05
18371.4411 11.9407 9.2235e+05
18452.3011 14.1670 3.6940e+05
18464.3611 12.7127 6.0864e+05
18496.3111 12.1954 9.9726e+04
18525.9811 10.2990 1.6687e+05
18530.9511 12.4706 2.9445e+05
18536.3611 19.7251 1.3636e+06
18571.4611 11.4882 6.3064e+04
18577.2111 17.1179 1.0248e+05
18628.6011 12.0264 1.2189e+05
18639.9811 13.9223 1.5729e+05
18712.4411 10.5073 2.6481e+05
18836.3011 10.7569 7.3103e+04
18849.1112 11.0128 9.5269e+04
18859.2012 10.6348 9.7568e+04
18874.0312 10.1356 1.1310e+05
18875.6112 11.2325 1.0182e+05
18891.1612 10.3148 4.8263e+04
19039.2912 10.4224 1.3367e+05
19176.4912 14.2949 4.6167e+05
19280.1912 12.1201 1.0685e+05
19378.6412 10.7170 2.0281e+05
19488.7712 12.2102 1.1814e+05
19617.1212 14.1362 2.1366e+05
19657.1612 10.2561 2.7775e+05
19681.5812 11.1968 1.4055e+05
19847.8912 14.0461 3.0864e+05
19930.7712 14.2657 2.1597e+05
20077.3912 10.0459 3.3718e+05
20234.3912 10.0987 7.7828e+04
20371.2312 12.8981 1.4652e+05
20444.3312 14.4821 2.0748e+05
20580.0613 11.6951 1.8665e+05
20822.2013 11.1220 2.0303e+05
20971.5913 13.1258 1.2045e+05
20994.4213 10.3919 1.0079e+05
21111.6413 12.7351 7.1509e+05
21134.1713 10.2775 6.1704e+05
21216.7513 16.3313 2.7370e+05
21222.8613 15.4824 4.0187e+05
21266.7613 12.2655 3.5663e+05
21268.2513 10.2181 4.2028e+05
21312.9313 10.1994 2.8135e+05
21338.1613 15.0213 3.1989e+05
21367.3013 12.7786 1.0487e+05
21422.2613 13.9070 9.4967e+05
21453.1113 18.5418 1.6573e+05
21461.7813 11.3175 1.7321e+05
21667.6013 11.5415 2.5361e+05
21697.9013 13.7517 2.3483e+05
21744.2013 11.1983 1.0798e+05
21925.1513 11.8683 3.7688e+05
21927.0813 10.4122 2.7214e+05
22008.7913 10.3017 4.9544e+05
22073.4313 12.0073 4.1646e+05
22074.1513 11.1456 6.4374e+05
22078.5813 13.9431 6.2890e+05
22139.1014 11.7276 1.4500e+05
22176.7414 12.3572 2.9045e+05
22189.9414 11.3936 3.8855e+05
22191.3614 10.5921 3.5188e+05
22229.5314 13.7632 2.1311e+05
22651.7814 15.4444 2.6095e+05
22666.9814 10.5798 1.1127e+05
22707.6714 17.3714 1.3312e+05
22710.3514 12.7414 1.3312e+05
22715.9414 13.7976 1.0492e+05
22727.7314 14.1957 7.7503e+04
22742.2014 14.1254 2.2176e+05
22803.9314 15.3568 8.4761e+04
22877.4314 18.8018 3.2486e+05
23060.3314 14.0341 3.2225e+05
23084.8114 10.3086 3.6299e+05
23126.6714 11.2114 1.6831e+05
23181.0714 13.3485 2.0044e+05
23234.5814 11.0909 1.3443e+05
23926.5015 10.7818 4.8320e+04
24089.1815 13.2452 8.2613e+04
24203.7315 12.4010 1.9220e+05
24250.2615 13.9705 1.6319e+05
24251.0515 10.9734 1.2722e+05
24278.2215 11.0062 7.4346e+04
24983.8315 11.9657 1.5293e+05
24993.8215 21.0589 2.9234e+05
25044.0215 11.4237 4.8224e+05
25416.6716 11.1684 8.6833e+05
25419.1916 12.2456 5.5573e+05
25761.5116 13.0764 6.4163e+04
25943.0716 10.0774 8.2698e+04
26065.6016 12.1227 1.0248e+05
26252.0016 11.4789 8.9533e+04
26272.8416 12.4565 1.5853e+05
26303.6116 13.0076 3.2163e+05
26340.4016 14.8391 1.9707e+05
26395.7316 11.3764 1.4892e+05
26429.2716 12.1924 1.3183e+05
26453.2816 12.6964 8.2585e+04
26507.4916 10.9170 8.7233e+04
26580.3016 11.5188 1.5688e+05
26680.2616 21.7794 2.4438e+05
26763.9916 10.5656 2.6776e+05
26957.7716 13.7847 5.8230e+05
26982.2116 12.8466 2.5720e+05
27005.5916 10.1204 2.2451e+05
27040.9217 11.6990 5.7090e+05
27128.1117 11.6811 3.9757e+05
27148.0017 13.3238 3.6665e+05
27175.3117 11.1090 2.4641e+05
27234.3417 16.0527 3.8574e+05
27240.0517 10.8896 9.3943e+05
27294.1317 10.7669 1.5907e+05
27301.8117 10.7829 3.1536e+05
27303.8517 13.4545 3.0940e+05
27422.9317 13.1660 5.0251e+05
27454.6917 11.0741 2.5456e+05
27641.9017 10.8063 1.9849e+05
27709.0317 10.1280 7.6824e+04
27738.6417 11.4516 3.7849e+05
27928.1117 11.6162 1.1103e+05
27933.8317 10.6360 3.3237e+05
28021.6117 12.9357 2.1316e+05
28108.5617 15.5067 3.3294e+05
28259.1417 10.3644 1.2507e+05
28432.4517 11.8644 2.2229e+05
28537.9417 11.3532 2.3308e+05
28803.0918 17.0477 1.5936e+05
29339.7918 15.6813 1.2714e+05
29361.1018 10.8133 2.4079e+05
29517.6418 10.3229 1.3716e+05
29531.3718 10.2132 2.6268e+05
29586.0718 14.1344 1.2767e+05
29604.5518 16.1113 2.6933e+05
29633.9918 10.7218 1.5483e+05
29697.2218 12.3426 6.1852e+04
29702.5418 20.0230 2.3520e+05
29760.0218 14.7991 1.1752e+05
29820.6718 16.0754 1.1523e+05
29892.1918 10.2590 9.6465e+04
29905.6118 15.4673 3.6539e+05
29928.2618 17.4346 1.0401e+06
29951.0118 11.6697 7.4408e+05
30040.0318 10.1444 1.6327e+05
30041.4318 10.6345 1.4224e+05
30269.9418 11.9193 1.6122e+05
30283.0018 10.7238 1.6704e+05
30331.7219 13.5482 1.5838e+05
30357.0619 12.6976 2.3035e+05
30364.9419 11.4700 2.4753e+05
30372.6219 10.9170 1.6007e+05
30397.9219 18.5026 8.6098e+05
30418.6919 22.3798 7.5992e+05
30424.7219 10.7785 1.6158e+05
30436.1619 11.6151 1.2864e+05
30451.5519 19.0652 1.9533e+05
30489.7419 13.8231 2.5875e+05
30490.2319 12.3416 1.9212e+05
30499.8919 10.0091 2.2009e+05
30500.7519 11.2379 2.1990e+05
30520.2319 14.1252 1.6773e+05
30531.8319 13.1076 1.5270e+05
30535.1619 11.3991 1.1062e+05
30552.8019 13.4424 5.4878e+05
30553.7119 20.0532 5.4878e+05
30603.3319 16.6087 1.1728e+05
30622.0719 17.5871 1.7556e+05
30635.7119 10.5823 2.6662e+05
30767.8619 11.4497 2.2251e+05
30800.1619 14.5357 1.9452e+05
30822.6319 13.8440 2.4187e+05
30827.8519 10.4403 2.2827e+05
30835.1819 12.5262 3.7346e+05
30848.5219 11.6373 2.8413e+05
30856.7519 12.6931 1.9381e+05
30864.5319 12.6420 1.3549e+05
30880.2819 10.9110 6.8277e+04
30888.1819 15.4992 9.9168e+04
30903.7519 19.3117 2.0094e+05
30918.8119 11.7428 2.0156e+05
30931.2919 10.7414 9.8668e+04
30940.7719 14.1235 4.6903e+05
30977.8619 12.1339 8.3732e+04
30996.7119 10.1535 1.2408e+05
31009.8719 10.5433 7.2897e+04
31020.6919 11.7927 1.7333e+05
31023.5519 14.1437 1.5903e+05
31035.6919 10.3148 2.2763e+05
31037.0019 10.9624 2.1940e+05
31047.4019 13.2274 1.0666e+05
31073.0019 12.1312 2.2365e+05
31116.1119 15.7201 2.2445e+05
31146.5119 10.4100 1.3312e+05
31173.7919 12.5083 9.2333e+04
31196.4119 12.0223 1.4711e+05
31219.9019 14.6179 1.8127e+05
31256.1319 16.4727 5.2538e+05
31274.1419 15.8016 7.0694e+05
31277.7519 16.2493 7.0694e+05
31291.9919 16.7429 9.6764e+05
31295.8719 15.5766 9.6764e+05
31317.9619 17.2986 7.1806e+05
31321.0419 11.0282 7.1806e+05
31333.5719 16.0218 5.2881e+05
31339.9219 10.2281 4.3600e+05
31348.8819 15.4900 4.9241e+05
31355.4519 12.5395 6.1375e+05
31369.8619 16.9582 3.3593e+05
31377.5919 15.6093 7.6409e+05
31388.1119 16.0515 5.9396e+05
31390.7719 17.0800 6.7412e+05
31394.1419 11.2162 6.6583e+05
31400.2319 11.1205 5.8853e+05
31412.4819 20.4199 9.1224e+05
31425.1919 11.2757 2.8025e+05
31434.4219 19.3641 4.1231e+05
31448.6019 21.9725 7.7812e+05
31458.3619 18.9845 8.1451e+05
31470.4419 17.2022 5.8754e+05
31490.1519 21.6210 8.4912e+05
31505.5919 24.7167 8.3877e+05
31517.6219 23.9313 9.8221e+05
31528.9519 13.3425 3.4048e+05
31542.4219 12.5480 2.9965e+05
31549.1119 16.6436 5.4145e+05
31562.9519 13.0198 3.1233e+05
31598.3419 11.0506 1.4500e+05
31625.5019 12.1813 1.6343e+05
31644.4019 11.5950 5.0424e+04
31681.6319 10.4133 1.3098e+05
31719.8019 10.9835 1.4576e+05
31764.2219 15.0452 3.0428e+05
31773.2419 20.4707 9.1285e+05
31776.9319 16.4868 8.7626e+05
31792.7319 22.2128 2.4770e+06
31800.0019 10.4676 1.3086e+06
31803.0419 15.7295 1.2681e+06
31821.0119 21.1399 1.2489e+06
31855.8819 16.4004 4.3908e+05
31859.9219 12.5787 6.1663e+05
31863.5019 11.6184 5.5420e+05
31885.4019 18.3363 8.3913e+05
31894.3019 18.5317 8.2390e+05
31904.8819 13.1505 4.2454e+05
31914.1019 12.8457 3.3327e+05
31934.8419 15.2876 3.0666e+05
31940.1719 10.2653 4.6088e+05
31945.0619 18.2955 1.4963e+06
31964.4220 13.9998 5.4128e+05
31979.3920 19.6665 1.0738e+06
31993.2720 12.5868 1.4833e+06
32025.4120 10.2128 4.7270e+05
32027.1820 14.3095 4.7270e+05
32038.1720 15.8475 3.3444e+05
32059.1520 13.8369 1.6644e+05
32069.0420 18.4000 6.5553e+05
32085.6620 10.4212 2.3154e+05
32094.6220 22.4789 9.3713e+05
32103.4620 10.5323 1.9318e+05
32108.7020 15.5930 4.4168e+05
32120.7020 15.0827 3.8386e+05
32129.1020 15.3699 4.9882e+05
32146.0720 16.4824 2.4262e+05
32163.7020 11.3830 2.1628e+05
32177.2820 12.3626 3.7771e+05
32189.7020 11.4564 2.4915e+05
32200.6820 10.1068 7.1346e+05
32201.9320 10.1082 6.7368e+05
32214.4220 19.0982 6.0470e+05
32224.5120 21.0962 3.8477e+05
32235.8420 17.9014 2.5850e+05
32245.0420 15.4058 2.7833e+05
32253.7920 15.9980 2.9131e+05
32259.4520 21.5177 5.1481e+05
32267.8220 13.8937 2.2043e+05
32273.4920 18.0000 1.5575e+06
32278.9720 20.6874 1.5479e+06
32293.8820 14.6042 4.0799e+05
32303.9120 11.0648 6.5329e+05
32306.9220 11.2275 5.7456e+05
32318.4820 11.3889 3.2412e+05
32323.3320 12.0274 2.2542e+05
32341.8320 12.1395 3.4894e+05
32353.3320 16.7192 3.9793e+05
32392.1720 15.4990 7.1902e+05
32392.8920 14.9854 7.1902e+05
32426.4620 13.8083 5.5970e+05
32429.1820 18.9705 5.3320e+05
32435.2820 18.2800 6.6417e+05
32439.3520 12.6205 6.7221e+05
32442.9120 12.9032 5.5745e+05
32452.8120 19.6557 8.4515e+05
32460.9620 20.0796 1.2498e+06
32469.8020 17.7452 1.0864e+06
32474.7520 11.3284 1.0955e+06
32480.1020 15.9775 1.2472e+06
32490.1020 19.0859 5.9887e+05
32496.4220 14.9780 9.2076e+05
32508.0420 18.7025 9.4327e+05
32512.0720 17.9693 9.2054e+05
32519.0520 16.0913 6.9033e+05
32526.6820 19.5325 8.8309e+05
32534.2320 10.4050 7.0634e+05
32538.3320 11.3797 7.0634e+05
32546.1220 17.0060 7.1318e+05
32561.4820 13.6574 5.2259e+05
32567.8520 15.2201 4.7028e+05
32573.4020 17.8740 5.8643e+05
32578.2720 14.1895 4.5235e+05
32583.6020 17.7028 8.2658e+05
32594.6120 12.1204 4.1563e+05
32605.9920 21.8493 5.4317e+05
32614.2220 11.1892 2.9548e+05
32623.8120 18.9460 6.4752e+05
32631.7920 12.7951 7.4030e+05
32639.5620 21.2666 6.5737e+05
32650.8320 15.6507 4.9936e+05
32681.0620 16.7012 4.7135e+05
32687.3320 11.4761 3.0553e+05
32693.9720 14.0906 3.1929e+05
32698.5920 14.5840 3.7632e+05
32720.4920 16.4209 6.8644e+05
32738.8020 15.2140 3.5031e+05
32756.3820 16.0472 3.1588e+05
32763.6320 18.7456 5.4017e+05
32779.9820 15.6897 2.4976e+05
32785.7120 15.2001 4.6439e+05
32790.6220 12.1639 5.9400e+05
32802.4120 14.4594 5.7059e+05
32809.5620 18.6931 6.6071e+05
32832.8020 17.9295 2.7214e+05
32841.7720 11.5241 4.4529e+05
32849.4020 13.4131 4.2181e+05
32862.5520 18.3840 3.5052e+05
32887.3020 22.8463 8.5605e+05
32899.2320 10.2165 4.4715e+05
32904.5420 11.8388 4.2413e+05
32912.1020 19.2192 6.4388e+05
32918.1020 14.0145 5.0630e+05
32947.3420 15.5734 2.3768e+05
32954.3820 12.5521 4.1117e+05
32961.2920 12.6016 3.5237e+05
32967.9920 19.3112 7.4893e+05
32974.8420 12.3239 5.6598e+05
32981.6620 11.3296 5.0782e+05
32991.8520 11.5116 9.5373e+05
32994.4120 11.5535 8.4046e+05
33002.1520 13.5698 4.4296e+05
33017.2620 14.1679 3.9172e+05
33027.5020 11.5020 2.8158e+05
33046.3520 13.3284 6.2292e+05
33100.6320 14.0858 7.2918e+05
33109.8820 14.5428 9.2364e+05
33128.0120 13.9301 5.0810e+05
33135.5920 14.0789 6.6410e+05
33148.1820 16.7089 7.9985e+05
33159.9120 15.3156 6.1825e+05
33166.7820 13.7971 6.3863e+05
33179.1320 11.2492 5.0306e+05
33183.3420 10.5519 1.0532e+06
33187.0620 18.1585 9.6970e+05
33200.9820 10.9870 4.8294e+05
33230.2420 10.4250 3.5314e+05
33241.4620 12.1659 3.3968e+05
33251.4920 15.0733 1.9356e+05
33256.0820 10.9699 2.4775e+05
33259.2920 13.4859 3.0249e+05
33273.9220 12.6265 1.3944e+05
33282.9720 15.1553 3.4656e+05
33287.0120 14.1807 4.3957e+05
33289.5220 10.6407 4.4774e+05
33300.4520 17.8738 1.4112e+05
33330.8220 13.6221 2.0756e+05
33334.6120 10.9842 1.8921e+05
33358.4320 14.1629 2.0278e+05
33379.4020 10.1745 3.0406e+05
33384.3920 10.4933 5.4399e+05
33394.0320 10.9665 1.6876e+06
33397.8920 19.4683 1.7254e+06
33417.1520 12.3632 5.3398e+05
33431.6020 14.0288 4.3842e+05
33447.0320 10.5908 5.1064e+05
33451.9420 12.6204 3.3353e+05
33463.6620 15.7608 7.1114e+05
33477.9120 14.4840 4.4646e+05
33487.1320 11.4297 3.3585e+05
33496.5520 15.6350 4.1294e+05
33505.0220 17.4574 6.1671e+05
33514.1820 12.2813 6.1637e+05
33524.5320 12.6503 7.0450e+05
33534.3420 15.3293 1.0560e+06
33557.7820 13.6627 1.2562e+06
33622.3721 17.3804 6.4437e+05
33629.8021 15.4339 4.6637e+05
33638.5221 11.7140 3.5101e+05
33651.9221 10.1807 4.8384e+05
33655.5021 13.5261 4.9616e+05
33710.5921 13.0969 4.1224e+05
33724.3721 11.2189 8.5453e+05
33725.5921 17.9749 7.1103e+05
33738.2721 16.9434 1.0621e+06
33746.7821 13.7827 1.8317e+06
33749.5421 13.1399 1.2524e+06
33758.4121 16.1245 9.6787e+05
33770.5521 15.9823 7.4605e+05
33783.5721 12.4112 5.7744e+05
33808.2221 14.6844 1.2753e+06
33814.7821 11.5226 6.2694e+05
33841.1121 10.0454 2.8326e+05
33844.3821 10.3755 7.4201e+05
33847.3921 12.8771 7.2066e+05
33870.7621 10.4690 1.5265e+05
33879.5121 18.7319 7.6641e+05
33893.1821 11.2418 4.0464e+05
33905.6121 16.7812 6.6592e+05
33941.1621 11.0877 1.5788e+05
34101.1321 15.7459 1.6289e+05
34175.9521 13.2891 8.1595e+05
34206.6221 10.0158 5.7618e+05
34227.3521 10.1091 3.1706e+05
34234.1221 10.1260 3.6170e+05
34249.9521 16.4531 3.8530e+05
34271.3621 10.8668 4.2027e+05
34292.0321 11.7630 7.6614e+05
34296.8821 12.2219 5.1636e+05
34312.4121 10.3134 5.1512e+05
34339.4621 23.7950 1.4457e+06
34351.2821 20.8589 1.5901e+06
34363.7121 17.5647 8.9704e+05
34372.7321 12.6367 5.6065e+05
34378.3121 13.5478 7.3200e+05
34395.7821 19.4332 7.1425e+05
34403.2221 13.2981 8.6818e+05
34410.7821 15.4622 1.2175e+06
34419.1621 15.8713 1.0604e+06
34443.0321 23.3368 1.2940e+06
34455.8521 20.8659 1.2613e+06
34465.8221 12.6424 7.0622e+05
34480.0721 12.8878 3.6480e+05
34486.6821 16.0716 4.2665e+05
34494.9521 16.1540 4.6781e+05
34510.0521 16.8790 5.1662e+05
34529.8921 11.9674 7.4200e+05
34531.4521 22.3105 7.4200e+05
34538.6321 14.6148 7.0703e+05
34549.2821 15.9348 5.4621e+05
34682.8521 11.4520 2.0393e+05
34800.4321 13.6424 2.9098e+05
34820.6621 11.5120 1.5103e+05
34859.5121 10.4914 9.4246e+05
34862.5321 10.0749 4.4428e+05
34896.8721 14.6975 3.1965e+05
34898.4221 10.2748 3.0791e+05
34927.3921 13.0974 2.1265e+05
34932.9821 15.8687 3.0654e+05
34967.4821 10.4870 1.7815e+05
34982.5221 11.8925 4.2464e+05
34996.8521 14.0482 4.3914e+05
34998.1121 10.6234 4.3264e+05
35026.1121 17.0254 3.1119e+05
35161.5221 12.6375 2.4485e+05
35201.3221 11.2376 1.2220e+05
35235.0022 11.4946 1.3097e+05
35247.6222 10.3000 1.1516e+05
35286.0122 11.6824 1.5820e+05
35369.0622 10.0230 1.7539e+05
35373.7222 12.1813 1.6126e+05
35485.2122 10.0925 1.6837e+05
35544.6222 11.0232 4.5481e+05
35598.5822 12.4637 3.1599e+05
35638.1622 12.0603 2.1720e+05
35672.3722 11.6344 1.4226e+05
35803.8022 11.6738 1.0229e+05
35831.4222 11.3344 1.6059e+05
35854.4722 15.1947 3.3105e+05
36112.1522 11.2808 1.0551e+05
36247.2122 12.9442 1.2244e+05
36264.5822 12.1224 1.6737e+05
36303.7122 11.5327 1.1753e+05
36401.6922 11.4587 8.9449e+04
36427.6722 13.0087 1.8020e+05
36485.0822 11.1957 4.2710e+04
36516.7022 14.6915 2.6772e+05
36576.2722 12.3211 1.2352e+05
36675.9622 12.0825 3.3289e+05
36733.9722 12.0923 2.1923e+05
36767.6322 11.2671 3.8202e+05
36832.9522 11.1991 4.9642e+05
36851.7822 11.4286 1.6443e+05
36861.3022 14.8442 1.8274e+05
36882.6823 10.1439 2.3063e+05
36908.3923 12.1494 2.4118e+05
36932.4823 12.0394 4.6230e+05
36937.9423 14.1082 5.2441e+05
37097.0523 16.6952 5.6253e+05
37124.3723 21.9140 4.0227e+05
37132.5823 15.3251 3.6092e+05
37139.3023 15.5568 4.3903e+05
37147.2523 20.5491 7.1739e+05
37161.3323 17.8537 1.0148e+06
37171.3623 10.0562 5.6575e+05
37180.9323 12.6414 2.8762e+05
37193.6823 18.4723 5.7606e+05
37211.3623 23.1778 7.0204e+05
37217.2023 15.2446 6.0833e+05
37222.7523 12.9659 5.3971e+05
37229.3523 19.7847 7.7198e+05
37242.1223 16.1585 7.2600e+05
37252.6823 12.8710 8.5673e+05
37258.4423 14.6932 4.9021e+05
37268.7223 14.3035 4.6042e+05
37276.8823 12.7251 6.7701e+05
37286.3823 10.3401 3.8532e+05
37304.1123 10.8774 6.3348e+05
37305.4323 16.6897 6.3348e+05
37317.5123 12.5368 3.2311e+05
37327.3523 18.6401 4.6053e+05
37338.6423 12.4012 3.3625e+05
37344.8523 15.2714 4.2048e+05
37358.1923 10.7919 3.1569e+05
37371.7223 11.2955 4.5755e+05
37417.1523 10.4723 4.4042e+05
37435.6723 12.6436 3.8198e+05
37458.3823 10.0126 3.0467e+05
37467.3923 13.3280 5.9329e+05
37476.8023 12.2344 3.8515e+05
37513.2623 10.6469 5.2056e+05
37518.2323 12.1891 5.1257e+05
37577.8123 12.3447 7.4169e+05
37606.1823 19.9217 8.6201e+05
37627.6523 11.0089 4.2597e+05
37638.7323 10.5583 9.4058e+05
37642.8323 12.1544 8.4787e+05
37650.4923 16.0791 8.7851e+05
37654.9423 11.9688 7.9819e+05
37665.3823 12.4887 6.3789e+05
37669.5523 13.9878 5.7451e+05
37674.5623 11.3672 5.9483e+05
37678.3523 12.0513 6.5908e+05
37696.5923 17.9827 6.2118e+05
37702.6523 10.4070 4.6562e+05
37742.3523 22.0546 7.7698e+05
37760.3923 10.5798 1.2831e+05
37776.4523 22.8397 1.7692e+06
37784.0723 17.9263 9.6878e+05
37790.5823 15.2818 9.9170e+05
37798.0023 12.1089 9.6739e+05
37816.0223 17.3695 7.9851e+05
37827.4423 13.0044 7.9710e+05
37836.0423 19.5468 1.2507e+06
37861.2823 10.9294 1.0426e+06
37865.0623 19.3562 1.0154e+06
37885.8823 14.0727 4.5123e+05
37893.1123 19.1996 1.5593e+06
37906.4723 20.6704 2.1041e+06
37926.1023 21.3089 1.1637e+06
37943.7823 10.9348 3.0666e+05
37952.7323 14.6583 1.0293e+06
37961.5323 16.1284 7.1355e+05
37975.6423 13.6792 1.0946e+06
37982.3223 10.9774 1.1463e+06
37997.2723 13.5840 9.3684e+05
38033.7623 19.3174 1.5011e+06
38040.9423 10.5937 9.3200e+05
38060.3123 12.8648 4.7397e+05
38073.2923 19.4373 1.3166e+06
38085.4723 15.3803 8.3514e+05
38098.1423 16.0681 1.1343e+06
38140.2723 12.7282 7.5905e+05
38159.6123 15.6756 3.7728e+05
38192.4123 13.9823 3.3221e+05
38203.2923 12.2738 1.9684e+05
38324.0223 13.6048 8.6124e+05
38356.6123 10.0331 1.2149e+05
38365.7423 13.6288 7.6955e+05
38366.4623 15.9351 7.2334e+05
38399.4623 10.5148 1.0262e+06
38400.9823 11.1777 1.0262e+06
38401.7623 20.3351 8.5311e+05
38458.8723 10.1628 3.2683e+05
38467.1823 12.5906 3.1981e+05
38473.5823 13.5375 8.0975e+05
38482.7423 14.8056 8.3826e+05
38516.3624 12.6303 4.7949e+05
38532.8424 13.0671 6.8951e+05
38548.4924 12.5119 6.1312e+05
38551.8224 12.4123 5.6569e+05
38556.0324 10.6438 4.6418e+05
38563.4324 20.1180 7.6506e+05
38620.4424 13.9531 1.5585e+05
38626.0524 15.2896 3.0687e+05
38642.7824 11.8740 1.4468e+05
38652.1724 12.0659 1.2251e+05
38662.0224 17.2373 2.4645e+05
38668.1424 13.1867 3.1581e+05
38734.8724 11.6638 1.3359e+05
38764.3824 12.7490 5.3572e+05
38886.4224 10.5433 1.1884e+05
38936.4124 15.7576 1.8681e+05
38993.2224 12.2234 1.0187e+05
39087.2824 17.2691 7.8700e+04
39108.8824 11.2283 1.8690e+05
39177.6224 13.5235 2.0776e+05
39262.2224 16.7843 2.9332e+05
39262.8724 12.5620 2.5391e+05
39444.4324 11.8618 1.6600e+05
39445.3624 10.3419 1.5612e+05
39489.0924 10.2302 3.0608e+05
39498.6424 21.0699 5.4285e+05
39554.9024 12.0160 1.7441e+05
39555.7824 17.1640 1.4529e+05
39624.8924 10.0195 1.4114e+05
39677.1824 11.7330 2.3697e+05
39712.2924 10.3965 1.6048e+05
39731.5724 14.1050 8.4778e+05
39747.2624 14.5294 1.3409e+06
39761.0124 18.3920 1.6083e+06
39773.4424 16.7166 1.3522e+06
39791.3624 10.1340 1.6518e+05
39856.1924 11.7266 2.8165e+05
39878.8124 15.7529 2.1735e+05
39924.2524 10.0958 1.2784e+05
39965.8324 15.7872 1.4044e+05
39985.9224 15.1765 4.7107e+05
40000.6524 17.0996 3.1614e+05
40038.0624 14.3399 2.1680e+05
40087.1024 14.0203 4.9198e+05
40129.4424 10.2469 4.3196e+05
40194.7825 10.5004 8.1200e+05
40222.1425 11.7683 6.3925e+05
40226.5925 17.7672 5.8894e+05
40242.2625 10.7408 6.1860e+05
40248.5325 10.8807 3.8960e+05
40257.5125 15.2469 6.0805e+05
40269.3325 21.1884 8.6840e+05
40324.4325 17.7296 8.4465e+05
40333.0725 10.5473 6.8154e+05
40353.0825 18.1015 5.3380e+05
40363.9925 10.8655 9.0918e+05
40372.5725 10.0325 4.8533e+05
40382.7225 17.6967 7.1766e+05
40397.2225 15.9037 6.8017e+05
40421.0225 22.2094 8.4684e+05
40464.5625 11.9098 4.8347e+05
40550.2825 18.0000 2.4574e+05
40586.1225 15.9537 2.4601e+05
40628.4325 15.7484 2.5791e+05
40633.4125 20.0235 2.6844e+05
40646.1425 15.1268 2.0271e+05
40650.9725 12.2449 1.7496e+05
40656.7425 14.7321 3.2437e+05
40669.0225 17.0959 2.2144e+05
40676.2225 18.5910 4.4077e+05
40683.5025 18.0515 4.5901e+05
40694.7125 19.1705 4.8697e+05
40700.7725 21.6550 7.3998e+05
40711.6925 18.9476 4.8347e+05
40719.7925 18.4519 5.0977e+05
40728.5125 17.1036 5.1040e+05
40740.9425 12.1784 2.2775e+05
40749.2325 20.9138 6.1306e+05
40761.8525 20.5214 4.6194e+05
40767.6625 19.4840 4.6280e+05
40781.7525 20.8132 3.3869e+05
40788.0025 15.3209 3.8330e+05
40796.9725 19.0228 2.1776e+05
40813.4825 19.8342 2.5311e+05
40820.3325 23.0324 4.7883e+05
40842.8425 19.0894 3.1048e+05
40861.2825 19.6295 3.0030e+05
40868.5725 13.1479 2.0750e+05
40879.1125 20.3046 3.3210e+05
40895.3325 13.4000 6.9390e+05
40911.2725 19.2231 6.0963e+05
40925.8725 10.3889 8.7629e+05
40926.8225 19.9898 8.4545e+05
40938.4325 20.1312 6.8275e+05
40946.5025 17.6896 1.4073e+06
40952.6825 12.7268 4.9883e+05
40958.5425 18.6031 1.1369e+06
40971.9425 11.4610 3.4997e+05
41000.5625 21.7473 4.0789e+05
41019.8425 18.3779 2.9020e+05
41039.0425 19.0738 1.0918e+06
41057.5125 12.3985 3.4611e+05
41064.3825 13.5328 2.0378e+05
41073.8625 20.9386 5.5312e+05
41083.0425 17.4713 2.6232e+05
41099.6525 21.0143 3.0365e+05
41118.0525 16.9268 1.2771e+06
41147.1325 11.5299 5.4385e+05
41149.6125 14.7444 5.4298e+05
41171.6725 11.1199 6.0857e+05
41195.3525 16.7278 8.0074e+05
41201.3625 12.1348 6.6593e+05
41223.1725 10.8606 1.4426e+05
41232.4925 12.8715 2.3143e+05
41246.2525 17.1030 3.6311e+05
41262.1925 17.9174 7.5813e+05
41268.8325 12.2198 7.7089e+05
41285.0125 19.3415 1.3941e+06
41297.5325 21.8121 1.2641e+06
41316.8225 12.9672 6.0603e+05
41325.9725 11.8970 4.7718e+05
41332.0025 14.3347 8.2886e+05
41344.7525 17.4488 7.4634e+05
41351.2225 12.7633 5.5827e+05
41357.4225 15.0494 7.2579e+05
41366.6225 20.2644 1.2554e+06
41383.1125 21.6875 1.1658e+06
41404.3025 11.5009 7.4552e+05
41410.1925 16.6222 8.8431e+05
41422.2725 15.6545 7.8929e+05
41432.6325 17.3705 1.1041e+06
41450.6325 15.5717 5.8300e+05
41457.2325 16.7698 8.7160e+05
41464.1625 10.5215 4.7262e+05
41480.6625 17.5016 1.1686e+06
41494.5025 15.4754 4.9851e+05
41511.6825 18.6554 8.4349e+05
41526.5825 14.4203 3.8074e+05
41531.9925 19.9622 1.0879e+06
41547.9525 14.4849 2.9125e+05
41558.2025 10.3422 3.8416e+05
41559.0125 11.5040 3.2712e+05
41565.3025 12.5000 6.6849e+05
41570.8925 15.8837 5.8443e+05
41577.5825 13.4135 6.1108e+05
41584.3225 12.7065 3.8998e+05
41594.7925 17.5846 3.9163e+05
41602.3325 15.7091 4.5065e+05
41608.4725 11.8813 3.4956e+05
41617.3625 14.4386 2.9525e+05
41628.2225 14.5294 1.1590e+06
41629.5725 21.3768 1.1590e+06
41638.7225 11.9543 7.4310e+05
41654.3525 16.6701 6.0240e+05
41671.1425 14.1591 8.7369e+05
41672.2825 16.0260 7.8569e+05
41683.2525 11.9242 4.3077e+05
41692.7825 15.8281 4.2260e+05
41704.3325 12.2769 7.1572e+05
41727.0225 10.5566 3.5680e+05
41742.0225 14.5523 7.4375e+05
41745.7225 10.7766 4.9251e+05
41814.3926 19.3460 5.6941e+05
41834.7626 19.2955 3.5470e+05
41863.0326 12.8559 2.3282e+05
41874.7026 11.2545 3.9601e+05
41890.6826 10.9835 4.9438e+05
41946.2626 21.3955 5.2484e+05
42072.6226 11.5929 2.0840e+05
42089.9226 10.8221 2.2383e+05
42196.0426 10.5625 1.8117e+05
42331.1626 12.5958 2.6985e+05
42349.1026 10.9381 1.0390e+05
42361.6626 14.0041 6.4986e+05
42369.3126 20.2211 2.4273e+06
42377.3026 11.6029 9.3656e+05
42388.0826 17.3104 1.5145e+06
42400.8126 10.1945 2.3180e+06
42417.0826 11.9051 1.1184e+06
42422.6726 14.1534 1.0350e+06
42435.1226 19.1859 2.9746e+06
42442.1826 10.0726 1.4774e+06
42453.7426 13.4933 1.5705e+06
42457.2826 11.0859 1.2891e+06
42466.7126 13.7810 1.2255e+06
42473.9426 10.9458 1.0591e+06
42483.9826 17.9949 9.7592e+05
42494.6826 12.1973 4.5602e+05
42517.7326 14.5229 4.1899e+05
42525.0526 14.6274 7.2159e+05
42533.0426 18.2887 1.0300e+06
42550.2826 14.5113 3.7281e+05
42620.2426 12.3224 2.2693e+05
42661.3526 14.6767 1.7248e+05
42725.3426 17.8011 1.3823e+06
42732.0726 11.9589 6.5629e+05
42734.2726 13.5650 6.3709e+05
42773.9526 11.7202 1.5255e+05
42808.0226 13.7531 1.6389e+05
42909.8826 11.9542 1.7467e+05
42933.1126 13.5743 5.2232e+05
42989.2026 14.5609 3.5652e+05
42993.6526 10.7126 2.8957e+05
43067.2726 18.9087 2.3497e+05
43087.7126 19.0567 3.0483e+05
43099.7126 12.1716 1.3773e+05
43122.8026 10.1292 5.0147e+05
43178.5026 12.5555 2.9643e+05
43189.6226 12.7092 2.8816e+05
43195.3926 14.3839 2.8919e+05
43209.8926 11.1600 1.1093e+05
43216.2226 11.0872 2.0601e+05
43219.9226 10.2348 1.8243e+05
43278.6826 11.6649 1.9053e+05
43446.7427 10.4693 1.8163e+05
43448.3127 15.5655 1.7561e+05
43509.9927 11.0801 6.6887e+04
43568.9727 17.1460 2.2730e+05
43618.8427 10.3104 1.4842e+05
43634.0827 17.4664 2.3614e+05
43708.9127 12.6130 3.1890e+05
43723.3127 18.9965 3.7116e+05
43795.6227 16.0112 2.5369e+05
43845.9727 10.7485 1.4353e+05
43860.6427 12.6022 2.0918e+05
43903.9027 15.0957 3.2569e+05
44001.5827 11.7934 1.2618e+05
44124.6827 18.2927 1.7979e+05
44139.5127 11.2448 5.4110e+05
44236.7727 17.6239 2.0883e+05
45160.6228 13.2781 5.8473e+04
45398.1328 11.8050 7.7534e+04
45534.3228 10.8423 4.5575e+04
45609.3428 10.0597 8.2041e+04
46027.8528 12.4695 2.6514e+05
46653.2228 10.9881 7.1410e+04
46662.6128 15.2159 1.5003e+05
49429.1230 12.3991 3.5490e+04
49915.3130 12.2960 5.2524e+04
51473.4831 12.6524 3.4789e+04
51594.2331 10.5234 6.5207e+04
51993.4132 14.0956 4.6117e+04
53090.2932 11.7394 4.3580e+04
53477.9033 15.3591 8.0447e+04
53838.9033 13.3315 4.8305e+04
53847.0533 10.9245 3.7868e+04
53893.7833 15.1945 8.1361e+04
54263.1733 11.7793 2.0845e+04
54766.3933 10.7713 2.5746e+04
55415.0334 10.1624 4.4366e+04
55625.1634 10.1364 4.4880e+04
56103.0934 16.5143 2.3521e+05
56105.2634 13.1451 2.3521e+05
57386.9635 12.5281 2.0614e+04
58450.8336 10.5437 1.1530e+04
59164.4636 14.7630 6.3045e+04
60324.7237 10.0634 2.8628e+04
60586.3237 11.1722 3.1012e+04
60839.5137 10.5944 6.4097e+04
60987.7937 10.1996 1.5919e+04
61382.5237 14.7757 6.1766e+04
61893.0238 18.7658 7.4508e+04
62178.1538 19.1994 6.8969e+04
62225.5438 11.9780 2.3735e+04
62300.3538 10.9022 2.4660e+04
62854.2538 11.0518 3.2647e+04
62980.5538 15.1180 3.5291e+04
64998.3740 19.6728 8.2109e+04
66184.4440 11.3027 1.1792e+04
66806.9241 10.8686 1.6451e+04
67250.6141 15.8433 2.6535e+04
67723.5441 11.7790 4.8588e+04
69634.8643 10.9873 1.4479e+04
69759.2343 10.7188 1.0666e+04
69795.3443 11.7352 1.3190e+04
70241.0843 20.1311 8.7241e+04
73136.3145 24.8628 1.7745e+05
73403.6945 13.2918 2.7047e+04
73451.2445 22.5676 1.9607e+05
74217.4045 16.8909 3.4430e+04
74377.3345 13.4982 2.5229e+04
75162.6046 10.2224 2.9982e+04
75361.3246 12.2502 3.4953e+04
78422.6248 24.2189 1.5190e+05
79738.5749 11.3397 2.5302e+04
82290.9050 16.9302 2.1306e+04
84245.5751 18.4789 4.5968e+04
84280.6951 18.7020 5.8828e+04
84657.9052 13.7511 7.4899e+04
84678.2252 18.0844 1.7211e+05
84847.0652 11.3750 1.7539e+04
84925.5452 14.8223 7.5410e+04
84943.7852 10.9199 2.7601e+04
84949.9852 15.1409 1.2224e+05
84976.4652 18.5229 1.0069e+05
85116.7552 14.2169 7.3168e+04
85122.7352 11.4029 4.8870e+04
85147.6152 16.7466 4.7201e+04
85255.4852 17.3590 1.1254e+05
