1868.4101140387033 6.545073588656381 164970.8352737296
2424.2001479614346 6.947813768653302 19453.95438345105
2521.62015390748 8.229156557011818 48066.48596725131
2550.890155693979 7.6395105304288915 52745.365284422856
2566.9501566742038 6.06469329339895 43122.01344849811
2593.7901583123876 6.900473102352697 27937.394794264284
2616.240159682627 7.1457960130141105 68118.14191052578
2671.0101630255226 6.06491566506377 36911.98116153023
2742.1101673651224 9.765137198289066 79591.30140590089
2769.9501690643415 6.810445617611983 82609.44971982502
2860.07017456483 9.386233485975874 75837.06174425721
2890.620176429454 7.3096155256365085 49065.215655787695
2897.4301768451037 7.8191569713275255 53323.88404023604
2906.480177397472 6.306314583978865 44775.932497919915
2919.23017817567 6.080011957758876 67045.85205968299
2942.4801795947374 8.92474084569233 56169.084653276666
2959.1301806109727 7.060875676605782 33015.83720476676
3032.6501850982777 9.829348019055471 50354.033543830046
3045.050185855114 6.174944540082123 39368.4929031261
3062.140186898205 6.891725339812923 38156.729857669874
3232.3801972888305 6.865823368784586 42720.21056181595
3368.3102055853396 6.47489144800551 40335.69174003684
3571.5402179895154 6.294399098811452 26172.210687429077
3613.570220554823 7.483021691141702 33517.28033364373
3634.1502218109267 6.611317962837737 26885.339689706187
3932.820240040298 8.477943234609507 74885.12740878489
4042.9902467645416 6.511579195178821 40999.89964000841
4070.880248466812 6.38763280853213 51970.03113560651
4372.650266885392 6.886085454298026 64411.89778957641
4464.570272495745 7.0566478084967885 64887.737952376825
4475.450273159807 7.56859731074762 74231.25278037421
4530.840276540544 6.549093644239756 54037.90320014521
4542.9102772772385 6.042715134638695 49084.18868471898
4723.460288297137 6.1464828076355245 42915.66114692064
4749.350289877337 6.087698885089142 168413.1712193823
4758.25029042055 6.980733730902781 168034.3221541069
4787.83029222597 6.727613148078472 183952.28406363007
4812.84029375246 6.122407323544765 174507.7257079061
4832.950294979876 9.332126674901936 198428.8009499787
4841.530295503558 6.339663251362225 129680.46058424604
4849.990296019915 6.574308510217506 113440.46709168452
4859.460296597918 6.24811877897356 186851.35002752682
4872.120297370624 8.220686674544673 160474.273417005
4930.970300962543 6.324853240897047 178969.30908418307
5023.880306633319 9.506262348092605 312093.87815507123
5216.390318383198 6.6499445464249405 113261.6239726727
5225.590318944722 7.381848733703537 98250.60369726611
5232.320319355488 7.043262365219858 126657.76655044981
5255.740320784932 6.847020424664489 146422.71302193735
5302.560323642598 8.592653888711876 191843.87006564203
5353.630326759663 6.882961063156199 179542.3737703953
5381.41032845522 6.548174745396018 177437.36098526273
5408.98033013796 9.948890747520373 345259.8435538189
5415.910330560933 6.641384303778499 317089.29490716837
5428.730331343404 6.20223240178474 180384.96900061794
5439.220331983663 7.016176755840959 203306.1502911278
5471.090333928853 8.802332774311461 501806.55106022925
5489.160335031759 7.408344134906072 218705.95129582877
5501.180335765402 8.393912808818841 203657.37509698136
5515.270336625386 6.643489091268209 264246.1833547896
5531.680337626974 6.6860781361162465 251385.35615530258
5556.430339137594 6.922304245168521 129118.40256981003
5568.160339853536 6.281290753757793 107362.47328355006
5580.030340578024 7.095902914134465 211997.61737197798
5654.350345114157 7.163699140413451 114546.26650380726
5676.800346484396 6.342597336579347 132698.65833310704
5698.150347787497 6.19260037330692 101943.38531267391
5703.900348138449 6.068238784691988 210869.03578050385
6017.9103673041 6.006559660937821 182118.26050669816
6045.170368967918 6.194076144692468 185977.39362566176
6092.490371856102 7.335718386704227 161964.96890287855
6354.750387863183 7.384335929149333 176532.06442018348
6385.08038971438 8.147390370233687 339631.6649526539
6687.160408151881 7.2905185767557965 163369.47240980715
7481.680456645536 6.04838804554605 215531.0340719027
7511.10045844119 6.724874250566773 177739.16388236568
7607.330464314604 6.0284700671811215 131780.71821028445
8583.62052390262 7.819439590203379 242206.41469602182
8792.920536677279 6.002906075402207 188461.61020447445
9257.210565015293 7.3408692853812125 308856.30852220114
9453.65057700504 6.2048860324933965 114704.02117817762
9612.95058672794 8.38573909061028 238685.71507900665
9800.170598154944 8.46054646540212 162176.73892606015
9813.070598942297 6.01857640894332 110988.3287535071
10029.810612171057 6.728957164451646 176340.57241729298
10191.830622059975 8.25988209367664 300586.843350969
10954.020668580362 9.148365326535876 244411.0265789077
11006.450671780436 6.896309098087092 149386.20149310352
11093.380677086223 6.123799463376253 562992.7792264203
11675.2007125977 6.906897656568468 217255.6868700337
11762.740717940718 6.56810027031654 207317.70638833175
12038.98073480107 9.284251465559697 612895.6552735625
12086.330737691085 6.85686372667072 449455.3822871296
12127.620740211227 6.644707188762832 229468.47950518903
12215.450745571945 7.006901571061935 149148.33231970717
12258.090748174483 6.796464159834668 228751.6331142572
12334.020752808883 7.399547274714462 364673.35329632973
12448.060759769334 6.830427023882991 193673.88170317662
12651.410772180834 6.206475653173153 197231.21658214915
12680.950773983812 6.58610353365845 284419.6500321127
12770.250779434251 9.163773285235823 334435.51663704246
13120.330800801441 7.214588586944549 186375.8735457791
13158.570803135424 6.773552162530938 143073.76520872573
13476.760822556202 7.714239299225185 299911.80685404537
13594.640829751028 6.114198101796332 163916.03983419816
13758.090839727223 7.240407589813294 133425.7022847317
14017.3508555512 6.686032410095033 204301.44927376352
14074.590859044853 6.369958355897502 254368.983133379
14100.940860653129 7.033745732124626 142035.9936698892
14137.830862904715 8.967253080796297 418767.9546146071
14175.570865208183 6.024640002378302 217963.81651678268
14182.390865624442 6.6241711588426835 265391.77293168375
14262.310870502373 7.565393013839842 263780.3141832842
14270.1608709815 6.216549632407056 378540.8569419291
14362.760876633354 8.36110656694011 278569.4881370225
14378.730877608086 6.003527481801322 154927.94452474883
14872.240907729547 7.073951028885138 146878.98151522435
15041.450918057308 6.420911762914882 128862.25164350506
15175.540926241512 7.302681140188867 162406.8228591479
15272.590932164974 6.746639175351246 249438.7642773892
15288.390933129329 7.66922912042051 199028.5422043486
15309.030934389095 7.214977301370191 301634.13649469754
15328.300935565243 7.406876006305468 267691.3642924485
15458.22094349493 7.454136517912801 286943.72114391986
15679.690957012388 7.6536457874966475 254426.4364420952
15873.100968817198 6.056842210268002 180025.47498733856
15886.640969643613 6.837499220301234 126087.8839696622
15904.800970752012 7.0063110630286385 224911.81101052024
15970.700974774229 7.598863440123246 279730.5020520419
16082.23098158148 6.658626338788928 234323.60662517507
16576.331011738952 6.281537376177334 286582.0052148866
16624.971014707702 6.342612431718412 221740.61053071066
16643.171015818545 6.926065878879648 384759.4170324901
16672.011017578796 8.562507853271226 812977.7600859178
16736.691021526553 7.233049945140333 229228.16237115476
16893.981031126772 6.195765038543362 204160.59059753612
17302.94105608771 7.407765036244448 265604.0646839873
17372.531060335146 7.183838644481249 216937.39823654463
17533.06107013312 6.805756548881878 217435.5722653348
17601.00107427985 6.159280695305967 155817.50785624512
17796.461086209783 7.611851406891663 326162.9824187761
17803.381086632147 8.970298795727992 357087.0441315926
18017.571099705267 6.130105633924019 194872.19006199355
18149.01110772773 7.582725278143209 218686.79912892776
18178.08110950202 7.9107258067785144 189983.73654178256
18213.271111649847 6.263914048934369 202229.59200299677
18222.311112201605 6.2638770252288305 215328.20619844357
18289.031116273873 7.031313379584196 312875.2395565114
18621.621136573554 6.481439410699174 153261.77169056455
18637.031137514106 6.064376245533117 102354.74741844997
23006.55140420846 6.658822393826315 84413.43173636391
23633.851442495816 6.951288533896991 48656.53934960695
23833.88145470468 7.056219455389414 189976.25357644877
23837.05145489816 8.81055072018131 172294.92595009395
23846.591455480437 7.006683870915104 159773.03594959778
23938.651461099333 6.931280412503504 74991.51408711338
23980.9314636799 8.064529998080465 123075.04323324682
23998.26146473764 6.176993334154042 91143.62261150563
24032.061466800627 6.70537624304866 71286.9836859194
24058.581468419277 8.42287087383107 111868.79426146939
24075.71146946481 6.766158103947595 57307.66545638443
24083.771469956755 6.74752641564747 53547.15809200845
24315.14148407846 7.387639824924869 156335.51951138242
24342.881485771573 6.94584347519058 221474.4787868068
24423.531490694062 6.641537920186338 220920.4583052315
24602.941501644378 7.021086426918916 135068.50429717806
24609.81150206369 7.264971296269046 278877.6499143897
24640.291503924043 6.426648535709732 161472.42689323655
24691.75150706491 7.148237522749959 161514.5046374313
24792.241513198336 6.485686342808239 170699.13843391216
24971.29152412668 7.904974567989928 162336.12690850737
24978.98152459604 8.170212564762881 133642.51730974452
25089.05153131418 8.253706874588627 214251.5385421194
25346.971547056368 6.431746024883592 141980.14638964538
25423.23155171091 7.26769173942855 200887.36460896797
25459.061553897798 6.327656454108231 214818.77285435988
25464.581554234715 6.8089233449128805 212167.00378437646
25470.001554565526 6.231713205741299 172956.13411331907
25551.111559516088 9.825310181913604 230567.25551377714
25564.101560308933 6.109708394988527 273735.4024613113
25564.731560347383 8.3969108426954 243184.48028870896
25575.14156098276 6.75828973159999 217500.3698799525
25596.321562275487 6.718832119295337 200979.80602898682
25634.711564618625 7.24585318133047 216144.02648335972
25696.141568368017 8.082692252087373 131691.65847066467
25747.541571505222 6.260106772099015 146530.20225635188
25906.281581193944 8.346410756080482 245857.5924597247
25933.24158283945 6.517279048188419 98768.41362187131
25975.29158540598 7.607945675370938 205600.4735032589
25992.491586455784 6.83320380467797 70794.60092630042
26015.811587879125 7.046887112221118 127538.0347910348
26369.901609491066 6.336228884467541 142164.11594311526
26379.281610063575 7.020675216967559 147271.52000217678
26496.471617216284 7.191821524896547 112766.98810650251
26533.371619468482 7.456296095552195 157260.27135310444
26653.781626817727 7.627310879147888 157101.61653120336
26732.281631608985 6.292045371127859 158666.51404667756
27034.97165008372 8.019105943128348 189785.201999375
27052.04165112559 6.700375127083581 167473.74219543845
27064.671651896464 9.04629098779916 308157.03493937565
27074.731652510476 6.477677863446684 201428.34467305828
27086.871653251445 8.179479524282117 248263.02923402432
27114.251654922587 9.122391273139701 314451.35780672054
27128.55165579539 6.771050674064603 192196.38641723068
27402.13167249339 9.113668087692233 318607.5911249923
27459.58167599986 9.547838554065013 458569.2320129451
27478.42167714976 7.481635022547605 225493.42361936613
27490.491677886454 8.595294003874129 347855.37132229004
27504.771678758036 7.758111823424539 208493.75138988675
27538.921680842388 6.0792957405700525 147691.5268449633
27550.841681569927 8.135345044100442 326873.4385205372
27718.921691828717 8.142059061421252 226810.02924339165
27737.671692973126 6.0124592071308225 185593.59423956648
27980.221707777204 8.13490608657433 173127.71024003072
28069.39171321971 8.939060053872641 330655.2023153229
28082.401714013777 6.770767825507099 120318.38338418075
28118.141716195172 6.577743783861641 186668.29462375166
28133.471717130844 6.570182692680957 171136.38802366448
28282.031726198227 6.248980447551317 157805.82727923908
28361.701731060897 6.414429062891086 131237.56367618928
28431.721735334577 6.218872713513934 278701.100475965
28475.951738034164 7.205856515001151 173997.3197283478
28505.13173981517 7.982643540513016 328724.0017101475
28522.79174089305 7.292471901680371 264832.29407833825
28588.061744876817 8.776750226091465 295590.02403147897
28595.891745354722 6.882265293031357 232383.74266113597
28616.491746612046 6.749229013019168 122340.51195377689
28621.1817468983 9.912447732906312 368411.41629349894
28691.591751195785 8.330208164288043 117506.11735631948
28746.511754547835 7.065817927443922 224489.0288457837
28779.9017565858 6.3371369749458095 234620.1069935593
28791.26175727916 8.469468710228977 354537.3204587836
29006.26177040172 6.0979572714926755 249078.79600416328
29125.591777685044 6.615516396241818 178685.01799734807
29132.421778101914 9.033706954693004 388855.14640762826
29141.521778657334 8.690866650599697 338195.97463498043
29408.20179493419 6.205403599390558 238810.0453558463
29416.811795459704 6.295972176454532 220943.57928316662
29688.58181204723 6.765240954196039 154617.96252384054
29730.821814625357 7.046878648426575 114737.4438676947
29885.95182409374 6.384339461929545 169889.9271588867
29934.3118270454 6.231657724675015 118130.4972681283
30106.251837539785 6.151204648782337 199462.83718966084
30130.29183900707 7.857861249762232 353802.15749340074
30132.691839153555 6.548584271788336 350056.604999215
30159.56184079357 6.161472428799445 289145.555268496
30342.15185193798 7.814203704026348 296224.8669946361
30607.21186811596 6.486396574624002 181533.68792277767
30955.471889372064 6.471425514938415 175243.9128074699
30977.02189068737 6.801158976703136 184110.87229795926
31094.7118978706 6.6066623381693255 236417.17078772074
31155.25190156567 7.2835298818892475 196615.9648148659
31174.321902729607 8.577710450696605 333037.8081635843
31266.041908327752 6.947274459244439 171199.243513071
31280.941909237175 6.343216531378062 180329.23547467624
31291.52190988293 6.711565165010523 221051.63316778143
31311.96191113049 7.189343375052945 202189.9754762
31352.621913612176 6.792254643027027 267335.93235713546
31414.15191736767 6.411861773816268 239199.34909546984
31440.49191897534 7.251154838857251 165290.62878170947
31469.25192073071 7.25196394404441 265932.28226033837
31546.521925446894 7.844375621435207 261918.45310937095
31590.021928101924 7.929435460720492 139432.78846669532
31614.241929580196 6.461700051779601 210777.89693218714
31734.001936889767 6.702455117536131 187870.4702901021
31947.69194993237 8.425025290795919 377277.3901008346
31963.871950919918 8.513620711484283 379451.84264752717
31992.94195269421 7.067960409747717 250871.52203848524
32048.161956064574 7.284934207919597 141668.08091975853
32165.83196324658 7.531828232583537 354356.144930667
32203.641965554318 7.164709762511213 273216.1590210951
32277.831970082516 6.338255317037528 182356.90813787468
32286.831970631833 6.737208754525501 192784.9407641175
32322.331972798584 7.049350205992234 203156.09118323488
32363.911975336425 6.6217762648450975 770966.2570585569
32431.081979436156 6.205372878238989 308183.29633312114
32440.411980005614 7.091646820696352 288626.247517619
32751.261998978393 6.498813634743711 160277.80614789732
32764.051999759035 6.541939263795899 253825.73717629872
33014.27201503125 8.06919349811082 1399826.0407348447
33089.58201962781 8.648279767650545 3498210.8332115575
33176.62202494031 7.592399809899117 811444.6012998462
33183.51202536084 7.136166255848756 1016938.4568659753
33252.08202954602 6.12564486543398 991318.8325032191
33316.86203349988 7.9122313294571915 1358767.5821665407
33346.41203530347 10.320342316344995 5034651.235669534
33361.182036204955 7.397282697539417 3306853.341657451
33364.06203638074 9.503930564828103 3188292.9953972017
33382.2820374928 6.333958174896574 1900767.7160494437
33462.47204238721 8.93889342864987 1883180.1287611148
33481.282043535284 7.863196431899709 1667931.8520990615
33527.772046372804 6.11922436450105 1808820.032821784
33529.412046472906 6.755957509415841 1484925.5813001492
33567.4720487959 7.1583131323141584 1991957.594133987
33581.3820496449 8.942188198362404 2178172.0320635615
33762.40206069349 8.149484886109102 1149649.4175339118
33829.802064807256 7.146831414332193 1551347.233256487
33852.69206620435 6.957280532319862 1039547.9711568912
33858.13206653638 6.045760871133579 567908.2686604911
33901.372069175544 6.269450986388085 907091.2766699108
33961.84207286634 6.471561034140351 649713.4406087198
34025.11207672803 6.824064279961686 675255.1154420126
34097.57208115064 6.297263111004501 575155.7613134432
34612.692112591074 6.387182918458534 381801.9330696826
34818.932125178966 7.70560198460725 261285.34212449033
34886.43212929884 8.487432924439778 212906.72462702525
35135.89214452467 7.337684322047377 146690.05516729815
35163.902146234264 7.702779442063546 244509.17145762453
35480.14216553602 8.552120646219011 267248.1905015345
35552.552169955576 7.86450540434034 232913.01104092234
35707.702179425185 9.914666231812127 327253.69018196734
35806.192185436536 6.598930170008224 243206.39225954458
35939.13219355055 7.74168564561883 172788.85522706743
36522.50222915663 6.860727600264451 214017.2082258485
36559.99223144484 7.926010502445855 257755.2368388255
36581.31223274611 6.195145976037259 218421.55857965376
36637.95223620314 7.126035977843941 190541.15226866497
37103.682264629046 6.737689097364724 114105.05488798692
37239.022272889546 7.520860512373644 201451.1602871745
37293.36227620619 7.396330881473101 293934.38482280023
38091.922324946434 6.374951563979928 211164.86240544423
38211.32233223403 8.223375188293135 253210.07146096136
38233.2223335707 6.949925650691677 172122.5469343721
38348.58234061171 6.553522795380413 123827.79216142996
38377.73234239089 7.46208733775604 195890.24885635133
38402.58234390761 7.923442280203056 294990.7643090046
38583.73235496413 6.108400421852978 257904.30604630205
38927.302375933985 7.026118002106245 236984.92786765163
38939.70237669082 8.0764942623279 248814.89348856
38992.08237988784 6.584974837506223 119900.85462910314
39070.46238467177 6.864433718224431 254655.06323510475
39727.92242479995 6.673757110838689 348490.57699163497
39935.30243745742 6.027719404426376 122590.49736499945
39942.24243788101 6.3606380081892615 201081.87244984458
40014.22244227432 6.025753512300625 140015.39302322606
40366.82246379532 6.818036882623038 194426.39066590805
40839.90249266983 6.5938849359880205 142407.8348001755
41511.87253368363 6.347046004309457 239936.19840694618
42076.32256813492 6.5271579188242335 781143.587824255
42144.102572271884 6.456498612135649 194176.91025253755
42330.18258362931 7.245590876340256 141302.33874266525
42367.3625858986 6.742462896073452 205312.58081466
42578.762598801426 6.188854900752 183826.5815116245
42585.60259921891 6.977585565700994 285940.77666279866
42730.272608048865 7.4186794979860355 229974.52934384855
42834.422614405674 6.179842487966456 188378.7964723628
42837.90261461808 6.283143268367597 157817.00906449146
43169.62263486466 6.808088608138482 50186.929439050764
43337.03264508256 6.353819256715999 56526.591171171756
43571.942659420325 6.944154455504325 56707.42539027241
43599.46266110001 7.142139178290322 88699.6162508411
43856.43267678422 7.203660392985951 103409.51331273942
43915.312680377974 7.083662976289541 46075.50185850772
44096.27269142289 7.318065549532407 81900.77721997301
44316.95270489213 6.437635963543894 56313.99270866727
44376.55270852983 8.154825339815746 58882.754061374035
44700.8227283217 7.45199956306956 51149.728968854724
44718.992729430705 6.110428735312859 29231.287521695933
44736.79273051713 6.69661409602705 48649.68274366909
44750.55273135698 6.438891823782846 51718.63097888602
44757.76273179704 6.518988837948284 66340.7116579849
44795.6827341115 6.403719874284022 44430.87215630811
44831.99273632768 6.060062172285909 68388.48642201879
44918.22274159074 9.198349330445843 87847.3759369337
44948.482743437664 6.699226719154252 63681.01040374555
45005.752746933154 6.443484080615231 55190.27521612293
45037.34274886125 6.9627221161719905 48585.43230081597
45092.09275220292 6.313495355208574 41415.61025498125
45355.692768291796 6.574939813247243 23049.781699723222
45395.842770742354 7.493880102240636 33286.27115392004
45429.63277280473 7.099982217684168 21677.785503012063
46878.82286125628 7.096823045498648 479979.36709782603
48211.8729426192 6.000188467527892 21544.083310391277
51224.32312648457 7.1995131920682915 18602.109166553637
51346.49313394123 7.3499823779173195 12802.70519268084
52621.79321177937 7.009216522338943 40146.378596286486
54015.87329686727 6.920666421122618 8168.549477904774
54486.21332557454 6.741553021606824 21367.40131392375
56256.94343365133 7.172824310398633 116369.51348557018
57895.39353365439 7.130692027277224 7657.09721374615
62427.303810260244 7.4841023431512825 14280.06894593003
63748.27389088586 6.3229867097194745 4573.570049864386
67281.85410655847 6.079681003919834 9318.391738532582
71921.95438976772 8.311816567825609 25891.733553002352
72592.51443069546 6.813186288867422 9597.495394969466
83472.44509475373 6.330093844028957 3300.8387520745136
