2114.3201290478596 7.677674871951649 59180.23326525317
2178.760132980965 6.434810828237745 46796.029134091055
4548.550277621477 6.545268184190823 159183.98934114454
4568.490278838518 8.030963695366376 43536.94344177859
4570.84027898195 6.893518782654535 36226.230118448075
4677.150285470599 7.907046840230735 217683.15108248408
4685.73028599428 6.751318762903354 210999.47329938802
4750.2402899316585 6.125627987711892 145928.06982330274
4835.370295127582 6.689352440562812 76561.44969870297
4836.990295226458 6.300652058691672 207482.64602097875
4873.7002974670595 6.138363450458217 62000.5463826849
4896.950298886127 7.519534739924598 54360.9271009733
4937.660301370868 7.230952366357669 129719.36992913434
5088.700310589618 6.398065006723613 24790.217403516344
5131.030313173237 11.897640164008715 626273.1439962736
5197.730317244282 8.914306906698513 170141.09453417093
5277.04032208498 10.539592565321264 351646.0554750177
5415.350330526753 6.389607459753381 171283.80608058875
5446.900332452413 7.0261020997748656 88390.007261141
5460.640333291036 7.712310949267291 110760.63782008496
5464.700333538839 8.22484602033821 193450.1633031797
5486.7203348828325 11.107222205186424 255630.74218128354
5543.1703383282675 10.19855740912048 484470.4125545375
5612.33034254946 10.307443017640367 1653762.5313249107
5671.8803461841035 10.950685018693635 2639619.7067401996
5704.120348151877 6.804408825639458 257658.53062875182
5788.41035329653 6.498908650142927 338992.1415209368
5797.700353863547 8.772584214941222 732784.7004414344
6345.190387279687 11.172206257644259 1258189.8381344303
6661.370406577784 6.354614745927502 170293.3474850724
6728.350410665918 7.904273562310427 725352.6422438433
6770.850413259913 10.320431672568802 124801.36613646022
6784.240414077174 6.036932253324498 390440.797737955
6793.560414646022 8.5384958104995 691388.2588580184
6803.320415241725 7.742558252155953 1200942.2116861434
6944.5104238592785 7.896889111877371 555657.6617237674
6994.4404269067645 8.621817567216189 322647.21889706404
7145.440436123074 8.92191764894757 136392.67561944303
7147.800436267116 6.648088031692226 210170.4178050059
7155.86043675906 6.911804891730265 1107899.9245253515
7224.770440964992 8.090189890766323 89401.73283742375
7227.710441144436 6.7129017094585 205593.66511809497
8698.190530895417 8.023860370696386 130218.21845265845
8808.550537631258 7.925926337956699 92732.28059738186
8952.360546408725 6.227488768679202 67993.47714922417
9081.110554267001 6.154699370937337 57642.585501322115
9254.440564846225 8.99664125497666 1636561.415038982
9926.700605877722 7.405435651044882 92237.42778032021
10136.270618668861 7.395988227947453 463333.5165167341
10441.770637315103 6.02788382536472 90030.0002859966
10652.020650147744 6.962695782124932 83678.70926459305
10661.81065074528 6.409230602564959 75648.6935519514
10694.610652747233 7.235955089657057 582751.6289630877
10780.270657975503 6.682942978166955 66825.32507113821
10858.63066275822 7.957422016235715 71190.79575606454
10919.52066647465 6.4226749503849225 57494.852255017046
10927.930666987955 6.31384424467657 45757.76777664912
11001.98067150761 6.15529664542202 106163.41246699898
11190.730683027996 7.448134975815768 94241.31742229969
11322.620691077924 7.8327497006234434 89800.54913021807
11428.88069756352 7.984932327786652 98081.77889852088
11505.030702211347 7.474094147505805 73296.017698311
11613.570708836103 6.532417837947216 88903.80283227531
11637.750710311933 6.298757125093269 89633.34119675687
11846.97072308171 6.060907822874979 87463.86740170588
11859.82072386601 6.282623290314306 48559.89038329767
12030.910734308516 6.140189920318572 75407.75991081608
12490.03076233098 6.615554692570233 401214.85366284015
13652.20083326421 6.2970687384927535 74455.95029631283
13771.270840531668 6.08123410886387 54224.69944066909
13813.080843083548 8.596882960041754 249563.61053155074
13826.370843894705 9.033771292556587 259994.91744187527
13846.43084511907 6.5229350839027465 49853.35667802676
13931.630850319265 7.395481596874084 66367.24818629725
13945.590851171317 6.214705422279111 63136.32110821359
14037.640856789603 6.664644164467105 59842.33879050728
14075.140859078421 9.550507954294368 111032.8516294855
14301.79087291204 6.361520019930438 206003.47764103182
14324.210874280448 7.994089833944582 537890.9578321497
14349.600875830132 7.226941235116034 549525.4454194267
14364.180876720024 9.591939823395258 482009.57906309114
14434.170880991875 6.191205431086499 84586.93944042243
14441.280881425835 9.927677885276811 731679.9032219204
14456.440882351128 8.071780198742843 874513.7809665645
14462.920882746635 7.407315182743416 626807.9285402701
14491.4808844898 7.4620442720942 757104.857295872
14499.100884954889 6.63087333732521 220844.38221643277
14520.4608862586 7.165526832663527 150516.54237456867
14526.17088660711 6.112794766179977 273861.532997321
14527.090886663262 6.466672749268936 273861.532997321
14548.030887941339 9.52807216128608 377842.090983263
14566.53088907049 6.797988614240481 315859.4713535039
14583.87089012884 9.29464185263557 899792.1633517243
14592.010890625665 8.98663488102189 1104030.6837004807
14655.770894517267 6.983798218353984 519063.8914937467
14934.30091151739 7.105379235382853 228784.87082209904
14968.780913621882 7.117518626857139 804079.1215064963
15617.310953205015 6.9074610993037915 297442.61626923335
15748.120961189023 6.1721004656961345 76545.87934533256
15823.510965790465 8.652141015092097 413410.7615542237
15865.20096833502 6.61795510577488 211787.71912200766
15890.750969894469 6.0599141749640015 342264.00138873875
15937.210972730161 8.063641409581136 96215.19317571347
15937.97097277655 6.920327264698576 94466.06182186744
15995.970976316588 7.251693078846687 70368.3701001102
16036.150978768981 10.121150366020025 81343.7817268825
16049.880979606993 6.774006255687666 81878.41107062675
16218.920989924376 6.686034771343369 36905.20240103846
16226.550990390075 6.69760413266983 74957.55395343283
16321.210996167663 7.645965311799513 52679.05129408062
16337.36099715338 7.384863817457149 49278.14349974561
16372.340999288392 7.781003200912328 102528.8300521011
16435.571003147645 6.2421668335450455 84953.01083402766
16618.92101433844 6.983396002754992 285054.63557768916
16623.17101459784 7.976669314820899 447311.1063156535
16643.761015854554 9.668984106735778 1513737.954230906
16656.16101661139 6.112119978620442 1643319.5876497312
16673.461017667298 6.431829367024447 1940155.4181839237
16720.871020560975 7.618602517051531 1553904.1175222106
16733.77102134833 6.529816320227227 355936.9926136493
16738.06102161017 6.830243837900004 1499342.6133410356
16740.081021733462 6.887621647632282 1433579.3856165276
16760.391022973086 8.611269036734912 665112.9633803659
17189.611049170595 6.0160461517564485 203719.48726568598
17213.441050625064 7.344960043766688 168971.68852654044
17214.331050679386 7.278577206074786 164773.72294067047
17225.311051349552 7.1731774994890545 112244.03748268084
17228.011051514346 8.65777340547839 702068.7622363147
17260.83105351752 8.276919552335125 689743.5568691959
17269.69105405829 6.192941531134543 256717.7934937834
17329.591057714297 6.327606531419291 373074.9221903894
17459.9110656684 6.270448717268295 94698.43357028892
17570.5210724195 7.491325452061036 211918.23502492032
17587.241073440007 7.48348934132426 216308.07229195084
17717.391081383732 6.528157867878454 319543.980211061
17765.261084305486 10.604530192923844 362415.8733714408
17798.721086347723 8.510833734005383 422252.2960767435
17814.05108728339 6.886935679295318 630602.2541764166
17905.981092894355 6.416920263905236 155114.7858276281
17951.811095691595 7.500526287204726 354949.36013476946
18250.58111392707 6.367441544408911 335678.68612589035
18662.13113904609 7.0737849553879455 77356.58005376291
18984.071158695748 6.896304872861493 145566.61257740355
19168.241169936595 6.224212771994087 110650.00156793045
19263.97117577949 6.449651049960213 97122.96007348201
19340.75118046577 6.710909878508211 108015.05375063003
19504.671190470654 6.7896346449955125 73969.7872008495
19573.751194686964 6.496428886146317 137125.54785424416
19576.571194859083 6.448495154419257 147926.87365525748
19592.561195835035 6.157835412138856 92109.17068323311
20168.671230998 8.809010525646352 275293.441349656
20290.861238455887 6.287236983248945 57982.86110863106
20731.86126537239 8.384944797027284 153411.38306201724
20950.88127874031 7.238497123092403 109949.06191880131
21475.721310774006 6.061176078191825 76255.41387046667
21641.711320905233 7.750248499728771 59814.38069281102
21784.631329628377 6.829840800639151 58574.214264032904
21819.331331746296 6.198412204165531 37272.3050208823
22022.80134416512 6.34334259165802 35634.89029880638
22147.151351754845 6.408914191471961 34148.10438181653
22217.761356064537 7.86199641560357 63962.23156577818
22247.18135786019 7.585800108777931 84842.29434152704
22309.361361655356 7.6736140425790085 59666.44493867924
22493.391372887658 6.287637396374988 54246.81527489172
22555.501376678552 6.314972002866247 79928.5716046036
22826.02139318978 7.392291396623082 35482.60814073799
22873.941396114587 7.282983424511505 50664.40577529987
25237.47154037302 6.575572527368945 51807.40545480214
25283.311543170872 6.769767805238178 693230.6007900406
25285.221543287447 12.080450496287341 639442.7319666818
25291.611543677463 6.543741378553409 1159612.6908935271
25298.71154411081 7.459110060819202 328248.08193671994
25309.901544793796 9.85165765018929 312988.84400465625
25315.48154513437 6.879055438747011 621678.0233442497
25316.62154520395 8.023203488691731 1312324.066075536
25331.97154614084 8.546713680363942 262340.4307296714
25337.721546491794 10.966298781918752 755933.8379929764
25937.74158311411 8.78483771076401 132895.524810387
25938.371583152562 6.449270626789194 132895.524810387
25947.111583686008 6.191322000288113 87108.9901512987
25964.22158473032 7.2895193810938155 233750.6103340937
25970.301585101413 6.421689575782923 276419.69644692994
25996.731586714573 6.778341027993464 148826.79061296527
26088.131592293186 11.162694809784277 238030.83927873097
26110.68159366953 10.169966156732045 594720.8985316989
26155.921596430762 7.3865056917721965 214554.12295275342
26164.97159698313 8.6934736960196 402743.07657370414
26208.121599616796 12.434139520884987 2639358.8597979895
26217.34160017954 7.193561050170357 642653.9751789195
26426.0616129188 8.333959460676848 57648.43784444216
26693.171629221903 6.221422364760406 123119.82773399723
26798.94163567759 7.19716374640304 65786.17543459852
27117.951655148416 6.178093950918738 63363.46465121454
27189.631659523417 6.306788623608346 50963.10208098707
27223.591661596172 7.3580220277467445 65324.848230264026
27375.581670872903 6.601936827109951 43036.266575177906
28069.701713238628 7.45007459604533 74356.60442503309
28817.7717588972 6.105780808244244 291266.0589694028
29148.5417790858 6.354513265403013 317893.8969747914
29175.401780725206 9.262163223265128 295889.4181174502
29218.82178337535 6.238227230026509 66792.23705582532
29258.081785771592 7.07485426176728 71696.99266503967
29516.891801568105 6.323517945604996 39679.229607108195
29695.40181246349 7.250869584992438 102655.59448619367
29747.50181564342 6.598149774478977 98757.104184916
29773.781817247425 8.170848834978877 70648.16265185797
30052.751834274404 7.604302175085137 68790.2527426999
30200.5518432954 8.767303910654288 82636.42289398212
30324.591850866203 6.135438937840135 55881.84450311031
30523.221862989616 7.9334335624413095 257381.96174828222
30535.111863715323 11.548545425136314 1956335.801633206
30575.021866151237 7.283808676141103 519577.1101173053
30598.241867568475 9.469208869941593 341293.18440002366
30679.891872551994 6.120049352205627 409009.12440114934
30734.16187586437 7.944857396459243 426246.50631140196
30785.811879016837 8.828848779848618 292719.84087798634
30800.221879896355 6.140246172748343 418058.9979206888
30824.701881390494 7.327350195178472 401203.0869291867
30945.78188878063 6.1146394543456655 100402.26191950662
31092.281897722285 6.691162709866346 81203.57603679446
31222.631905678216 6.081483710706265 83845.59536910712
31371.631914772457 7.242690177110785 140881.17221356044
31461.91192028271 7.998321759567015 202630.88296682594
31472.621920936395 7.487429944073567 248172.8694669302
31496.09192236889 7.902088828695701 107789.16018260199
31503.221922804074 8.45678617203306 212470.47502058133
31532.021924561886 6.157847504546626 208730.57912422082
31537.5419248988 9.015468316870443 717276.0800919917
31550.301925677606 7.372703619535013 272433.17310062086
31554.731925947992 10.954247737581916 3017936.3931627674
31589.221928053095 6.626518287394109 290071.06924541655
31969.35195125439 7.439181161850231 115239.9824345143
32028.4819548634 6.52598479643998 111140.81455652532
32082.20195814221 8.698446411571 156594.90432975334
32113.44196004895 6.389201069905009 149170.70712449215
32131.291961138424 8.172894515259076 172623.83555595984
32155.54196261853 9.469696783801652 325245.1820278718
32179.171964060788 7.078640919505936 267798.22296004265
32203.17196552563 6.005306375767217 133023.71776711103
32232.95196734326 7.627819147903266 180631.4326358578
32241.211967847412 8.206589928599293 324814.59717089706
32284.861970511596 7.833555446961822 141319.15572025802
32703.591996068848 10.021733592040707 403338.9400278414
32950.57201114331 6.327903658482245 73397.06180623274
32965.962012082644 6.145593444755739 102758.98869499499
32975.5820126698 6.144880270028584 120542.30726418401
33032.89201616772 6.5050587570523755 78789.89066490807
33263.69203025464 7.272365228002701 58469.42555812403
33270.84203069104 6.31886341574798 52837.84939887954
33361.582036229374 6.311140675054646 61769.98407925996
33397.34203841199 7.267379292697045 56676.60419238426
33672.552055209475 6.303784921189391 55272.38472651891
33687.582056126834 7.38714891867569 600523.7004442406
33699.0420568263 7.922678169954655 241357.2285121129
33703.14205707654 6.879419862901524 409857.8324122234
33718.232057997564 7.8442526908756145 107790.1249297525
33773.38206136365 9.168846060489187 637035.9182419996
33776.28206154065 7.956578641892194 637035.9182419996
33794.52206265394 7.421821090610275 431909.9860557251
33840.39206545362 8.583545746719743 108493.94602929062
33942.72207169935 6.367117729071152 156367.95193311354
34582.7721107649 6.369366122782835 51515.77939596487
34588.49211111402 6.856713610736069 136809.91690416876
34609.74211241102 6.848726116171686 46582.51407737339
34732.42211989881 9.710401285267984 393039.2741636667
34813.312124835946 8.123519489292118 317433.367189348
34872.12212842542 10.888038033818274 443462.5187229981
34945.68213291517 8.902776423716055 157457.8524199437
34994.722135908334 7.146691181720322 221585.97426734417
35030.70213810438 9.15367920917299 463932.3239867764
35031.522138154425 8.878021736907058 463932.3239867764
35087.90214159559 6.494171077826464 134720.33029757655
35106.47214272901 6.403114247615231 110549.78222166322
35120.96214361341 6.158704089505229 149111.1170297969
35151.33214546705 6.034854073532811 155223.482557718
35162.40214614271 6.774166675520344 231281.846004094
35220.25214967359 7.251535744872814 107032.96280867793
35256.67215189649 7.841319646220389 183044.59419614272
35276.3821530995 8.551950694215982 163261.7362650625
35325.692156109144 8.647999152537663 80001.20779936049
35342.77215715162 7.2115931454596796 256982.66256329737
35350.932157649666 6.9740481778055186 113123.86530258592
35361.15215827345 7.196024815106704 91796.59922775994
35367.91215868604 6.241707801553392 248820.88092480064
35433.00216265882 11.578311991860785 7352866.945459771
35461.002164367805 6.343970310448754 295520.50717905164
35461.48216439711 7.046251278601827 270765.8897755238
35474.4221651869 11.50220399978762 3573392.404882978
35483.93216576734 10.589819675318115 4623117.567480267
35524.8521682649 11.298562120557943 1037138.6688529894
35544.54216946669 6.405331089434088 101293.13711210068
35558.22217030165 6.606112551928247 201803.70083115427
35612.60217362074 6.243119064727912 213154.14997904826
35637.73217515455 10.067899795623443 2724511.4402339314
35647.262175736214 6.80290347991043 1882428.8715557936
35685.01217804029 6.360312468127792 140511.77104489788
35687.87217821486 7.982382851682646 387420.66860530863
35733.23218098341 6.757149020272029 221755.31612185683
35756.25218238844 6.8459040008537295 497382.5660468556
35887.65219040846 6.459199576881229 61819.707082984816
35927.34219283095 6.224798329488014 48278.74947317605
35980.06219604872 6.013105985509369 94442.79149186905
36035.37219942457 7.344461526167202 160121.61328911464
36095.30220308241 6.093258412537579 155481.20776427398
36120.22220460341 6.9207232282580335 102125.92249803263
36237.08221173597 6.281774026756258 128700.97016517338
36245.71221226271 7.276859721131736 104829.06714796487
36248.06221240614 7.027238960793063 265477.3027711135
36263.782213365615 6.456279202636301 156547.05185544174
36266.832213551774 6.188839428457037 243808.61257170467
36270.26221376112 6.318589958238533 338853.1366134747
36299.28221553236 6.947856942167831 548453.6718934462
36312.76221635511 10.908197239101158 1440439.6999182473
36414.36222255629 7.012922846755632 79641.40353477791
36429.77222349684 6.413572003981831 130091.2049501367
36449.462224698626 9.954164063122441 183278.5144458847
36476.912226374036 6.838721630313406 77148.51802458304
36498.81222771071 7.690183433847195 446728.8697211101
36521.78222911269 6.197807525996222 310784.80425474554
36607.72223435804 6.144052729664389 206884.22521165106
36650.71223698195 7.435824212743705 489250.3777455257
36718.39224111281 6.741266324330074 125471.09056846725
36769.41224422682 6.669034796231578 60714.924497954344
36901.872252311536 8.990404308954737 235069.23649999866
36908.31225270461 6.328515140164834 111288.18820389494
37287.00227581801 7.435323863053174 77625.68239772684
37310.23227723586 6.22579697588108 32599.944344215713
37430.90228460097 6.107054126698244 45342.426182377254
37569.79229307814 6.746569818501663 52729.38262079637
37679.732299788346 6.00049487489837 57480.86898403868
37781.52230600112 6.093583685018968 44247.80287825842
38117.98232653701 6.785938820263296 131553.57605720373
38192.75233110061 6.929490768660648 127094.75039242758
38418.162344858545 7.326892859795909 84458.24670938015
38483.21234882888 6.325282272429138 41707.190488424436
38578.94235467177 6.602552413847665 50915.4668589055
38725.702363629294 7.693657598385811 68707.45474925473
39003.4423805812 7.172177387128384 69584.11037156267
39038.37238271316 7.5851146155595215 43777.53718797813
39120.4323877217 6.714508264791984 57417.27817011537
39172.852390921165 7.962985554438266 55608.13039078729
39181.082391423486 6.064736776480004 55985.74983303956
39462.44240859634 6.84323400483772 82389.8863496198
39621.13241828201 6.020624540445313 61164.77449586018
39687.11242230911 6.840202793739653 56451.866113503704
39988.93244073074 8.195752288724707 93877.12345641869
40191.082453069 6.833373077838512 149892.66223881577
40223.68245505874 7.023767469958969 60237.61099518629
40234.59245572464 6.086633318405623 136495.68152839708
40249.75245664993 8.311249957752988 138790.04148597637
40276.8724583052 7.104190256072193 144532.86913472583
40287.432458949734 6.126317740521975 148057.36936684014
40305.382460045315 9.892222818059853 260054.55051594594
40429.01246759109 6.988273379865377 164309.91315285943
40433.682467876126 6.390315185745132 153019.16679026966
40453.652469095 7.071342720642688 340758.6769249811
40488.812471241 10.29115664240169 422343.66262864403
40530.83247380569 9.95352033209256 402265.76061396877
40542.37247451004 8.188124536656257 326789.24789815873
40563.052475772245 9.875893001619746 221398.21946128673
40581.73247691238 6.1887287550313586 102287.8904551476
40590.362477439114 9.14481696983601 478556.04601736914
40591.252477493435 9.842574443290847 452574.0114536777
40666.65248209549 7.758321184988037 128191.55459002468
40674.27248256058 6.997680457011717 169858.4900013859
40683.00248309341 10.570384329408723 545988.7213763492
40687.11248334427 6.121199904401824 290845.555447164
40725.99248571732 6.889935073543211 362917.24996509677
40740.552486605986 9.733209987840922 402566.0506095742
40763.33248799637 9.684837663936166 466835.74557512096
40822.982491637114 6.146978401653037 97732.43826280342
40855.26249360733 6.122125409164654 59279.755808909555
40948.33249928787 7.792285353461038 90374.86043000061
40975.05250091873 7.077433562638855 85682.31823573055
41013.97250329422 6.296791715520075 81556.57561183575
41260.08251831558 7.612906048025274 93501.36100210503
41473.5925313472 6.296129926282597 197142.53041921108
41483.32253194107 8.480756251100965 517668.1321163527
41535.26253511124 6.282047362912611 348120.57484781434
41540.482535429845 6.408799830719061 404992.85296923434
41575.492537566686 9.981130788224423 135868.08392770172
41606.272539445345 8.301494768061755 409405.43462530687
41687.262544388585 8.268998815798065 125025.27181156936
41704.3825454335 10.132663852936133 211371.68154043148
41712.062545902256 8.876386038086789 315065.5953860455
41715.40254610611 11.248346277743162 8607020.117285302
41720.122546394196 7.87578950667905 7971740.837185141
41730.09254700272 6.416276751139482 1558810.5127951172
41809.95255187699 9.140532970056313 115663.26961820314
41814.73255216874 6.323992696745798 424383.6879270502
41838.422553614655 9.140395879974346 135312.75056164287
41849.06255426407 7.806228460460575 69034.55319688478
41894.122557014314 6.794155675508605 97326.64801105268
41901.61255747147 6.39802301695229 166963.59453869957
41921.59255869095 7.678866026967254 181539.99157947782
41944.742560103914 7.843896457604916 452277.6375344299
41955.34256075089 6.336063423969887 370706.2430338498
41971.51256173783 8.329572862676107 314443.20469990803
42037.03256573685 8.147838636592812 439059.8553826892
42191.68257517594 7.27934315439236 380703.3884648884
42204.73257597245 6.666677013678921 634645.484776633
42209.242576247714 7.787626593494658 668702.4584705747
42317.86258287736 6.306798505186785 89987.38022816494
42357.02258526749 8.3083034070095 289072.7587712398
42384.68258695572 7.547931283575018 118991.53394533358
42409.20258845231 7.268662662198495 143081.1225969168
42411.472588590856 7.200342897948448 108781.88836444255
42466.30259193741 8.06228363541753 377406.2878288609
42467.382592003334 7.639381237520997 332151.89579568687
42566.04259802506 6.075187241512609 77686.35359528623
42570.28259828385 6.422875600900496 151275.97633429855
42576.472598661654 6.524635432888332 210550.06318072582
42593.67259971146 9.024808203188647 297955.7771934281
42599.00260003678 7.463651531488221 419581.7666394945
42607.892600579384 9.433620881744512 3114581.454394342
42672.00260449234 7.1152300804564925 181573.69844561425
42703.632606422885 6.943496561673298 189401.44457480792
42769.36261043473 6.1633641127583765 137026.3770116535
42805.68261265153 6.27609855032189 166251.51730849483
42873.75261680619 7.006867013509158 215753.27820043327
42891.17261786942 6.680249950443643 612153.67698665
42920.70261967179 10.061235228146893 3408575.273705939
42934.292620501255 6.27610483098583 551573.0689452168
42935.11262055131 6.77212753086444 551573.0689452168
42980.69262333329 9.117911137772548 291664.95046631806
43011.322625202796 8.286899330068223 68715.57352316366
43041.25262702958 7.0883493118275265 77744.69048013083
43197.26263655168 7.694729841069891 408438.6988502772
43247.89263964188 11.32698693218073 654842.0424266753
46590.2828436452 7.265387102698235 305019.44623638346
46592.06284375383 10.49996090550012 349276.4575987158
46592.68284379168 6.396548614014165 300520.4552727545
51346.37313393391 7.838854060454954 209540.43070415617
51348.29313405109 10.351476195176081 209540.43070415617
51652.653152627754 8.54889134525294 27967.883290583584
52502.79320451619 6.009682612264853 35261.39266814884
52626.37321205891 8.06498919033297 29604.691588092213
54017.57329697103 10.567063954833129 140663.12004103628
56964.58347684225 6.348941411477172 8607.202658701215
58002.07354016562 6.226657812221387 14893.656275678868
59363.04362323265 6.903306491193636 9148.286520812722
61199.83373534142 6.480701539812815 49650.98654686619
61807.53377243248 7.446117788770574 9212.92248317118
62427.19381025353 10.97762739293774 68943.92385808368
62754.16383021019 6.39535623361368 7480.148777292452
64511.21393745202 6.029808569221852 19488.11249346035
64614.20394373804 6.434682959664089 13509.317074255106
66847.48408004663 6.563539826840702 7665.758552731719
67142.13409803064 8.49089161549586 23817.27076559816
67283.01410662929 6.11180380025619 10386.507395073078
67340.5041101382 7.108706565067337 7729.923384552459
67413.25411457849 6.38787576189184 8783.298748292675
67550.84412297633 11.10780676227805 107855.93906046875
67575.63412448938 6.481519199899587 53936.97293198079
67592.1741254989 8.128673092827336 42937.82705582574
67627.77412767176 6.787513479366511 40993.325401349895
67636.62412821192 7.65285666286824 48812.347061269014
67662.83412981166 7.154811603173517 71336.21518416899
67682.83413103236 7.018345189439498 10204.948957385255
67721.66413340236 7.983281462460083 45234.67308149193
67729.01413385096 8.563869819286975 72714.30411200543
67805.8441385403 7.104830547961048 58441.396998471326
67821.72413950953 6.549149672122652 51991.654578031324
67835.82414037012 6.756562849747704 52021.307818309324
67854.7241415237 8.68402118707169 38908.09564251091
67861.15414191615 7.89318737944685 58396.7942304217
67877.38414290675 6.919323037551608 26670.264501439724
67880.3241430862 6.398729704685785 39493.09985930253
68204.23416285608 7.337624369029903 12935.148856415259
68390.35417421596 9.809102941208334 61954.27195781102
68406.35417519252 9.617433700719275 26515.643694462884
68485.12418000026 10.525036786635845 154554.71255299365
68616.9441880459 7.435740483716967 10514.9842435094
69294.45422939784 7.372912417127457 46924.21671375783
69335.6642319131 6.038056428233029 57575.76318896707
69337.14423200343 8.063485794095257 57575.76318896707
69358.16423328638 8.640166053205201 47202.02881089444
69464.41423977137 6.177329717516171 28604.343388192632
69541.75424449184 6.4740876368527625 21877.64290578419
70988.14433277248 6.967188786586926 19445.1098773429
71236.22434791409 6.649653399874136 13049.716719789174
71397.11435773403 7.288163934688516 9074.487790463601
71479.02436273343 6.07396677434686 12846.417408217245
71608.57437064052 11.595169896560366 25657.199563286806
71729.66437803127 9.912204820664336 11316.521319353007
71924.79438994106 6.059682202270551 15044.807874209353
71957.04439190945 10.237844609187983 28655.40536588804
72024.14439600491 6.53821239118817 4800.6168470659495
72161.15440436733 6.566107370395852 4947.886800469409
72592.38443068753 8.347635055913134 44646.77630332529
73435.52448214871 6.233128094538546 52471.39914065804
75130.6145856088 6.388263414483362 9923.6805055931
75307.64459641385 7.003053727028431 15846.983953665158
75646.23461707975 7.1622875517004445 9358.959290641948
77553.61473349699 7.601657597660218 11534.536607822287
77563.21473408293 6.4252536429037805 10605.216086155173
77923.28475605986 11.585873605037118 27849.13661440663
78040.23476319792 6.798789572097491 4137.273962245575
78446.55478799772 9.696384953041195 17579.975082378012
78550.57479434661 6.12884441388358 3492.4081923920535
80166.11489295134 6.456272640243082 9040.985590899923
81581.2149793222 6.7927939365198196 11859.474142237344
84241.46514169099 6.52360820374472 17068.194456351135
84347.26514814851 7.358810138177931 11971.366663726216
