353.67002158630504 7.192635284508277 40266.575311290224
854.3900521478304 7.304907563994481 26113.71273857143
885.9100540716586 6.956798755697374 21264.872556570932
1953.840119252937 6.495814701431349 39689.5410890245
2116.0101291510086 6.092535400748036 49614.81563858759
2830.270172745982 7.323813563919761 40986.27859007503
4066.3402481897124 6.222778489225883 17116.16950066854
5341.2103260016065 6.601496014002376 47702.8070065786
5562.480339506857 7.313101349023784 70673.57395318056
5960.480363798851 8.505668680635623 40580.806422496855
6051.250369339012 6.866023675927541 46237.82033983068
7297.540445406521 6.006978607787714 17129.346798471594
8486.540517977326 6.4559641653940005 21952.875440892854
8502.410518945955 7.221681725176749 25465.63400293726
10360.120632331582 6.616960872661681 64571.59278637296
10732.760655075723 6.451735700776199 29972.47247195186
10758.800656665078 6.2188093938788604 20842.120147389825
10774.090657598306 6.512473018720574 47636.85595670394
10804.220659437296 7.502580561365085 21752.958745582462
11181.7506824799 6.298655013155899 34607.98588055138
11388.900695123333 6.1156525278987885 41642.69264660398
13371.350816122487 7.284558061399639 18861.03885717629
13753.770839463552 7.102035446125401 33837.094310233486
13814.780843187307 6.918397216847404 40356.88837182849
14195.780866441703 6.109435314562693 32506.28068485276
16434.481003081117 6.22790540066251 79789.3930721772
16962.341035299134 8.016606096874392 73330.81234897727
18188.411110132514 7.14225578076791 59818.50847166413
18224.181112315742 6.434106440151283 27965.819309729737
18398.631122963325 7.423575784038973 23323.407900369144
18440.58112552375 6.318581714684689 28656.58029889367
18447.74112596076 6.27512580850036 65851.58890024926
19164.41116970283 6.102982411754497 26253.75112214329
19266.591175939404 6.2054909021165425 12224.861334553416
21931.581338597494 6.550904439379069 27023.86270300928
22880.081396489342 6.068709858035845 50465.43250723066
27167.961658200784 6.03593370110216 1161179.5753710556
27875.421701380717 7.968180736070866 296941.60459431895
28304.86172759166 6.238184509556592 57845.577109496306
28324.971728819077 6.377707161624416 35724.55294211316
28567.521743623154 6.653523154940832 52113.18982741672
28855.171761179918 7.063826283465554 151813.91921313622
31571.581926976436 7.747943796608243 95903.6049694671
31901.82194713269 6.570223116435694 155742.2512641415
32014.391954003415 7.535465957258141 38902.52452627102
32022.341954488646 9.180245830292879 190655.98547688755
32065.951957150388 8.656208144726639 44860.31223668358
32927.252009719974 6.046362036185873 85292.10239500171
33094.58201993298 8.138945470127473 67974.36276242441
33137.46202255017 8.457392343678842 92713.9241906278
34008.10207568982 6.188620678569532 33729.19085148396
34946.062132938365 7.625139363013157 67758.79368153954
35117.23214338575 6.578833781612091 37375.52344661966
35708.1021794496 6.354673953770326 21217.88489927164
35861.382188805066 7.941108752255734 433105.5690256887
35919.11219232863 7.194030303828492 51703.1148082063
36439.622224098035 6.469220004518896 34107.8932866855
36443.542224337296 7.356801960183206 79800.86624825874
36472.65222611403 6.233350761317609 104543.17864165021
37059.08226190688 7.105716903269279 154458.388367389
37225.81227208327 6.681158298693084 89351.6735237656
37456.29228615065 8.744990695953554 153334.37552845106
37536.04229101821 6.900955394968454 219375.6940826787
37575.84229344741 8.807127656906628 397535.6813176893
37599.772294907976 8.743126125431298 145221.39229387385
37799.572307102804 7.472542743149785 320645.1018392663
37825.31230867385 8.609365608697273 294258.4926541078
38046.98232220351 6.742154751936931 47014.3741376346
38481.57234872878 9.585097830353062 250149.70383699023
38568.66235404433 7.5269074965519875 40360.77712276501
38769.822366322165 6.694585238568803 56780.34089867958
39078.14238514053 6.349762424483565 1150693.4164601346
39423.762406235495 6.276019639457231 202896.1768275155
39450.69240787918 6.429528041957101 110658.17592879332
39504.8124111824 8.138761634967736 168300.4694584838
39533.38241292617 6.687488097801092 293873.9732277677
40316.2824607106 6.7978322297645555 266340.68366584077
41579.03253778275 6.492554513556815 74068.4682071892
42907.442618862464 7.773562800663569 119907.70915470767
44041.4126880745 6.605625542401763 65881.8298301291
44050.52268863053 6.420946188883371 204991.19583872965
44126.08269324235 6.096593291425872 102186.38155344865
44334.22270594621 6.699651903864595 23417.243681583688
44368.14270801652 7.3769935595675475 22041.32537222249
45700.082789311695 9.392851767266688 97678.06991036043
45909.12280207048 7.387302938103898 32508.561644801106
46374.31283046343 6.079737780141514 15097.459527254054
46416.5028330385 7.83632890518223 44189.32113765403
51253.823128285105 7.617230642430374 63639.89949725424
51454.50314053364 6.136665276774849 17727.42738972729
51499.13314325764 7.145858616269247 28627.8607493907
51552.98314654438 6.119564451088148 20670.09650796038
52014.09317468831 7.205412204050514 11734.831533706923
52341.35319466267 9.220273608642822 33522.41702034156
52358.81319572835 9.905293564357189 24420.665069098475
52406.793198656815 6.6854322750954776 7607.790511602717
52460.933201961256 6.672259387665904 6274.445881695225
52496.843204153025 6.500923962878402 9817.439852867048
52503.17320453938 9.640091980571604 53972.24291186282
52640.713212934155 6.590066162713101 11973.2735679989
52645.36321321797 6.103477689359172 15050.26499228178
52651.993213622634 8.605943254214251 32000.444719221618
53406.123259651074 6.608691236061897 7191.599072279583
53578.65327018147 7.354745524219407 11216.035919909335
53586.64327066915 8.084969502612559 37117.1215150048
53854.37328701009 6.3900304015824725 10964.298024887377
54015.47329684285 7.068975526895488 22146.10055120351
54030.94329778707 7.283572628153403 15927.004807034375
54576.673331095786 9.139296149656595 22768.89711533159
54704.18333887838 6.793186358874514 9525.963371922815
54796.83334453328 6.766610182490589 10926.895564359713
54806.87334514608 8.067798369249644 28101.0757434995
54876.85334941732 6.15492835074473 7270.009743499981
54887.733350081384 8.46285192787013 21631.17566760999
54989.91335631796 6.181059973795616 10818.635589052396
55002.633357094324 7.146768913011743 14331.109327404232
55464.693385296225 10.090350466395282 39431.427649972255
56040.45342043783 6.8382002345048765 9020.303062314391
56076.86342266012 6.062155677726137 11741.054787103514
56113.113424872645 6.186000558100109 13954.195120582364
56139.79342650106 6.587957477500159 12155.91005037427
56406.673442790125 7.133810147123497 11869.769550362655
56493.21344807211 7.479880099537247 9858.407815524597
56635.94345678366 6.6227805890118825 37888.073286584266
56719.28346187033 7.736766629708264 15312.186728194256
56742.36346327902 6.777978188762509 18265.29963254533
56758.35346425497 8.835952422246965 31129.808851939302
56800.70346683981 7.81460957316122 14013.53160899679
57017.09348004721 7.91154656043774 24984.49323687469
57025.93348058676 7.718839107954078 19956.24881065359
57300.95349737265 8.930409154741893 16528.60609951494
58321.59355966758 7.270417636358321 8804.198175385558
58517.913571649995 8.425092624961136 11518.308900130189
58570.613574866555 8.036061845330877 18290.821828096632
58719.99358398398 6.259601238953322 14908.551449543103
58736.643585000216 6.173499476988575 7764.917700422558
58747.51358566367 6.884042751897407 15021.553623407823
58765.44358675803 7.56655520225373 13135.411976885693
58897.53359482017 6.9019281023861545 8303.999775352879
58926.69359659995 9.158780567442081 12474.505448416268
59249.6836163137 6.480965416023541 10134.373656988844
59261.0836170095 6.8595380736245986 12992.038633414604
59461.56362924583 7.286864862199366 7671.152200349098
59466.583629552224 6.021840372195757 14646.902577856874
59562.183635387184 8.395358145169915 27998.075289236633
59793.76364952171 8.670702260921248 28381.965877703842
59892.383655540994 8.383787005243505 34073.045180933696
59910.43365664268 6.28477345418647 9948.182791494299
59955.60365939964 6.136135854317953 8400.401858843214
60083.06366717918 6.709505349294502 10036.732136250774
60426.4136881356 6.246122036300523 8489.519277341444
60818.423712061995 7.064418967001089 11223.806103266948
60864.243714858625 6.235213957039869 11318.496261737177
60992.613722693706 10.717853796561377 25303.529958864496
61163.61373313072 6.456487423816698 7892.988733260287
61187.66373459862 6.19461650904822 5453.030131155434
61194.35373500694 8.20462612714842 43795.21175463714
62126.32379188988 6.097298216431792 7709.709825479897
62533.75381675744 6.512251038367483 14343.408514977185
62705.17382722008 6.145323205347422 9802.904543831506
62778.81383171471 7.554786071890361 15976.006631108052
63027.58384689843 8.721986158097833 16973.217202638607
63551.15387885461 7.13410878279477 6923.907317527222
63610.013882447136 6.324928380982602 7867.297232647471
63668.183885997554 7.991363090989834 11637.472093257204
64323.35392598596 7.368086252967633 17488.831535157486
64637.11394513635 8.343945995800679 23809.291197097962
64677.43394759729 8.030838673426684 41229.78061568729
64722.50395034814 6.256855668366324 6390.604388631505
64815.99395605432 6.507135238459182 9150.46541072768
65231.993981444946 8.472275090390356 11070.600478377608
65433.163993723385 7.698047313133706 12735.746827318038
65880.36402101831 10.43098325498335 20852.72511061314
65948.39402517054 9.301386482779806 14164.343986477616
65959.53402585046 6.776883175560016 8906.10477000459
66276.39404519007 7.862318515077295 6411.072904717718
66307.21404707117 8.352296964647303 11428.093640639003
66684.79407011683 9.3935191728269 10823.901151348198
66784.22407618555 8.402055347873992 10370.058643402921
66799.7240771316 10.26736056035031 13984.776675766263
66846.59407999231 6.375242127319905 9911.629195992735
66976.68408793237 9.912714090940593 17198.96642961864
67150.70409855372 7.847307378722581 8416.04019705999
67281.73410655116 9.61284853161575 15764.157888132864
67408.72411430201 6.275561255671245 4453.816554971637
67419.72411497339 7.9399264863458505 14303.80641980552
67435.55411593958 7.134987934386939 7028.283248000476
67439.73411619471 8.178891596772445 40804.000558873086
67673.57413046717 7.977463570418077 8295.406634706284
68316.76416972438 8.53409889641407 10419.80749666891
68946.1642081399 8.010497687896398 8723.480577968285
68970.17420960536 7.330607120402149 9520.629036146169
69022.43421279505 7.864877637094479 11608.186666813313
69025.78421299953 6.671411211366273 28007.153511999008
69125.9342191122 7.283085448044267 9835.195870254334
69195.71422337124 8.570584233211068 13904.496645569541
69217.13422467861 7.838558582248439 10086.095021594161
69311.28423042507 9.954050877637377 30286.82933551273
69391.74423533595 7.888014875021141 42792.98987802656
69402.24423597682 6.328139782751005 13809.539110454205
69688.69425346034 7.476976182740984 9558.375545753981
69730.88425603541 8.09248554220779 10582.269390370353
69750.14425721095 7.400445658194566 6710.090907367222
69921.67426768031 8.425189167683113 8769.819139391033
70134.79428068813 7.720077806915014 9333.616892810116
70247.00428753688 8.064567086754241 11729.776142803257
70405.51429721157 8.892551087380683 14023.234872948038
70421.53429818935 6.27778630668603 8081.185579187668
70588.50430838039 7.394615229217227 8270.891902979434
70626.4843106985 8.189886767824646 15445.013514642806
70644.85431181973 6.537148005423704 4637.683085518515
70737.48431747341 6.78043269433793 8897.341051093708
70762.18431898097 8.530591320008767 15477.082932165757
70800.86432134181 6.3491361149502765 8280.76508458426
70891.93432690029 7.788774631901978 12370.667043451278
70966.21433143398 8.73522299632893 28693.14255539589
71149.10434259671 6.931389179473829 10188.999600104178
71375.9343564413 6.897760556171626 39926.12278622466
71544.16436670926 7.721113187436948 29080.31819222707
71649.36437313016 6.477857910334239 8622.233127434682
72012.9343953207 8.312145358211975 14925.009962444052
72329.26441462795 6.147551091342513 13549.786269230299
72392.90441851223 7.009495554524367 16814.901162530354
72592.17443067471 9.530157863353924 58908.84895827267
73263.2644716348 6.457625284721707 8757.86760344386
73435.61448215421 7.014722664480308 11547.084617924735
73495.68448582059 8.17491953803581 34200.28083231972
73589.06449152005 8.068040615280108 7897.56279352214
73691.7944977902 6.128942757006524 9050.40415585296
73822.4145057626 7.063790933640393 6260.385616831486
74653.38455648099 6.796376469252188 8953.297999284598
74855.53456881925 9.628153526452007 26770.808444922408
75021.94457897611 7.3911549567298955 12852.31998084044
75691.85461986417 9.829730139194798 11930.74317350898
76101.11464484343 8.090773139915127 20834.243109525272
76318.20465809354 7.097371748507995 13378.546424667951
76422.6846644705 7.752198114834449 13807.687666008595
76446.3546659152 6.837552481902101 7191.66740274558
76516.44467019316 8.076524459020005 14024.030254735777
76519.99467040983 6.840336080774579 26108.459926353255
76602.16467542508 6.655309331370858 7237.25310964695
76609.15467585172 9.736194455648018 42444.74210292175
77003.59469992644 7.046340380782824 15217.30708387637
77012.53470047208 6.6334682042569515 7175.524900727826
77239.20471430692 9.587056074321529 14497.360813252439
77858.96475213408 8.98374323463657 12347.990821281031
77902.01475476164 10.607638859102105 24053.643768056994
78263.03477679656 9.404507345662548 11233.508626989156
78272.23477735808 10.522029275860032 33765.0943657935
78532.16479322295 6.043105242372597 6217.457734008086
78537.87479357146 7.168610328237862 10284.897785864352
78716.84480449492 8.083449582078076 9702.632536991687
78829.63481137907 10.915757690506464 39940.802425441085
78998.9148217111 6.659789430038876 7581.007915990821
79029.97482360686 7.216106200996608 10247.297218292444
79052.83482500212 8.17380142708374 11477.264178525376
79347.02484295805 6.165365529639189 7113.77975216214
79446.94484905669 10.82816885693889 23217.995155962224
79463.24485005156 9.171496249886506 10924.468302129715
79816.31487160125 9.865832998486821 13380.736087168576
79826.45487222014 11.264035437784102 28962.674803833997
79852.18487379058 6.21833356579306 13230.559065061145
79943.95487939178 6.505411130542358 40759.55297951487
80075.91488744598 7.671540893379154 13343.949908942275
80125.63489048065 8.187125625979796 17450.427122811358
80166.39489296844 7.387415355277851 6995.8109546643145
80235.68489719757 8.87317867819901 10045.601379569416
80261.84489879424 6.500622657394319 5228.395774989927
80266.63489908661 6.462808261388605 11916.034913173813
80268.8548992221 9.281881877434522 57625.403911139794
80724.28492701934 7.2158502432973535 8958.473478369948
80849.7349346762 9.856924790054975 10396.672163515716
81016.35494484588 6.978258498849945 14892.84337386021
81329.14496393707 7.53539420695903 13847.690260678792
81582.52497940217 7.386719393166203 16355.363910283713
81590.64497989777 8.972935479300078 17735.877046956375
81683.01498553558 7.5745530198286835 8082.609280142257
81883.55499777557 6.422454536501726 6886.031920245003
82024.9150064035 6.794914675789761 9279.762351285332
82276.25502174409 6.262846208198095 11727.116360598433
82296.51502298066 7.162210978850592 7547.129837902826
82332.56502518097 6.309108976798516 6211.649396263274
82428.50503103668 6.980184548860049 8295.856800536398
82459.34503291901 7.748034321348309 8871.11083207079
82510.76503605743 7.77515132891279 7077.381228095456
82528.34503713044 8.894378148363288 15582.19474569309
82547.58503830475 7.588813487360722 8710.020679181624
82558.08503894562 9.545501460422095 12871.205016641281
82633.95504357635 9.789261767700095 17013.89537431084
82644.15504419891 6.813238846030063 18476.375072615498
82672.60504593537 9.283177570954866 19923.342736283645
82857.40505721467 6.847550948260331 20044.110296045288
82859.69505735443 6.253266905403984 18613.939203057656
82902.565059971 7.815792231520354 12354.395753820965
82907.01506024261 7.020072342146778 25508.644807285218
82977.34506453523 8.896304123518462 15166.628885590175
83004.62506620026 7.666753091225818 6937.929417355267
83165.06507599274 7.329966410993387 9497.438258934475
83308.9750847763 6.099406186478576 13454.68880611428
83363.09508807953 6.27010824538907 46942.47107867403
83574.65510099214 8.491811029053725 21908.96033349334
83713.96510949494 7.167797753892195 28038.08843251355
83819.28511592316 6.660418438030846 9248.482820811343
83850.62511783601 7.418518169331006 44533.244940105
83914.4751217331 6.1289097626841595 27571.970222684762
83973.06512530915 6.131902006514668 9952.513689228641
85515.76521946808 6.30840301045173 28604.78467820773
86176.23525977999 6.341968162778937 137004.24000867168
86179.00525994904 6.553472725221481 117174.70830305046
86395.17527314302 6.236880195095715 43631.153846020345
