344.4500 12.3133 1.7988e+04
581.7400 11.7727 7.2069e+03
1028.8701 12.3452 2.3318e+04
1074.2501 14.2892 3.1747e+04
1929.0201 12.5982 7.3139e+04
1929.6101 11.4675 1.5038e+05
2437.5201 11.3999 1.6120e+04
2492.3502 12.2104 1.3756e+04
3648.4102 11.5202 2.3179e+04
3955.0602 10.9270 9.5542e+03
3967.4702 11.1780 1.0763e+04
5108.1503 10.1264 1.2795e+05
5109.8703 12.4699 1.4074e+05
5290.1203 10.3070 2.0874e+04
5700.2603 10.0662 1.3026e+04
6049.8404 13.3294 4.7119e+04
6051.0004 11.6028 4.7119e+04
6051.2704 11.2486 4.2702e+04
6084.1704 10.0712 5.1571e+04
6166.0304 10.5545 2.6703e+04
7058.8404 13.4006 2.8881e+04
7892.2405 11.9277 3.8770e+04
7898.2405 10.6553 7.7546e+04
10899.7207 11.5398 3.9565e+05
10903.1007 10.8281 4.1361e+05
11880.4807 10.5684 6.7201e+04
13141.1508 10.2779 4.9712e+04
15179.6609 10.2178 1.7913e+05
15180.9209 12.8834 2.7986e+05
16972.7710 10.8068 3.6735e+05
17258.4911 10.3243 3.3533e+04
17499.1811 14.1513 1.9198e+04
17506.0211 11.0265 1.3687e+05
18620.4811 12.8167 8.3485e+03
19583.8312 10.5841 1.5144e+04
19620.2412 12.3420 1.9815e+04
19623.1012 11.3779 1.9979e+04
19633.2312 11.3290 2.2369e+04
19650.6612 15.1809 3.4962e+04
19651.2912 18.4241 3.4962e+04
20372.5612 12.9379 5.2041e+04
20399.9812 14.0870 1.9580e+04
20464.4612 12.8309 1.7689e+04
20473.9912 15.6854 1.1228e+04
20716.3413 13.0328 7.9756e+05
21054.8013 10.1798 1.6122e+05
21576.4213 10.9719 4.8359e+04
21890.8513 10.4106 7.7665e+04
21957.2613 14.9469 3.8118e+04
21990.6913 12.0054 2.9850e+04
22001.4113 10.1949 1.3965e+04
22015.4113 10.9648 1.2518e+05
23541.2014 11.5058 3.0889e+04
23570.8414 17.1041 7.7947e+04
23574.6014 11.2954 1.6197e+05
24147.4815 14.1660 1.5500e+04
24154.8315 15.8066 1.6516e+04
25511.8316 12.7291 5.0035e+05
25598.2916 13.1249 1.5813e+05
26266.9916 11.3730 1.1162e+05
26496.3116 12.7358 2.1662e+04
26716.8816 15.4797 4.1627e+04
26942.9616 10.4347 1.9735e+04
26991.5416 12.8739 1.6144e+04
27225.0217 10.4210 2.9723e+04
27300.8517 10.2254 1.3483e+05
27591.9017 10.0055 1.7886e+04
27728.8117 11.7184 2.0595e+04
28083.0317 11.2295 1.7019e+05
28446.2217 11.8188 1.1028e+06
29880.3218 11.5591 1.7976e+04
29967.8918 15.5785 2.1873e+04
30298.7418 12.0724 1.7994e+04
31434.0019 14.2243 5.5873e+04
31610.2219 12.1498 2.3379e+05
31755.4719 10.1514 2.4003e+05
32837.5620 10.7468 1.7642e+04
32878.5320 13.5780 1.6186e+04
34755.3121 11.1368 1.4656e+04
34778.7821 11.1368 1.4373e+04
34866.2721 12.8881 2.1306e+04
36314.7322 14.4830 1.5461e+04
36342.2522 10.7213 2.0723e+04
36719.2522 10.9733 5.2085e+04
36793.2822 11.3410 3.7490e+04
36826.6822 10.2018 3.3724e+04
36827.9822 10.0951 6.4775e+04
36885.6823 16.8353 2.0591e+04
36916.1023 11.9894 1.5273e+04
37023.0723 14.2094 2.7012e+04
37023.6723 14.7347 2.7012e+04
37033.4823 14.3287 2.2914e+04
37045.5123 20.7659 5.9117e+04
37699.5123 12.9318 1.7518e+04
38520.4324 11.2287 1.8963e+04
40605.8625 11.3290 1.8586e+05
41222.1925 11.3419 2.1389e+04
41606.2925 10.5252 2.8887e+04
41644.8025 10.8206 2.3512e+04
49009.8730 17.1128 1.1219e+05
49063.6030 10.9809 2.1765e+04
50910.2231 10.1164 6.2764e+03
51224.4831 21.2743 5.7730e+04
51287.1031 11.8583 1.0386e+04
51307.4631 10.1640 7.0271e+03
51346.0331 25.5296 2.8370e+04
51650.3632 15.9525 5.6017e+03
52624.4932 14.7933 1.4892e+04
53237.8632 10.2870 1.2143e+04
54015.4033 24.7663 1.9554e+04
54044.4533 10.8766 5.9713e+03
55652.2834 10.7660 1.0008e+04
56303.5634 12.6259 5.8140e+03
56798.7535 10.3321 3.5041e+03
57004.4535 10.2647 3.2579e+03
58809.4136 10.9165 5.6418e+03
58910.1136 10.8430 3.1468e+03
59361.0236 10.6239 1.1493e+04
59588.0236 15.7081 5.1692e+03
61077.3637 14.5374 3.4487e+03
61787.6438 10.2770 3.6538e+03
61805.3838 16.0300 3.9531e+03
62426.8138 20.5345 4.9721e+04
63300.3739 13.2581 3.0439e+03
63325.9939 15.3589 3.7394e+03
63721.4839 11.6322 3.1627e+03
63744.3439 16.4914 4.2908e+03
64113.7739 12.1289 1.0665e+04
64590.9839 14.2685 5.6476e+03
65730.4640 14.2111 2.6582e+03
67906.7341 12.8714 3.0509e+03
68125.4442 11.0569 2.9240e+03
68203.8942 13.9430 9.8913e+03
69930.1743 11.8449 3.0891e+03
70903.1943 10.5732 3.6179e+03
71063.0743 10.4761 3.5037e+03
71196.5243 10.3162 3.7249e+03
71755.1844 10.8744 3.4974e+03
72592.0044 17.4711 2.9807e+04
74214.3645 13.3835 4.7975e+03
75006.2146 12.3205 3.0953e+03
76291.9347 12.7463 1.1853e+04
77059.2347 11.5328 3.2138e+03
78042.4848 14.5238 2.4451e+03
78255.8948 14.7131 2.5482e+03
80165.9449 10.6262 8.5175e+03
80248.1349 12.0604 2.8384e+03
80272.6049 12.3106 2.7443e+03
81656.9550 14.4624 1.9004e+03
84050.3551 15.1988 2.8996e+03
85174.7152 10.3617 7.9707e+03
86104.4853 13.1004 4.8956e+04
