1700.6301037982241 7.442757181037136 64930.224789528584
1781.340108724372 7.803740733981428 184976.45246372448
1974.97012054261 6.77615350433755 97526.42783186036
2222.9901356805503 7.7433758240045165 103092.66039054323
2248.6801372485434 9.74618502135556 208055.36395639792
2262.23013807557 6.53661785078989 76787.13733699852
2286.320139545907 6.343348342528115 80751.30794847173
2292.1101398993005 8.058395396781725 74905.28234125233
2971.4301813617053 10.512501616729223 238694.6346101511
3329.020203187268 7.302414118899339 192384.91916690092
3513.9602144751107 6.14438306594134 30774.14433694567
3805.860232291274 6.10520182187609 68072.94474081938
3946.2302408587793 7.30926890124267 112097.562856825
4258.5902599237215 9.507427114454169 212081.01207813268
4648.920283747576 8.732960130781123 104033.71175530976
4684.410285913714 6.582033664683999 103713.80239688948
4715.670287821673 9.221026449457774 171621.45468776402
4778.580291661395 6.396592482858825 52781.727592109746
4830.960294858416 6.44013766011421 45740.6161331101
4951.500302215594 8.005901953378986 88567.42301729611
4972.270303483295 6.48124387748106 106491.76629767868
4987.580304417743 8.291980240850442 160437.27917324257
5096.9903110956 8.002246916688128 144573.88856576144
5117.880312370625 9.729414953281406 235031.1987866457
5146.260314102802 6.107605666860436 111213.15585678641
5358.94032708376 6.849684389377741 101258.56052883201
5518.370336814596 7.921718920549043 121186.62268898396
6250.8603815222405 6.793232136574955 82953.8989334666
6526.370398338037 7.028468628424596 102231.4184620347
6557.5504002411135 9.35932237700495 131397.76710012023
7346.090448369779 8.763899230362082 102244.90923683929
7447.090454534329 6.171681004362765 39177.185135257285
7792.6604756262495 6.007151958419847 78975.00352329067
7940.390484642974 6.635311319465455 79472.25240470933
9083.870554435458 7.3525093400161525 60031.31663667111
10327.410630335122 6.626248929177566 140911.64999300064
10660.40065065922 6.019413080152875 127799.01644735693
10670.720651289103 6.112474621260724 376861.1774703645
11116.150678475993 6.242713151702593 315452.9303246834
11276.080688237347 7.657571062904327 116366.45448756874
11524.410703394207 6.038167177927412 62249.073520825135
11969.190730541426 6.931625374122042 756465.6670469814
12589.64076841069 7.8374825937273025 213203.53114617517
12591.750768539476 7.428698303241571 79226.83800698843
12626.210770642747 6.2860890165917755 174758.9782425786
13134.24080165044 6.073773032116559 521487.4370909739
13236.38080788457 7.014307725278697 855152.4759621212
13362.120815559132 6.6176577109600485 72257.26574853281
14491.570884495293 7.561328148976209 836748.3394098135
14550.3108880805 7.0351298614939095 49684.40603736977
16449.60100400397 7.004451797696169 57879.28631110237
16759.4410229151 6.259880974049331 524996.8921347841
17453.04106524909 6.255736621607048 202862.6867423113
17517.36106917487 7.22060939298067 179252.79413957905
17933.851094595404 6.1751861751755905 433678.62709618814
17946.27109535346 7.05141852489981 230482.37711666807
18551.351132284613 6.779867972143677 31314.824930994608
18644.45113796699 6.660875262045676 74863.86908291558
18658.53113882636 7.921003465793526 129763.87937814587
18929.651155374217 6.0686548945624805 56235.47384637939
19530.67119205757 6.507858615924536 42400.73564095325
19953.94121789192 6.555036138692672 67531.76526308134
20050.271223771437 6.006518704571527 48399.76909326809
20056.521224152908 7.119667398166709 148539.8809566806
20263.67123679634 6.338934146594199 30280.95744429278
20357.831242543412 6.389784440282986 71482.8275393165
20463.471248991165 6.174377748405724 99308.53660737381
20636.921259577713 6.585164626072374 98661.27622104435
21107.47128829781 6.588287621654087 38040.318919502366
21328.921301814044 6.6260924416819345 227513.26103883548
21354.231303358843 6.835820291714642 433525.37246194185
21442.871308769 6.7402457741291055 55183.482903471275
21545.171315012896 6.388347104993044 298885.6636336722
21555.53131564522 8.208988894178098 175917.79758502636
22297.091360906456 6.758862142529651 24477.97984407378
22338.311363422323 6.075514362582629 53097.690728538946
22453.45137044991 6.848632540655034 64529.673082924775
22461.00137091073 6.727967698604429 63736.51991380323
22726.841387136315 9.1908605073635 103546.11617692119
23457.011431702358 8.034316194742097 98775.65959647066
23483.191433300257 6.858806432581486 244702.58852420337
23619.681441630946 6.540081037439394 162534.44910867597
24505.221495680024 6.359431059361849 81167.74683513658
24545.941498165375 6.359279933205185 85786.1241753025
24570.761499680266 7.84703658568338 52986.06856241945
25239.49154049631 6.0870743818112905 161394.36499604938
25276.091542730195 6.366231875502425 40368.925845900056
25320.701545452976 6.236772596374951 28602.562489020034
25351.08154730722 6.157312965240308 66106.31496510415
25361.47154794138 9.139716733669166 76317.23223123328
25385.801549426364 6.573131131131496 31321.50068090927
25476.21155494455 7.299475769561333 509018.06876116304
26839.93163817942 6.61208908433564 27998.90673064796
26946.24164466807 7.625096982634421 82107.95437571131
28489.031738832502 10.405246695191359 225696.6959393667
28523.131740913803 6.628281777120764 131342.77598266918
28525.461741056013 7.634974429027625 123226.40190028326
28787.48175704845 7.629731669014389 67346.1315302105
28934.131765999253 6.073492885196227 49190.19103251232
28986.991769225573 6.077538270850297 43052.155145978286
29317.651789407457 8.247407565653406 71597.45472473455
30347.27185225048 6.3668299980029275 48124.802883896155
30828.651881631584 8.202925442138355 128128.97770565565
31345.721913191035 6.493044586516644 79289.58222291573
31992.401952661254 6.562168808326824 39476.43828744533
32553.511986908692 6.298330809158024 57302.36058718899
32913.692008892336 6.298147316057083 112240.88395615619
32917.45200912183 6.544161379083414 117707.08328978959
32963.752011947756 6.593436453100185 123879.81092369415
32984.83201323437 7.599887713163688 80857.69522010867
33568.25204884351 6.495226220746124 43630.46602101349
33705.182057201055 7.212233649613528 1251774.5956651003
33783.26206196668 6.153080775352098 166355.88432023398
33808.18206348767 7.217170586624023 127099.69472253698
33815.97206396314 6.2417074443276 108596.73343663952
33905.122069404424 9.703028501012634 304112.4177777865
34004.1120754463 6.190950259747228 91284.28524336826
34011.48207589612 9.663811241809867 335177.9081166926
34067.43207931104 6.827669579583195 78981.63015177158
34072.672079630865 7.707354843356387 183693.412807286
34123.06208270643 7.122619774966817 196153.2342767278
34128.15208301709 6.190374667839853 114262.4193149666
34270.4520917024 6.660201435266828 121022.85387687547
34462.43210341993 6.014925242956399 36256.35190076944
35652.62217606336 6.769723185418571 81277.46988188321
35839.22218745253 7.063391772179566 111754.8976478543
35846.33218788649 8.677018109052014 222475.3248503884
35883.83219017531 7.288137344810113 90124.24049940913
36258.43221303907 6.058834372388503 33153.205256334055
36280.55221438917 7.097141000504017 116070.2074050404
36335.302217730845 7.426852502007898 68993.4493149122
36592.83223344923 6.05455335840715 82336.74703626237
36673.012238343035 9.669633507236616 215028.02947541742
36761.922243769666 8.043292386782664 144321.27805443297
36927.22225385878 6.241925832148248 69246.22934548378
37388.82228203261 7.022589829897839 46123.650961931795
37433.432284755385 6.243842960126295 105427.04660493597
37508.51228933791 6.308688134388783 74306.1714686084
37748.94230401259 6.8903548239543255 85980.42998835845
37936.59231546584 7.2421226808171335 376566.50664171774
37941.21231574782 6.980023593168965 189325.79141928954
37956.912316706075 6.253433880716379 340401.50282784743
37957.682316753075 9.308208779352404 222382.69454197996
37987.392318566424 7.388338433495187 109473.56227553726
38117.75232652297 6.444749653442192 82935.07330490103
38134.342327535545 10.283618681156245 88674.33163162754
38191.99233105422 6.968219908937578 82169.04856999755
38231.98233349501 7.606433932253483 98777.08233103857
38312.90233843398 8.438682054542436 64696.84073904248
38378.18234241835 6.75156214736666 62439.72020453018
38433.69234580642 7.958960996813338 53228.544131098606
38642.902358575586 6.832607133553234 32979.64677453729
38652.522359162744 6.447403301368055 102729.12321223467
38665.72235996841 6.998187534627289 55844.83075403789
38668.4223601332 6.218402233618473 150484.84621545652
38699.09236200515 6.4883777133540805 56201.62271805735
38770.8223663832 6.24513838025233 63986.889327953984
39147.58238937881 8.385389057075583 97634.21521714304
39161.102390204 6.257189118725515 113766.24706124922
39387.572404026636 6.459203914239854 96463.92806457305
39504.01241113357 6.3540029324658684 52436.45143578395
40411.59246652786 8.910414575175592 236961.6474784139
40556.51247537308 6.254664133777088 120484.38983943424
40870.36249452896 6.1177979035268 296518.3223020777
41097.29250837967 8.438150592571539 295195.323028627
41100.72250858902 6.245015061749366 144241.20127475873
42410.27258851761 7.761904700619992 128094.21469428389
42624.57260159745 6.08626741262763 64651.98235258942
43106.17263099198 6.5165949196926105 70552.33568880755
43714.44266811784 6.02753173913681 318036.30050439
44144.4826943654 6.552324734149576 32310.114064356305
46005.68280796404 6.847323073564228 68334.94076575022
46033.76280967791 7.00640880440412 164784.27825259865
46439.92283446794 6.102883378653675 44640.82256384903
46647.07284711138 6.2237615229742635 144217.5580872211
46994.36286830828 6.209976501989115 103712.71528182969
47211.7428815761 6.075114017653912 49182.62857283732
47506.522899568045 7.838262108662974 733993.8558387116
47625.682906841 6.445600518355358 123447.16397132624
47717.88291246844 6.611251745269235 51002.39789235387
48237.00294415301 6.417583211048749 62443.58503261741
48330.08294983416 7.6485645328765575 32764.284654074516
48650.13296936847 6.607132026205813 716966.6453040489
48692.35297194537 7.362377383336313 232403.60644120123
49053.94299401507 6.154651675268524 24644.078523848442
49081.9829957265 6.446409159111963 48531.63735271064
49096.23299659625 6.159557988791899 25955.47474765457
49253.053006167785 6.083467662306663 47028.88329693155
49351.57301218097 8.351677351325407 88816.32116296419
49400.623015174744 6.3275967444806955 56275.81116570856
49516.3130222359 8.555144747574872 92319.60399541669
49558.58302481586 6.675300948454132 52345.91642392545
49600.053027346985 7.941333398698488 43654.4335245744
50163.193061718324 6.8915542040612925 118951.76832087275
50315.053070987124 6.216632144566718 36904.082689690826
50447.9530790987 9.069991381859584 59637.068987516344
50602.513088532294 6.963427762461734 62117.39927059783
51229.49312680012 6.825430421891129 100514.6562826364
51309.7531316988 6.023661416148467 19377.972801573454
51413.29313801838 6.2343470035687885 80593.92126105387
51761.21315925373 6.173929140155748 43319.82742804659
51787.973160887035 6.144984438019349 48829.36374112925
51873.083166081735 8.122138676466495 74586.39810952255
52053.88317711689 6.688297934003487 30139.20257502502
52247.073188908274 6.0405905084568605 36734.464629182636
52480.08320313008 7.83342322762724 46653.40633522165
52502.82320451802 9.287811117943603 68832.40615985497
53238.48324941914 8.288219616540843 32476.320585460526
53252.983250304154 10.266821774236844 93310.25887853885
53276.39325173299 9.511264035077208 70854.23812147304
53809.00328424092 7.2787786693250744 58172.525678612954
53848.50328665181 10.4728173918716 96305.62057902457
53870.6132880013 7.338178906719974 27577.84634212216
53902.633289955644 6.772342222952805 22382.04273587764
53917.33329085286 8.849499762961376 72682.79873976955
53950.56329288106 6.295388278341315 21703.29298767807
54123.93330346273 6.697421416961861 48712.47741659465
54135.793304186605 8.980790091777708 79550.19433445153
54195.51330783162 9.126287566204475 25722.718268781977
54213.64330893819 6.162764376350807 32864.28159105118
54233.40331014425 6.604522185964603 35583.57790845802
54267.11331220174 6.187247693299511 40113.43534053116
54295.54331393697 6.058006027800018 47704.67241605954
54410.47332095174 6.083254842587051 19197.466011083965
54419.01332147298 6.067164517957863 23457.693890257084
54440.493322784016 9.186161439752818 25507.277167397388
54529.383328209435 6.602653746556825 18364.59338616979
54545.933329219566 8.48184577789769 29737.654993391414
54556.17332984456 6.847467869878756 21751.94085754686
54587.223331739704 7.646720785721818 15098.843753432768
54593.24333210714 6.066002987911788 57482.23514420775
54615.53333346761 6.0691160427679005 23695.98749926892
54787.50334396383 8.161857546209601 89070.57488972634
54818.41334585042 6.249767434088211 57539.01180494147
54873.49334921224 8.402833700790385 32390.784166099507
55065.83336095174 6.971435423955917 11784.786864298505
55097.29336287191 10.166497644336115 124140.5084936668
55152.85336626302 6.378769477088618 29461.09800321912
55235.87337133016 6.458870741251067 30751.348386814512
55260.80337285177 6.394816343525855 43955.7767477348
55267.17337324056 6.624712874185235 15980.411324925657
55270.24337342794 7.933982970550333 38874.445690610075
55270.953373471275 6.04555258486597 38835.57571264902
55312.47337600546 8.907086215490278 37508.62406913387
55369.113379462484 6.552197625637501 187626.55304194675
55422.7433827358 7.089502882719898 127332.19488406042
55432.603383337606 6.880882542175365 126514.61857078056
55520.34338869283 6.130675632751683 42212.74386312875
55741.33340218099 6.333552409562756 19038.229260616285
55745.7834024526 7.125203480807923 25788.551061060447
55875.31341035848 6.641809608271925 21352.855182500658
55952.183415050255 8.34652970571137 22286.332323779803
56031.663419901335 6.381622288402101 19877.135715887056
56071.50342233297 6.59506701730382 130558.31939125818
56074.29342250326 8.833201001678736 125392.09240604483
56306.04343664816 6.311241505672221 17863.1222819007
56598.533454500335 6.781973339186641 27426.28068467916
56612.1234553298 7.117586451262695 21637.790095576627
56742.8234633071 7.207627040750486 13632.038763362576
57044.14348169821 7.1014651001277995 17704.921665435257
57196.78349101462 7.508910426085607 73669.60461888014
57256.063494632785 6.193947387628004 15494.860412645792
57304.29349757651 7.133461776967543 10483.97985434444
57384.363502463595 6.650033525048337 64742.224503913974
57384.93350249838 7.937797214897729 55362.256319707165
57393.39350301474 7.932821324426786 40095.70748438852
57449.60350644553 6.313907786271839 31573.72068986319
57479.943508297336 6.222564954374286 17906.90714678709
57731.24352363547 6.831271411062994 10131.875626964065
57800.97352789145 6.6692949167054305 21205.896690750084
58902.50359512351 6.1073849583234665 12612.495088723206
58989.49360043296 6.586497384947832 21881.076670969556
59085.28360627952 6.219384357317457 20258.524443253762
59164.053611087256 7.152440348972107 17747.026807141032
59282.23361830039 6.024054157846397 13494.6341391348
60078.33366689048 8.706010135227446 26247.171925222043
60231.373676231306 6.266190165661286 17538.24903027995
60242.4836769094 11.358719426141977 81728.21556169409
60253.46367757957 6.751212196392987 59337.652600536596
60302.503680572736 7.063025514103205 25875.70870884663
60316.51368142784 6.834503201305088 12143.121080625493
60321.20368171409 6.197327829204384 20093.216974214978
60324.48368191429 6.349598898499647 32893.69917805692
60348.923683405985 8.723462118356107 33709.57745144965
60426.00368811058 8.27082238592843 29774.062602947062
60462.50369033836 6.019070528626159 45083.667618106134
60493.24369221458 6.452166736308558 29123.04761803365
60512.73369340416 10.070566805421413 179495.7427607424
60513.38369344383 8.889305829080092 179495.7427607424
60516.88369365745 6.4421509432224004 142767.96122432346
60528.943694393536 7.557349727542743 33827.080062328634
60535.11369477012 8.658861391592788 36060.15925026019
60573.28369709983 7.374480267167014 14960.110374311522
60592.843698293684 7.591154318034975 71495.54125326939
60610.48369937034 8.459582768446417 157963.09421172854
60634.50370083641 8.813179235442062 38463.20871332433
60675.913703363876 10.119789995368954 52663.57081391269
60796.6037107302 10.09916781005937 41957.878438379834
60841.34371346092 10.343692309721845 39787.89686934039
60887.82371629783 6.013682229617842 37039.39580131359
60897.44371688499 6.004534274299685 12652.292862250082
61026.02372473289 6.950182035990119 8816.544308940665
61031.443725063706 6.200615719936324 9676.839773849939
61053.653726419296 8.1630923935248 33494.09027755698
61071.33372749839 6.408836376768393 97087.28246947941
61281.26374031151 6.050744850830257 9282.598979346381
61462.203751355206 6.093664207983197 16571.849474147028
61562.69375748863 6.501053734528744 20132.07592362331
62005.29378450279 7.218775413268799 17069.066336325548
62428.26381031884 11.494302346252748 168401.33796370783
62467.07381268761 6.374292540275924 25470.071125032206
63172.953855771106 7.341375325610387 30986.71190576885
63885.77389927819 6.458449425497209 8814.634492945434
63949.86390318994 7.3362404814466995 15150.31258751609
64212.1139191964 7.294379253137226 11201.827324838225
64267.53392257897 6.196761441326615 8941.621089428987
64767.803953113034 6.043943006345987 14013.631398836007
64854.34395839502 7.5861940155463685 28387.98805527844
64874.55395962854 9.15839000248696 37827.689737015884
64915.613962134645 8.800979288916633 16466.4042276808
65207.073979923945 7.207355731208714 11625.365315583118
65226.253981094604 9.644761445759276 45815.743930825665
65688.6940093197 6.248847617898539 13603.62714578319
65708.57401053308 7.8493808285168685 18929.735129807697
65760.084013677 6.477114529137639 16214.700029610398
65836.22401832422 9.076713046634856 23804.272346030877
66068.58403250635 9.127360239583671 15530.601026526745
66167.46403854151 10.325610509944843 49455.4470890429
66212.78404130762 6.80168017919507 26401.902752041766
66414.59405362513 6.728301804203734 44498.802491684735
66422.28405409449 7.008496985660105 20905.69138933712
66445.93405553796 6.35462866747593 28903.03977123233
66558.34406239893 9.86440868131183 52698.44656698959
66618.38406606347 6.054077688738197 21801.769260740424
66619.8440661526 6.074178577783751 21325.87042200898
66633.96406701441 6.911712203288819 24919.68639817914
66672.58406937159 6.005643327659399 8800.011349921262
66770.58407535304 10.663520151702762 127360.30820164937
66939.68408567407 6.480025331566555 10892.93347314165
67114.64409635279 6.091175322457882 13556.768519614136
67281.9741065658 6.223468110523711 11196.194891402272
67623.71412742395 7.283655918978614 21680.55848662375
67749.08413507593 6.402073270314203 10243.107026138317
67826.9141398263 6.038035572296598 10244.957307385033
67857.37414168543 6.043705570236097 10942.011477545562
67901.23414436243 6.057450194086154 14113.488080519897
68080.90415532862 6.2419248722863365 8110.961095025284
68252.95416582972 7.394392785665135 15554.290479110985
68262.9741664413 6.809759202718264 9317.869553070193
68597.58418686427 11.429073974824256 48550.04751646284
68778.89419793055 6.1685872058645055 3786.5727051348845
68855.5442026089 6.84453493829469 33823.05557395325
68862.67420304408 8.411405290328428 43936.36664703266
68953.83420860805 6.227992630842555 6289.947104173546
69009.06421197901 7.05827596974475 17939.801005371526
69021.14421271632 6.743571289174369 30597.030429207043
69101.73421763515 6.574240813152151 68504.95137644213
69143.88422020778 8.572802497261977 185774.04562910605
69146.72422038112 9.977167851808277 185774.04562910605
69147.36422042018 8.34206636757677 163263.75432059978
69215.42422457424 9.807114915107835 127423.5727356834
69313.4442305569 12.177331191336382 80213.04132045974
69385.40423494899 6.6572226347312204 9632.730610293187
69459.53423947352 9.036223888100137 13848.399503514991
69462.76423967067 6.860083115012311 19617.48468378766
69487.99424121059 7.173532249653503 27028.305506972363
69492.1542414645 7.41271443784307 19010.520262289974
69509.60424252956 6.617872183358414 9071.40438577827
69534.36424404079 7.490644572385618 25529.78463554956
69564.35424587123 7.869938079408546 10000.369960100774
69605.99424841274 10.47965346361923 37146.90308130518
69637.92425036158 6.134217340677084 21173.171501303812
69642.71425065395 6.357942283562967 30905.396324832942
69712.01425488369 9.44088600058929 34075.429179943785
69747.94425707667 6.104839670733723 31012.108558642252
69762.89425798914 8.346128700676841 22244.123344256517
69846.7042631045 9.044735918209577 17975.37873560571
69854.73426359463 6.940767765276691 58874.95937302462
69862.96426409694 6.890441822778884 28594.508520654465
69894.55426602504 6.923366707295425 42851.02478729175
69901.87426647182 12.044672309531736 179693.53609808144
69952.25426954677 6.945427970267982 32947.85751065062
69958.23426991176 6.646868925325701 63035.96310528107
69965.87427037807 7.856206537146473 21235.883745714953
70036.82427470852 8.61069871686503 40356.94371003397
70142.31428114712 6.457673466791114 11267.455523656683
70244.50428738429 8.246113476422028 10214.512242927192
70267.15428876675 6.766875799406888 54400.83370531825
70400.93429693203 6.489995252777098 76400.14883500022
70406.86429729397 6.8404589104003986 58152.136274028104
70412.36429762965 6.350335941602278 32625.662786409095
70465.78430089015 7.919355801376366 11047.289862159689
70495.54430270656 6.60695884188377 15285.521443394091
70501.25430305507 6.940589408156648 5885.488995915546
70594.55430874965 6.267206883493543 12849.495700644708
70724.70431669337 6.57087774399394 24776.89485570089
70738.21431751797 6.121194179882519 21918.648495353344
70781.13432013759 6.627959461673049 15421.95038819715
70880.41432619716 6.905136482904193 8569.164751874256
70889.55432675502 9.396857614664482 29071.017138566265
70892.93432696132 6.350819674013774 16378.12279725771
70904.48432766629 6.927510493914306 9867.3594904532
70977.77433213955 8.515238130665344 43678.69184312922
70994.35433315151 7.625816501513767 113888.81041115137
71008.19433399623 9.082066981021397 95584.29222578861
71015.86433446438 6.783545844252613 39422.28225756577
71210.79434636196 9.493220232283422 58804.36474666911
71242.30434828518 6.750580214742323 6582.412368204956
71292.83435136928 6.035182516849395 4993.704739187942
71476.09436255459 9.751170364186203 31651.075332487515
71586.50436929349 7.128409996135432 65808.79995870881
71587.65436936366 6.116062993249454 30370.109224855423
71604.36437038357 6.039128337688774 32774.91691338804
71660.1343737875 7.234394747901139 16204.741322956721
71662.48437393093 7.130950900282149 8715.053435119926
71687.72437547146 9.543788929500304 112108.83870956163
71688.4343755148 8.330755225303363 72529.16048456632
71735.41437838222 8.111940902203978 29502.719028836502
71758.72437980496 6.124165184547191 33194.293520620035
71764.74438017239 8.932814046563012 30195.70845076955
71797.58438217678 8.664736965488277 52609.900625007875
71800.2043823367 6.704390707865144 53398.94122767336
71818.74438346828 6.911478914544172 11560.582415518507
71828.25438404873 6.200644097253636 5757.653020669569
71853.89438561368 6.097127020214069 7953.114447372469
71905.77438878018 8.429105518035751 7826.183471532514
71979.29439326748 6.277316882449532 12820.57958068969
72027.0343961813 6.476106873613358 9918.976941732844
72036.84439678006 8.45224239353469 18397.01355959403
72068.92439873806 6.446892130421269 34076.94665625757
72070.45439883144 6.0134573699331275 22065.969620339736
72102.24440077176 8.41231080038823 12573.337945201261
72129.66440244534 7.780526368302128 28051.178232477843
72140.48440310574 8.675757981283116 35206.78847151946
72155.46440402005 6.287096691505243 9644.887225329363
72185.184405834 7.218376094610441 15882.482850019114
72286.43441201381 10.505891253185336 60186.07218086449
72310.78441350002 10.377589674362222 58115.35157767889
72451.5044220889 6.348149923656269 12913.150545154716
72473.52442343289 6.569847166674474 8273.768824496943
72477.89442369962 7.512046362060614 12595.79371460856
72504.25442530849 7.668344428791217 26332.733402588794
72505.85442540616 8.487563032723552 15714.247470230535
72593.43443075161 11.513736603275548 102974.61259035242
72607.95443163785 7.7769529428174025 13358.33374496649
72715.08443817653 10.001508803170344 17456.93921407177
72859.3744469833 7.7483191453757945 36453.97276136719
72873.83444786587 8.25451545515822 43431.28803591537
72875.2144479501 6.855063964687957 43431.28803591537
72889.45444881925 6.427802151228576 7241.214715125003
73011.30445625637 9.887453816705246 8605.99151115257
73076.99446026578 6.124994545071965 10453.851459617039
73096.2544614413 7.752547941850705 18608.896979610578
73116.45446267423 6.105777544458497 9824.505046628052
73130.88446355496 7.493053050513726 13758.228594545248
73225.43446932583 9.74243941924912 22622.552709257812
73228.57446951748 6.889342932852201 37308.930797557296
73248.70447074612 6.412609987481049 17994.213260163742
73324.57447537687 6.369500173737539 8326.356002546167
73365.9544779025 7.281434725084678 18930.561685236265
73471.52448434598 6.631094345376455 17894.82347431175
73642.86449480374 6.016724479212887 31532.386276779354
73644.03449487516 7.833165823168115 31337.880355980884
73972.74451493802 6.126079578879356 10850.662135669021
74101.93452282315 6.243233271045302 15270.478621242708
74121.62452402494 6.4712002404180655 20405.676550649576
74683.11455829557 6.593595610601452 55376.1131873681
74683.93455834562 9.17818210065843 55376.1131873681
74692.17455884855 7.686979865493598 71293.89372515792
74774.99456390347 6.500177320920217 34437.87808503091
74982.84457658963 6.059040734912376 22698.031577439517
75095.33458345548 6.340716808142921 16009.941974301
75334.9245980789 6.320972314329627 29223.475237806615
76070.23464295866 7.328078813888768 27227.09803340635
76475.77466771085 6.289401492268021 12646.163397215756
76942.13469617521 6.208821057340268 14208.275337650908
77344.32472072294 6.772787162480236 18618.294083255223
77441.2647266397 6.127588384694961 9753.01387001864
77657.05473981047 6.013029418010973 11016.046826509097
77869.73475279142 9.933473758636959 24120.102969279367
78125.09476837737 6.796126676595316 16929.43252075
78601.764797471 6.248108953792055 14245.212834889635
78777.72480821074 8.443751900860757 68369.80982724107
78778.57480826262 7.7632394592484655 68369.80982724107
78803.06480975737 8.546089231174003 26581.112617622486
78987.78482103179 8.852840889840738 44699.48419069997
79008.53482229827 8.853455920024164 56513.27914069334
79014.70482267486 6.322853382602335 58974.971330425265
79025.68482334501 6.0158525831517755 61252.11038145113
79051.22482490385 6.248044523349945 37369.11474198976
79073.54482626617 8.12100452888682 16731.950107653178
79082.08482678741 7.337664951386611 37498.083657632196
79094.87482756804 6.457879104368685 36757.41408895639
79350.66484318023 6.213450690814863 9722.895812700472
79469.1748504135 6.492104103255161 12252.763453029145
79665.80486241485 7.697756509448161 21558.678958524666
79817.35487166472 8.163396032296147 41261.06948802479
79818.82487175445 6.347626960709584 32959.789182232926
79843.47487325897 8.450820482566265 21627.48491793036
80166.11489295134 7.8981832506230845 9789.06517684052
81068.33494801848 6.624843511545468 12687.96589635712
81423.6549697055 6.804910912078398 25127.23848261339
81433.48497030548 6.462299876482859 26630.12504858189
81452.54497146881 7.014991179960045 22632.213417096096
81582.2849793875 9.286723592724409 24907.506977094992
81928.05500049164 6.3770293441157735 30272.74023197585
82201.66501719147 7.407196768244786 40452.00179275773
82681.57504648285 7.229586691534286 29665.556180150616
82738.43504995332 6.738746978931787 22330.872851370434
82852.74505693025 7.105430655312269 23979.892177955142
82854.33505702729 6.007832663303886 23529.961185634857
83479.11509516083 6.4647996412602975 53579.841550389865
83482.39509536103 6.375246003769861 68051.21450779377
83622.30510390046 6.529211277019501 12925.245092568837
84189.5151385202 7.306566577855673 158790.08487662577
84200.3351391806 7.5167097951968405 57851.23698285479
84274.73514372163 6.196930901521849 22841.351777790445
84451.08515448518 6.209039832563333 31321.841240056016
84727.34517134675 8.202413947172072 112957.29807779043
85386.9052116031 7.595649576839204 35077.07399471404
85445.45521517671 7.416282342308686 40038.05185105541
85467.63521653047 6.07484203015451 88982.58600305079
85631.75522654755 6.036316021434519 74116.34220042906
