453.04002765136886 6.057334324885966 59368.05038656773
592.2500361480735 6.679508259329745 142522.9431181142
623.6900380670189 7.637938524984667 235743.57892396807
839.1700512188752 9.225505441805813 180948.1844014408
862.2800526293977 7.280893884810582 74734.67736922338
866.6000528930697 9.20726619159018 402298.7410792373
875.0700534100374 8.656739456027418 533112.9253915766
882.7900538812289 6.39127724187376 130160.0307717918
945.8000577270543 8.154400415075523 617156.794326798
968.9300591387976 6.889626481313018 389007.8260625172
2679.620163551035 6.211126939621505 56154.29428634605
2710.3401654260356 8.6947159626338 296127.7581013987
2718.15016590272 6.716463271866472 273364.78685201536
2740.9401672937115 6.20025296140843 206994.33667573924
3499.740213607191 6.952385130754234 307737.7955868305
3513.4702144452035 7.823535634161396 480563.76310225675
3542.290216204237 6.037976906723353 191874.36714195643
3542.9902162469616 6.782300810837052 151494.0841766146
3579.720218488783 10.201159571903354 180195.82749192478
3613.180220531019 6.215199132269684 148928.41543100154
3613.790220568251 8.350078070472092 148682.44482201833
6175.840376943383 7.290040998694276 33873.69193528319
6189.680377788109 6.226270942244971 14398.53987645281
7266.7304435260285 8.679674744457454 228910.3147994298
7267.580443577908 8.305034922942921 224111.56992134114
7289.560444919461 7.348458566820441 97560.96994440073
7290.440444973172 7.317375054394709 66185.96749184783
7302.180445689724 6.487736246331431 272449.2578303571
7304.2704458172875 6.912452490640908 231335.3021818811
16113.320983479063 6.782058127267979 396894.7604212724
17464.391065941836 6.852339323976601 93671.00406586016
17512.351068869084 8.353885374258969 331039.94258505036
17518.651069253607 8.230939215662785 392620.44969074294
17944.631095253364 6.85173853047857 122611.56883870171
17978.931097346867 6.958568431765134 251082.7921498231
18024.77110014472 9.31894353350119 298538.2807717969
18042.371101218938 6.111050251713372 244161.87507552802
18078.121103400947 10.774363101998091 155932.6227449175
18106.791105150824 6.697734678146403 103051.09163783913
18112.731105513372 6.150837461250244 111279.89433193504
18121.391106041938 6.226248878701365 102876.74116490314
18143.441107387764 6.270989572322907 46675.916253471245
18156.021108155586 10.280521134777276 180271.86234221875
24608.171501963592 6.1172605697960964 38343.815601473914
24799.001513610932 7.203552015377645 691607.6769209402
24825.001515197848 7.900750775233658 1053317.5253282615
24839.141516060885 6.145714588396833 310085.4629318543
25893.91158043894 8.453971788034572 1412625.867965293
26258.141602669777 8.904657938115562 252751.17751974525
26283.26160420298 6.89371343962205 268462.82374259713
26324.091606695045 6.182240417808985 285177.12269947655
26880.191640636698 6.50397061501685 729816.804439671
27350.351669332988 6.636731235076077 446034.64530601073
27355.27166963328 7.837637823739948 975009.4571423472
27663.20168842784 6.269316408944942 937241.1384421792
27756.941694149275 8.091415407342122 636278.2148171896
27765.74169468638 8.234261612251977 750080.1639596478
27773.331695149638 6.428384680457167 1284621.6266936548
27783.89169579417 8.098746317934639 892897.9949923693
27788.42169607066 7.288956061534737 859849.8419734697
28413.88173424571 6.432242956441171 462535.262507475
28807.371758262438 6.721777662008624 506571.32319000224
29069.541774264024 6.425975655336901 637638.2943653595
29082.751775070297 7.503287258852111 730887.5322758441
29174.811780689197 6.418658353472081 590648.7708230432
29217.731783308824 6.258032537667766 783122.2672561624
29636.25180885326 6.764994590604908 220577.70917229226
29650.011809693104 8.040812247902807 878075.6096008929
29671.761811020617 6.250172455138524 198431.45359375633
29775.471817350575 6.345055011554106 59068.55625979028
29871.531823213612 6.540030189342376 801086.2443671766
30123.911838617667 6.278908143217064 1203222.3107344822
30489.371860923577 6.802665605002885 81061.27650848399
30506.55186197216 7.210763894258193 100358.48723297675
30877.70188462536 6.873445987779755 944872.5097843938
31195.231904005854 6.848126823038639 177023.73402420353
31219.30190547497 6.102018247364665 548844.6333511567
31438.151918832515 9.61975699949383 532986.3645697233
31439.941918941768 9.042233611763026 498100.73903880443
31445.64191928967 7.906353058364811 555168.1221318152
31765.781938829463 7.153167242270084 300871.06921632926
32114.511960114254 7.567189035585819 193059.88402842137
32153.201962475705 6.77109232036562 165074.9104632862
32170.34196352185 9.135965815418283 430532.92996468965
32281.271970292477 7.159918120817957 67727.29224913135
32599.661989725464 6.153051551432098 556707.5506557039
32621.15199103711 7.333185944978858 1477730.788743894
32886.20200721448 7.951838646707678 920252.164417408
33950.51207217481 8.136750646947162 1426162.361436627
34299.50209347547 7.849054168845418 379035.8358931397
34316.01209448316 6.384339284323077 565367.7168166063
34343.182096141485 7.112791436802391 278538.59242265753
34373.52209799329 6.665178276410179 91681.62481057011
34479.95210448926 8.11058895537494 280451.0730217694
34633.762113877085 8.802769874852329 191902.15633610307
34649.3321148274 8.13399011606586 239037.5246868902
34661.59211557569 6.3212521129097885 162912.5242407152
34668.772116013926 6.610090802600346 136830.75441149605
35501.59216684523 6.828201667744146 461450.9547473855
35514.27216761915 6.442861093377864 745725.0478904952
35544.63216947218 6.3928914855268575 946038.29410823
35545.49216952467 6.476916450778825 780902.0312746884
35716.18217994276 6.2233986524103075 1001358.0517941775
35748.66218192518 6.201874271770839 223961.39847222628
35978.68219596449 8.682081704068295 397567.0910893691
36175.472207975596 7.5187914629677 602955.7536093226
37382.422281641986 10.208170100605503 912577.6784086027
38137.902327752825 7.839210835380672 70672.79010844619
38165.122329414204 8.03885378202716 103777.13205673786
38218.00233264174 8.11887654452919 452701.34748350113
38233.432333583514 8.929892779843303 892512.3640648011
38250.39233461867 6.763446003197894 100807.45276720314
39354.942402035056 6.4492185800128405 290907.7933689064
39365.75240269485 7.143895704542404 516441.54785298585
39432.692406780545 6.037188885101569 203893.58945273078
39485.80241002212 6.8875684924652125 602012.7658063739
39504.7224111769 7.785838150908747 499908.17383855366
39518.96241204604 6.840759184940042 138115.09650908114
39522.162412241356 8.794162790125384 236812.06033694206
39538.662413248436 10.506045350842584 509876.1908934215
39654.40242031265 6.275479137342292 362128.1337005122
39896.452435086205 7.8360910943453455 624247.7500109656
39905.28243562515 6.958463406978082 908923.0524151189
39913.60243613296 7.304798793174616 859767.7960483631
40181.59245248977 6.0419522923789275 777123.45288329
40382.152464730985 8.068469452952527 249857.65314222002
40402.86246599502 6.709237442616598 184581.165505075
40459.96246948013 7.618134633614935 191360.8424134877
40462.48246963394 6.0908057566318 216142.040125442
40497.9024717958 8.040560451488252 292103.2945774451
41485.922532099765 6.497351746725013 687265.1802751881
41869.332555501256 7.382456742371637 946416.9915728298
44573.612720557416 6.391718234205218 42288.014810550514
45830.61279727861 6.041185233255254 72289.82172699255
45854.272798722704 6.466730471339923 249192.27488310845
45863.09279926104 8.377407084994818 700731.8022402041
47922.66292496722 6.883371121008238 632409.5761024916
54017.90329699117 6.887698221081034 44618.02204087507
62427.703810284656 6.059282658238644 23995.2828894938
66617.22406599268 9.438515547914395 3223131.6509578326
66712.18407178858 6.985482107836336 79317.82735674117
82709.61504819428 7.934730100264518 946790.3786597335
82827.34505537995 6.425509852087171 79627.29217899403
82859.33505733246 6.400017952192018 43920.72278815298
82897.89505968598 10.76535226475003 356912.1412495197
82899.05505975678 6.6931914979034355 179774.3552295203
82918.7750609604 10.771451020858418 272349.5355566539
83106.5750724228 6.401301891822743 66166.8388976219
83120.52507327424 6.071537776615827 35707.2550921684
86360.5652710306 6.243084992494491 29788.632948696602
