643.48	0.595	6309.110355377195
1346.89	0.931	38322.494316101074
4435.24	0.532	14487.041378021238
9597.800000000001	0.755	37842.058563232415
11160.03	0.502	23851.506805419922
14054.12	0.535	85645.34530639648
15374.04	0.933	15604.175567626951
29892.78	0.744	165836.99264526367
34757.12	0.633	1869931.7749023438
43121.1	0.538	28309.599685668945
45580.98	0.969	14426.315879821777
51012.16	0.585	38158.59584808349
52867.98	0.971	12027.720069885254
60060.46	0.965	65688.77029418945
60601.21	0.956	24099.246406555176
62169.770000000004	0.968	4771.095871925352
62639.16	0.513	7230.521011352538
64046.87	0.97	15648.203754425049
64949.28	0.63	4347.313880920408
65667.42	0.754	88500.10452270508
65923.34	0.524	4970.296669006344
66370.17	0.981	64616.55693054199
67193.54000000001	0.983	45632.59162902832
68067.19	0.955	41529.451751708984
69292.44	0.789	6312.188100814818
69383.44	0.696	8497.19829559326
69954.79000000001	0.97	11557.507514953613
70867.02	0.956	76407.18955993651
71301.0	0.502	15750.03776550293
71954.71	0.823	6398.0072975158655
72138.04000000001	0.618	5571.303176879881
72368.99	0.853	7623.59218597412
72389.06	0.876	5304.2249202728235
72559.68000000001	0.749	7778.837633132934
72799.48	0.96	5292.549324035643
73199.82	0.816	4574.145889282225
73213.24	0.515	2686.6080045700064
73504.06	0.967	6143.322467803955
73826.69	0.983	21351.085662841797
73938.04000000001	0.516	10086.962604522701
74179.58	0.885	5730.165052413939
74189.95	0.964	8731.228446960447
74428.62	0.865	9990.871238708492
76246.46	0.726	3755.199980735778
76714.62	0.711	3379.63693141937
76943.16	0.687	4254.481267929077
77254.2	0.626	3529.040861129759
78586.16	0.703	9168.534231185913
78776.23	0.526	3706.2495708465553
79177.6	0.869	8788.193702697752
79374.86	0.968	8708.33969116211
81194.38	0.98	9794.13046836853
81235.87	0.951	14801.529312133787
81423.32	0.853	5966.54086112976
81875.02	0.581	2590.6483650207515
81993.15000000001	0.962	10950.93193054199
82546.68000000001	0.727	9267.419433593746
83213.19	0.801	2406.0073494911167
83332.74	0.98	24305.954360961914
83499.99	0.512	5600.157737731932
84029.02	0.804	8751.661205291746
85378.62	0.714	8060.002851486206
85614.91	0.587	381618.4356689453
85710.85	0.964	87956.5963745117
643.48	0.595	6309.110355377195
1346.89	0.931	38322.494316101074
4435.24	0.532	14487.041378021238
9597.800000000001	0.755	37842.058563232415
11160.03	0.502	23851.506805419922
14054.12	0.535	85645.34530639648
15374.04	0.933	15604.175567626951
29892.78	0.744	165836.99264526367
34757.12	0.633	1869931.7749023438
43121.1	0.538	28309.599685668945
45580.98	0.969	14426.315879821777
51012.16	0.585	38158.59584808349
52867.98	0.971	12027.720069885254
60060.46	0.965	65688.77029418945
60601.21	0.956	24099.246406555176
62169.770000000004	0.968	4771.095871925352
62639.16	0.513	7230.521011352538
64046.87	0.97	15648.203754425049
64949.28	0.63	4347.313880920408
65667.42	0.754	88500.10452270508
65923.34	0.524	4970.296669006344
66370.17	0.981	64616.55693054199
67193.54000000001	0.983	45632.59162902832
68067.19	0.955	41529.451751708984
69292.44	0.789	6312.188100814818
69383.44	0.696	8497.19829559326
69954.79000000001	0.97	11557.507514953613
70867.02	0.956	76407.18955993651
71301.0	0.502	15750.03776550293
71954.71	0.823	6398.0072975158655
72138.04000000001	0.618	5571.303176879881
72368.99	0.853	7623.59218597412
72389.06	0.876	5304.2249202728235
72559.68000000001	0.749	7778.837633132934
72799.48	0.96	5292.549324035643
73199.82	0.816	4574.145889282225
73213.24	0.515	2686.6080045700064
73504.06	0.967	6143.322467803955
73826.69	0.983	21351.085662841797
73938.04000000001	0.516	10086.962604522701
74179.58	0.885	5730.165052413939
74189.95	0.964	8731.228446960447
74428.62	0.865	9990.871238708492
76246.46	0.726	3755.199980735778
76714.62	0.711	3379.63693141937
76943.16	0.687	4254.481267929077
77254.2	0.626	3529.040861129759
78586.16	0.703	9168.534231185913
78776.23	0.526	3706.2495708465553
79177.6	0.869	8788.193702697752
79374.86	0.968	8708.33969116211
81194.38	0.98	9794.13046836853
81235.87	0.951	14801.529312133787
81423.32	0.853	5966.54086112976
81875.02	0.581	2590.6483650207515
81993.15000000001	0.962	10950.93193054199
82546.68000000001	0.727	9267.419433593746
83213.19	0.801	2406.0073494911167
83332.74	0.98	24305.954360961914
83499.99	0.512	5600.157737731932
84029.02	0.804	8751.661205291746
85378.62	0.714	8060.002851486206
85614.91	0.587	381618.4356689453
85710.85	0.964	87956.5963745117
643.48	0.595	6309.110355377195
1346.89	0.931	38322.494316101074
4435.24	0.532	14487.041378021238
9597.800000000001	0.755	37842.058563232415
11160.03	0.502	23851.506805419922
14054.12	0.535	85645.34530639648
15374.04	0.933	15604.175567626951
29892.78	0.744	165836.99264526367
34757.12	0.633	1869931.7749023438
43121.1	0.538	28309.599685668945
45580.98	0.969	14426.315879821777
51012.16	0.585	38158.59584808349
52867.98	0.971	12027.720069885254
60060.46	0.965	65688.77029418945
60601.21	0.956	24099.246406555176
62169.770000000004	0.968	4771.095871925352
62639.16	0.513	7230.521011352538
64046.87	0.97	15648.203754425049
64949.28	0.63	4347.313880920408
65667.42	0.754	88500.10452270508
65923.34	0.524	4970.296669006344
66370.17	0.981	64616.55693054199
67193.54000000001	0.983	45632.59162902832
68067.19	0.955	41529.451751708984
69292.44	0.789	6312.188100814818
69383.44	0.696	8497.19829559326
69954.79000000001	0.97	11557.507514953613
70867.02	0.956	76407.18955993651
71301.0	0.502	15750.03776550293
71954.71	0.823	6398.0072975158655
72138.04000000001	0.618	5571.303176879881
72368.99	0.853	7623.59218597412
72389.06	0.876	5304.2249202728235
72559.68000000001	0.749	7778.837633132934
72799.48	0.96	5292.549324035643
73199.82	0.816	4574.145889282225
73213.24	0.515	2686.6080045700064
73504.06	0.967	6143.322467803955
73826.69	0.983	21351.085662841797
73938.04000000001	0.516	10086.962604522701
74179.58	0.885	5730.165052413939
74189.95	0.964	8731.228446960447
74428.62	0.865	9990.871238708492
76246.46	0.726	3755.199980735778
76714.62	0.711	3379.63693141937
76943.16	0.687	4254.481267929077
77254.2	0.626	3529.040861129759
78586.16	0.703	9168.534231185913
78776.23	0.526	3706.2495708465553
79177.6	0.869	8788.193702697752
79374.86	0.968	8708.33969116211
81194.38	0.98	9794.13046836853
81235.87	0.951	14801.529312133787
81423.32	0.853	5966.54086112976
81875.02	0.581	2590.6483650207515
81993.15000000001	0.962	10950.93193054199
82546.68000000001	0.727	9267.419433593746
83213.19	0.801	2406.0073494911167
83332.74	0.98	24305.954360961914
83499.99	0.512	5600.157737731932
84029.02	0.804	8751.661205291746
85378.62	0.714	8060.002851486206
85614.91	0.587	381618.4356689453
85710.85	0.964	87956.5963745117
