616.54	0.976	358735.21423339844
1182.44	0.596	72096.63009643555
4137.63	0.807	24844.104194641113
5323.37	0.965	123124.36752319336
5791.04	0.631	362761.41357421875
6415.08	0.53	48206.50672912597
9120.74	0.907	394060.5163574219
10379.380000000001	0.541	214967.98095703125
11113.99	0.684	41179.871940612786
11745.03	0.945	114041.37725830078
15723.48	0.576	191447.99041748047
15986.08	0.711	666074.169921875
19063.11	0.62	69541.67366027832
21598.95	0.595	1583865.4418945312
26464.54	0.955	415790.05126953125
31671.08	0.78	776408.0993652344
32127.18	0.587	1641104.4799804688
32550.83	0.606	434441.05224609375
37271.700000000004	0.661	65505.64041137695
40705.28	0.531	468989.0838623047
41206.78	0.695	634399.6826171875
42305.71	0.635	1140677.5573730466
42986.4	0.523	590421.3348388672
43162.590000000004	0.529	376385.70556640625
43432.23	0.527	350637.6281738281
43492.99	0.725	637641.4306640625
43574.99	0.756	394933.4777832032
43597.28	0.546	121732.53479003906
50457.91	0.599	35906.37302398682
51547.72	0.874	22278.39641571045
52482.14	0.665	83997.71194458009
54752.76	0.745	15016.028022766113
54854.26	0.888	18674.79476928711
55794.6	0.509	59877.65464782715
56615.72	0.592	17414.987087249756
56728.020000000004	0.888	28760.836219787598
56772.4	0.977	15928.404426574707
57598.54	0.7	25187.46280670166
58603.42	0.671	19826.943969726562
60317.15	0.598	124436.88430786133
60713.270000000004	0.584	49667.69256591797
60786.6	0.71	59755.978012084954
60880.51	0.569	8973.413848876951
60936.51	0.604	57085.886001586914
61231.11	0.565	37059.27104949951
61513.55	0.575	16142.884540557861
62051.03	0.651	15425.031566619871
62115.69	0.664	33098.410415649414
62414.67	0.757	21617.17643737793
63316.270000000004	0.794	43963.36135864258
65367.700000000004	0.724	130286.58676147462
66499.71	0.58	1301051.8859863281
66760.04000000001	0.555	76121.10366821289
66991.12	0.606	62470.81108093262
67237.79000000001	0.665	223421.55151367188
67331.74	0.638	211389.78729248047
67336.54000000001	0.794	409701.1413574219
68278.95	0.955	62796.46072387695
68468.14	0.708	21325.01811981201
68527.51	0.561	29966.181755065918
68766.07	0.851	24640.763473510742
69036.83	0.629	42534.35020446777
69080.31	0.51	34388.08555603027
69112.54000000001	0.943	42264.03923034669
70191.83	0.904	87621.78726196289
70298.79000000001	0.579	25744.747352600098
70525.34	0.694	449954.60510253906
71037.27	0.759	35740.101623535156
71403.52	0.559	55729.68940734863
71519.55	0.876	721386.376953125
72054.46	0.55	18041.985511779785
72626.92	0.924	54932.66181945801
72684.86	0.843	28485.551261901855
72818.19	0.772	26481.008529663086
72867.53	0.768	46484.85870361328
72982.91	0.938	60003.372955322266
73574.3	0.791	49466.98760986328
73613.0	0.538	89429.66918945312
73850.53	0.612	19387.89939880371
73884.89	0.873	81150.21286010742
74682.19	0.567	20249.80325698852
74691.06	0.936	18042.275619506836
75854.17	0.924	28075.078582763672
76790.03	0.599	40061.856269836426
77733.74	0.972	184289.32189941406
77761.08	0.654	24303.742599487305
77889.88	0.53	47351.383209228516
78608.28	0.516	15158.953189849852
79018.91	0.8	52635.87646484375
80705.1	0.979	12744.322109222412
82712.79000000001	0.973	337670.556640625
84103.1	0.761	17721.52681350708
84213.98	0.838	49290.602111816406
85913.82	0.526	36139.54772949219
85973.66	0.624	34571.41876220703
86321.44	0.527	462247.27783203125
616.54	0.976	358735.21423339844
1182.44	0.596	72096.63009643555
4137.63	0.807	24844.104194641113
5323.37	0.965	123124.36752319336
5791.04	0.631	362761.41357421875
6415.08	0.53	48206.50672912597
9120.74	0.907	394060.5163574219
10379.380000000001	0.541	214967.98095703125
11113.99	0.684	41179.871940612786
11745.03	0.945	114041.37725830078
15723.48	0.576	191447.99041748047
15986.08	0.711	666074.169921875
19063.11	0.62	69541.67366027832
21598.95	0.595	1583865.4418945312
26464.54	0.955	415790.05126953125
31671.08	0.78	776408.0993652344
32127.18	0.587	1641104.4799804688
32550.83	0.606	434441.05224609375
37271.700000000004	0.661	65505.64041137695
40705.28	0.531	468989.0838623047
41206.78	0.695	634399.6826171875
42305.71	0.635	1140677.5573730466
42986.4	0.523	590421.3348388672
43162.590000000004	0.529	376385.70556640625
43432.23	0.527	350637.6281738281
43492.99	0.725	637641.4306640625
43574.99	0.756	394933.4777832032
43597.28	0.546	121732.53479003906
50457.91	0.599	35906.37302398682
51547.72	0.874	22278.39641571045
52482.14	0.665	83997.71194458009
54752.76	0.745	15016.028022766113
54854.26	0.888	18674.79476928711
55794.6	0.509	59877.65464782715
56615.72	0.592	17414.987087249756
56728.020000000004	0.888	28760.836219787598
56772.4	0.977	15928.404426574707
57598.54	0.7	25187.46280670166
58603.42	0.671	19826.943969726562
60317.15	0.598	124436.88430786133
60713.270000000004	0.584	49667.69256591797
60786.6	0.71	59755.978012084954
60880.51	0.569	8973.413848876951
60936.51	0.604	57085.886001586914
61231.11	0.565	37059.27104949951
61513.55	0.575	16142.884540557861
62051.03	0.651	15425.031566619871
62115.69	0.664	33098.410415649414
62414.67	0.757	21617.17643737793
63316.270000000004	0.794	43963.36135864258
65367.700000000004	0.724	130286.58676147462
66499.71	0.58	1301051.8859863281
66760.04000000001	0.555	76121.10366821289
66991.12	0.606	62470.81108093262
67237.79000000001	0.665	223421.55151367188
67331.74	0.638	211389.78729248047
67336.54000000001	0.794	409701.1413574219
68278.95	0.955	62796.46072387695
68468.14	0.708	21325.01811981201
68527.51	0.561	29966.181755065918
68766.07	0.851	24640.763473510742
69036.83	0.629	42534.35020446777
69080.31	0.51	34388.08555603027
69112.54000000001	0.943	42264.03923034669
70191.83	0.904	87621.78726196289
70298.79000000001	0.579	25744.747352600098
70525.34	0.694	449954.60510253906
71037.27	0.759	35740.101623535156
71403.52	0.559	55729.68940734863
71519.55	0.876	721386.376953125
72054.46	0.55	18041.985511779785
72626.92	0.924	54932.66181945801
72684.86	0.843	28485.551261901855
72818.19	0.772	26481.008529663086
72867.53	0.768	46484.85870361328
72982.91	0.938	60003.372955322266
73574.3	0.791	49466.98760986328
73613.0	0.538	89429.66918945312
73850.53	0.612	19387.89939880371
73884.89	0.873	81150.21286010742
74682.19	0.567	20249.80325698852
74691.06	0.936	18042.275619506836
75854.17	0.924	28075.078582763672
76790.03	0.599	40061.856269836426
77733.74	0.972	184289.32189941406
77761.08	0.654	24303.742599487305
77889.88	0.53	47351.383209228516
78608.28	0.516	15158.953189849852
79018.91	0.8	52635.87646484375
80705.1	0.979	12744.322109222412
82712.79000000001	0.973	337670.556640625
84103.1	0.761	17721.52681350708
84213.98	0.838	49290.602111816406
85913.82	0.526	36139.54772949219
85973.66	0.624	34571.41876220703
86321.44	0.527	462247.27783203125
616.54	0.976	358735.21423339844
1182.44	0.596	72096.63009643555
4137.63	0.807	24844.104194641113
5323.37	0.965	123124.36752319336
5791.04	0.631	362761.41357421875
6415.08	0.53	48206.50672912597
9120.74	0.907	394060.5163574219
10379.380000000001	0.541	214967.98095703125
11113.99	0.684	41179.871940612786
11745.03	0.945	114041.37725830078
15723.48	0.576	191447.99041748047
15986.08	0.711	666074.169921875
19063.11	0.62	69541.67366027832
21598.95	0.595	1583865.4418945312
26464.54	0.955	415790.05126953125
31671.08	0.78	776408.0993652344
32127.18	0.587	1641104.4799804688
32550.83	0.606	434441.05224609375
37271.700000000004	0.661	65505.64041137695
40705.28	0.531	468989.0838623047
41206.78	0.695	634399.6826171875
42305.71	0.635	1140677.5573730466
42986.4	0.523	590421.3348388672
43162.590000000004	0.529	376385.70556640625
43432.23	0.527	350637.6281738281
43492.99	0.725	637641.4306640625
43574.99	0.756	394933.4777832032
43597.28	0.546	121732.53479003906
50457.91	0.599	35906.37302398682
51547.72	0.874	22278.39641571045
52482.14	0.665	83997.71194458009
54752.76	0.745	15016.028022766113
54854.26	0.888	18674.79476928711
55794.6	0.509	59877.65464782715
56615.72	0.592	17414.987087249756
56728.020000000004	0.888	28760.836219787598
56772.4	0.977	15928.404426574707
57598.54	0.7	25187.46280670166
58603.42	0.671	19826.943969726562
60317.15	0.598	124436.88430786133
60713.270000000004	0.584	49667.69256591797
60786.6	0.71	59755.978012084954
60880.51	0.569	8973.413848876951
60936.51	0.604	57085.886001586914
61231.11	0.565	37059.27104949951
61513.55	0.575	16142.884540557861
62051.03	0.651	15425.031566619871
62115.69	0.664	33098.410415649414
62414.67	0.757	21617.17643737793
63316.270000000004	0.794	43963.36135864258
65367.700000000004	0.724	130286.58676147462
66499.71	0.58	1301051.8859863281
66760.04000000001	0.555	76121.10366821289
66991.12	0.606	62470.81108093262
67237.79000000001	0.665	223421.55151367188
67331.74	0.638	211389.78729248047
67336.54000000001	0.794	409701.1413574219
68278.95	0.955	62796.46072387695
68468.14	0.708	21325.01811981201
68527.51	0.561	29966.181755065918
68766.07	0.851	24640.763473510742
69036.83	0.629	42534.35020446777
69080.31	0.51	34388.08555603027
69112.54000000001	0.943	42264.03923034669
70191.83	0.904	87621.78726196289
70298.79000000001	0.579	25744.747352600098
70525.34	0.694	449954.60510253906
71037.27	0.759	35740.101623535156
71403.52	0.559	55729.68940734863
71519.55	0.876	721386.376953125
72054.46	0.55	18041.985511779785
72626.92	0.924	54932.66181945801
72684.86	0.843	28485.551261901855
72818.19	0.772	26481.008529663086
72867.53	0.768	46484.85870361328
72982.91	0.938	60003.372955322266
73574.3	0.791	49466.98760986328
73613.0	0.538	89429.66918945312
73850.53	0.612	19387.89939880371
73884.89	0.873	81150.21286010742
74682.19	0.567	20249.80325698852
74691.06	0.936	18042.275619506836
75854.17	0.924	28075.078582763672
76790.03	0.599	40061.856269836426
77733.74	0.972	184289.32189941406
77761.08	0.654	24303.742599487305
77889.88	0.53	47351.383209228516
78608.28	0.516	15158.953189849852
79018.91	0.8	52635.87646484375
80705.1	0.979	12744.322109222412
82712.79000000001	0.973	337670.556640625
84103.1	0.761	17721.52681350708
84213.98	0.838	49290.602111816406
85913.82	0.526	36139.54772949219
85973.66	0.624	34571.41876220703
86321.44	0.527	462247.27783203125
