781.4800 10.5810 4.1183e+04
2932.3402 11.9686 1.1663e+04
3366.2302 11.4417 1.8590e+04
3401.5402 10.6775 4.4902e+04
3937.8202 10.1098 1.2432e+04
4222.4303 10.4376 4.9331e+03
7200.7904 10.7664 9.9382e+03
7202.0704 13.9299 9.9382e+03
7945.1705 11.4996 7.1571e+04
8491.7805 16.1584 1.7688e+04
8632.1805 10.0335 2.4839e+05
9950.8506 11.8495 8.2571e+03
10424.0906 11.4596 1.6200e+05
12175.8607 10.8598 8.3203e+03
13174.6708 10.0042 7.6880e+03
13683.6708 10.7865 7.9840e+03
13700.8208 12.1023 7.5699e+03
15122.3209 11.9891 1.6379e+05
15264.9909 11.2184 8.9177e+03
15728.4010 10.4204 6.8268e+03
18130.7811 24.6344 8.8882e+04
25117.2315 13.1000 9.1392e+04
25118.2315 11.8631 7.2789e+04
25127.2015 16.5065 8.8632e+04
29716.5018 12.1917 3.7202e+04
29731.4018 15.0536 2.9695e+04
29749.5818 10.1506 6.7451e+04
29757.9318 16.9761 1.1752e+05
29773.4818 13.2140 5.3084e+04
29816.4318 12.4068 3.3621e+04
29903.4018 15.2284 3.7811e+04
29948.2418 17.2013 1.1070e+05
29981.8918 10.3819 6.1881e+04
30109.3218 10.8298 5.2830e+04
30115.1018 10.8923 3.9911e+04
30128.2118 11.8569 6.1340e+04
30130.7718 14.7102 3.9418e+04
30137.9618 10.3399 3.2234e+04
30142.9318 12.3517 3.8554e+04
30231.9018 10.7938 2.4751e+04
30404.1519 11.0533 2.2286e+04
30427.0019 14.6699 4.7898e+04
30448.9519 11.6618 4.4527e+04
30508.7019 16.7864 8.7793e+04
30509.2919 10.2057 6.6523e+04
30614.4019 10.5132 8.8851e+04
31681.9819 11.6851 3.2398e+04
32143.0520 13.5737 2.1844e+04
32210.3320 11.5649 3.6320e+04
32251.0720 16.8281 5.2408e+05
32252.3320 16.0646 5.2408e+05
32254.4920 16.9326 5.2408e+05
32271.8020 11.9525 4.2650e+05
32272.6220 20.8698 4.2650e+05
32274.2920 11.5083 3.7702e+05
32279.0420 15.0898 3.9451e+05
32653.4320 17.1001 2.3751e+05
32671.2920 15.3069 4.9797e+04
32696.8720 10.0729 1.1084e+05
32699.6320 14.0454 1.0723e+05
32708.0320 11.3341 4.3984e+05
32711.7120 20.3095 3.7883e+05
32715.1820 10.2147 1.6102e+05
32741.2320 10.7820 3.0516e+04
32768.4120 12.3274 1.8901e+04
32773.0320 12.9966 1.8241e+04
32885.5620 12.1177 3.1331e+04
32891.9920 12.3907 3.5779e+04
32950.2320 12.0645 2.4685e+04
32996.5820 15.1533 6.8973e+04
33047.3920 19.5246 1.0992e+05
33072.2820 11.3159 2.2779e+04
33084.3020 18.0965 2.2627e+05
33094.0220 10.2610 1.2289e+05
33094.9520 14.0121 1.3070e+05
33112.4220 14.0944 2.4958e+06
33116.4120 24.7077 3.8723e+06
33118.2820 17.4982 3.8723e+06
33119.6520 12.8472 3.8400e+06
33141.2220 11.4493 1.8293e+05
33142.0020 13.1578 1.8293e+05
33162.8920 10.5322 2.1826e+05
33164.2020 10.5607 2.1903e+05
33171.6720 14.3652 4.6335e+05
33187.4420 11.1936 1.1086e+05
33192.9720 11.3780 1.3964e+05
33209.7320 10.5412 9.4577e+04
33218.8120 19.0626 8.1178e+05
33224.2420 14.8563 2.0636e+05
33293.5320 10.9786 9.9065e+04
33344.4120 11.2975 1.5927e+05
33357.8820 12.7855 2.2326e+05
33378.9120 16.7958 8.5879e+04
33394.8120 10.2392 7.6943e+04
33869.3821 11.0521 4.7549e+04
33993.0021 15.9511 1.8038e+04
34035.8921 10.2290 2.1718e+04
34567.3021 12.5165 1.7186e+04
37001.1823 13.9088 6.3458e+04
37206.3823 10.2068 1.1630e+04
37451.8923 25.3779 5.6301e+04
37912.4923 10.7432 4.3524e+04
40449.7525 16.2368 3.4964e+04
41007.2325 10.5510 2.4857e+05
43451.0827 22.3261 1.9223e+05
43483.7827 13.1737 1.1508e+05
43551.9527 15.7815 2.6919e+05
43554.5027 11.2132 1.9582e+05
43602.2527 18.7781 4.1260e+04
43611.9327 12.5586 2.1750e+04
43617.5527 10.1372 1.6403e+04
43680.8527 12.0207 2.4415e+04
43689.0327 11.1864 1.9835e+04
43758.3827 11.2126 1.3639e+04
43818.1927 14.0931 2.9489e+04
43824.6927 10.5796 1.8959e+04
43944.8227 12.2773 1.4976e+04
44455.4027 12.8211 7.2991e+04
44800.0827 11.2093 8.4512e+04
44816.4427 10.4619 2.6133e+05
44826.6327 10.3969 7.8480e+05
48985.6930 10.1906 4.2266e+04
48990.0430 22.9413 4.2266e+04
49004.8830 20.8177 9.6400e+03
49017.1030 24.4127 1.1788e+05
60061.3437 13.2404 8.2329e+03
60601.1837 10.2181 9.6535e+03
66370.4341 24.8639 1.4956e+05
67194.1341 10.1107 6.6623e+04
67196.3441 12.8901 6.6623e+04
69956.7543 15.0741 3.4005e+04
70867.8843 13.3218 5.0330e+04
70870.2143 11.6453 4.8448e+04
71301.3744 15.1729 1.6497e+04
72389.3744 10.1187 5.2428e+03
72770.8144 13.6990 1.7432e+04
77365.4047 14.1372 1.0223e+04
78934.4548 11.8404 4.2907e+03
79006.8348 10.3781 1.3762e+04
81236.0450 13.7759 1.1441e+04
81995.9250 17.1581 1.6574e+04
85615.7052 12.4981 7.0871e+04
85711.6252 10.6248 1.8188e+04
