63.73000388977074 6.100506592218922 99156.93230695283
335.65002048645147 7.789944568041256 87397.42340063606
1118.6700682782025 6.648792348045604 1481437.939590837
3154.44019253175 6.208807404722292 634650.5277157445
4711.650287576312 6.038836581479907 870085.0892599699
6175.180376903099 8.048912483922654 143283.0766106964
7898.390482079497 7.559031365161655 3344331.9123133267
8099.440494350616 6.346096553406027 411882.3666307261
16354.180998179992 8.814746311263256 439067.28548242745
22459.781370836266 6.693040175547167 338175.8375981155
31032.361894065056 6.1161071672974945 2116297.275388239
32283.421970423704 10.479021943166137 1638265.1854673272
33984.54207425183 6.256624344766525 883155.1573780526
40495.862471671295 7.245974025138117 778529.5199182082
40588.28247731216 9.828899244257101 2190490.548004086
40629.382479820706 11.869420290546138 6966106.3158896025
41210.652515298614 7.171373658267342 892854.8908000425
41294.43252041214 6.40297934821412 642831.5028959451
41302.502520904694 6.7584516619632895 1938220.8562732812
41733.04254718277 6.666560873292592 476374.6338428552
41758.2825487233 6.281194380896534 470417.95600562525
41853.77255455155 7.325379891987173 1260960.8035359797
41898.392557274936 8.63990226545239 1202992.5781505608
41991.522562959144 7.548913449180719 1125574.200370759
42176.53257425126 6.250407863393329 642531.4806463112
42299.20258173844 12.274035331803034 3904651.9968221164
42369.99258605912 7.115215942842013 1654863.490372233
42403.48258810319 10.587535660522802 2084614.3442236371
42455.31259126664 6.90182966419538 651702.4749703616
42497.8825938649 7.064661837219301 858937.8532520101
42515.462594937904 8.051274582269118 964780.6785959103
42654.72260343766 6.612277960132514 893704.5221687101
42779.58261105851 6.645090676968058 1381175.6585943322
42805.202612622226 8.081810414701902 655699.7088066452
42849.28261531266 6.013294084002014 1386435.937437796
43013.12262531266 7.523984758072101 1293833.3394055776
43252.372639915324 9.201655707501516 1311768.2232320127
43255.01264007646 11.548323363940373 11766687.683386957
43256.872640189984 7.500592972099527 2577132.4639441627
43300.30264284074 6.881552726906205 1293723.2290934098
43330.592644689496 7.0603273769740955 546776.939089513
43337.19264509233 9.850350851609367 692337.3379812768
43371.43264718217 9.851267092629408 6561117.256103461
43446.582651768964 6.880520541151458 926839.466520915
43482.43265395707 6.604367597416982 1062274.0991773403
43563.132658882605 8.055439879451235 1342589.4474083951
43588.19266041215 6.902132600382211 489283.9471674444
43600.16266114274 7.2554222116292895 622452.2367777663
43923.25268086259 6.927569988217381 3717573.774135829
44335.282706010905 12.799444431264613 24874881.61674895
44380.102708746505 6.027118934391772 1648416.8905704035
44441.75271250932 9.435025529617212 2536744.6169573846
44442.88271257829 6.09029479233325 527606.5202496141
44466.612714026654 8.062818337894587 1787559.0160749014
44467.172714060835 8.550313693444044 1192295.2691229517
44517.99271716264 6.936907357157866 623999.497705214
44533.96271813737 6.301814438260671 274057.5634038082
44547.322718952804 8.025327763677321 590427.8576448642
44578.58272086076 8.475510027495769 801416.7621388444
44616.90272319963 7.176376639724171 1711323.604635847
44618.57272330156 9.508319995984252 1362573.626575733
44637.94272448381 6.720508645705497 725350.997372293
44676.202726819014 6.4453849151693605 455430.1620204598
44722.45272964189 10.298873640494085 7166794.95497429
44724.50272976701 10.824348516243841 4192124.8242542604
44805.78273472795 7.324452782788211 1904984.4517887132
45225.03276031694 7.688567838941839 957132.6128000035
45632.01278515703 11.268892622095242 1652357.488443312
45863.972799314746 9.033738178798659 396083.4508811263
46601.56284433367 6.110390730178631 473241.00106745074
46647.9628471657 6.549809224494123 1203031.310460923
46649.01284722979 8.502065006527081 877643.2351281038
47241.23288337603 8.667728496570588 474544.57159371796
47865.302921466246 7.524722856345186 69151.84057930374
48851.13298163653 6.159317354135134 499679.6684178703
49833.37304158771 6.451401419005515 492974.39736625884
49885.03304474078 6.453599758651476 103515.97613428778
50021.71305308307 6.598919618811429 90029.12089352071
50046.05305456867 6.31563760591872 356021.0101461255
50455.783079576606 7.209377504445298 89221.80806399575
50477.923080927925 6.587782020101033 54462.705731638336
54621.47333383016 6.231321359843328 904204.666638094
55852.603408972376 6.53838072178685 5496493.545728352
63117.91385241174 6.7422757619149865 2092475.5661576083
66370.09405090906 7.691707310937198 148528.05022867443
67190.45410097987 7.048912547225336 2525250.8379987297
68119.8141577035 6.287616714739656 318463.9462452715
69145.26422029201 6.480654395264146 1372340.4793865248
69759.18425776271 6.108354095592952 425821.5039838951
78685.12480255889 6.0408859608514875 21133.160547684416
78714.52480435332 6.695082794310964 12053.447540565376
80833.63493369354 8.649843754980296 33109.737841947375
81033.71494590545 7.2637589681410955 21000.528321488262
84291.46514474275 7.762127208716317 81156.22004326424
