658.5900 12.0521 8.9146e+03
698.2900 12.3868 1.4929e+04
1150.8001 20.4074 5.3261e+04
1203.4801 18.3248 5.4417e+04
1583.0101 10.0027 3.9627e+04
1642.3501 11.1725 2.5308e+04
1663.7701 11.6514 2.2602e+04
1679.8201 10.2686 2.8773e+04
1739.8801 10.8840 5.6149e+04
1743.1501 10.4056 4.4186e+04
1754.4601 10.5668 8.0297e+04
1802.7901 11.8234 4.3053e+04
1811.0901 15.2278 1.1367e+05
1811.8701 16.6404 1.1367e+05
1833.1301 10.7446 7.6831e+04
1837.4501 13.1903 8.5303e+04
1847.7401 15.5177 1.5504e+05
1849.0501 14.4910 5.0351e+04
1855.2501 15.3870 6.0870e+04
1857.7401 12.1311 5.3076e+04
1865.1201 15.0199 4.8723e+04
1870.4501 22.2151 1.3573e+05
1899.2601 12.1420 6.4780e+04
1914.5201 18.2772 4.6036e+04
1932.3201 14.2101 7.3639e+04
1965.7701 11.0039 6.0702e+04
1974.4201 11.2621 1.1228e+05
1975.1301 16.3518 1.0355e+05
1986.5101 18.8577 6.0848e+04
2007.1401 10.0054 7.4619e+04
2023.1901 11.0516 4.8779e+04
2024.3601 11.1655 4.4921e+04
2028.6401 10.1913 7.7577e+04
2096.7001 10.6767 3.7912e+04
2127.0501 12.1565 4.4388e+04
2136.1801 10.4148 4.7279e+04
2138.3901 12.1191 4.0571e+04
2147.6701 13.0287 4.8645e+04
2157.0001 12.4373 3.4194e+04
2173.7901 12.6519 2.7375e+04
2191.7801 16.8102 3.4721e+04
2230.8801 19.0022 6.5524e+04
2256.3701 14.2223 5.4477e+04
2267.2701 10.3752 1.2801e+04
2272.4701 19.2272 5.0623e+04
2273.3301 11.7138 3.9843e+04
2297.6401 11.6014 2.8750e+05
2302.9501 11.8787 3.5853e+05
2303.5401 10.0589 3.3830e+05
2304.1401 14.7754 3.2753e+05
2322.2301 10.1217 7.6063e+04
3762.7302 14.8391 2.4439e+04
4278.9403 11.3647 6.7867e+04
5162.2903 12.1455 2.3643e+04
5168.0903 14.9349 2.8214e+04
5235.8903 10.7555 3.6287e+05
5260.5703 10.4735 6.7436e+04
5267.3903 15.3338 6.8032e+04
8385.8505 12.6324 1.2812e+04
12500.8008 11.3382 4.1365e+04
12560.0108 10.5748 2.6796e+05
12595.4408 11.1905 6.3912e+04
13304.0208 12.8242 1.4397e+05
14383.8509 10.5999 5.6921e+05
14738.9409 14.4068 4.1320e+04
15864.4210 10.5349 2.5743e+04
19634.7712 10.4739 2.2346e+04
21928.3913 10.7428 6.7809e+04
22995.4514 10.8510 1.9496e+04
23000.6114 10.0644 2.1099e+04
23020.8914 10.7503 4.0156e+04
23027.7514 14.3934 4.1938e+04
24814.6615 10.5092 4.4667e+04
24832.3615 10.3742 2.7377e+04
25022.8415 13.3671 4.5710e+04
25122.7415 12.4663 4.0235e+04
25140.1315 11.5378 4.1038e+04
25230.6015 11.8382 3.4425e+04
25490.2716 12.9394 2.3202e+04
25550.6716 11.1567 3.5606e+04
26117.1416 15.6451 3.7115e+04
26164.2216 10.8818 4.3039e+04
26185.9816 10.8914 5.8558e+04
26199.1616 12.7352 2.9596e+04
26409.4616 10.4242 4.2550e+04
27112.3717 10.7636 4.5494e+04
27134.8217 12.0853 5.1778e+04
27231.4717 16.7430 3.3741e+04
27384.3117 14.9826 5.6677e+04
27471.8217 11.4028 3.1969e+04
27835.2617 15.3539 3.6603e+04
27944.0917 20.2509 7.6593e+04
28135.6917 10.4238 4.3979e+04
28305.7117 13.4494 1.9051e+04
28583.5117 10.3620 2.5081e+04
28902.1018 11.2187 4.9194e+04
29293.1818 15.7030 7.2225e+04
29302.0318 13.6942 8.2952e+04
29321.5118 13.0710 5.5341e+04
29440.7218 13.3642 4.8407e+04
29608.7018 13.0722 7.1495e+04
29706.4718 16.9638 4.3104e+04
29777.2918 10.0666 6.6211e+04
29788.6818 12.3673 5.2588e+04
29825.0118 13.1622 1.7476e+05
30978.9219 12.2429 4.4667e+04
31205.2819 11.2498 4.2969e+04
31285.0719 10.2484 1.5574e+05
31499.4319 13.2109 4.8852e+04
31589.9119 10.2469 8.8569e+04
31603.6019 17.0544 7.3524e+04
31876.8619 13.2792 1.0889e+05
32095.7820 11.9223 2.4110e+05
32167.8720 16.5477 3.6799e+04
32359.7220 10.4127 5.0326e+04
32732.7720 13.6978 6.5163e+04
32765.6420 12.4113 2.7635e+04
32850.6720 12.8060 4.6586e+04
32862.1720 17.0341 7.0665e+04
32881.7720 12.5515 6.3802e+04
32905.2320 16.7087 5.6043e+04
33009.2120 18.2980 1.0206e+05
33039.4020 13.1672 5.9041e+04
33124.1220 12.8296 6.5338e+04
33144.0220 17.3734 7.4768e+04
33166.3820 10.7319 5.8624e+04
33177.3720 10.9719 4.1967e+04
33249.8520 11.2093 3.1529e+04
33265.0720 11.3253 8.6730e+04
33275.6220 11.5728 7.4805e+04
33321.8620 10.1577 1.0646e+05
33427.6620 10.2827 6.3465e+04
33524.5820 10.0658 7.4546e+04
33619.1421 14.0722 1.3687e+05
34283.0021 10.6434 1.0052e+05
34292.1921 13.5056 5.3789e+04
34376.6821 12.6225 1.5895e+05
34486.8121 10.4942 4.3516e+04
34595.9321 11.3510 1.4815e+05
34633.9921 15.2033 7.4091e+04
34714.4721 10.0615 3.0442e+04
34732.4621 12.9906 5.4508e+04
34765.0021 10.3686 5.3078e+04
34885.8821 19.0112 8.4001e+04
35050.6321 10.2918 3.2440e+04
35113.9921 10.0746 3.3601e+04
35337.4922 15.0376 1.3527e+05
35398.6222 10.1186 1.0089e+05
35428.6222 11.4857 8.7796e+04
35449.9822 10.5915 3.8131e+04
35466.0822 19.6152 5.6613e+04
35595.8522 11.4029 7.5562e+04
35648.3122 16.1776 5.0739e+04
35700.8922 12.0416 8.8888e+04
35702.6822 13.7552 7.0343e+04
35868.9022 11.0033 3.0786e+04
35877.5922 10.4692 2.2444e+04
35981.9522 14.7204 4.9664e+04
36068.4622 10.2740 4.8993e+04
37623.0223 12.3317 2.5814e+05
37623.6823 12.9347 2.5814e+05
37637.2623 10.6688 6.9172e+04
37707.8723 12.2738 4.5065e+04
37736.8723 17.4010 4.5175e+04
37750.8823 15.0547 4.0686e+04
37810.2123 10.5321 5.8642e+04
37829.0823 14.1693 6.9838e+04
37866.3323 13.7423 3.2256e+04
37883.8623 12.6861 4.9926e+04
37953.7523 14.8660 3.2685e+04
38050.6923 18.5339 3.2415e+04
38122.0123 14.4036 3.4516e+04
38442.2323 15.3618 9.0563e+04
38529.7124 15.6453 4.4788e+04
38545.4324 13.4456 3.2571e+04
38752.5824 14.9097 1.1467e+05
38757.3724 15.0597 6.7515e+04
38853.5324 14.3565 3.9555e+04
38867.7024 12.1390 5.1597e+04
39234.2024 10.8796 4.7516e+04
40165.8625 11.3098 4.2689e+04
40170.1825 11.3238 4.4914e+04
40259.5325 16.0839 5.9635e+04
40697.7025 13.6871 4.0746e+04
40818.5525 20.5024 6.2445e+04
41001.4825 10.0835 2.7633e+04
41338.5625 11.9287 2.5341e+04
41470.9825 13.9410 2.9144e+04
41503.2125 11.5232 3.1050e+04
41556.9625 15.1382 5.8045e+04
43539.0927 20.5129 1.0915e+05
43840.9927 10.0360 7.0541e+04
44287.6327 12.2942 5.8749e+04
44432.5227 15.2055 5.1842e+04
44540.6627 11.0567 3.4964e+04
44550.9927 15.6261 3.8856e+04
44720.1927 12.1197 8.0832e+04
44737.8127 14.4977 1.0527e+05
44972.5627 14.7012 3.3472e+04
45580.8228 10.6035 1.3664e+04
48576.2430 10.5673 1.1083e+04
49460.7330 10.8596 8.0958e+03
49801.4130 10.2712 6.2685e+04
50152.7831 14.4727 1.9402e+04
51873.6132 10.6346 1.9149e+05
54638.6533 12.6711 8.8218e+03
54717.3433 12.0435 1.1740e+04
54929.5834 10.3746 7.9499e+03
55050.3734 11.6510 9.9317e+03
55253.0134 10.7443 6.8149e+03
55267.7034 12.2341 7.7524e+03
55390.7134 13.1976 2.5746e+04
55393.2334 12.0923 1.9724e+04
58493.4136 12.9911 1.5540e+05
59242.3236 13.1746 9.8520e+03
59304.4236 12.4284 9.6724e+03
60060.4037 15.2483 1.9308e+04
60062.3237 11.4730 1.7005e+04
60353.6737 10.3367 1.5394e+04
60355.7037 11.1342 1.1836e+04
60363.9237 10.8467 6.3782e+03
60566.3137 14.8670 1.0760e+04
60601.0737 10.2124 2.0463e+04
60655.6137 10.1636 6.1941e+03
60910.2837 15.4920 2.2600e+04
61056.8037 10.0289 5.8134e+03
61305.6237 10.1681 1.1588e+04
61458.7038 11.2556 7.8097e+03
61987.0038 16.8960 1.1894e+04
63960.3539 10.0428 6.8005e+03
64339.8039 11.1935 1.4024e+04
64381.7539 10.9428 4.7164e+03
64517.6839 11.5649 8.5188e+03
64583.8439 10.3534 6.4595e+03
64607.2839 11.3604 8.1938e+03
64699.5339 10.7730 7.5981e+03
64936.8040 12.6421 9.2957e+03
65090.7840 15.5011 1.6954e+04
65230.4940 10.9869 1.8222e+04
65328.7140 13.7276 5.6107e+03
65383.4340 13.0524 9.7060e+03
65683.7540 11.6358 5.5061e+03
66119.3040 11.5252 6.5023e+03
66276.3640 10.6371 5.5551e+03
66347.9840 12.4288 1.4810e+04
66370.5641 20.4345 4.4702e+04
66486.2941 11.3051 5.6904e+03
66555.4441 10.8291 4.5783e+03
67017.0641 15.9919 1.1909e+04
67193.7041 21.8988 2.3515e+04
67342.3641 11.9647 2.2051e+04
67345.3941 13.7796 2.1947e+04
68067.1042 15.6020 1.1247e+04
68853.4642 17.7700 1.8801e+04
69666.5343 16.2094 1.2407e+04
69670.0743 10.0590 9.1274e+03
69676.5443 10.8283 1.0158e+04
69756.5343 10.9595 8.6538e+03
69759.3843 10.6947 6.6735e+03
69791.6043 10.7114 1.3875e+04
69856.2743 12.4333 7.1511e+03
69954.9143 10.7262 1.1697e+04
69981.5143 17.3499 2.3909e+04
70243.5943 12.5745 1.0220e+04
70867.0243 16.8454 2.0802e+04
71301.4444 11.4079 1.0689e+04
71387.4344 11.2624 9.4521e+03
72560.1244 12.4990 2.4586e+04
73212.1345 10.8700 5.6714e+03
73544.7645 13.1405 6.0687e+03
73609.8745 13.4751 6.6328e+03
73647.8045 10.5712 5.1449e+03
73794.9245 10.6601 5.7033e+03
73801.4345 13.2315 1.2825e+04
73826.6845 18.7475 1.2665e+04
73879.3645 12.2079 8.9527e+03
73897.9245 10.6864 1.1275e+04
74331.7045 10.7551 5.6564e+03
74357.2445 11.9932 4.8262e+03
74697.3146 13.0916 8.8891e+03
74714.8246 11.1782 6.2486e+03
75159.0946 10.6708 4.2387e+03
75234.0746 15.2575 1.1119e+04
75580.6946 21.1634 3.5677e+04
75581.3746 10.8275 2.7399e+04
75666.8446 18.7434 1.4533e+04
75747.6746 10.9413 1.0581e+04
76189.0147 15.9363 1.0770e+04
76507.1447 10.3278 2.1726e+04
76508.2747 18.9841 2.1726e+04
76708.6747 10.3022 5.8492e+03
77131.1947 10.3969 4.9255e+03
77156.5047 12.7579 1.8034e+04
77366.5547 10.7302 2.2759e+04
77370.5547 15.5552 2.2759e+04
77634.0447 10.0769 6.0730e+03
77940.9848 10.9265 9.6202e+03
78893.3948 10.6839 6.6910e+03
79180.0448 10.0087 8.1698e+03
79374.6948 15.7133 9.6763e+03
79683.6749 21.4847 1.1686e+04
80447.7149 11.1011 7.2503e+03
80925.0749 10.4963 6.9607e+03
81235.9050 12.8048 8.5969e+03
81521.1950 10.6025 4.5682e+03
82557.3850 14.8026 8.2629e+03
83134.1151 11.5855 8.0488e+03
83332.6551 24.0236 2.1571e+04
83434.1351 13.9985 7.0801e+03
84141.3951 11.6204 1.1238e+04
84287.3251 11.0704 1.2302e+04
84394.8152 13.1783 6.5531e+03
85368.2352 12.4490 2.1045e+04
85370.8952 14.8635 1.7868e+04
85579.6952 10.6958 9.6977e+03
85611.3952 11.9249 8.2284e+04
85614.8552 17.4958 1.1316e+05
85710.7752 17.5534 2.7782e+04
85905.7452 13.7582 1.7841e+04
