471.3500 11.9058 5.9366e+04
755.5600 20.2064 2.3040e+05
4014.7102 10.5537 4.2556e+04
4630.8003 10.2640 4.6487e+04
5071.8503 11.7343 5.5433e+04
5095.8403 10.4762 4.4681e+04
6171.7904 10.2876 3.2811e+04
6509.9504 11.7448 1.9654e+04
6963.4404 10.3426 4.4645e+04
7128.4804 11.9330 1.0295e+05
7137.3104 12.2501 1.6094e+05
7154.2004 10.9680 1.0349e+05
7695.1105 13.3804 3.7480e+04
7737.2405 12.9732 6.8081e+04
7855.6605 11.7777 3.7760e+04
8138.3805 11.8487 3.2496e+04
8186.0505 13.0150 1.0972e+05
8342.7305 14.7096 4.1400e+04
8433.2205 12.4827 2.1719e+04
8476.9805 10.8789 1.9409e+04
8656.6005 10.8628 3.1038e+04
9562.8206 10.8047 9.6279e+04
9733.2506 10.6648 5.6850e+04
9743.2806 11.7913 4.6093e+04
10347.8706 16.9068 8.7622e+04
10348.5606 11.1401 7.9508e+04
10370.1506 13.6516 6.0029e+04
10371.0606 14.3459 6.0029e+04
10373.9006 11.9122 5.6171e+04
11031.7607 11.1947 3.8731e+04
11329.5507 12.0380 2.8638e+04
11454.9407 13.4332 4.3992e+04
11503.7707 10.3219 2.7360e+04
11961.3107 15.2596 8.0126e+04
11998.4507 14.0367 9.8961e+04
12289.6408 10.0837 5.4758e+04
15893.5110 12.0873 1.2025e+04
15943.0210 10.3241 2.5401e+04
15944.0410 11.5055 2.4611e+04
16070.6710 10.0101 1.4993e+04
17207.6211 10.4126 1.2142e+04
17225.4811 12.0370 1.7209e+04
17429.2711 10.3819 3.9248e+04
17728.1611 15.6300 1.9959e+04
19546.1112 10.2021 1.0819e+04
20917.6313 12.1807 2.4931e+04
21847.7413 12.4547 1.7801e+04
21859.2713 15.8350 3.1571e+04
24100.2215 10.8875 1.4617e+04
24243.8715 10.4373 8.6943e+05
24499.0015 12.9074 9.2193e+04
26174.0716 10.1661 1.6708e+05
28089.6717 10.4482 7.5830e+04
28096.8917 10.6963 1.4335e+05
28110.2917 16.7594 2.5383e+05
28111.0117 10.4589 2.5383e+05
28111.5517 14.6474 2.1477e+05
28795.7118 11.1933 4.1494e+04
29124.2918 10.2724 2.0020e+04
30030.3218 17.9717 2.7923e+05
30100.9018 10.0147 3.3205e+05
30101.9918 11.8486 2.7743e+05
30114.6318 11.9117 1.7782e+05
30310.0118 12.0387 1.0498e+05
31246.9919 12.0217 1.5003e+05
31282.0319 11.3255 2.4406e+05
31282.6119 11.0801 1.8155e+05
31338.1419 16.7423 5.6567e+05
31338.7219 15.5901 3.7647e+05
31431.8119 15.2456 2.0932e+05
31434.3019 10.2557 1.7001e+05
31463.7019 10.8165 1.2780e+05
31464.2119 10.4595 1.3535e+05
31511.6019 10.2933 4.2906e+05
31511.9919 13.4775 4.2906e+05
31625.7319 11.1812 1.2923e+05
31996.7720 11.4032 8.1509e+04
32000.8220 10.6903 7.8780e+04
32033.6220 17.0525 7.6748e+04
32417.4620 19.1571 1.3160e+05
32418.0620 13.0533 1.1767e+05
32455.4720 10.8005 5.0751e+04
32477.6120 11.0877 3.1335e+04
32581.4820 11.7322 2.9199e+05
32582.0220 10.3982 2.9199e+05
32582.4020 16.4774 2.9199e+05
32582.8120 14.5129 2.7640e+05
32602.7820 11.3761 5.2823e+04
32614.1220 12.4680 6.6448e+04
32617.5920 11.4036 6.4088e+04
32643.7920 11.7182 8.6956e+04
32644.9120 13.9020 8.6956e+04
32724.5920 12.8299 1.7887e+04
32937.2520 10.1178 2.8888e+04
33446.6320 12.8581 3.0637e+04
33560.6520 10.4131 4.5763e+04
33568.6920 19.8564 1.3067e+05
33638.1521 11.4664 2.1367e+04
33644.2321 16.8970 5.6621e+04
33655.9721 13.7961 4.4722e+04
33901.5921 11.0139 8.2782e+04
33955.2221 11.1024 4.1084e+04
34751.7921 14.9705 1.4627e+05
34994.1021 10.0915 1.3842e+05
34996.2421 13.1933 7.0117e+04
35186.0021 10.9127 7.8932e+04
35607.4122 10.3723 7.6064e+04
35638.3022 11.2440 7.7972e+05
36011.5122 10.6795 7.2206e+05
36077.1122 12.6173 3.8379e+04
36413.5322 13.7444 5.5031e+04
36635.3222 13.9517 6.4090e+04
36641.9522 14.7092 1.2177e+05
36643.1322 13.3590 8.6736e+04
36648.6722 14.0026 7.5902e+04
36712.0122 12.1271 4.0628e+05
36839.0022 14.3770 8.6460e+04
36870.3923 10.2394 4.4850e+04
36953.5023 10.0185 4.8165e+04
37078.1823 10.9701 1.4138e+05
37876.5623 11.0644 9.1950e+04
37902.5323 17.4604 7.8676e+04
37918.3723 14.3790 9.2955e+04
37944.4323 11.6836 2.9395e+04
38242.5623 21.7139 4.8501e+05
38273.1123 13.4356 5.5656e+04
38604.8424 10.1595 7.3243e+05
38606.3824 14.0672 6.6731e+05
38867.7724 12.6334 2.6756e+05
38868.1024 12.3945 2.6756e+05
38905.3124 18.2123 2.8062e+05
39003.8124 22.6620 1.4315e+05
39013.6524 11.1088 2.4549e+05
39030.1424 12.0706 1.4663e+05
39047.0524 16.9277 1.6769e+05
39101.3724 10.6634 1.1953e+05
39111.5024 10.4098 8.0451e+04
39122.4724 10.5015 1.0983e+05
39143.4124 10.7640 7.3752e+04
39161.5024 11.6672 5.2525e+04
39166.8624 10.3666 4.6020e+04
39183.4724 13.0887 9.1681e+04
39184.2024 10.5403 6.5298e+04
39196.7024 10.5646 9.9701e+04
39198.3024 15.0950 1.0183e+05
39210.3524 13.2836 1.5390e+05
39225.0824 20.0132 2.0026e+05
39225.8624 14.3735 1.3610e+05
39232.4024 15.8361 3.0357e+05
39235.2424 13.2959 1.9290e+05
39253.3324 10.2380 3.3516e+05
39257.4624 23.3476 3.2752e+05
39264.9924 11.3474 2.8842e+05
39307.3224 21.8859 5.0122e+05
39310.8824 10.2045 3.2353e+05
39685.3924 10.1584 8.6535e+05
39928.1924 10.2195 6.0754e+04
40121.5924 10.3652 1.9392e+04
40288.3125 11.5434 5.8890e+04
41775.1325 13.9615 1.1988e+05
41861.2026 10.1978 4.9959e+04
43039.8126 18.3064 1.3598e+05
44555.1027 12.3996 2.2471e+04
44584.4827 10.9429 3.0864e+04
44589.0727 10.0799 3.6249e+04
44614.7927 10.4371 7.2805e+04
46108.5128 13.7998 4.7830e+04
46292.8828 10.4729 4.7491e+05
46332.6328 12.1926 5.0346e+04
46472.9228 11.0503 2.3887e+04
46610.3428 10.4512 3.7179e+04
46623.8228 10.6368 4.2281e+04
47278.3429 10.2109 2.9607e+05
47970.1829 11.2835 2.4886e+04
48062.2329 14.0176 1.5966e+04
48145.7929 14.4906 1.3431e+04
48651.2330 13.2516 1.6487e+04
48686.1430 11.4713 3.6992e+04
48930.9030 13.9462 1.0715e+04
48990.1230 12.2171 7.7961e+03
49151.9130 10.1173 2.0850e+04
49248.9030 17.4499 1.6533e+04
49267.1630 11.1084 2.7382e+04
49287.1530 10.8481 1.4200e+04
49302.9930 12.5688 1.9535e+04
49642.2130 11.9703 9.7121e+03
49702.9330 10.8197 5.5409e+03
50159.5131 14.5986 1.3744e+04
50416.0631 10.2320 1.3123e+04
51512.2731 11.5593 1.3231e+04
51531.8531 10.4139 1.0672e+04
51535.7431 10.8440 2.1327e+04
51578.6731 17.3191 1.2489e+04
51625.1332 10.6063 8.2845e+03
51634.3832 15.4942 4.1541e+04
51692.3032 13.5342 2.5257e+04
52062.8732 10.4922 1.6903e+04
52096.9832 10.3155 1.1989e+04
52149.1832 10.6063 9.6895e+03
52191.7332 11.3948 1.1701e+04
52200.1432 14.7089 1.6814e+04
52289.3532 16.7531 2.3442e+04
52342.9732 18.2766 8.1799e+03
52500.8732 18.9769 1.0055e+04
52539.5532 14.4951 1.6479e+04
52549.1232 10.4039 1.0092e+04
52621.4732 10.2991 1.0198e+04
52734.0932 12.5988 1.0771e+04
52791.9732 12.6477 9.6017e+03
52854.8432 11.0508 8.4825e+03
52869.7732 13.3106 1.3596e+04
52886.6432 13.2234 9.9371e+03
52960.9132 10.3564 2.3241e+04
52985.5432 14.6731 6.7431e+04
53024.3832 10.9836 5.9153e+03
53048.4732 13.1037 1.3340e+04
53104.7532 16.8470 1.8689e+04
53258.6133 12.1858 1.9523e+04
53277.2833 18.2065 2.2792e+04
53372.9433 11.9345 6.7546e+03
53614.6933 10.8171 2.0886e+04
53615.5133 13.4774 1.8936e+04
53677.5033 15.3858 1.2435e+04
53714.8133 10.0846 7.1331e+03
54151.7333 11.9803 8.9478e+03
54297.2033 13.7592 7.2789e+03
54306.1933 10.5277 7.6573e+03
54683.5733 11.2381 4.7447e+03
54881.9333 12.1464 1.0047e+04
55205.1034 13.7871 7.5376e+03
55777.8834 11.6664 6.3820e+03
56363.8334 14.7152 5.8424e+03
56723.9235 16.1717 4.2141e+04
58583.8636 10.2929 1.0181e+04
58716.7236 11.0196 5.8608e+03
58728.9736 12.1920 4.7525e+03
59060.3536 11.4771 5.1558e+03
59130.6336 10.9979 4.8514e+03
59157.0536 10.5279 4.5448e+03
59239.5736 17.4749 7.6094e+03
59427.6436 11.0805 3.7130e+03
59462.1636 16.1182 9.8282e+03
59609.1536 13.2028 1.5320e+04
59712.7836 11.3257 6.8130e+03
59891.5137 11.9265 4.2474e+03
59957.0837 13.0662 5.6172e+03
60039.8837 10.0988 5.2633e+03
60055.4437 16.0909 1.8980e+04
60062.0737 13.2631 3.0437e+04
60190.4937 10.7987 4.1145e+03
60272.1537 15.3405 8.2699e+03
60413.5237 12.3353 3.7850e+03
60603.2137 11.6448 1.7640e+04
60657.1537 10.3540 6.5101e+03
60763.4737 12.3280 7.9919e+03
60774.1137 18.6671 1.1869e+04
60811.5937 11.3702 1.6449e+04
60815.1237 10.4086 1.5243e+04
60821.1237 12.0909 1.2384e+04
60922.3137 10.3426 4.6983e+03
60952.6537 14.4666 7.3407e+03
60959.1337 14.7120 1.5594e+04
61102.8237 12.9025 5.5214e+03
61136.5237 11.3489 6.5999e+03
61182.1737 11.5743 5.2393e+03
61276.7637 13.9103 6.9987e+03
61280.6637 10.6739 7.1104e+03
61414.8837 13.9212 1.0755e+04
61460.6038 11.0340 1.1040e+04
62093.1138 11.1734 3.0306e+04
62121.3738 16.6835 3.2269e+04
62148.9838 13.9708 2.3751e+04
62166.3338 20.2875 2.5622e+04
62185.4538 12.0096 1.0189e+04
62191.0838 19.4841 2.8611e+04
62199.1638 10.3881 2.2065e+04
62228.2938 14.6614 9.7966e+03
62234.7938 10.9593 2.1730e+04
62236.0038 10.0398 2.1730e+04
62252.6038 10.0539 2.8586e+04
62640.7538 15.0801 1.3309e+04
62925.6438 14.9040 1.3437e+04
62926.5738 14.4917 9.9903e+03
63184.7339 10.7438 5.0353e+03
63198.5539 11.3942 1.7618e+04
63675.5539 13.8760 5.5430e+03
63909.1839 10.8755 6.2476e+03
64048.5439 12.5517 8.8601e+03
64178.2039 10.9736 5.5587e+03
64223.1939 10.0425 6.2977e+03
64236.7539 10.3781 6.9165e+03
64426.5039 16.5838 7.1919e+03
64826.3340 10.1128 6.1112e+03
65007.5640 13.6052 4.7685e+03
66121.0640 14.9826 7.0129e+03
66163.1640 13.6655 1.0190e+04
66232.6140 17.4364 9.8300e+03
66370.3341 25.2406 7.6569e+04
66800.4941 10.3292 6.0408e+03
67193.6241 25.9066 8.3496e+04
67245.5141 11.5952 5.0116e+03
67342.6941 10.8220 6.6359e+03
67417.2141 10.1985 3.7118e+03
67518.3541 15.9242 2.7759e+04
67623.3741 14.2761 9.3528e+03
68067.1742 11.8530 1.9127e+04
68068.5642 15.3115 1.9127e+04
68136.6042 10.3222 6.9433e+03
68184.2442 11.9972 5.7579e+03
68491.9142 12.2136 6.7503e+03
69125.0842 17.5356 8.1608e+03
69152.2442 13.3213 5.0365e+03
69292.7342 11.7191 5.7955e+03
69363.5642 13.6998 5.3636e+03
69379.7542 15.1891 9.6791e+03
69385.0542 17.3073 1.9952e+04
69458.5242 19.3471 1.6736e+04
69693.6543 15.3553 1.7386e+04
69824.1543 16.3195 3.3555e+04
69954.8743 21.5534 1.8211e+04
70565.2043 11.9268 9.0029e+03
70814.9343 11.9513 5.9691e+03
70867.0543 12.2719 7.9864e+04
70868.8343 18.7329 7.9864e+04
70887.4443 10.1620 6.1661e+03
70948.2543 14.3796 5.5206e+03
70994.2243 14.3027 7.0920e+03
71012.0743 11.9992 4.3992e+03
71288.7644 11.8379 4.9623e+03
71301.2144 17.6387 1.5580e+04
71320.6944 13.4156 2.2657e+04
71352.1444 18.5515 8.2378e+03
71689.6444 11.8652 4.8509e+03
72697.4744 12.2296 7.6355e+03
72882.6644 11.7537 3.3169e+03
73355.2845 17.4199 9.7800e+03
73431.5645 10.2958 5.4547e+03
73582.9145 15.9618 1.4960e+04
73603.9245 10.2885 7.3802e+03
73714.6645 13.7495 7.2114e+03
73826.6545 19.7984 1.4621e+04
73860.3045 12.1097 2.1575e+04
73896.9345 10.6214 1.3400e+04
74189.8345 13.9824 1.4179e+04
74260.0945 12.7707 5.6071e+03
74435.9445 16.4021 8.4700e+03
75415.0346 12.1979 5.9203e+03
75587.1846 18.7377 7.1425e+03
76629.5247 15.1187 5.3919e+03
76970.7147 10.5618 3.5351e+03
76985.5647 10.1332 3.8203e+03
77207.3747 17.9127 8.7073e+03
77254.2747 12.6228 6.2859e+03
77273.6847 11.7297 6.1277e+03
77736.9347 12.2130 4.8543e+03
77909.8348 10.5043 5.8559e+03
77919.9248 12.1781 6.7345e+03
77981.1848 20.4255 9.8245e+03
78028.4148 10.3974 3.7070e+03
78242.2148 17.2450 7.9907e+03
78293.0148 13.9843 1.1288e+04
78339.8448 12.4986 1.3581e+04
78383.7148 13.2963 6.7250e+03
78391.6248 11.2294 5.8802e+03
78423.2548 14.4219 1.3314e+04
78456.1648 16.1389 6.4773e+03
78513.6948 10.8265 7.6644e+03
78544.1348 12.3895 7.7896e+03
78579.6948 14.1478 1.5301e+04
78689.1048 11.4861 1.0752e+04
78689.8848 10.9110 1.0752e+04
78697.2948 11.0554 1.4933e+04
78734.9648 13.5622 7.1060e+03
79229.5848 10.5809 9.9320e+03
79232.7348 13.6278 8.9283e+03
79374.7848 18.2057 8.9896e+03
80006.4849 14.7277 6.7861e+03
80095.9249 10.4265 3.6195e+03
80245.8249 20.2108 1.3726e+04
80294.6549 11.0461 2.7983e+04
80295.7349 10.3306 2.7983e+04
80397.7949 10.3109 6.6747e+03
80520.5749 10.7615 4.7390e+03
80551.0249 14.3699 5.8317e+03
80690.2949 10.7197 3.3965e+03
80986.5449 10.6807 4.7029e+03
81194.5350 12.4327 9.8575e+03
81235.9150 17.1203 1.1790e+04
81306.0550 10.5954 1.6300e+04
81370.0450 11.1892 6.5116e+03
81545.9950 10.7810 1.3786e+04
81572.1650 10.0310 4.7365e+03
81587.1250 12.0809 7.1327e+03
81694.9750 15.6959 1.5599e+04
81791.0850 14.0340 9.1537e+03
81805.3450 10.6995 2.3563e+04
81995.9650 12.2447 1.6309e+04
82048.5450 11.5800 1.8765e+04
82125.8550 18.3237 2.3002e+04
82439.5750 12.5864 6.1410e+03
82623.3750 11.7246 9.6892e+03
82632.7250 12.6332 1.5076e+04
82820.8851 11.5373 8.8636e+04
83332.6551 13.4609 3.9877e+04
83334.5351 15.4037 3.9877e+04
83487.4051 10.3873 1.0990e+04
83667.8851 12.8817 1.6018e+04
83692.0051 13.8807 8.3388e+03
83771.7351 14.7531 1.0514e+04
83789.9351 11.9275 9.4373e+03
83822.8251 21.0470 2.7503e+04
83903.0451 13.7298 2.1400e+04
84362.4151 10.7495 1.2369e+04
84390.1052 13.6505 1.8077e+04
84902.7852 11.1452 1.6838e+04
84971.2752 11.4033 1.0192e+04
85019.5252 11.1424 1.5863e+04
85038.6152 14.1426 2.7926e+04
85039.3152 11.5842 2.7926e+04
85070.5352 14.2011 1.8720e+04
85135.3152 12.9486 1.0310e+04
85156.5052 18.1927 3.2640e+04
85225.9452 11.5214 1.5143e+04
85484.2452 11.2781 1.4530e+04
85499.0252 10.0484 8.5530e+03
85510.4552 11.7964 1.7162e+04
85570.5552 11.2864 2.4889e+04
85616.6152 10.0325 2.2899e+05
85701.4552 10.0008 5.5473e+04
85723.8852 12.9471 8.3079e+04
86276.7653 10.2326 1.5955e+05
86325.1653 10.8313 4.1023e+04
86345.8253 10.6029 4.4220e+04
