1348.5800823107961 7.974239580882127 19023.80282595414
2659.050162295542 6.574100203792067 87958.12410545895
5051.130308296528 8.04217625354979 34655.75657370674
8962.74054704227 6.1392078363691125 150955.69933909902
12264.500748565719 6.047277391582896 258025.13402809016
12589.850768423508 6.165153909585998 100412.50104519298
14464.910882868096 7.075628201938364 90468.79464474818
17946.341095357733 6.9642580988659555 78338.85273746011
18029.93110045966 9.215573081360406 69371.85878401862
18131.641106667546 6.6196924736057134 46882.529623139395
24244.561479770597 6.618112433610044 25886.533713782123
26757.241633132424 7.73010557351953 698265.178966586
27237.771662461648 6.336916616250007 199258.01304650202
29434.231796522938 6.0658792465131075 41639.636389685205
29629.40180843517 6.375577687567122 150924.9174804902
29877.821823597522 6.39326660823947 111047.98022680129
30852.831883107414 6.742039730029685 26071.87624667547
30867.321883991815 6.360829513886502 15782.785176403304
31101.911898310052 6.877650289363423 216530.5243891302
32122.061960575073 6.1584807215755575 139232.27507713126
34367.04209759778 7.926793990126205 78048.86555168162
34674.60211636976 8.197803385158835 46947.86794738821
35694.44217861586 7.645024605601148 44983.681210562376
36456.44222512465 7.327605208992158 273104.3036943729
38063.9723232405 8.24133684613654 32386.6994520739
38071.362323691545 7.3456562717286955 21882.5059559709
38086.02232458632 7.131597605703965 23288.05402574437
38157.98232897841 8.392989161800271 79390.23354251921
38270.59233585159 6.335889404831829 70159.65014811115
39609.3424175624 6.07844717184261 241266.02301974158
39761.50242684951 9.037217560925484 32633.279173826166
39937.942437618556 6.937960522697692 180195.2782261921
40413.26246662979 7.800154373729275 32368.122882920234
40421.912467157745 8.638461258046947 39009.26885906975
40691.022483582914 7.81274339517082 38893.48140220129
40703.34248433487 6.117736285092853 43400.96449310122
40744.28248683365 7.558694688815957 81120.66225331424
40752.07248730911 7.4406089883609745 19020.966667805293
40824.57249173416 6.7060836924779235 164700.1155405352
40933.37249837479 8.647597471941028 39768.69274575392
41467.40253096939 6.493025816989287 39680.993293232874
41886.902556573645 6.230266437229323 22394.64547449654
41951.412560511024 7.162905317105184 49747.910053844236
41953.622560645905 6.805449234475896 26894.56434036643
42435.75259007279 6.104121212635147 77416.28562634063
42761.93260998124 7.357490925010574 78385.59881662695
51862.643165444526 6.374393063398326 95599.9106388733
58493.633570168065 7.239449046609665 37283.729503054295
60062.04366589622 6.733191390834649 14294.573063517102
60603.0036989138 9.067252010541859 16252.685680685418
60786.53371011558 8.16909483975999 16628.37987683912
61203.603735571516 6.716470668897794 7327.668734204102
61216.66373636864 9.538404892108332 41237.850879240425
61229.45373714928 8.116058670794198 11860.87284116941
61262.07373914024 8.6866855342711 13340.644143355361
61331.61374338463 6.761024019375708 6388.8496152716325
61450.32375063011 7.785327032628321 18851.000023418033
61513.973754515 6.0468198795216095 11026.641431950457
61569.26375788963 7.102626009866144 11912.140468247584
61590.903759210436 6.3570416027260395 21504.620507473344
61654.0437630642 6.992623972961726 19791.84411198279
61658.07376331017 6.189364645705274 42103.586931737686
61800.233771986925 6.0240470151051095 13697.210168477595
61905.10377838768 8.35927527094823 15428.100247514714
63927.05390179772 7.547766057023101 12056.764326008899
64030.19390809289 8.015275781929011 21673.323346902496
64039.003908630606 7.97959681979023 38523.96661571566
64082.03391125695 9.94350207491464 27671.30788614575
64115.18391328027 8.825353960846899 69272.40448431547
64155.52391574243 9.69472971344691 87574.65427634974
64190.58391788232 10.125894214064054 40237.71338107875
64443.11393329553 7.472643439724606 18817.088553700934
64452.6539338778 8.94908720002793 31513.544784845337
65307.63398606164 7.663044454866397 15016.126150921773
65359.22398921045 7.051418338860477 17877.716143348658
65375.20399018579 9.830526086956919 16349.117275585471
65591.9940034176 7.780903754511275 64444.014662647605
65594.10400354638 7.8382346038218635 35584.093836515145
66370.56405093774 10.652423542546783 46376.42027497461
67193.684101177 11.214712932210496 35574.6151295196
68068.69415458338 6.287217765503472 8307.972834891125
69768.32425832057 6.476835349661427 8400.796327148328
69791.38425972805 9.059563195986911 14636.585385991133
69954.95426971157 7.12416136914758 9600.45411440514
70868.30432545803 6.057090475927119 15301.72717072432
71301.51435189907 6.517038917091982 6893.45271836508
73826.68450602323 9.023052977545783 7764.545578654846
81425.50496981842 6.138075874431175 6546.348047499419
81512.63497513642 7.298015151707405 11427.955165101743
81996.09500464448 6.28986304630177 9647.510570019185
83332.68508622346 8.286958638774188 18608.24333804109
83334.29508632173 7.02022134915769 17547.188497224055
