37.4300 10.2782 1.2464e+05
71.3000 20.2552 1.5635e+05
195.1800 11.3706 4.0904e+04
206.5700 13.1903 6.0209e+04
261.4300 14.3297 5.1476e+04
266.2400 13.0249 1.1197e+05
668.4700 11.1045 3.3054e+04
919.9801 13.5075 7.1932e+04
935.4001 10.2140 8.9418e+04
975.2301 16.3297 4.3218e+04
1068.1201 12.4649 6.5333e+04
1108.4901 13.9973 8.7368e+04
1399.5601 14.2705 5.3163e+04
1457.7301 19.8632 2.0872e+05
1755.4501 11.6901 6.4923e+04
2263.0901 16.5386 4.4817e+04
2314.2901 17.0468 7.7867e+04
2485.8402 10.8457 2.2775e+04
2527.4202 11.5030 3.8461e+04
2662.2602 12.7678 5.3140e+04
3574.4102 10.8285 1.0029e+05
3575.7802 13.3062 7.6154e+04
3663.9002 11.4467 7.3290e+04
3698.9502 12.4194 3.7950e+04
3757.8202 11.1056 1.0207e+05
3895.8802 14.9741 3.7919e+04
4086.7002 11.9296 6.3139e+04
4130.6603 11.1570 4.6035e+04
4429.9803 11.3489 2.8678e+04
4519.1703 16.6421 6.1593e+04
4858.1403 11.9271 3.4006e+04
4997.2503 13.4065 9.2991e+04
5019.2003 10.4573 4.1512e+04
5032.7403 10.1458 3.6823e+04
5096.7903 11.5953 6.5468e+04
5362.7303 13.8577 8.1415e+04
5391.5203 11.4256 1.0064e+05
5549.5203 10.5628 7.6210e+04
6462.8104 16.8339 1.5774e+05
6492.2404 13.8032 8.5566e+04
6640.5204 10.5508 5.8461e+04
7113.6104 10.1358 3.8421e+04
7128.9804 18.5462 6.7257e+04
7277.4704 11.9673 3.5353e+04
8002.3705 10.3162 6.4011e+04
8193.2905 10.5476 4.3728e+04
8237.8405 10.2029 5.8002e+04
8267.6105 10.2160 7.6907e+04
8296.6405 11.7727 1.0830e+05
8304.2705 10.7068 9.7280e+04
8442.9805 15.2480 1.0007e+05
8449.9205 14.2692 1.2950e+05
8451.6605 12.7848 9.9997e+04
8456.7505 12.6866 1.3471e+05
8463.9305 11.9047 6.6191e+04
8507.1405 11.1930 5.8598e+04
8540.1605 10.7077 4.5391e+04
8549.1505 13.8193 3.3647e+04
8850.3305 10.4417 2.5521e+04
8861.3305 10.9462 4.7776e+04
8929.7905 10.3444 4.5641e+04
9147.7206 11.6079 6.9507e+04
9284.3906 11.6905 5.5785e+04
9324.9806 11.3617 6.7998e+04
9372.8406 10.3294 5.2417e+04
9383.4606 10.7763 1.2403e+05
9394.0906 13.1411 1.4190e+05
9400.2906 10.1932 1.3442e+05
9408.1706 14.9432 1.4932e+05
9422.4806 14.6951 1.4732e+05
9443.8906 12.9659 1.5389e+05
9453.7406 15.9855 1.4456e+05
9537.5806 17.6854 7.1656e+04
10096.8606 12.1459 6.1387e+04
10546.6706 10.3713 5.6858e+04
10612.5406 10.0449 4.6632e+04
10656.2707 10.5088 5.5849e+04
10665.6207 12.1789 4.6130e+04
10829.5307 10.6581 3.1331e+04
10931.8207 12.4040 6.5329e+04
11162.6507 10.4071 1.1745e+05
11227.0707 10.3158 1.5218e+05
11578.4507 11.9647 6.4736e+04
11593.9307 13.5955 1.5803e+05
11895.7907 11.1478 1.3918e+05
11912.9707 13.0529 1.1962e+05
11943.8907 17.1883 1.7009e+05
12162.0107 13.7224 6.5672e+04
12249.7507 11.3550 6.6668e+04
12259.6007 11.9317 9.0105e+04
12419.9908 11.2037 9.9491e+04
12430.6208 12.9883 2.7802e+05
12629.2008 11.3498 5.4250e+04
12653.6308 14.6337 1.6095e+05
12680.2508 16.9322 1.0994e+05
12732.7008 11.5983 1.9340e+05
12942.6908 10.4238 5.3139e+04
13124.9108 15.6142 2.8366e+04
13188.4108 13.5856 2.9160e+04
13601.1608 17.6373 6.9696e+04
13713.9908 10.1427 4.9498e+04
13811.8308 12.4270 3.9894e+04
13836.1608 11.1143 2.9915e+04
13899.2608 13.0489 8.7575e+04
13950.0309 10.5664 2.0770e+04
14022.0709 11.5458 2.7905e+04
14779.2109 13.6630 2.7905e+04
14808.1109 10.6665 3.0139e+04
14839.3609 10.3252 3.3069e+04
14915.2609 12.7591 4.7394e+04
15189.4709 12.0178 3.6042e+04
15240.0309 15.0386 6.9265e+04
15244.8209 12.6532 1.1155e+05
15374.9909 12.4831 1.5100e+05
15584.9010 15.0728 8.7053e+05
15640.4510 13.2532 8.5562e+04
15656.5610 10.0521 6.1609e+04
15680.7410 11.8433 1.1233e+05
15862.6410 12.5249 2.8140e+04
15877.5410 14.7996 3.1645e+04
15909.0510 14.5430 1.3028e+05
15997.1310 10.1056 9.0308e+04
16000.7710 14.3427 8.1711e+04
16099.3610 14.9039 9.1880e+04
16146.5010 14.9854 7.8014e+04
16157.6410 16.3983 6.5485e+04
16160.6410 10.5246 5.9544e+04
16165.7010 13.5845 6.8774e+04
16185.0110 17.3138 1.2484e+05
16197.9910 18.4845 8.7064e+04
16222.8510 15.1201 9.5646e+04
16244.4610 12.9896 9.1795e+04
16261.1810 10.0822 8.6078e+04
16463.5910 12.1180 3.0062e+04
16584.2210 14.7340 4.7989e+04
16605.0110 12.5532 5.4163e+04
16632.8010 13.4138 5.0585e+04
16767.0910 11.2553 6.8744e+04
16852.0010 11.9539 2.4072e+04
16861.8210 10.7623 5.4335e+04
16879.7910 11.9758 2.5070e+04
16912.1410 12.5422 5.5864e+04
16961.9910 10.4702 3.6842e+04
16999.4510 11.3417 6.7843e+04
17127.0610 16.5859 5.7921e+04
17271.8511 11.2211 6.7925e+04
17391.6711 11.1819 2.8301e+04
17402.7011 13.4721 9.7215e+04
17405.8311 13.0621 7.9887e+04
17482.4311 22.8878 2.4206e+05
17552.7511 12.6945 3.3208e+04
17648.1311 10.1377 6.3413e+04
17689.1011 13.3408 3.9418e+04
17704.3011 14.4540 7.7317e+04
17877.0111 15.0231 6.2863e+04
17948.0411 17.5400 5.0610e+04
18014.1611 10.6542 2.3445e+04
18019.2811 12.5583 3.3954e+04
18131.8311 10.8547 1.4337e+05
18232.1211 10.1100 3.3702e+04
18244.2411 12.0014 2.9429e+04
18299.4111 12.4298 1.0281e+05
18403.4511 10.4359 6.0169e+04
18697.4911 10.3875 7.4601e+04
18970.5812 10.2447 2.4409e+04
19050.6112 10.8444 8.7446e+04
19051.0612 12.2615 8.1005e+04
19305.0212 14.3241 1.0620e+05
19308.1512 13.6962 1.0620e+05
19321.7812 18.1891 1.0415e+05
19366.4312 11.8143 2.3067e+04
19512.3012 13.2014 2.2008e+04
19522.5912 11.0552 2.6605e+04
19745.6112 11.3655 3.1977e+04
19856.6112 12.1937 7.7682e+04
19924.4112 14.2824 7.8231e+04
20071.1312 11.0335 4.7982e+04
20539.5313 11.3589 1.3578e+05
20567.7413 10.0527 1.5954e+05
21037.8013 11.7831 3.0184e+04
21097.6713 13.7220 3.3787e+04
21521.4913 10.6988 2.5561e+04
21717.5613 12.4493 2.7753e+04
21749.7413 16.8323 3.5180e+04
21822.5713 10.4476 3.7023e+04
21979.7013 10.2750 2.0020e+04
22001.5613 12.0528 2.7666e+04
22071.3913 12.5820 2.4041e+04
22378.4014 11.6386 6.6196e+05
22393.2914 11.3177 4.0806e+05
22393.9814 11.8142 3.6241e+05
22703.5314 10.0153 1.7332e+05
22851.2814 13.7730 7.9804e+04
22977.2314 10.9235 3.0292e+04
23005.9814 10.4503 3.3086e+04
23025.4414 10.4123 3.6523e+04
23027.0814 10.8530 2.9654e+04
23065.2114 10.4896 3.5528e+04
23211.0014 16.3764 4.1951e+04
23505.9814 14.8633 1.7007e+04
23612.4914 10.5564 9.3114e+04
23646.7514 10.0982 4.7476e+04
23839.6015 12.7854 6.5808e+04
23844.1115 13.3411 6.1308e+04
24125.6015 10.8273 6.0716e+04
24620.5915 10.9073 1.9425e+04
24722.7815 10.4817 1.7706e+04
24874.6215 11.0111 2.0830e+04
25034.9015 10.1195 3.7106e+04
25309.0015 13.6634 5.9367e+05
25392.4215 12.3333 3.7468e+05
25400.9416 16.1061 5.3200e+05
25853.7116 10.3572 2.5029e+04
26063.6616 12.4405 7.2538e+05
26064.1816 10.9803 5.2587e+05
26094.1316 20.8223 7.6718e+04
26169.0816 10.6583 4.7581e+04
26457.4416 13.5653 3.4065e+04
26481.8216 13.4342 1.8191e+04
26562.1016 11.3234 4.9257e+04
26805.9516 11.0527 2.7959e+04
27100.0617 11.0200 1.1630e+05
27206.6617 11.3134 5.6290e+04
27267.0917 11.4000 6.1586e+04
27322.7317 10.1143 4.6874e+04
27334.9417 11.9356 1.3418e+05
27818.9117 11.6759 7.5142e+04
28075.6817 11.3840 5.3564e+04
28467.4817 10.1367 9.0126e+04
28567.0517 16.6093 6.8732e+04
28882.8518 10.0833 2.4944e+04
28923.1818 10.0166 9.2584e+04
29146.5918 12.0810 1.0544e+05
29165.3118 11.5806 5.2099e+04
29405.5718 10.9046 5.7848e+04
29582.1118 11.6982 6.6242e+04
29610.4618 11.7353 6.8842e+04
29744.0318 11.4999 2.7200e+04
29877.6718 12.1265 2.6583e+04
29958.1218 10.9714 2.7155e+04
29995.9718 18.3685 5.7862e+04
30009.6918 14.9548 3.3511e+04
30024.1218 13.6400 3.1395e+04
30047.3118 16.4758 5.6135e+04
30320.9919 14.6108 1.1252e+05
30338.1819 11.0836 3.3165e+04
30361.8719 15.3190 7.3041e+04
30603.4719 10.3266 5.5794e+05
30698.6819 12.1309 6.2061e+04
30755.6019 14.7483 7.9766e+04
30828.5619 11.2196 6.0714e+04
30890.5719 15.9580 8.3833e+04
30937.7619 10.7456 1.0870e+05
30946.5819 12.0317 4.3573e+05
30948.8619 12.2114 4.0125e+05
30955.0119 13.5814 2.5072e+05
31439.5919 11.3393 7.5091e+04
31851.8819 10.8942 3.8302e+04
31994.9720 11.7791 4.4028e+04
32134.0520 10.4345 5.6687e+04
32335.1420 11.3781 5.9977e+04
32484.6120 11.8049 7.8669e+04
32519.5620 10.5958 6.3292e+04
32730.0220 10.0711 7.3271e+04
32881.7520 10.9366 3.1297e+04
32888.0920 11.7568 1.9502e+04
32925.3720 10.1146 4.9050e+04
32938.3620 12.0709 3.9565e+04
32941.9720 10.8474 2.6595e+04
33019.3020 10.5935 2.0199e+04
33025.5820 10.0786 2.0968e+04
33043.2920 11.8957 1.7224e+04
33190.1820 10.7381 4.0775e+04
33491.9120 13.2544 1.3362e+05
33532.1620 10.6535 4.5584e+04
33801.8821 10.9610 2.9066e+04
34345.1721 11.0993 3.1371e+04
34656.8921 10.0417 2.0715e+04
34686.5021 11.7623 1.9913e+04
34705.1821 13.6726 2.2503e+04
34764.5121 11.7910 2.2524e+04
34771.3221 10.2849 1.9959e+04
34782.6821 11.1257 2.2259e+04
34838.5721 14.1514 3.3687e+04
34986.3121 10.5171 8.1123e+04
34988.8121 10.0040 8.0663e+04
35034.9121 11.7608 4.2548e+04
35183.4921 10.8041 3.4961e+04
35192.4021 19.0854 1.2180e+05
35410.6822 12.7385 4.4187e+04
35545.8722 16.0980 5.1901e+04
35587.7322 14.8941 3.9613e+04
35787.5222 17.8577 7.6124e+04
35800.3122 13.5758 1.9752e+05
36197.1722 16.2023 7.4601e+04
36248.0522 10.3488 4.7500e+04
36802.7822 10.4381 3.1886e+04
37084.8023 12.7963 1.9513e+05
37115.7623 10.2780 9.6801e+04
37143.8923 16.1795 1.1861e+05
37144.7723 11.9546 1.1581e+05
37154.7323 11.0682 7.9356e+04
37177.5923 12.6791 2.9078e+04
37204.7523 10.9242 1.8762e+04
37233.1823 11.3751 1.7426e+04
37238.9223 12.9075 3.6616e+04
37242.4623 12.9614 3.5420e+04
37300.2823 13.4353 2.4955e+04
37408.6523 10.6926 5.6304e+04
37435.5323 11.2626 3.3779e+04
37453.5423 19.9291 1.4860e+05
37509.0223 11.8173 3.4035e+04
37513.4023 10.2384 3.3396e+04
37557.1723 10.3017 3.2410e+04
37636.7623 15.2823 9.3984e+05
37688.4423 12.6608 1.1347e+05
37714.3123 12.8250 3.8169e+04
37948.5823 17.4021 1.6065e+05
37999.2723 10.1685 2.4322e+04
38054.1823 11.1882 4.9334e+04
38059.1123 11.5576 4.2416e+04
38085.8323 10.9508 3.3280e+04
38113.2323 11.3665 8.3071e+04
38351.8823 10.0281 3.8337e+04
38375.4423 11.8458 4.5321e+04
38483.8023 10.0110 2.8280e+04
38498.3823 14.2028 7.8446e+04
38606.1224 21.2029 9.5284e+04
38619.8824 14.1136 3.8403e+04
38653.6124 10.7813 9.0596e+04
38655.9924 11.0146 4.7047e+04
38672.4624 10.0018 8.0270e+04
38707.6224 16.2054 5.5571e+04
38745.1024 14.8008 2.9991e+04
38755.0424 11.9384 4.5243e+04
38789.2124 12.6925 1.0187e+05
38795.8524 11.4592 7.6989e+04
38826.0124 14.2929 6.6671e+04
38884.5924 11.6403 3.6462e+04
39021.8224 12.2436 3.0934e+04
39051.6924 14.8514 3.8229e+04
39202.4924 10.4021 3.8734e+04
39280.3124 10.9979 8.1424e+04
39373.7324 11.0872 4.4439e+04
39635.8724 12.1182 5.0717e+04
39780.0124 10.7353 5.3532e+05
39792.2524 15.2184 3.9207e+05
39816.1424 15.3143 1.6501e+05
39868.3424 10.6295 1.0948e+05
39972.7924 10.1220 6.3339e+04
40004.7224 11.3323 4.4395e+04
40013.8324 17.7128 1.0151e+05
40143.6425 17.3006 8.5982e+04
40164.1925 13.1140 8.4933e+04
40195.5725 10.9171 1.5926e+05
40433.3325 12.7013 6.6308e+04
40494.1725 10.5576 3.5404e+04
40756.9625 12.6551 6.7257e+04
40770.7425 10.8112 3.4217e+05
40827.3325 10.0850 6.8352e+04
40892.6725 11.1350 1.1128e+05
41014.4625 10.1321 6.6912e+04
41014.8425 11.2871 6.0530e+04
41098.6525 10.6184 2.6627e+04
41511.2325 20.6154 1.9743e+05
41526.1625 15.6798 1.6607e+05
41532.8825 16.3135 7.6925e+05
41540.5625 11.5619 2.9246e+05
41563.3725 16.4134 1.0306e+05
42058.6526 11.5333 7.2205e+04
42650.9426 10.5688 7.3127e+04
42675.1126 15.3771 5.7986e+04
42680.0626 11.2655 4.4662e+04
42688.9926 12.3385 5.8009e+04
42741.9426 10.8476 6.9041e+04
42838.4726 10.1846 8.4954e+04
42853.4326 16.8902 6.8957e+04
42886.8826 11.2048 4.2070e+04
42899.7426 20.9192 8.1712e+04
43019.2526 12.8024 8.0301e+05
43037.1026 10.6341 7.6623e+04
43045.6126 12.2587 1.4188e+05
43073.0526 11.4154 6.0753e+04
43088.3626 19.1408 1.5984e+05
43107.0726 17.0998 1.2331e+05
43112.8326 10.9734 7.9812e+04
43126.7626 14.1432 6.1342e+05
43385.2226 10.6930 4.4500e+04
43435.5327 10.7114 2.9547e+04
43580.3327 12.2793 1.8055e+05
43743.4527 10.3773 3.8494e+04
44148.7927 10.6517 6.9496e+04
44192.4227 13.7611 5.9528e+04
44260.4627 10.4750 2.9979e+05
44697.4727 10.2697 1.4595e+05
44933.4927 12.0813 1.6605e+05
45147.8828 15.0026 1.3103e+05
45184.1028 15.9647 9.1590e+04
45214.2428 11.0745 5.7733e+04
45224.0828 11.9748 7.9286e+04
45320.6128 10.4811 6.8436e+04
45396.3728 10.3440 5.4939e+04
45414.0128 13.0805 4.8156e+04
45576.5328 21.6312 1.6231e+05
45658.7928 10.0578 5.1423e+04
45848.3028 19.3512 1.6699e+05
45930.3228 10.1601 5.1565e+04
46036.4728 20.4578 1.1963e+05
46128.9128 20.3268 1.5981e+05
46144.6028 10.3711 3.1015e+04
46151.5028 10.1351 6.5376e+04
46200.0028 11.0584 6.6711e+04
46214.7228 22.1064 1.7135e+05
46244.2928 13.3174 1.0685e+05
46270.6928 13.7672 1.3363e+05
46272.7228 11.3851 1.2410e+05
46319.3828 10.3914 7.8938e+04
46409.3428 12.5519 9.3077e+04
46458.0128 11.0966 1.4664e+05
46571.0128 10.1384 7.2477e+04
46678.1728 17.9923 5.6549e+05
46699.3529 19.8871 6.0428e+05
46716.0029 14.1438 1.8660e+05
46732.2429 20.5779 4.1143e+05
46759.2029 10.9287 7.8888e+04
46767.4929 10.6430 1.9035e+05
46844.9329 23.4093 2.1084e+06
46913.1829 10.2474 1.4716e+05
46967.0729 11.2478 1.3663e+05
46991.8429 16.8089 2.5080e+05
47025.4229 10.4837 1.4928e+05
47144.9329 15.3097 5.4554e+05
47158.4129 10.3229 2.6093e+05
47177.6929 12.7467 1.6976e+05
47181.4829 10.6833 1.2508e+05
47192.8329 18.1265 1.7352e+05
47208.2629 14.7427 7.9350e+04
47224.4329 13.5738 8.3372e+04
47234.4029 12.0702 7.6621e+04
47260.2629 23.5678 4.7722e+05
47261.0429 13.5036 4.0292e+05
47261.8129 10.6122 3.2939e+05
47268.4029 13.2520 1.8486e+05
47276.0529 15.5972 1.7419e+05
47284.3129 15.3247 2.3021e+05
47285.7229 11.1489 3.3103e+05
47288.8929 13.7952 8.0451e+05
47290.5729 12.6311 7.8615e+05
47522.6829 11.5233 1.3420e+05
47555.7529 13.7370 8.6766e+04
47662.6529 11.9440 9.7044e+04
47787.5729 10.0620 7.8962e+04
47881.5429 14.0446 9.7479e+04
48074.3629 11.8091 9.7146e+04
48096.4229 12.6376 3.5858e+05
48097.1229 11.9390 3.5858e+05
48105.6429 16.6081 4.7118e+05
48209.9829 11.5980 6.8565e+04
48243.0029 10.2153 8.4680e+04
48300.3329 11.9889 7.8904e+04
48327.3029 15.4066 1.2121e+05
48355.6630 14.0425 1.1760e+05
48372.4730 20.6334 1.6029e+05
48533.3030 16.2928 8.0932e+04
48554.2730 10.7272 9.8720e+04
48590.4230 10.4494 1.0419e+05
48609.4130 18.0774 9.7904e+04
48703.6730 10.4239 1.3491e+05
48932.3830 10.1353 7.7281e+04
49168.7530 11.4816 5.9366e+04
49187.6530 14.8459 1.2811e+05
49274.2930 12.8737 1.8676e+05
49333.7730 13.4777 1.0708e+05
49403.6030 13.5170 9.2320e+04
49470.8830 11.2939 5.8366e+04
49476.9230 12.0032 7.1782e+04
49541.8030 17.1038 1.3079e+05
49555.7530 13.5151 8.5376e+04
49561.2130 17.0649 2.6090e+05
49565.1530 13.2851 2.3613e+05
49587.2430 11.4456 8.6334e+04
49601.7430 16.8946 1.8786e+05
49614.8830 12.3315 1.3048e+05
49633.1330 12.8487 5.5309e+04
49647.5930 20.2647 1.8532e+05
49659.3630 16.3329 1.9220e+05
49660.5830 12.6852 1.3436e+05
49680.2130 17.0297 1.2950e+05
49718.6330 19.8887 1.4479e+05
49727.0230 15.6310 1.2055e+05
49730.3730 14.8202 8.4071e+04
49744.6230 19.6512 1.4766e+05
49757.5630 13.7724 7.3962e+04
49760.0330 11.2088 7.1449e+04
49764.2130 11.9018 8.2943e+04
49785.0530 19.5174 1.3566e+05
49792.9930 17.8828 1.3559e+05
49800.2730 11.7978 8.2985e+04
49804.5630 13.9603 9.0883e+04
49807.3530 11.7178 8.4388e+04
49819.0130 11.0834 3.7444e+04
49824.3330 13.3862 6.7323e+04
49833.5230 14.1637 7.9634e+04
49843.4030 13.1448 5.0935e+04
49857.2030 17.9458 1.7447e+05
49859.5230 15.5690 1.6835e+05
49863.0130 13.3609 1.2261e+05
49869.6730 11.4439 7.1300e+04
49880.3330 20.3209 1.8982e+05
49886.8030 14.8415 2.1549e+05
49899.1730 18.0835 1.6766e+05
49905.7930 15.0258 1.6179e+05
49910.6830 12.1309 1.4185e+05
49913.4930 12.4864 1.2718e+05
49923.5730 13.7270 1.6636e+05
49926.7230 12.7733 1.1777e+05
49944.0430 15.2547 1.7837e+05
49947.8230 14.6489 1.6705e+05
49961.2530 11.8677 1.3086e+05
49968.0730 10.8013 1.1913e+05
49974.0131 10.1475 1.5679e+05
49993.3231 11.5820 1.1976e+05
49995.5131 10.4719 9.0479e+04
49999.0431 10.9600 6.0482e+04
50004.5131 15.3232 1.6612e+05
50005.4131 11.7855 1.1862e+05
50011.0831 10.6283 1.3205e+05
50020.5031 16.7751 1.4309e+05
50022.0431 10.4491 1.4649e+05
50026.2231 10.0501 1.2081e+05
50037.3931 12.2946 8.9773e+04
50048.6031 12.0275 1.1530e+05
50050.4631 10.4395 7.9238e+04
50065.5631 11.8485 2.2093e+05
50066.3231 19.4255 2.0782e+05
50070.5931 11.5062 1.2607e+05
50076.1231 15.5685 1.8033e+05
50087.7631 16.6149 1.7611e+05
50097.1331 16.3543 1.6219e+05
50103.2431 10.6943 9.0803e+04
50108.3431 12.6950 1.3720e+05
50118.3131 14.0985 1.2636e+05
50122.0331 15.8861 1.1383e+05
50128.3931 10.7858 9.4613e+04
50130.1231 11.1481 7.0048e+04
50134.6231 17.8936 1.4603e+05
50138.8631 13.1215 1.3291e+05
50142.3331 10.4792 1.4049e+05
50145.9331 10.2335 1.4756e+05
50157.3431 11.6281 6.4486e+04
50165.4231 16.3100 9.3930e+04
50173.1531 18.5487 1.6455e+05
50179.7531 15.8462 1.6423e+05
50183.9631 10.4519 1.2687e+05
50189.5731 12.3904 1.4854e+05
50197.9231 14.3708 8.6497e+04
50203.6331 17.1195 1.6075e+05
50205.8031 12.3574 1.4071e+05
50216.4331 12.6765 1.4361e+05
50220.1831 12.6260 9.6957e+04
50225.6031 12.9916 2.1304e+05
50237.6731 13.4637 9.7376e+04
50242.6131 17.3604 1.4375e+05
50250.2631 12.8430 1.2476e+05
50254.2131 16.4255 1.2872e+05
50264.0631 10.8133 1.1638e+05
50272.5331 17.0690 1.4189e+05
50274.7931 12.5331 1.5039e+05
50278.7831 13.2510 1.4296e+05
50282.9931 11.3490 1.2282e+05
50292.8031 14.2244 8.8130e+04
50299.6331 13.4799 1.1737e+05
50301.9631 11.6547 7.5396e+04
50312.5831 10.8814 8.6456e+04
50317.6731 14.1257 1.0160e+05
50321.8531 11.0002 1.1076e+05
50325.4031 11.7082 1.0422e+05
50328.5131 10.1674 8.8462e+04
50330.8631 13.6375 1.1947e+05
50352.7331 16.4980 1.7636e+05
50364.7231 12.1767 1.0013e+05
50392.3731 11.9544 8.7010e+04
50426.4631 18.7450 1.9130e+05
50439.4431 18.6228 1.7419e+05
50443.6331 10.2030 1.0319e+05
50447.9731 16.2776 1.7379e+05
50455.4031 13.8478 1.5406e+05
50460.5231 10.9678 1.2992e+05
50471.3831 11.4882 1.2938e+05
50474.1431 11.3982 8.6453e+04
50478.6531 13.2530 1.2672e+05
50481.1531 11.3914 1.2238e+05
50486.3631 12.9188 1.0726e+05
50503.4731 10.6949 1.1690e+05
50510.6731 11.1380 9.4660e+04
50521.1031 11.6270 1.1878e+05
50535.6431 10.1983 1.5026e+05
50552.3331 12.7331 1.2405e+05
50557.3331 13.3737 1.5281e+05
50584.2931 10.2589 1.7555e+05
50605.9231 12.2667 2.0096e+05
50671.7331 11.3061 1.5855e+05
50684.2731 10.3747 1.1950e+05
50700.4531 10.1882 9.4809e+04
50728.7731 18.6572 2.4498e+05
50762.2331 13.6920 1.3130e+05
50762.9131 12.8165 1.4573e+05
50774.5431 15.2473 1.6578e+05
50787.6931 13.2148 1.1115e+05
50799.5031 14.0560 7.2227e+04
50818.7331 14.9069 2.2805e+05
50820.4131 10.2317 1.9820e+05
50841.5531 14.2704 1.1753e+05
50855.7431 13.8049 1.2308e+05
50864.2231 13.5454 9.5657e+04
50866.3331 10.2969 9.1952e+04
50874.1131 10.4832 6.8068e+04
50886.0531 14.8630 9.8584e+04
50902.2331 12.9900 1.0524e+05
50924.1631 14.6997 1.0687e+05
50925.7131 10.0986 7.1564e+04
50936.1631 13.1337 8.7940e+04
50938.0731 12.7979 8.7940e+04
50940.0631 10.0538 7.4694e+04
50947.5231 13.0017 8.5116e+04
50949.5131 11.4463 7.1048e+04
50954.4031 12.8610 7.9923e+04
50966.5631 11.1206 7.0868e+04
50970.8031 13.5691 8.3104e+04
50973.0431 10.8361 5.4096e+04
50982.6831 14.4077 1.1165e+05
50991.9831 10.5003 8.2775e+04
50998.6731 10.4442 2.0495e+05
51001.9931 16.0979 1.9495e+05
51017.7231 16.0690 1.1659e+05
51051.7931 13.6111 1.2586e+05
51053.1431 11.0534 1.1304e+05
51073.6731 15.5633 1.8068e+05
51078.1231 11.1555 1.5999e+05
51104.2131 11.9805 1.1393e+05
51114.2531 13.7892 8.9287e+04
51117.7231 12.9006 7.1417e+04
51126.1631 18.2578 1.6645e+05
51127.9031 11.3965 1.2145e+05
51146.2731 14.6532 1.1584e+05
51147.8131 11.6370 1.0193e+05
51158.1531 14.4296 1.7128e+05
51164.5531 10.7224 1.2390e+05
51207.7131 13.1145 1.3657e+05
51223.0431 14.3869 1.3132e+05
51249.0931 11.5522 1.2438e+05
51258.1331 10.8329 9.8951e+04
51275.5231 18.6971 1.4859e+05
51295.7731 19.1539 1.3139e+05
51308.6131 13.9695 7.6698e+04
51313.7231 17.4897 1.0493e+05
51329.1631 18.7973 1.2015e+05
51395.8731 12.2448 1.5932e+05
51487.0431 15.3563 6.7822e+04
51496.1931 10.8499 3.2140e+04
51500.7731 14.8021 4.3987e+04
51506.0931 10.5518 3.4881e+04
51513.4231 12.3021 1.1038e+05
51542.5431 19.7479 1.3933e+05
51577.2131 11.2999 6.4617e+04
51593.6031 14.9557 1.0186e+05
51616.1532 13.2440 7.9173e+04
51626.6732 10.1458 8.8988e+04
51671.8632 14.0955 1.1128e+05
51719.0232 13.3267 9.2067e+04
51755.7332 17.1073 4.7782e+04
51764.0932 16.6946 1.4287e+05
51806.2532 10.8237 9.3542e+04
51829.0232 11.0404 8.4365e+04
51857.5032 10.1714 5.7277e+04
51876.0532 14.8936 1.0060e+05
51939.4932 10.8634 1.3968e+05
52007.2832 13.0973 9.2000e+04
52127.3732 10.5085 6.6629e+04
52168.0632 14.6042 4.3103e+04
52210.4432 10.7516 3.8551e+04
52216.5932 10.1253 7.0982e+04
52220.4732 15.4078 5.6026e+04
52239.2032 15.9776 1.0188e+05
52280.0732 14.9179 1.1191e+05
52368.7032 16.6814 9.3025e+04
52374.9432 14.4439 1.1160e+05
52413.9232 15.3820 7.0195e+04
52479.2432 14.7623 5.0662e+04
52513.6832 13.0829 1.0078e+05
52758.5032 19.3960 5.5782e+04
52783.0132 10.5744 6.6302e+04
52850.5632 11.5318 2.9057e+04
52857.6032 10.6776 3.5246e+04
52878.8032 12.4542 2.9025e+04
52883.8432 13.8320 3.9522e+04
52888.4032 10.4929 3.6102e+04
52923.7832 12.3118 6.3548e+04
52932.4332 12.6011 5.8980e+04
52935.8332 12.3002 3.7305e+04
52946.5532 10.0962 8.9986e+04
53012.2732 12.6743 5.0611e+04
53019.7132 10.8822 4.7251e+04
53064.2432 13.3536 1.6969e+05
53227.5032 21.8872 1.8453e+05
53259.3133 13.9154 5.9804e+04
53268.8033 11.0827 8.4244e+04
53283.3533 10.1122 7.5740e+04
53300.4333 11.8330 8.1522e+04
53342.0633 10.2348 7.3971e+04
53428.3933 11.7859 1.0703e+05
53479.4633 17.3557 6.2985e+04
53555.3833 11.2104 8.5087e+04
53575.3433 11.7038 8.7022e+04
53627.9733 12.2587 7.6583e+04
53675.6633 11.1430 3.2660e+04
53681.1533 13.7517 4.9695e+04
53694.4833 11.8664 5.3192e+04
53805.7633 11.4490 4.5967e+04
53822.4233 10.0068 5.7204e+04
53850.1433 10.7345 3.8397e+04
53863.8533 14.4699 8.5742e+04
53889.2733 14.2753 1.1081e+05
53938.4733 10.0529 1.5741e+04
53953.0833 11.2683 4.8781e+04
54027.4933 11.7712 9.6520e+04
54094.6233 13.7198 5.9342e+04
54126.3433 17.2975 1.1312e+05
54140.4733 10.6403 7.1554e+04
54164.8533 14.1406 1.3200e+05
54198.6533 12.2919 3.5176e+04
54260.1233 18.6880 9.3574e+04
54270.1933 12.5261 6.5631e+04
54388.7533 10.3457 9.0684e+04
54487.0733 10.5400 4.8606e+04
54489.9233 11.1332 4.8810e+04
54609.4033 12.6148 2.3685e+04
54661.6433 10.1635 2.0740e+04
54780.4033 19.4579 1.2588e+05
54809.3933 11.7659 6.0886e+04
54859.1033 11.3909 3.6301e+04
54894.5434 11.9363 7.5492e+04
55188.0534 16.5851 9.9896e+04
55449.2234 12.3552 5.9572e+04
55599.7234 11.2282 1.1319e+05
55804.1334 10.1984 3.5398e+04
55990.4734 10.4852 2.8356e+04
56005.0434 10.2082 3.0167e+04
56063.4434 14.2653 4.1203e+04
56075.3734 10.3741 7.4617e+04
56092.8534 10.1689 5.0621e+04
56096.7734 12.2390 5.1195e+04
56256.9034 12.7173 2.8638e+04
56288.7534 12.5176 3.0736e+04
56435.1934 10.0879 3.0127e+04
56435.7934 11.7112 3.0127e+04
56504.0634 13.8128 3.1198e+04
56522.3534 10.1188 2.5125e+04
56706.7835 16.3095 2.1440e+04
56717.0335 13.4343 1.1392e+04
56759.9135 13.0393 1.7910e+04
56816.5535 16.4655 5.3787e+04
56964.7235 11.2934 3.0260e+04
56975.9235 11.3020 3.9314e+04
56976.4835 12.0054 4.1910e+04
56986.4935 12.4405 5.8232e+04
57012.7335 11.0138 5.0907e+04
57051.2435 10.6780 3.7710e+04
57062.2635 11.0498 3.0602e+04
57066.4335 10.7916 2.8773e+04
57073.0035 11.9191 4.9495e+04
57115.2535 13.1213 3.5594e+04
57165.8635 11.5926 1.8842e+04
57244.7235 11.1006 1.2614e+04
57297.8135 11.5553 2.7000e+04
57341.1735 10.8704 4.6910e+04
57342.0235 11.4705 4.7646e+04
57433.7435 11.5370 1.9557e+04
57540.5335 11.5199 1.3515e+04
57583.3435 12.0580 1.6206e+04
57590.5435 10.3164 7.3884e+04
57590.9435 18.6515 6.8287e+04
57638.4535 16.6822 4.2913e+04
57646.1435 11.0315 4.3334e+04
57670.0435 15.9041 5.6129e+04
57718.5935 11.7787 4.5595e+04
57721.3135 14.0550 5.0785e+04
57737.8035 20.4331 7.2376e+04
57777.6135 12.2551 5.8026e+04
57781.4135 14.9432 8.9802e+04
57802.3735 10.5021 4.8139e+04
57829.4935 15.4483 9.7014e+04
57894.2635 16.7989 4.3104e+04
57913.6835 10.8657 4.5781e+04
57948.3135 11.2617 1.3336e+05
57948.9335 17.8721 1.3336e+05
58105.8635 10.1984 2.5132e+04
58125.0535 13.1176 4.1682e+04
58126.7335 10.0221 4.1682e+04
58168.6636 13.5450 1.4507e+04
58225.8336 12.0880 1.0239e+04
58275.1036 15.8631 2.9699e+04
58312.7836 12.5088 3.7483e+04
58331.8236 10.5738 2.6520e+04
58384.6236 15.8873 2.2708e+04
58446.0836 12.3236 3.5822e+04
58464.8236 17.2059 7.2202e+04
58476.5536 13.6211 1.6902e+05
58542.8636 16.1403 1.3373e+04
58558.6836 13.2604 2.2826e+04
58592.9536 11.1988 2.0714e+04
58606.3936 12.7779 1.8697e+04
58649.7336 10.1520 2.4778e+04
58658.7636 11.9137 2.0885e+04
58673.2336 11.2842 5.9863e+04
58733.3636 16.0501 4.6508e+04
58769.5836 10.2763 4.7295e+04
58823.6536 14.2568 3.7355e+04
58912.5036 14.7135 1.5889e+04
58920.1636 10.1956 3.6171e+04
58956.3436 11.2132 1.6410e+04
58966.2636 11.4882 2.8379e+04
58998.4536 10.1945 2.5011e+05
59002.0936 12.8854 2.4652e+05
59012.1836 11.4485 1.9974e+05
59044.3236 17.6840 3.3967e+05
59060.1236 16.7486 3.0165e+05
59063.1336 19.6034 2.8163e+05
59085.9236 11.3527 1.1241e+05
59108.6936 22.1954 3.2533e+04
59114.8536 15.9352 6.3153e+04
59163.9536 13.5907 1.4521e+05
59166.7236 20.6350 1.4365e+05
59183.8836 15.1709 7.1437e+04
59189.5036 11.6054 6.9839e+04
59198.4836 11.7758 6.6641e+04
59348.1836 12.3290 1.5847e+04
59397.5736 11.1400 2.0074e+04
59440.8236 15.5712 8.3729e+04
59446.2636 10.6632 9.0098e+04
59452.1336 11.1344 1.0576e+05
59453.4036 13.2169 9.3684e+04
59468.1036 14.9469 1.3593e+05
59468.9136 16.3487 1.3272e+05
59474.2336 12.0489 1.2630e+05
59501.6536 11.6452 4.0236e+05
59502.7436 17.3660 4.0756e+05
59503.5536 10.0223 4.8281e+05
59504.8136 14.1140 6.2416e+05
59508.3136 11.1349 5.8723e+05
59576.3136 10.6954 3.4614e+04
59592.8036 14.5807 1.9193e+04
59617.6636 16.4775 2.2022e+04
59634.4736 10.4074 1.7625e+04
59669.9136 14.0206 4.3957e+04
59723.4536 15.1681 2.4147e+04
59806.1137 13.8087 3.4705e+04
59840.1737 16.0940 2.1556e+04
60021.3937 11.6548 1.1610e+04
60061.8737 21.6998 5.7347e+04
60158.7137 10.6995 2.6294e+04
60161.2437 10.6273 2.4108e+04
60186.7637 11.6050 2.5758e+04
60191.8637 13.3273 3.0664e+04
60297.7137 20.5275 2.8127e+04
60319.8337 14.6785 1.4313e+04
60359.8337 19.8769 2.1789e+04
60392.3337 13.9608 1.5615e+04
60444.1637 14.5394 2.0307e+04
60517.3837 14.1809 2.7228e+04
60558.2137 12.6918 3.1958e+04
60602.9337 15.1979 4.2065e+04
60717.4137 11.6385 3.1093e+04
60777.9037 13.4824 1.0511e+04
60829.6237 14.3864 6.9940e+04
60833.1737 12.2894 6.6128e+04
60875.7437 11.5739 2.7386e+04
60967.7237 11.2650 3.3468e+04
61012.1537 13.0931 2.4228e+04
61026.4137 10.0904 2.5359e+04
61082.5437 12.7068 1.8208e+04
61090.8937 10.0783 1.0647e+04
61102.2537 14.1871 1.7533e+04
61103.4337 11.0728 1.6025e+04
61105.0937 10.1354 2.9764e+04
61108.4337 11.0738 2.7235e+04
61116.7737 14.4020 3.2461e+04
61154.8237 13.0701 2.0726e+04
61184.9337 11.5185 2.3306e+04
61213.5637 14.8161 3.5777e+04
61216.4237 12.3534 2.7304e+04
61231.5437 14.0416 2.6046e+04
61272.4937 12.0433 5.3941e+04
61295.9137 15.5968 1.5631e+04
61304.4237 10.2106 1.9315e+04
61344.2637 19.3007 1.2137e+04
61351.3637 10.0042 1.2827e+04
61362.5437 13.3831 6.4164e+04
61364.4337 13.5406 5.0863e+04
61425.2137 10.0106 1.8534e+04
61432.5137 14.8967 4.4244e+04
61468.3338 12.5916 3.2707e+04
61469.4238 14.7923 3.2707e+04
61476.4838 15.9925 3.0548e+04
61481.4038 11.0916 3.8362e+04
61491.3638 10.0674 5.8727e+04
61596.2938 12.3759 5.0793e+04
61597.1238 12.6726 4.1993e+04
61601.8938 12.4083 9.4549e+04
61603.7238 17.3753 8.7412e+04
61654.6338 12.3518 4.6806e+04
61758.2038 10.7967 2.8895e+04
61797.2138 10.5421 2.2653e+04
61895.3338 10.0076 4.4887e+04
61895.9938 12.0525 4.4377e+04
61957.5638 10.4302 3.0195e+04
61961.9638 11.3036 1.8902e+04
61968.6938 11.3516 2.1282e+04
61980.7738 10.5860 1.0064e+04
62003.4638 10.2396 2.7977e+04
62014.8738 11.8560 2.4489e+04
62093.2938 11.8836 7.6369e+03
62146.3238 10.1317 3.4845e+04
62147.4338 10.7710 3.4845e+04
62150.3038 11.8194 3.2094e+04
62195.7938 12.6185 1.6056e+04
62214.6138 13.4253 1.2661e+04
62236.0138 10.3936 2.0243e+04
62245.5038 10.7117 1.9048e+04
62248.3738 10.3738 1.2292e+04
62311.2838 15.7624 2.5013e+04
62325.5338 10.1167 1.0141e+04
62332.1138 14.0504 1.6373e+04
62461.6138 14.3292 2.3410e+04
62473.2738 13.4678 1.8512e+04
62515.4638 11.0140 3.5563e+04
62533.9838 17.9805 8.9043e+04
62579.9438 10.7161 3.2299e+04
62620.4138 20.1902 5.5505e+04
62678.5338 15.0100 2.9572e+04
62720.8538 12.2759 3.0336e+04
62784.3038 10.5202 2.2281e+04
62789.5438 10.5285 3.4908e+04
62882.4238 14.8521 3.5678e+04
62929.0238 16.2372 5.6125e+04
62947.1738 13.7748 6.7809e+04
62993.8638 14.0448 2.2324e+04
63003.8638 12.4664 2.2371e+04
63030.6338 10.7500 3.7592e+04
63048.9038 10.9668 3.6643e+04
63119.1439 10.7831 3.4059e+04
63188.4339 14.4686 3.7797e+04
63246.9139 12.5911 3.5870e+04
63316.0839 11.0728 2.6095e+04
63359.3239 11.9943 1.8616e+04
63365.1039 10.2780 2.6571e+04
63401.8239 13.4876 5.4871e+04
63402.4539 12.8515 4.5062e+04
63410.5639 11.2918 4.2490e+04
63423.4039 10.1577 5.8254e+04
63442.1639 11.5718 3.4605e+04
63484.3139 15.4843 1.7136e+04
63496.0839 12.1993 1.7922e+04
63515.9439 17.5782 1.5160e+04
63553.0039 11.8316 5.8232e+04
63554.5939 14.2930 5.7556e+04
63607.2539 14.1194 2.0116e+04
63610.1039 10.6614 1.9756e+04
63655.4239 10.9673 2.1186e+04
63720.8939 12.3527 1.8248e+04
63722.7439 12.2950 2.0665e+04
63730.1739 10.1553 2.7449e+04
63734.0039 12.5607 3.0083e+04
63755.1939 17.9170 6.4491e+04
63851.7539 11.1133 1.1540e+04
63888.0239 11.0403 1.4324e+04
64048.3239 19.1399 1.8342e+04
64289.3139 11.3400 1.0608e+04
64324.8939 14.1361 1.3751e+04
64414.6139 15.6684 3.4768e+04
64469.1639 19.5732 2.3369e+04
64482.0939 11.8613 3.0719e+04
64507.0339 10.1856 2.5627e+04
64519.3239 10.9497 2.2303e+04
64621.1239 12.6961 2.9739e+04
64622.4039 11.1615 2.5874e+04
64672.9139 10.3313 7.7826e+03
64864.9740 10.1143 6.7776e+03
65240.7740 13.7729 2.5086e+04
65252.6740 12.7801 1.2856e+04
65374.9340 10.0785 1.1622e+04
65475.8340 18.3861 1.9006e+04
65822.4040 14.5830 1.5781e+04
65880.5040 15.0029 2.8938e+04
66370.6841 22.1893 1.4322e+05
66575.1241 12.8500 1.7913e+04
66709.1941 11.9288 5.8117e+04
66742.1041 10.9898 1.7428e+04
66793.3541 14.8424 1.8627e+04
67193.7941 15.8836 1.1916e+05
67195.8141 12.0898 1.1916e+05
67551.4341 15.4242 1.5820e+04
67657.0941 10.0991 9.5038e+03
67666.2741 11.5429 1.1610e+04
68068.5842 21.1287 4.2969e+04
68973.8342 10.5786 1.5822e+04
69379.4742 10.3805 7.5138e+03
69384.7842 17.1829 1.4952e+04
69650.5343 11.2102 1.2182e+04
69725.0643 15.2882 1.2544e+04
69754.2843 13.6213 2.5295e+04
69791.4243 16.7621 2.9517e+04
69804.1543 10.0529 1.0356e+04
69907.6543 10.1503 2.3079e+04
69955.1043 10.3440 2.5615e+04
70156.9043 11.6464 2.3270e+04
70162.9943 12.2390 2.4457e+04
70231.6943 15.5614 4.7942e+04
70262.5743 10.4434 1.5442e+04
70268.5643 10.7548 2.4941e+04
70309.7843 20.2731 4.8824e+04
70606.7143 11.1385 9.3595e+03
70786.2543 16.2544 7.7822e+03
70803.6643 13.6190 1.2420e+04
70868.5743 15.0458 5.3646e+04
70916.8843 15.8630 3.3078e+04
71185.0043 10.3751 7.7086e+03
71212.5743 21.0434 5.8362e+04
71696.5044 11.7409 1.1170e+04
71778.5444 13.7991 1.5347e+04
71955.6744 14.4149 9.1149e+03
72106.5344 11.1563 1.0355e+04
72370.4244 14.3729 9.2244e+03
72851.9644 10.1435 8.0719e+03
73043.9945 13.1589 1.4087e+04
73540.5745 10.8866 9.6507e+03
73769.1745 11.9354 7.3317e+03
73826.4845 13.3630 2.1730e+04
74012.9045 10.0017 6.6827e+03
74106.2245 10.6653 7.7413e+03
74189.4545 10.8165 1.7743e+04
74408.7445 10.6545 1.3510e+04
74543.3645 10.0428 8.0846e+03
74570.6146 16.2639 1.1535e+04
74587.2746 16.2662 8.7525e+03
74718.5146 10.6474 1.3837e+04
74806.3146 13.2614 1.0769e+04
74825.5546 11.1363 7.6423e+03
74842.0046 12.1564 8.9691e+03
74942.6246 10.0305 8.7003e+03
75070.3346 15.1533 2.0273e+04
75177.6046 10.1775 2.3781e+04
75211.4546 10.6722 9.4189e+03
75249.4546 11.0334 2.6598e+04
75395.8546 12.2045 2.0014e+04
75468.5746 12.3985 2.7099e+04
75477.0746 12.0906 1.5353e+04
75482.6246 11.1658 2.1264e+04
75563.9346 16.9709 2.8378e+04
75573.2146 17.4954 2.8205e+04
75730.1746 16.2680 3.3317e+04
75845.6246 15.4417 3.2958e+04
75874.7546 12.5458 9.7396e+03
76016.8246 11.3400 7.4826e+03
76248.2147 11.2959 1.0788e+04
76260.1947 11.6658 1.7316e+04
76269.8147 17.6312 2.5086e+04
76284.4447 13.4804 4.6947e+04
76305.1647 13.5458 9.7785e+04
76306.7347 18.2529 9.7785e+04
76669.5847 10.7186 1.3113e+04
76826.9447 10.8990 1.4729e+04
76860.4447 13.6580 4.2677e+04
77017.0547 11.5707 1.2163e+04
77137.5947 11.2812 1.3136e+04
77232.7447 11.3257 2.2340e+04
77235.2647 12.8948 2.2340e+04
78293.0148 11.8961 1.1529e+04
78587.7748 10.6127 1.6206e+04
79179.0748 13.2936 1.2168e+04
79245.8048 11.8500 1.9786e+04
79444.7448 11.2296 1.0194e+04
79633.2849 14.2555 1.4176e+04
80022.9449 10.7358 1.0255e+04
80088.9849 11.0865 1.8945e+04
80098.0049 11.9943 2.1958e+04
80109.2949 12.5771 2.1003e+04
80127.9149 13.8132 2.7090e+04
80358.9149 10.2054 5.8375e+03
80380.5749 14.5544 2.0774e+04
80442.3749 10.3931 2.4095e+04
80480.8949 12.5331 1.7451e+04
80499.7549 11.6314 9.1137e+03
80513.1249 10.8890 9.7343e+03
80540.1949 13.0008 1.5820e+04
80596.5949 18.3477 1.8615e+04
80650.8049 14.7204 1.5987e+04
80651.4749 11.9974 1.4645e+04
80665.2149 12.0476 2.5257e+04
80665.7849 12.0905 2.2412e+04
80717.4149 11.0385 7.0965e+03
80728.8949 12.3101 2.3376e+04
80730.7949 11.8386 2.0211e+04
80875.3649 12.0181 1.2567e+04
80948.7949 11.8431 2.1747e+04
80949.4149 13.9957 2.1747e+04
81297.9550 10.9734 1.2420e+04
81425.8550 10.4727 1.8694e+04
81827.0550 12.0079 1.1931e+04
81862.1050 11.3353 1.9195e+04
81903.4850 10.5775 1.4898e+04
82038.9750 10.6656 8.0805e+03
82046.3150 11.8597 9.0323e+03
82148.9450 22.8980 4.4992e+05
82267.3050 17.4349 4.6111e+04
82267.8650 10.7262 4.6111e+04
82268.3050 12.2378 4.3413e+04
82758.1751 10.8071 1.6763e+04
83082.2651 11.5769 3.4701e+04
83091.3951 12.4396 3.0505e+04
83135.7451 17.1625 5.2565e+04
83151.5751 11.5350 4.2688e+04
83157.3551 11.3801 4.6554e+04
83163.3251 13.7645 3.7663e+04
83247.9851 11.7355 4.0155e+04
83288.2451 11.3208 3.1472e+04
83345.2851 14.4264 1.2278e+05
83435.2551 10.7619 1.4149e+05
83495.3051 11.0727 4.9598e+04
83571.0251 10.3121 3.1091e+04
83818.8151 14.6075 3.6279e+04
83823.0651 10.6816 5.0493e+04
83825.4351 14.6670 3.8770e+04
83937.7651 12.9917 2.7756e+04
83952.9251 14.7162 4.5856e+04
83980.5751 19.7795 4.4613e+04
83994.0951 13.6524 2.8574e+04
84046.6551 14.9478 3.9827e+04
84066.0151 10.4206 4.4026e+04
84082.7751 10.2947 8.8771e+04
84201.8451 11.7148 4.9647e+04
84209.9651 16.9597 1.0407e+05
84222.5051 17.2118 5.1162e+04
84243.2951 16.2866 7.9976e+04
84256.2951 12.1556 8.0215e+04
84312.4151 11.4128 1.2339e+05
84313.1451 14.0171 9.0877e+04
84320.1751 16.6492 1.8299e+05
84358.0851 12.2696 9.0302e+04
84390.6252 11.4481 4.8653e+05
84443.7852 10.6744 8.1958e+04
84456.6152 13.2867 5.4144e+05
84459.2452 13.1910 2.9165e+06
84462.1152 10.7015 4.2932e+06
84462.7352 13.5477 4.2932e+06
84463.3752 22.8358 4.2791e+06
84489.1652 18.0542 1.8447e+05
84531.7952 13.5303 2.2495e+05
84537.5652 17.3158 1.5752e+05
84572.3052 10.8743 4.2367e+06
84572.8052 10.8612 4.2367e+06
84573.5452 12.3601 4.2367e+06
84574.0352 17.4287 4.2367e+06
84574.5752 10.4871 4.2367e+06
84575.1752 20.5799 4.1752e+06
84790.3352 12.5874 5.1984e+04
84987.9552 11.1798 4.8012e+04
85420.6352 10.9999 5.1420e+04
85476.4552 10.3462 2.3048e+04
85488.1052 11.1418 5.2363e+04
85616.4452 17.2996 3.5146e+05
85637.0552 10.0426 3.7733e+05
85637.7252 10.7895 2.7627e+05
85639.2852 10.6627 2.2888e+05
85675.4352 13.6536 6.1690e+04
85683.8752 11.6216 4.3795e+04
85688.0452 12.9649 6.4505e+04
85691.7352 10.5634 6.0311e+04
85709.5352 10.7332 1.1421e+05
85711.3152 11.3385 9.6708e+04
85734.3852 16.9057 6.2311e+04
85739.8752 12.1413 6.7001e+04
85752.2652 13.2847 4.9401e+04
85758.2352 17.0129 1.7058e+05
85771.8052 11.7478 5.6691e+04
85773.8552 11.4258 5.7264e+04
85780.4252 13.4477 1.3983e+05
85802.9552 16.0622 1.3181e+05
85836.2952 11.9794 7.0564e+04
85849.3752 23.5604 2.0097e+05
85854.3552 13.8729 1.9228e+05
85883.1152 10.1425 3.1823e+05
85890.4352 12.7137 3.3901e+05
85916.5752 17.4713 8.2761e+04
86043.0753 12.0665 5.5234e+04
86086.2753 16.9120 2.2932e+05
86088.0353 15.3602 1.5536e+05
86136.2253 17.2902 1.1450e+05
86148.1653 12.1251 1.6660e+05
86190.4053 11.6415 2.7403e+04
