118.86000725463911 6.655683291619158 46818.074951577866
127.03000775329637 6.601971804004362 508071.035459753
174.35001064148014 8.475842472081029 67088.61790161263
195.27001191833568 6.2080325243451435 87971.20867742601
209.31001277526934 7.063459403081027 101455.46247324307
293.40001790771595 6.211327611619278 1070139.3015821527
415.54002536255035 6.550244363176229 249077.1462713107
441.39002694030927 10.196196862732819 1358061.217050919
483.9900295404071 8.223055475916851 842771.1769739761
589.6800359912131 9.177377510078573 370449.47299826966
628.7000383728051 10.19318450265899 1024397.2811619937
634.1800387072777 9.39268578276181 1128905.2812955708
792.3600483618194 6.13082827455948 140035.245630789
878.5800536242708 6.065176182602116 120199.03052217992
1162.5000709533736 7.342069112766413 94518.89761777385
1411.8700861737113 7.019284357914334 281249.44393288525
1420.2400866845755 7.088322645303155 262465.7244678876
1493.4900911554012 6.953822793222494 110943.65567416366
2040.930124568489 9.798718738518218 1522515.7793163927
2047.6601249792557 8.367989760669195 1740364.170807724
2377.0901450860683 7.809636210882732 118608.39373897489
2514.480153471689 6.21553480415948 135111.64763096868
2584.1001577209568 6.095497341144399 613184.8023831816
2620.0101599127297 6.10914378005817 187619.41574798568
3149.6101922369503 8.458450732487512 137069.31162596933
3610.3602203589003 7.217271897474596 167912.07431355005
3822.3802332995747 8.714650730073911 272838.6907761085
4026.000245727554 6.021786469250156 55041.42913724624
4101.720250349136 10.950421334682527 775700.8700770295
4204.760256638199 6.024845287602925 156071.77027392093
4285.200261547868 6.4998118749034335 401388.39307791623
4295.610262183243 6.079069000272992 307865.97703205823
4501.400274743669 9.639141424043364 2793570.5322492504
4550.410277735003 8.520774949656984 710662.1168712149
4827.680294658221 7.814495791530524 850934.7454930793
4859.550296603412 6.49403734865604 1291357.049307242
4860.680296672382 10.316563425104142 1291357.049307242
4880.740297896747 7.4091650378426746 596899.9401299725
4901.740299178485 8.77011148730903 1275890.4364520637
4915.930300044574 9.072720413967817 626279.3577970889
4973.810303577289 6.754962880732312 487037.578449696
5014.090306035785 8.210521903207182 473803.16433442815
5041.010307678852 7.200255412096504 314497.0860991261
5051.790308336811 7.8784861547995915 1817314.4133699983
5102.9003114563175 7.741493344295864 646725.0329562487
5142.460313870869 7.617809199638078 1102990.384501012
5946.690362957175 6.076589065124361 1123583.9088784077
6000.730366255516 8.390334051220316 495614.1477738699
6117.820373402123 11.34923862366903 1966506.4951146895
6266.540382479271 10.347769283046869 615537.8647188022
6427.830392323633 10.611328774553863 251601.71852672714
6442.780393236108 8.508897813623319 318132.1981739445
6465.87039464541 8.894597119858235 291131.72758943564
6488.280396013208 6.481441706169225 308895.6276945168
6620.240404067407 6.406257168026422 85857.64112337983
6652.520406037623 6.176578474493061 90221.90442277565
6672.600407263209 6.568057918066669 120073.8126323974
6678.720407636743 7.091720261141039 83158.50478092892
6808.100415533472 7.4396684421018815 685901.8066320816
6825.320416584498 9.761349453621598 5670658.859321324
6826.730416670558 11.110066384945688 5670658.859321324
6838.100417364528 10.665875849555379 3265929.070007844
6877.42041976443 8.391640867562352 153500.22345071015
6879.800419909694 6.542686954454599 154735.38902536425
6886.080420292994 6.2369629253105945 70507.8639181885
7031.830429188869 9.587618520066522 723893.8531280025
7058.190430797756 8.617918841195145 1105901.1807229088
7213.680440288113 8.541917829457486 967244.908248083
7241.670441996487 6.563730931607082 338667.52565844683
7359.160449167508 9.786244566637178 784042.4055888493
7634.400465966825 7.419441366047662 450199.89646467374
7766.030474000883 6.554600357850739 1066919.8986377534
7786.140475228301 6.605329109810006 610079.9886577339
7799.130476021147 6.0826548346232014 549964.8581550627
7821.180477366973 6.119630914081989 247245.81428197553
7893.880481804229 7.398036292289989 298307.4098993274
8026.880489921905 6.813288892192197 513673.1774848895
8027.580489964629 6.078201177574461 394998.36749673315
8134.380496483184 6.663880787247991 221720.45558613748
8136.900496636993 6.809075199037513 233757.40117721853
8162.910498224518 6.365117498886942 375511.8017518048
8175.22049897586 6.912728292516823 306346.2777675509
8191.260499954865 6.326218210626 297581.2186071533
8199.35050044864 10.518552980342811 833971.7504598359
8213.230501295808 10.98985833056686 1211562.0548343663
8228.340502218049 8.77264563499578 301665.5723660915
8240.250502944977 9.934537057445546 1365729.5704526238
8325.970508176912 6.291807882180708 134616.10351778835
8343.660509256622 6.039903899889088 216257.9374663354
8479.670517558015 11.45930975329163 4819526.727949799
8550.490521880525 6.1241378735330745 455308.7257185171
8608.300525408968 6.973264470893828 347591.04722472146
8674.020529420199 6.619844334317118 340128.3700196673
8738.990533385653 6.788920861350474 153220.21219497212
8834.340539205356 6.882565632216322 143428.87243149406
8962.1905470087 7.445129544959903 472396.8343368787
9016.050550296053 8.313648258162882 389795.16548956523
9022.72055070316 9.687314843402477 1029527.0601488182
9123.850556875645 10.626678218286385 2065998.1817819786
9126.02055700809 7.59143921319143 1640884.6750575104
9133.310557453036 8.471104208674692 1056050.3017481407
9150.570558506504 10.832005582669778 1281616.7899249152
9159.530559053379 8.917147530204431 562550.7726090278
9168.530559602696 9.405879769616085 883160.1213661423
9177.730560164218 10.292894334684366 1064173.9556166576
9211.060562198521 9.82811600473908 1303205.2300207275
9214.100562384068 7.056371577778954 1187041.402041653
9258.350565084873 6.233950879523903 302712.20529180835
9292.860567191197 7.922413477619487 270888.48542842595
9378.310572406652 12.14495282370537 3346456.6854752377
9405.03057403751 7.164711759397356 422904.0424445703
9438.89057610416 6.253854337909963 425908.48181479186
9442.760576340368 8.804918205789537 923908.8123440454
9447.490576629063 9.834574104179373 1965654.5603081128
9475.720578352086 8.450781646463087 590290.397777337
9500.130579841954 6.28151546438643 140971.39814765335
9504.610580115392 10.398064710218996 713415.493848077
9537.410582117345 7.598710386162077 264688.3475964132
10021.280611650427 9.02137403620354 3516739.7066209246
10028.15061206974 9.710408877401788 525359.3009829005
10049.880613396033 7.781241278485701 2149342.2182912854
10053.130613594398 6.9113736666144545 1119276.3612761917
10064.750614303626 7.98344613822709 1635503.7450912874
10087.740615706825 8.82649781432484 834953.9578542331
10096.200616223183 10.369695472385086 9549724.533701956
10098.340616353797 11.889141576240046 9105691.053602936
10134.430618556557 9.240379700535248 5105443.089441625
10550.490643950845 7.076946371945129 642765.6318546287
10559.840644521524 6.979754166033002 1026268.0981954838
10585.830646107828 8.647970327426036 1339612.198425375
10612.080647710001 7.663651737023676 2096342.2090902317
10664.080650883829 6.573883777487044 443122.4836484289
10673.550651461832 6.34514126036272 194616.83309683335
10688.920652399942 7.688592444678395 630918.0791223982
10904.560665561565 8.262750541456954 1136047.0580615515
11010.750672042888 6.643405164564773 2223620.826222431
11023.380672813762 8.782150006727873 970034.9526543906
11042.41067397526 8.828743713962801 493458.29294141993
11124.930679011883 7.505874259038684 2130358.3867327105
11130.760679367717 8.405617226739023 584655.4074299014
11136.630679725993 11.160361318458333 720510.4410916314
11156.930680965008 8.454724171357224 1623311.362258956
11174.07068201115 6.628385218294425 647083.827219382
11177.390682213787 8.293655005114612 5091978.204593937
11201.63068369328 6.27558812806576 264527.23200385034
11278.560688388714 7.42925194981877 367266.84649071784
11543.850704580731 7.021966716788177 1103892.6806197444
11632.140709969526 7.200568698689401 481809.6740028491
11646.75071086125 8.417872279717445 288206.3809432972
11679.960712888227 6.444304714734346 365164.2048465825
11803.730720442549 6.146778019940076 639109.8235902502
11805.460720548139 8.215617787378113 635228.2179382151
11814.420721095015 6.78669128067495 320633.3014748828
12119.010739685715 6.624419252102707 590044.3660634172
12164.960742490279 7.872323622014858 293503.74972033355
12196.170744395187 9.091182584873886 1428258.1377990756
12689.14077448369 7.601800328891969 322833.08735992137
12690.780774583787 8.311609474261541 322833.08735992137
12753.250778396654 6.071041367216591 65316.78834948677
12919.80078856206 6.514824671060675 118664.54337749373
12931.280789262744 7.461653330430016 215190.8116283219
12935.240789504443 6.640204718222764 208546.7009301763
12937.260789627733 6.438192925596218 225874.5275436031
12959.430790980883 8.24096134233989 282284.18423277664
12966.930791438646 6.582322576478536 293930.3502075135
13008.54079397832 7.826574548190334 313949.521465076
13151.410802698414 7.195354111073892 390705.57103267935
13172.810804004566 8.519616931581012 1120299.3787028585
13214.610806555835 10.193425911787031 386969.8628942356
13239.030808046315 6.791056796019114 705648.6884405355
13248.240808608447 6.582783601175825 383531.00151113357
13277.370810386403 7.239092270209449 278436.6743634081
13344.360814475147 6.783764251827281 647445.4583543713
13383.600816870166 6.52748300102734 185370.63651551708
13386.85081706853 10.366233667724591 987584.9385269019
13392.380817406056 8.743610518064385 1118962.2717204436
13408.610818396657 6.735574976555064 138193.46473681083
13431.720819807178 7.070621376647769 220709.5671551535
13435.860820059865 9.216875909892359 392619.89911091106
13470.100822149709 7.192065774333744 241691.55663779078
13480.790822802173 8.120225519415463 284863.8173102576
13487.150823190357 7.952865997510719 328072.097577377
13497.310823810476 8.359636369786728 505028.3002540749
13535.29082612859 7.219240476876134 224806.92130381038
13543.52082663091 11.643262477561601 817846.0229754206
13558.180827525684 6.298659674812808 166017.03199617108
13633.14083210088 7.636541267781952 505765.09408409434
13670.810834400076 7.9410782057256375 389303.06509944703
13687.200835400441 6.040393323172867 373476.8213678749
13690.090835576833 6.264145686612346 350050.2350431829
13709.180836741994 6.200031152896373 561457.8873600924
13711.970836912282 6.81872267185208 448114.2568421618
13717.650837258961 6.386529054945509 486523.9214368426
13792.620841834769 8.124229617984772 107832.92502508947
13800.90084234014 6.355226437773177 339360.3945404928
13804.790842577566 9.498717729033782 938469.1980075418
13820.930843562674 7.966815168873211 565967.4217095281
13823.550843722585 6.558386268883996 477708.7925435226
13836.730844527028 11.628622016001337 1173537.7925070534
14080.670859415946 8.553691209481617 526135.1297743524
14088.520859895072 7.605912491608414 635203.0734077891
14102.000860717826 9.009493978673282 762830.0609229511
14107.310861041922 6.7306687702303645 706387.7320037694
14112.420861353812 6.752405847417417 700821.0291615647
14123.710862042899 7.905619003111421 305499.934766176
14127.640862282768 6.4109281943872665 580651.166276796
14150.880863701224 6.127148204713848 83600.38834372746
14157.59086411077 8.219325865167415 1020969.2684352283
14167.190864696708 7.680745634887103 484932.8219703547
14187.100865911918 7.90523124239554 408010.6511699818
14206.790867113701 7.80716875832112 321127.2738422085
14212.23086744573 6.0843901635095285 348061.0438661366
14214.560867587943 6.510456397607182 488461.87709562364
14219.050867861992 7.262741201153142 716853.2996963899
14266.640870766654 6.443443012274697 156484.37478028605
14302.690872966972 9.921290902845724 768829.4556851815
14313.220873609673 6.347581000124369 385843.967227514
14377.890877556816 8.092828028958973 336097.41723214893
14387.07087811712 6.33853492936187 502051.55940005055
14438.920881281792 6.953335024492624 59349.97506784375
14469.930883174493 6.941468556051499 73232.96603731532
14514.410885889336 6.045317543397212 457271.84518615156
14528.210886731622 6.871205435791557 291166.71927753044
14546.900887872369 6.9576257849879894 389911.85728848015
14697.170897044121 6.3983597608025615 305382.60048762796
14732.320899189508 6.730987169978192 836549.8076399849
14748.960900205133 8.279124914610293 2059102.027008727
14760.640900918024 7.585415900915385 991594.8285317639
14795.690903057306 7.892551527711361 438860.6612971532
14831.550905246027 6.600846963593787 367428.39636808157
14838.090905645196 6.369296699659915 433204.51675666485
14873.240907790583 6.072636006516854 395247.8914281759
14880.180908214166 6.53419996915487 277615.1156448165
14903.190909618586 6.660352096151803 158272.09894854002
14948.760912399957 6.517586750187224 320195.82770381955
15032.520917512264 7.516464409664209 295548.6558846748
15084.070920658625 6.98101910512441 115603.74360062715
15128.700923382625 12.010709619305725 1261419.2740702792
15176.030926271418 6.685543654330346 118759.11161816452
15190.790927172298 6.29718662429956 206748.03755017713
15243.270930375424 6.24060056078051 56184.47198664159
15273.950932247983 7.57365541853023 96029.65507137885
15276.290932390804 10.01484652767701 750453.3538680755
15299.430933803158 8.23840987002521 565568.2137040237
15319.000934997615 12.193151663292147 4494259.5387120815
15326.630935463314 7.109571010081202 2154537.07989248
15354.170937144223 8.382235707714187 571466.9975562332
15358.12093738531 7.116206020149502 843147.9644132028
15363.150937692319 7.116085752344581 1069198.8052741915
15383.790938952083 6.888626067199807 126523.03695036989
15406.73094035223 7.348627458203025 556351.9980996047
15420.35094118353 7.242111439118034 409704.3396484238
15425.48094149664 6.298118739790239 562180.1431557083
15443.71094260931 10.59872196130679 591470.8599445893
15450.20094300543 6.879813090888566 986998.0314864143
15468.270944108333 8.772420362588102 1061113.714293374
15527.530947725278 6.9225326330139065 349486.7896323885
15529.820947865048 6.20954100737264 506306.4678388842
15556.730949507504 9.540605020710881 1948553.0799174353
15561.45094979559 6.846338880223576 3019348.4528873134
15586.040951296445 7.540271782062658 469862.45151337533
15597.700952008116 7.3431972110942665 1459171.5746756105
15602.570952305356 6.710547368624506 845642.9456227211
15685.820957386533 8.622455219984174 652425.5472226591
15726.540959871885 6.084561203859637 179357.15437593797
16156.590986120056 6.448278966205028 455994.5493996731
17218.44105093024 6.705746060159501 91312.29884810535
17360.841059621645 8.69138078856999 95372.07214783422
17368.86106011115 7.154650504581791 72165.1174378005
17391.97106152167 6.533386396349493 38848.512662088
17396.621061805487 7.390157298545273 77007.48758039919
17611.421074915837 6.0489801664282865 176797.02529220385
17715.391081261663 6.817054129862262 229272.15844560505
17716.361081320865 7.906318259065704 168295.03539028578
17729.81108214179 6.428200916654822 77409.33539392937
17756.911083795843 10.206177520447207 141312.2403591708
17798.801086352607 11.698258124484507 1002802.6580135098
17873.1810908924 6.829546416266641 83394.22813854135
17926.09109412177 6.4780203788402035 143582.58906626003
17952.061095706853 7.508378775286349 140371.54186601462
17970.251096817083 6.123261878711469 54875.04767342654
18014.621099525215 10.2207519290683 867485.7087525398
18017.3110996894 6.827262192839222 785254.3518143317
18047.951101559516 6.064705108560216 531344.0501053305
18134.361106833563 7.979104716947646 110053.69813513281
18170.99110906928 9.27734512980938 119138.28542174108
18209.34111140998 7.847084202029948 100995.82082145827
18238.691113201363 7.323919365443019 89448.56917171701
18264.981114805978 7.093166370254773 76387.75814615222
18300.68111698493 8.151017735720552 231997.26920423008
18321.781118272775 6.017852014927123 140437.34992667462
18420.481124296944 11.399499920875643 475624.10039259883
18431.42112496467 7.383183797806797 186765.8748738034
18434.411125147162 9.528477283340374 473411.8600219241
18466.851127127145 7.666137528996242 264773.3447704215
18475.961127683175 6.407132956306185 118298.63862723968
18514.561130039132 8.0635449533239 351026.647964409
18521.35113045356 6.612379570282573 671397.8942399198
18547.52113205085 7.24220001618257 785930.1137563629
18643.35113789985 7.507917164596504 543830.5102238854
18688.781140672676 10.252223175567302 593703.3533246341
18729.341143148264 11.15115859267102 589495.2090270732
18773.271145829538 6.762708383791913 97594.20904137123
18877.251152175973 7.92736976972895 256723.5245681133
18907.131153999704 9.462152229292352 425593.9768277824
18948.631156532665 7.413422101187999 151112.82465903918
18973.561158054268 11.020807994282048 778003.4286540954
19003.511159882273 7.121738470181535 70235.15847229706
19009.001160217354 10.05877054092764 607197.0486741377
19046.69116251777 9.95234740759354 531388.9514968639
19134.741167891916 7.888939923701681 639579.046843902
19144.281168474194 9.7053035536271 4648018.640059993
19150.45116885078 6.343839177944188 2272860.6635430143
19213.461172696603 6.0138142195575925 104022.57986956
19216.68117289314 6.220344419935262 272776.7527037895
19308.281178483958 7.903555318478298 115524.46439705514
19385.841183217846 6.9611697965201715 239066.9712794482
19412.581184849925 9.369366721788545 224039.18329273397
19437.771186387403 8.779271241861338 69873.4856652539
19445.581186864085 6.148928081265952 72004.76782409636
19545.82119298225 6.388094706865011 226172.2960275912
19565.261194168776 6.000554334941768 225554.84424910112
19576.111194831006 6.765346649285555 242467.73534642017
19580.1611950782 10.326580024964205 742163.8691581218
19595.231195997996 6.249110222641025 294555.21028560004
19622.131197639843 6.008059079995853 309245.4411418643
19805.41120882637 9.129180800265782 209951.93595426372
19808.87120903755 7.761586319609466 2521952.7025108854
19871.46121285774 6.412054323088286 219706.09594948008
20091.181226268385 6.355060098106021 114548.56579422836
20163.80123070076 6.366794001238996 119224.69380666334
20174.511231354445 6.790521468304167 164099.12017710606
20317.71124009468 8.334741931887045 238991.61912908265
20382.061244022294 7.7114436152386086 422701.37890329695
20482.291250139846 7.1022911588499715 248244.11278822753
20761.851267202837 6.964863583532586 118709.45011674131
20887.66127488167 6.205998035994376 173983.52631413937
20907.921276118243 7.199135227120641 452681.10226241895
20987.55128097847 8.418850175678532 349263.86444178683
21064.921285700762 7.753005553901537 127122.4525141084
21117.42128890511 6.958120229508371 102501.62989002625
22995.071403507776 7.203381925450397 231892.6387975098
23283.34142110238 6.063133394018385 735435.4814668756
23284.091421148158 8.191495404263087 639676.4895283504
23293.751421737757 7.565124357562379 981462.0804803856
23310.07142273385 9.824163071365632 2233030.472604367
23331.191424022913 7.744214580376981 511747.6419632552
23347.22142500131 6.827874369937365 2233741.767963571
23347.91142504342 10.103857080208982 5199967.6054945635
23368.88142632333 9.153248920198234 923320.971238702
23445.911431024866 6.074195291273603 368494.37797015085
23501.381434410487 6.126995766706844 1101869.4823144327
23531.57143625314 6.868940694829993 2737717.6868682136
23596.751440231412 8.272587683347954 665650.6111019882
23645.141443184904 6.112671684873134 182571.19616935207
23722.301447894377 8.330125041507545 991432.3063642115
23743.971449217006 8.50716912174772 622396.6381065021
23782.211451550993 7.391090351618577 462259.26076576253
24170.321475239347 6.120217510828709 233596.99030588157
24593.801501086517 8.677607191924297 166664.62565516995
24675.961506101165 6.34190515183853 207281.24769043704
24922.511521149383 6.854483047522998 253355.5764433968
24924.581521275726 6.848468165666727 179743.0483564093
24926.35152138376 7.23968561539912 671466.5212176085
24935.591521947725 10.57075608207572 800162.9075130031
24936.491522002656 6.373514248092196 1328114.8218106432
24962.901523614593 8.517462264039237 524002.82178882376
25234.451540188693 8.838836817636917 204405.44068270436
25256.031541505832 6.655952661634293 156932.36854742267
25432.701552288912 6.767424813510104 422385.6191761158
25500.8915564509 7.1346201508986695 193539.55132378452
25571.17156074045 8.01392045005306 204192.4244860095
25819.46157589487 6.465107115517633 87161.17272348162
25887.471580045873 6.744235059552473 224162.49934621245
26189.231598463844 6.287051261585054 845010.0702956704
26190.86159856333 7.881301224802064 845010.0702956704
26215.191600048314 7.015643030776298 770303.6457914159
26235.24160127207 9.524382791770837 498402.32778988575
26253.41160238108 7.4135450644089556 791035.3391419831
26258.791602709447 7.855690730453675 1535204.0057269249
26262.991602965794 7.478633427259587 1702461.3285019526
26301.081605290627 9.639424438420777 609767.2422136866
26326.181606822607 9.840905460272221 924523.524449225
26331.06160712046 8.434168542407518 404337.4504280602
26343.081607854103 6.916308244323433 750772.7301645504
26368.671609415993 6.337822349486318 648437.7262778018
26371.371609580787 6.375460067248994 263072.89282991335
26379.15161005564 6.727254906654395 641827.3573564981
26389.32161067637 8.881889891243537 771121.3485246149
26425.071612858374 9.723737152465036 1638493.675555706
26444.711614057105 10.780466618232703 749825.4885414183
26453.541614596044 6.309181173293846 710308.2306203211
26458.351614889623 11.356877220843279 6383137.860909051
26534.011619507546 9.150646138558583 522795.9978982767
27073.321652424416 6.281651053564272 68867.00156424179
27147.731656966043 7.811846972664334 135324.83580243983
27941.73170542796 8.353435491131437 143276.88985971283
27944.921705622663 6.822006663364657 195629.07235845563
28052.63171219676 7.242803228433091 257927.7907871605
28146.641717934675 6.4884271003942775 113011.20437795528
28181.901720086775 6.630328342815165 113939.98164838406
28366.781731370957 6.618479786249557 130845.30501430786
28653.65174888011 7.3401282807518085 187137.8430928401
28795.661757547714 7.216064261535681 85811.03637897217
28957.531767427477 7.4027528044990705 87281.36568545588
29223.351783651844 6.811021033881572 132559.58238430275
29302.87178850536 8.327759553222597 120938.99885147736
29372.451792752185 8.435998832514214 71543.60254348248
30274.591847814445 6.487926491116794 142144.34797146506
30287.23184858593 7.6802494824631005 281842.46146902797
30523.33186299633 6.705114221080636 126738.67804044951
30568.661865763053 6.426555579353337 145894.1415414613
30844.961882627067 6.214267239407364 317329.47213798616
30895.811885730705 8.028276524728524 213468.5023900211
30917.691887066154 6.465532460461316 137609.60329587944
31007.441892544062 8.691443172002549 171375.37873347156
31258.08190784191 6.18829084263605 77577.35526855972
31288.011909668694 6.473345957451907 106430.14518853008
31330.311912250483 8.580766615262549 161671.36521169686
31596.941928524288 7.403185570706249 120135.60252730866
31607.091929143793 7.610743087176508 97546.40321697132
31722.831936208004 8.78965330542351 84772.30901884021
31752.411938013425 6.020781280490379 182346.29966799627
31807.48194137463 7.351342500270999 472287.58355676243
31852.13194409985 6.882326782292353 985675.0319506623
31865.27194490185 10.576283808691063 1261872.4706820867
31907.791947497066 7.572074353855543 1032764.484255865
31909.29194758862 6.776029908381392 902560.8219193915
31956.141950448116 6.89131845029159 1664715.6180957616
31967.101951117063 8.935385000265942 820853.9145783465
31984.321952168088 6.709427087473115 647111.9500788816
32053.361956381956 8.285027591186966 332168.25846390316
32183.961964353148 7.191968025974829 301806.57231685315
32437.691979839597 6.2283182751033 285949.5044678289
32448.17198047925 7.213622420962723 87716.85559275342
32630.801991626096 6.336410328377376 261403.48413456196
32708.56199637219 7.744861918107128 167165.9772113439
32726.371997459228 7.12534089868208 65800.15554706324
32882.28200697522 6.367788786552773 75142.99235997583
32976.632012733884 6.044852724954996 525753.2986966488
33034.45201626294 7.969972345466179 180001.1414895026
33441.71204112012 8.835060589170645 2485526.67707559
33480.34204347791 11.346704102512119 501473.1307545869
33519.222045850955 9.142555836629018 137645.93447261341
33549.922047724736 8.31383574658005 234908.00053084028
33587.272050004394 6.507244920957235 300131.5530114784
33629.56205258558 6.752900336104819 3273405.581080851
33630.602052649054 8.785844501187434 3250650.0607596696
33639.40205318616 6.70247505325077 672234.1862560614
33697.39205672559 7.450798581219956 569386.5551677941
33705.45205721753 10.83184362994813 2008542.7399227426
33725.412058435795 6.1262062229416605 638965.0986430174
33786.02206213513 6.030512888021538 110352.35345085636
33838.55206534131 8.177641306712012 251428.71603277547
33891.78206859021 6.770963936279551 134030.7135664915
33933.862071158575 6.493024320448149 145624.92411543062
34156.7520847627 9.145752316793384 467498.06804486056
34281.232092360355 7.452509902506331 621417.9369185445
34299.602093481575 6.086047247800024 169159.97466511378
34306.11209387891 6.092653167453249 263455.24569634197
34310.04209411878 6.0346657673569615 202940.46952122037
34317.12209455091 8.829402987453882 288842.6149426134
34324.92209502698 7.90864149954566 332925.6217396722
34332.73209550367 7.190213253225081 316502.92738179554
34337.43209579054 7.095277432099423 445916.5262829932
34368.4120976814 7.132793235361895 289847.38185101625
34413.50210043348 7.9804844673260495 561060.8922974864
34450.51210269239 6.602433321976109 172534.4860045057
34489.752105087406 7.605775237407319 225064.83847598804
34493.602105322396 8.388030499039521 320148.3152703889
34498.81210564039 7.154091021066486 254592.26171159468
34597.23211164747 6.682334553111399 630096.2093429257
34625.82211339246 9.240095839849142 2083526.3722589635
34893.63212973829 10.616221901711882 1206320.5223037715
35055.362139609504 7.397313911119724 87600.98740640473
35211.63214914747 7.685553523864889 201233.16665675383
35344.23215724073 7.164658678346153 307907.30355023715
35356.10215796522 6.024307150677292 327235.18473899737
35523.982168211805 11.109860041387972 1296103.1384129212
35601.97217297193 7.542236255201053 241213.08388310127
35631.46217477186 6.0534786557096485 45218.244621186604
35741.092181463144 7.192748197339694 195782.2325463341
35811.58218576552 6.889771205587175 107780.59031660708
35833.132187080824 6.197363688800934 95786.78453125079
35930.72219303724 6.715710074896758 102476.82789359422
35956.99219464064 7.067582151671908 163867.00517239625
36134.382205467664 6.734440119303602 86744.61312330271
36226.90221111464 6.039662535869033 66633.57031671455
36277.57221420729 6.6800345718201966 74564.74546311196
36285.192214672374 6.706067731487246 78323.25732644147
36341.24221809339 7.5050256648108675 171954.53822421585
36386.49222085524 6.2706434115656045 204197.71021451015
36453.9822249745 9.954473617597646 573275.7667441955
36481.132226631606 6.317668679168439 593850.6219384093
36537.86223009413 6.940831912510063 389138.93839959893
36615.59223483839 7.012446856465925 195391.3684829142
36860.832249806655 6.183146398023466 149060.7887021669
36902.54225235243 6.190501887804355 226048.38331167496
36912.642252968886 7.130269571014997 93065.58103747033
36991.042257754045 8.246478018466185 204603.28215872243
37041.9122608589 6.575640710650987 629857.83497852
37501.47228890822 6.652604460032967 162838.5306331896
37521.26229011611 8.696062653023594 122018.93437906737
37544.492291533956 6.094381293568591 103093.4959217294
37811.05230780348 9.363979085419066 697185.0848661823
37816.22230811904 6.98797020017551 954270.1161516514
37826.442308742815 6.019373946958864 624857.1216118765
37862.312310932146 6.032397487659838 160579.85956494272
37906.65231363845 6.773189600553205 140489.12447619534
37913.61231406325 8.277227554950706 1446102.3452211646
37934.162315317524 6.879470395617666 585117.9526772432
37987.55231857619 6.584180065260722 360893.87723094324
38011.64232004653 6.6759517564913216 211196.5288715514
38033.962321408835 7.430208130076372 1350636.7513432123
38034.56232144545 6.15577739071483 1797235.2811003039
38058.222322889545 7.5341935548419245 860476.9870307395
38130.76232731704 6.86962130092541 625473.4263909302
38174.76233000258 7.76638258884348 1427465.6444409557
38216.772332566674 7.112675363708736 328379.9982242309
38275.46233614883 6.3458466068562664 2072332.601138277
38470.1923480342 7.180809850785461 579327.4933587321
38488.81234917068 7.137217867433215 353397.9658417649
38568.5323540364 6.089694669614634 126543.57391949974
38582.352354879906 7.436239498712344 328481.6318448751
38588.40235524917 6.072819306832039 222829.2304437804
38601.572356053 8.397999376463732 185383.16932497759
38619.55235715041 9.368483026818952 179585.93085600788
38627.25235762038 6.378099348618468 200412.26679802543
38813.06236896133 9.104610783782723 1183350.8944735657
38857.58237167861 6.952229008460681 645959.1773907135
38933.362376303856 6.748735605528662 1845245.5233582023
38990.3023797792 6.075633502899081 391574.7611544364
39161.40239022231 6.179752803410133 203794.3538637695
39162.49239028884 6.5025583211816995 180690.9589753665
39385.65240390945 7.732889784200005 333337.67871548183
39419.00240594497 6.959498815352904 217903.25146572536
39426.90240642715 6.674470766677252 186896.31364081748
39596.77241679519 6.988180578044733 278574.1153592169
39600.95241705032 6.585497724007542 203959.5122633999
39623.55241842971 6.20758072262025 252615.36066060708
39642.03241955764 6.763526193507868 195772.15459267277
39657.01242047195 6.400785751988916 141091.8389852786
39934.582437413475 7.119614373774447 116627.8172386271
39977.32244002212 6.534387417315908 468208.4656561474
40017.79244249222 6.363575485920737 388699.64839941607
40036.25244361893 6.062811662220944 412597.79479484435
40041.40244393326 6.965706337685074 266331.8951406731
40057.5824449208 7.917543250351172 209228.74962192704
40114.462448392485 6.50097829349063 154541.54975059745
40158.272451066434 6.343839197898042 161185.64023981686
40269.05245782791 6.1082147932669475 209777.38805840546
40270.562457920074 6.562843415128061 114142.63607907106
40343.64246238052 6.339034777970711 284679.3015334626
40384.05246484695 6.327345175245985 51540.61252833628
40395.64246555435 8.860875381264945 146656.82647487524
40414.68246671646 6.405436965147829 94709.32165287956
40484.12247095474 9.096424377550099 135083.4412159308
40525.52247348159 6.3735962177453 67800.66430054477
40598.68247794693 6.8054112888487825 41388.426998274124
40605.8024783815 6.59769183280132 106223.26451189005
40634.61248013992 6.543696477373211 96225.31893631547
40652.732481245876 7.2845178913016735 74582.50439923895
40654.882481377106 7.444675320476286 98307.96218987377
40675.692482647246 6.011492933859835 19446.13890721372
40678.03248279007 6.671713298067196 45447.39646830578
40688.3024834169 6.728320950882624 53799.48682783747
40703.052484317166 6.693271127313069 160806.64740922634
40946.16249915543 6.529210165837426 143856.4201087915
40957.98249987686 6.839339699107442 162804.70296870847
41064.062506351474 7.069502704655683 80976.67090240058
41114.31250941849 6.566312108957307 98886.62474610738
41116.352509543 6.89797591607331 111077.30156083773
41118.17250965408 6.291576477451051 90822.88669901832
41135.522510713046 6.197701575809044 47262.02497790366
41208.83251518753 8.19475586844451 491504.92679912836
41247.93251757401 9.868737096164637 252158.066035739
41250.482517729644 8.720941508143992 456325.5824992273
41279.6125195076 7.67436002233373 111505.07045812208
41363.662524637606 6.9612701773590775 242189.20000019827
41376.802525439605 7.0754872709659535 206398.37655957864
41421.692528179476 7.662497290951586 149780.74336492314
41477.01253155594 8.440597580947857 148489.8734267253
41626.44254067643 6.686077573329235 139949.54462700494
41715.21254609452 6.199056251037558 76240.9153215238
41723.33254659012 7.5443344942725 136953.40230827316
41731.65254709793 6.015580436662093 167326.6029658032
41755.65254856278 7.3529711575020595 243204.75844620564
41756.58254861954 6.246148461883493 231794.9686363989
41767.60254929215 6.751456410986727 357144.8736576217
41770.442549465486 6.9817615720888515 552436.9057145361
41784.802550341956 9.471367639821551 485431.2336603383
41922.932558772736 6.730344242160514 1538559.4104986764
41923.96255883561 9.515067864167746 1538559.4104986764
41934.122559455725 7.338664911438427 850348.290301435
42256.462579129795 6.8479607166981245 116572.8488579978
42407.34258833878 6.9635031929621185 24772.505890228385
42910.02261901993 8.43023967001282 208966.07369533624
42955.09262177079 7.158431447188127 127688.45657105894
43008.1426250087 7.102720523926696 44824.55100583141
43231.62263864884 7.714556311932303 125666.483072521
43948.26268238908 9.6848814445294 450086.4995785601
43994.34268520158 7.8347343248210946 263929.18750964047
44082.22269056535 9.786743885339613 372766.9360772676
44174.37269618974 9.874078805522311 249210.62629602285
44225.64269931901 7.347789686416345 261569.63492531033
44233.28269978532 8.872925940439847 298338.66159729916
44306.42270424943 7.965146540573957 167093.58841131485
44374.4027083986 6.359958548423264 204947.6608007428
44517.792717150434 6.153776729533266 262227.4979412725
44518.62271720109 6.249687340843902 246328.38959812006
44566.51272012407 6.688595376596828 176705.92219830563
44795.482734099285 6.820322721105753 152887.37118572087
44815.832735341355 6.665447168313826 76270.46786143635
44833.04273639177 6.730772710795369 170876.45171665947
44834.26273646623 6.735224293838357 173167.66501582213
45173.52275717302 6.519806035297402 133280.9258307468
45208.34275929826 6.195921946399232 79950.88559452552
45575.38278170061 6.417087428206848 69517.63554133463
45668.7927874019 10.338716189809327 325312.7916572741
45686.472788481005 6.448256073253364 124223.04469785812
45736.29279152177 7.854955571279927 262927.39057804976
45772.372793723924 6.174254538214044 137695.012584976
45886.8228007094 6.471783478719987 378423.01655222784
46034.28280970964 6.775406253342605 544581.8407658098
46148.072816654836 7.144028332429076 208417.90043297273
46160.842817434255 7.395654198600181 126719.8240445946
46183.17281879717 10.262419147690949 659127.2624991696
46186.09281897539 6.296719817158413 1371441.0538182708
46186.592819005906 8.026346040363507 1056424.47304567
46213.07282062212 6.287534925625313 135234.65071371626
46257.322823322924 6.668200948062676 93338.47616174787
46676.96284893572 7.157822858091349 83905.41777072825
46726.34285194964 6.119312532762596 120642.6161502047
47148.52287771746 6.098521807482903 213530.88451289534
47525.72290073992 6.419733110696546 87224.0747028331
47708.41291189044 6.167178196265315 93150.5050401042
47819.09291864581 7.538037064144012 60542.7923586165
47988.122928962584 10.50313866756454 454273.97808458726
48008.54293020892 10.090030382567212 362948.80029313324
48159.3229394118 7.888179535920523 92451.83918950107
48895.71298435748 7.263435192242412 365304.3243705936
48897.612984473446 6.7519830900054965 327273.56244603184
48957.57298813311 7.030112443372279 289884.9838500342
48968.94298882709 6.154090000499075 330792.6151136301
49119.93299804279 7.3575976012648745 87444.41752659249
49159.453000454894 6.56360590725822 384750.17271745607
49170.86300115131 6.016816451755428 1346944.7262991255
49191.97300243976 7.102616935865208 425124.73479756387
49206.91300335163 8.56350697754926 161147.5532507449
49214.19300379596 6.184761173998659 197541.8928367355
49270.323007221865 8.090620449773127 347842.7201551513
49282.75300798053 6.580950441528871 170850.30483789227
49301.31300911334 6.581000055522502 129792.95247533423
49331.263010941344 9.211675953201826 423079.7597986077
49507.083021672544 7.52639677044953 141780.44546885576
49509.9330218465 10.425342922408475 227557.14464782248
49523.41302266925 10.414890576941445 1736660.822793827
49544.753023971745 6.448635694510895 596107.482608201
49603.72302757099 6.237933032428388 292262.4973734854
49629.08302911884 6.950715001693142 302566.9760141886
49629.64302915302 6.280873236909894 264890.2606481883
49642.403029931826 6.8293448136434165 158526.66436917565
49712.39303420368 6.0646403045628725 66830.77287153895
49741.143035958434 7.958162013397405 188514.2431495554
49749.13303644611 6.583116068597395 68093.37870715799
49787.27303877399 8.484872826342029 83082.60338130973
49799.14303949848 6.532764037500779 29319.53601532454
49821.37304085529 8.10194837119546 104494.519512024
49822.79304094196 7.552588271213064 69622.83041221707
49825.85304112873 7.838745442402687 225428.21841666682
49865.863043570746 8.766201756798413 72691.61512361481
49872.133043953436 6.448304194459164 64716.27269196432
49877.14304425922 10.617094300189182 333189.46725905786
49884.61304471515 7.700824283036405 210521.29155671468
49899.96304565204 8.327188770271553 62892.38820443449
49926.14304724994 6.855299690129421 28379.40563106056
50008.64305228534 7.003305261565543 26408.376020408487
50041.283054277534 6.198656653366072 22361.48336207094
50201.76306407245 6.184946286188708 105433.95145080338
50232.03306591999 6.6868918660477465 33367.2695957212
50262.2830677663 6.378446623601566 39261.0571536368
50322.92307146747 6.273314475106578 22095.833141446896
50432.433078151436 6.850657292100623 55364.709216435076
50561.69308604084 6.4050574604156925 76944.71648995884
50613.47308920124 6.685163621112415 37356.676697048715
50953.37310994709 6.628749323971569 48960.732551030604
51076.62311746967 6.229517237874487 98907.52196243634
51123.823120350535 8.995064295210357 144693.93744891367
51189.53312436115 7.633481723621109 194106.21680448076
51200.46312502827 7.252843054536085 168560.48314040998
51272.723129438666 7.956377476484901 271374.24930608243
51295.213130811346 7.212909302201321 159195.1918527239
51327.493132781565 10.23820856699367 129402.94079804365
51362.35313490925 6.057296443587906 34250.89207941288
51394.02313684223 6.00487952000303 21441.68352435782
51398.30313710346 6.244390361927069 34021.22130699457
51454.33314052326 6.410331762327119 96438.45455796657
51455.08314056904 7.233621541277032 68692.28261931032
51465.21314118733 7.899556818402131 47934.71842188967
51529.31314509968 6.012427380152675 67013.87781148296
51545.123146064645 8.209461491843124 126674.79058686903
51559.73314695637 6.7300442983244615 158862.29399707192
51646.2231522353 6.468604203673889 299478.79726454325
51677.28315413105 6.283888125815016 74304.13831346012
51709.92315612324 7.41854005356561 478083.6452732791
51788.11316089558 6.498663594870214 124842.69966174677
51943.263170365186 6.132211483104003 72321.4954049464
51995.78317357075 6.579660924437134 103680.80284274346
52135.133182076 9.038725382862843 252184.56574766303
52141.04318243672 7.021329908152133 119152.88212849577
52143.4431825832 8.23975941326453 330437.18761711876
52148.633182899976 8.547154776858102 1352944.1385693834
52163.8231838271 8.302499515194881 987913.7120258762
52173.42318441303 7.54344286088125 563348.1259146914
52538.36320668721 7.954724591200286 151275.48116503266
52556.64320780293 6.918376239507661 94015.07592912731
52560.02320800923 6.843847698262149 159318.8275489444
52714.91321746296 8.695698531680279 48434.48341923225
53405.63325962117 6.142466133910137 91582.41023780975
53464.14326319234 7.165181937770467 77325.94717149572
53478.303264056594 6.962043024884893 229742.98932037372
53513.49326620442 6.293097986376291 48555.761530088814
53564.52326931905 6.279444480960302 147330.83906590685
53658.03327502644 7.204433575225197 73752.77165720749
55053.303360186976 6.490688449707201 249816.56435660727
55069.77336119222 7.712841291109972 217836.97729091631
55107.883363518275 7.951321968602899 127709.78534424356
55121.49336434896 6.008816071605498 95442.98489050263
55128.61336478353 6.3122749035139645 141586.40066670172
55184.233368178306 7.189886869047755 35196.156574610875
55263.913373041585 7.282411281961149 78039.32834114728
55419.9433825649 6.510668252529149 23592.32047921474
55681.023398499965 6.333161598220954 41868.896218987786
56000.01341796957 6.968121898050489 33388.75988129135
56086.97342327719 6.530677826184766 24278.331004763353
56135.68342625021 7.4211873431539415 47145.69700722155
56235.983432372035 6.674160949174002 103845.59987587022
56282.7034352236 7.437985905640814 46873.05677281155
57572.413513941254 9.649758719053949 60746.06561152106
57852.973531065276 6.602837940368053 35066.44021163407
59104.923607478246 7.026960762830699 49813.1955977113
59136.63360941367 6.339237380986919 20898.114923098048
59139.113609565036 6.001463610326409 20609.93631645852
59412.70362626365 7.582516943464899 35043.404317357454
59469.42362972556 8.037171825298218 81481.05372876397
59725.913645380475 6.452547197314314 52926.084438989026
59739.373646202 6.512941727837768 35876.27239294463
59754.08364709983 7.634654946750651 63866.25739360437
59904.60365628685 6.843525178914509 30432.237130623464
59990.35366152061 6.413716871586105 31040.0682580879
60095.773667954934 6.16632980669871 29481.877778278096
60138.4436705593 6.075807142099497 17786.238153730585
60195.923674067606 10.309233096158746 97830.18215406028
60790.56371036155 7.591655880711319 48067.59538143075
60974.383721581034 7.093337186548169 47936.52075907422
61049.88372618919 7.096388303194462 38873.98701303737
62140.153792733996 9.131955907078158 66502.71910168575
62945.50384188866 6.181199374316194 24190.22946318452
63083.84385033227 7.901817373745716 34148.80786934639
63095.92385106957 7.118267479366132 42015.41158263104
63280.66386234521 6.689585642531227 20129.847454424227
63288.18386280419 7.47653333999076 29921.70263098133
63374.273868058706 6.307224864790234 43625.213970651675
63463.99387353478 6.991295815039982 30040.72497100442
63995.97390600427 6.713218976133437 25831.686750374887
65141.5239759231 6.722607771926065 16264.819296714539
65901.72402232203 7.279574444094712 24938.5541893976
66237.17404279626 9.491510411688147 140573.89942165828
66314.38404750879 7.963608077790433 67221.13456824044
66372.09405103113 7.37362188804154 54596.84896704895
66695.47407076869 6.127553758148764 16581.20729041969
66717.73407212732 6.35010139848318 22067.591896726888
66786.90407634912 6.0412676461961805 26138.33016002159
66885.24408235132 6.83809066993823 30856.692522789886
67127.13409711512 7.535692279368697 23887.565242201268
67138.37409780115 7.273042567742665 37037.78973488799
67225.05410309168 6.504126498204288 26344.7828969973
67353.16411091089 6.405473130499357 22870.092449246393
67522.54412124903 6.708198730720552 19658.047256104015
67614.91412688686 6.455869783182192 46810.19597580829
67640.24412843287 6.025937547067194 33182.9996843976
68329.5341705038 6.4508254459631225 40734.07707921985
68349.11417169886 6.357166332021636 49728.59948206438
69441.19423835415 6.931324646771413 53648.650745553954
70672.61431351406 10.22497807816926 167393.32836799943
70835.97432348476 6.226584500889917 67166.87446758576
71303.33435201015 7.686472951202673 39421.41180154482
71340.4643542764 6.165787537680102 137387.3341483901
71379.76435667508 7.653198979279565 124431.59225369731
71451.6643610635 7.912394843548261 198069.97518466573
72262.92441057888 7.176825099503332 60062.13738966922
72279.71441160367 6.694794541949739 64509.74566816939
72288.77441215664 7.621266529953507 50888.85400772088
72302.61441300137 10.852764355419266 561390.6562730481
72393.57441855312 7.230060933716988 48777.81868847384
72410.33441957607 8.05154332027585 82845.42228647867
72494.5044247134 6.3291702404142285 87005.42522371202
72495.33442476406 7.525330578309042 87005.42522371202
72517.84442613796 6.748613095049402 66446.12218620956
73536.4644883096 8.432761562455408 58145.22580179072
74011.20451728543 7.335306086933106 21773.15923023611
74118.81452385342 8.437456980711522 37501.37718465936
74333.634536965 6.458321112501141 22708.915259031513
74675.2345578146 6.045362059344545 43042.509575564814
74683.11455829557 6.318182288555511 21974.466022687524
74695.48455905057 6.527733730202028 31368.6094604747
74709.11455988248 6.74271900046513 64073.17474665597
75343.83459862272 8.778076916021446 241907.92623513428
75363.0345997946 6.951355783198112 29638.505125685188
75399.04460199247 11.37354597233235 354468.4665626348
75827.09462811858 6.281232378094621 24352.577058861745
76071.40464303007 6.58690005159187 161598.88758104888
76072.76464311307 6.92155216981383 128864.08403947132
77534.37473232267 6.327215504217842 48393.43822774231
77825.99475012175 6.165733791481383 53238.48682394559
77828.41475026945 6.38190029885282 52603.87083943341
77866.87475261687 6.336784674165901 14009.729452729403
78721.37480477142 7.562532017592258 67941.97066267404
78736.18480567534 6.385632179193833 84823.68000637836
78773.38480794585 6.488452249735555 31376.866341503308
78783.87480858612 6.576842413348588 39443.148398788
79151.62483103179 6.291132284300783 25076.626538059692
79250.2748370529 8.666524117337808 37606.68462598091
79334.87484221648 7.744781495865774 29140.994777511347
80648.19492237517 7.755793852261091 36054.75059781826
81929.6650005899 8.012741363298636 29282.584019805938
81945.15500153534 6.3169587842493655 24706.084490844678
81972.33500319427 7.511569873259118 88987.55309175067
81973.15500324432 9.066763772672449 79587.16948714553
82097.38501082672 6.124559020767374 16404.19221525373
82287.62502243805 7.089957602446616 27749.540554790598
82440.96503179718 7.700078873282529 24047.744006059915
82449.5850323233 10.311714394329307 68758.4941411375
82604.78504179596 6.101516780027446 27438.742658978546
82646.72504435577 11.449803258450576 173107.90880709785
82663.18504536041 10.980843788625743 414506.2523430655
82701.91504772431 6.8916394681863995 38587.16764085671
82760.46505129791 8.864302779435286 116663.17138880191
82762.56505142609 8.92904254554629 232808.4294425296
82813.3850545279 6.788208777470392 41944.66492111404
82883.8250588272 6.490676131403387 31497.461511537465
82909.68506040558 6.317731101713981 33016.0300704243
83390.74508976715 6.826212143398224 91086.78748746346
83480.51509524629 9.1146658612138 165244.7130321241
83624.72510404816 7.331065184758634 72100.88068197084
83676.97510723725 9.231562333516838 145939.16536288583
83765.64511264923 6.352875022925798 85605.37014346858
83807.16511518342 8.315795896694839 122834.76269559392
83902.19512098358 8.243880346444305 137279.1356167851
83938.2351231833 8.56465582402422 852113.293920091
83962.51512466522 8.952832429429009 252423.952202282
83974.55512540009 7.768312633463532 90452.21852386069
84038.23512928681 6.710042975713001 76333.34253877764
84113.07513385468 10.717781709001047 415106.5697995651
84128.645134805 7.557527021799581 135043.39144666021
84240.34514162263 7.054943010267311 37380.981746109595
84261.3751429062 7.680584484460722 70226.80386234526
84419.56515256135 6.031780627487927 53862.07594224332
84452.68515458284 7.566764212884443 126508.31477797283
84482.01515637299 8.35426023141219 106241.02976199645
84507.44515792512 7.021894000440174 50036.347189890024
84512.32515822297 6.294254431697628 181275.22276999333
84770.63517398897 8.679120914558931 137653.95767190677
84872.8851802298 7.277367058466289 115963.83108833157
84875.51518039033 6.603563889901363 140688.8062119881
84879.69518064546 6.689355079104153 702677.0643820544
85016.2351889792 6.833824998276366 98143.73712135079
85181.1351990439 8.011091269896527 234381.1507683905
85181.80519908479 8.782908028543162 234381.1507683905
85198.54520010651 6.123087638975352 35913.878689069956
85350.61520938814 9.090131083878342 234819.16727536652
85377.88521105256 6.198432995783824 56129.225598288256
85459.56521603791 7.685529679372761 191711.53065751758
85475.84521703157 9.798288430730706 167353.04785398106
85514.3252193802 6.957637979241235 387533.538009997
85515.08521942659 6.066182880305535 221653.36322998372
85528.17522022554 7.5759346673097046 566114.751530029
85545.96522131136 7.340000121917615 111642.05172648306
85565.38522249665 6.274505248878098 53514.687095070556
85590.1452240079 8.445917325803938 97584.5073333069
85622.65522599214 6.056284546201095 514249.13442090224
86118.12525623324 6.256297080048194 209453.8802979266
86276.48526589877 6.6456547739999365 204984.504460616
86279.36526607454 6.7336327382609795 200962.01887361318
86295.69526707125 9.62718229194948 215122.00219474774
86316.78526835848 10.841767400699554 444132.8947987141
86339.6052697513 8.051207210074733 105444.27923697802
86345.70527012361 7.506194384075415 141100.9397749924
86361.23527107149 6.114248973400831 105641.49010769434
86371.35527168917 7.727264871040731 145481.64848308463
86385.46527255037 8.222750478374214 199973.25038684122
86390.72527287141 10.18131230020863 965086.7266720677
