1503.810091785284 6.1332679314729734 109209.38886956441
2145.2201309338457 6.413187817395936 21333.85133666177
2484.2001516235446 7.754590233232783 52666.746260235304
3367.6802055468875 6.728897250084372 23558.87254985226
3503.1402138147105 6.258370607094701 24894.272296094736
4698.850286795061 6.362776704244515 541970.940505217
5767.030351991599 6.065238155958385 66552.83713681014
6448.330393574853 7.044236709259668 823399.3909147894
8229.750502304109 6.23106472203339 174135.58468413705
8583.960523923372 6.879894974173513 28637.083935392835
8609.24052546634 7.216439218057978 581232.5504499909
11361.030693422283 6.51077825399354 115215.48963310684
12837.740783553514 11.86133466914541 704339.1631223966
12844.050783938646 7.064417926963502 235006.33462230043
12929.640789162646 8.493921766753514 53345.91601960429
12971.31079170598 6.078291491791699 20441.352151749506
12980.010792236986 6.728437188413553 57295.86185520982
13167.730803694507 7.396605887876621 20120.708656840598
13472.370822288258 7.099330238355615 20166.904356465315
13495.590823705495 7.28191844733773 37276.36477817873
13523.220825391896 6.95380166131321 35117.7018966572
13598.360829978077 6.615227455692012 15464.989253303367
13751.4008393189 6.015686814136689 31795.7920919925
13836.160844492239 8.021959441966043 39046.95494408648
14851.810906482599 6.919101082077577 76506.96691572275
17760.79108403266 6.245749570967423 25959.149702030885
18488.43112844428 6.77250119383629 68305.2845038242
20087.001226013257 8.524144639416313 56223.76971212683
20163.56123068611 8.165606054882959 41536.98055449598
21183.911292963337 6.259888871647625 309161.28057907964
21314.131300911333 8.014030804502623 44608.0931373185
22429.111368964317 6.155396096275345 11836.632273929601
23426.44142983651 6.910016534103082 54947.63552201104
24341.401485681243 9.715841685437207 109952.3192027803
24356.93148662912 6.07028414341315 48604.255469973694
28003.821709217635 6.782690758244976 28109.5075009143
30376.84185405529 9.191373753851245 33656.7320525531
31540.49192507885 6.15711589822296 5078508.7184746
33070.81201848218 6.608265009258593 52488.81878732216
37467.07228680861 6.41389915680799 44563.578567799515
39249.21239558181 6.241230592272016 20466.34380753122
39301.89239879714 6.213918814550612 566725.0912903082
39534.17241297439 6.127691295257558 30355.245618771187
40220.44245486099 7.112814878577326 421111.24624610966
40455.09246918289 7.4312262445931365 30210.96943212863
41837.80255357682 6.290949618082305 24692.95332000384
41873.58255576065 7.278768920977649 44579.72244070045
42519.63259519242 6.463601312610764 43469.94374217391
42833.39261434281 8.805396552439849 54967.797285065804
42904.43261867875 8.4655719058028 62088.32144978395
43980.20268433854 9.760771492830507 52090.1901325867
44219.76269896013 7.178202231569726 25269.769259952445
45527.842778799 6.9473636636202585 88626.30345965993
45528.39277883257 8.238664811928738 75175.69169270169
46306.86282634661 6.319721394800494 73570.67352418258
47368.3328911336 6.2860593554211315 32573.872793352875
47381.792891955134 8.867780474463961 77489.08027327036
47968.27292775103 6.385363412465355 36291.5309122424
48162.10293958148 6.119344895956956 39853.32001865988
48224.38294338275 7.947891717349589 82450.18853862141
49794.20303919696 7.5045415972414915 34852.57129661294
49930.57304752033 6.763523803477676 8584.317800574947
50113.42305868061 8.489801636017052 20006.0460153019
50460.5130798653 6.193221415575687 11767.924203431772
50725.90309606342 6.800874417094633 24528.579068342107
51823.92316308125 6.415388730257057 18735.352179119756
52027.17317548664 6.500147579232539 5472.784999659442
52041.41317635578 7.17014881209396 15500.199870303326
52245.653188821605 9.775484277698535 37314.05068664848
52538.353206686596 6.845882677985278 10756.649097146008
52574.13320887044 7.747937806941811 13143.120637775832
53055.36323824238 6.658019297567566 11318.302375183415
53152.9432441982 6.586926484682733 7433.345913637462
53161.15324469929 6.099515490783337 7116.656714184824
55092.363362571006 7.040488710642649 6250.283467649625
56645.41345736166 10.46796565201958 31352.45205182698
56875.99347143515 7.245805045191369 8796.446107459637
56970.97347723227 6.1395218222657775 8351.981994610664
58705.873583122164 6.173683975201531 10790.73357258327
58818.32358998557 10.116948036759181 30291.384347343712
58877.3735935897 8.241329591810468 34410.00164849043
59179.76361204612 6.4791253710718975 17156.591433259997
59208.47361379844 6.700946408212622 6979.2512395190115
59302.253619522315 8.879008058011847 10383.3351825729
59307.95361987022 6.754777854114091 7197.95034078733
59329.263621170874 6.62594428575014 16388.351101513246
59330.14362122459 7.026039163882235 16388.351101513246
59339.58362180076 9.038316402065965 26725.553963910053
59461.16362922141 7.7073157216999 12465.423611505326
60322.53368179527 7.272114929368053 4852.011563500873
60347.02368329002 7.866012705276287 10244.80228132208
60608.54369925193 8.018987745149733 10357.885004706013
61153.843732534406 6.115772738503467 7378.733507330748
61170.88373357445 6.224436707523294 12226.609110255247
61171.81373363121 6.7318909384619845 13165.87021059731
61322.25374281334 10.525904697845508 28809.122519369474
61944.33378078209 8.264182554245235 9184.747524851644
61961.50378183006 6.62434542375252 5229.476575500052
62195.54379611473 9.973369763510572 37585.96647289031
62603.893821038444 7.0510692945724465 6776.209041391991
62615.32382173607 7.518811233976787 5714.574710182376
62623.44382223168 8.220637467155946 6698.252235088203
62753.96383019799 7.767393425653209 6207.357751915323
62886.67383829796 6.612410300545315 4864.474294542473
62900.603839148185 6.269936719145134 4219.876845583571
62918.00384021019 8.408571437781305 18692.82744868103
63006.203845593496 6.286380143967714 3834.5582492269627
64087.803911609124 6.859844244231876 11112.269732968307
64108.41391286706 6.58053149834277 11520.938621513935
64156.70391581445 10.435990240205818 31284.971579896526
64217.37391951745 6.488374056780658 6990.72627709882
64716.03394995324 6.593015032213281 20567.29262902811
64716.77394999841 6.504825080670278 16948.631197218725
64775.173953562866 6.096711349383943 4923.620363171185
64800.12395508569 7.276685581435996 10118.46258475559
65372.16399000024 7.924149837227232 7556.313799610416
65674.64400846216 6.471183213769569 7851.245058563829
65927.42402389062 8.709891474267883 10863.886503419912
66006.55402872033 6.343545595158971 5827.536788897437
66016.41402932214 8.137194022506499 8600.317695782187
66033.0840303396 7.522914019640183 10223.27241275633
66635.67406711877 7.046380686376735 10041.46309024089
66987.34408858302 7.4283026922943955 6267.026181969989
67117.14409650538 7.241312739021092 6407.718448390783
67124.74409696924 9.056654067944994 16911.65949975523
69051.3642145608 6.937949245663174 7720.410835821218
69319.11423090297 7.701954245385168 19078.230205132735
69975.35427095668 8.199793391386567 35532.80311332969
69985.47427157436 8.281783165450406 25350.116256600926
70036.7142747018 6.824598908941109 11121.788364701262
70187.52428390652 9.399796443933274 15013.95102757256
70354.52429409938 6.248528911194987 4256.716897724692
70639.96431152125 6.075342725220181 32424.95136625964
70640.85431157557 8.821950637156903 32424.95136625964
71051.45433663661 8.908117704788616 19294.429382977854
71284.39435085414 6.082888947009479 4484.413520694214
71366.8543558871 6.034177573550659 2235.4031809643056
71374.14435633205 7.796268534452853 5724.093635098032
73102.65446183193 7.958699117442217 9072.414401080914
73109.78446226711 7.153001735887804 8595.014222739783
73115.28446260281 7.024743660797274 19879.126755147994
73123.05446307706 7.884707268847423 27792.6494469693
73139.77446409756 6.786992594639781 10521.849891315926
73200.2844677908 6.643821774346875 5799.477771599615
73203.44446798367 7.334225535919012 15745.797738564115
73261.35447151822 8.022889117963672 10561.280275762954
73798.92450432888 7.000848319586911 25008.369251374
73995.22451631009 7.254415909345554 4938.208422045612
74553.44455038114 7.475067766419054 5721.884366739972
74806.15456580534 8.651621624920084 7151.880770723308
75044.3545803439 7.706009363861806 7279.188558413579
75325.60459751004 6.842909039150462 9194.059846740109
75518.09460925871 6.555438938748086 3760.0655793477226
75522.96460955594 6.836033094296018 4673.578157795987
75556.2546115878 6.184870247651095 4955.010270110975
75564.74461210599 7.903816571554127 5350.312179886142
75588.28461354277 7.140665639726618 5655.165291210663
75599.57461423185 6.749186416480896 7567.957963187087
75616.96461529325 6.000947657547099 9111.445268681753
75687.44461959501 8.202417064948765 15072.650517377797
76934.64469571806 7.93808151900356 24259.49359323199
78379.64478391387 6.633372323007838 5853.644861047814
78491.13479071867 7.842259518382563 20918.237004887316
78520.25479249602 9.900117413436583 31194.281051614802
78560.034794924 9.565059241450612 30418.406932802154
78604.14479761626 8.520883268911536 11268.640690954655
79481.32485115508 8.462731728898763 10604.647976135675
79658.15486194793 6.292832990507624 5416.951336796678
80028.6948845639 9.466727774330415 9031.773744479211
80087.84488817412 7.613561460192407 7784.939393703835
80332.7049031192 6.296455886636552 4956.713015726741
80994.59494351776 6.408632393901223 6508.476339227799
81128.39495168425 8.1700880776083 14009.294585164425
81449.91497130829 6.623377374164059 8772.390878564664
81554.69497770355 8.92557586580287 13431.895349365213
81720.50498782379 7.70372820922459 7483.414752184297
81810.22499329987 7.741036174853798 5021.881126673461
81977.13500348724 6.312991055945773 5239.487256900178
82277.97502184907 6.24065760990995 5426.87761283486
82367.58502731842 7.99473196268713 7311.195081579594
82411.48502999787 8.652909966938198 11368.843680377599
82423.90503075592 9.397880420505125 28205.94054625788
82658.68504508576 8.88547755504606 28318.64928533401
82689.0550469394 7.1084300987162 8357.94967363448
82711.30504829742 8.711768276664708 8942.70308920169
82723.5450490445 7.591022865514685 11267.448121652176
82740.30505006744 7.63676865870398 8535.711340442034
82775.29505220307 10.129201819633124 13146.603393730495
82798.7050536319 7.079882308650894 11670.314293170382
83071.95507030976 6.241137242696458 28064.685184594375
83156.49507546968 6.419268689122489 24107.59093814425
83285.15508332246 6.944605387730094 62467.612606392584
83504.8750967331 9.441201219160922 14466.63582307556
83631.92510448761 6.06772311332587 6513.693096202504
83656.17510596772 6.000323091588629 6419.972618232637
83670.01510681244 6.734130310032051 14572.427072308035
83682.10510755036 8.174011209811429 31050.900713484745
83726.45511025727 7.806629826690182 25290.061278770758
83892.60512039826 6.427515797437673 20606.54219808928
83928.8651226114 6.8866822593274675 25876.130150939498
84249.35514217256 8.160100336524703 7183.09159294608
84340.33514772553 7.914634692173772 13674.141522851463
84561.99516125458 7.430889574128254 11467.483342125337
84570.81516179291 6.171531763612236 15755.015652530552
84579.19516230439 6.245735997257485 17356.621096448038
85285.12520539094 6.365518770237168 69492.74264857388
85307.57520676118 7.496816578306765 47703.671142350395
85506.12521887971 8.391908643432323 25752.590298372525
85603.2852248099 6.318630819303279 44370.15741763302
85947.90524584382 6.204702827479738 13150.770800863746
86327.35526900362 7.54120524893929 31132.740179097484
86335.55526950411 7.851083756712534 35857.1317348819
