414.2600 19.5988 5.6355e+04
1148.1601 15.4058 2.0347e+04
1746.6201 11.2538 2.1883e+04
2119.4701 11.5052 3.8203e+03
2261.3201 12.4902 5.5085e+03
2330.6801 13.9562 4.1555e+03
2449.9101 11.9186 3.3517e+03
2801.1602 17.7335 1.2081e+04
2810.7502 10.4513 9.2532e+03
2879.4702 11.6548 1.2428e+04
2972.3802 13.1453 1.7120e+04
3500.9702 11.7990 6.3059e+03
4311.8103 10.1890 7.6554e+04
5104.1503 12.6871 5.0894e+05
5402.1903 11.1462 5.7619e+05
5413.9903 11.4012 4.4754e+05
5749.6704 10.5138 4.6015e+05
5820.7504 10.5066 2.3479e+05
5877.0404 10.2770 3.5567e+05
6340.6904 11.0384 4.6636e+05
6582.8304 14.4213 6.9640e+04
6713.9404 10.8632 3.5535e+05
6727.6704 10.5270 3.2304e+05
6863.9204 10.2247 2.7846e+05
6890.8404 10.8048 9.9337e+05
6953.0604 10.0590 1.0979e+05
7212.7304 12.9194 6.2534e+05
7232.1304 11.3546 1.5520e+05
7278.8704 12.7353 5.4459e+05
7469.7905 11.8777 4.2783e+05
7495.1205 10.3345 3.9552e+05
7558.6505 13.8689 5.5124e+05
7700.2105 11.8256 3.8731e+05
7798.0605 10.2252 2.9120e+05
8031.4405 12.3890 3.3773e+05
8400.0505 13.2846 1.6907e+05
8400.3605 21.2535 1.5506e+05
8598.1005 12.1659 6.2313e+05
8746.5405 14.3224 8.2934e+04
8765.0305 12.0769 3.0007e+04
8799.5605 17.8966 5.6640e+04
9112.2406 11.7791 6.9095e+04
10057.8506 10.9242 9.8737e+04
10220.2106 14.4203 9.6964e+04
10413.9806 17.7180 8.3606e+04
10519.0306 10.2066 2.7758e+05
11013.9807 10.6886 2.2450e+05
11159.9407 10.3041 1.2657e+05
11168.0307 10.0354 1.7393e+05
11193.8807 10.0509 3.8468e+05
11336.4107 12.4970 3.8994e+05
11370.1107 12.4062 6.2571e+05
11533.4307 10.1518 3.2055e+05
11980.2507 10.5194 2.2600e+05
12076.3307 10.2719 4.5652e+05
12096.8607 12.5510 2.6821e+05
12161.1807 11.0305 2.2371e+05
12300.3308 12.4686 3.0920e+05
12324.5708 12.3359 4.7823e+05
12421.4708 10.2396 3.6103e+05
12432.8108 10.4185 2.2943e+05
12805.0608 10.7437 3.6233e+05
13041.0608 10.3669 6.9528e+05
13101.4908 13.4919 5.2986e+05
13346.5708 11.2769 6.2607e+05
13500.5508 10.5240 4.9384e+05
13564.4108 10.5275 5.3005e+05
13633.0808 10.2746 3.4317e+05
13728.3308 10.7288 8.8671e+04
13831.6408 15.3980 2.4643e+05
14060.6309 16.2034 3.9864e+04
14096.8209 10.5352 1.4454e+04
14483.8709 15.8619 2.0616e+05
14485.8509 10.4178 2.0347e+05
14677.6709 18.1008 1.1756e+05
14694.8609 11.9235 2.5026e+05
14760.2909 17.4134 2.5366e+05
14767.6809 10.4760 2.7080e+05
15072.3409 14.2431 4.2707e+05
15180.3409 10.8228 4.4559e+05
15467.2709 10.8232 3.2441e+05
15615.4110 12.2658 5.8263e+05
15660.0510 13.1141 7.0085e+05
15841.4710 11.8052 1.0097e+06
15865.6110 13.0528 9.0840e+05
15924.7610 12.4477 5.8253e+05
16076.3310 12.6245 1.7557e+06
16600.1010 11.8142 5.5803e+05
16836.5410 10.4405 2.9736e+05
16987.1010 12.8322 6.3539e+05
17153.9810 14.7591 1.1455e+06
17302.8211 10.0734 5.7001e+05
17374.8411 13.8464 7.2889e+05
17605.3711 13.1116 4.3781e+05
17727.8611 10.6026 2.2282e+05
17768.9511 11.0101 8.2278e+05
18013.6811 12.6906 2.2133e+05
18043.9111 12.0272 4.5013e+05
18208.8811 10.5355 1.6118e+05
18233.2211 13.2564 1.6867e+05
18282.7411 10.3200 6.1949e+04
18317.3911 13.5801 5.4506e+04
18462.9111 10.6316 5.5744e+04
18636.3211 10.4406 5.4216e+04
18865.2812 17.2293 4.7308e+05
19686.0812 11.1066 8.7221e+04
19910.9312 12.4776 2.3932e+04
19999.7112 16.3101 2.2121e+05
20095.3812 15.1055 8.5640e+04
20329.1612 11.1694 1.3288e+05
20995.8813 12.7075 2.8343e+04
21184.5613 22.8153 1.4086e+05
21519.3213 13.8699 9.0492e+04
21649.5613 10.5811 1.0666e+05
21670.0213 10.1388 1.0257e+05
21681.8313 11.4235 2.2955e+05
21770.7013 11.8133 2.2313e+05
21793.5713 12.7566 1.5626e+05
21811.8113 10.9540 1.0340e+05
21818.4013 13.0820 1.5815e+05
21946.5413 13.5445 7.8571e+04
21954.8513 13.7369 1.4357e+05
21965.9913 12.5424 1.0204e+05
22346.4214 12.7389 7.7540e+04
22507.6514 11.1476 5.1335e+04
22580.9614 11.8600 9.3246e+04
23167.0614 10.4237 2.3562e+05
23177.7014 11.4999 2.3499e+05
23289.0014 14.5655 2.6426e+05
23368.0014 11.0618 2.1208e+05
23528.0914 12.2335 2.3175e+05
24900.6715 14.9369 1.5290e+05
25082.8015 13.4048 3.4508e+05
25116.9815 11.7015 2.7355e+04
25123.3715 15.3412 3.6978e+05
25163.2415 18.6179 3.1952e+05
25274.0015 10.8902 2.7877e+05
25360.7315 11.0277 2.1542e+05
25546.8416 11.6064 1.2373e+05
25558.0316 10.3603 1.8090e+05
25988.5216 10.1346 1.8112e+05
30577.1319 10.5112 1.1449e+05
32216.6320 11.0235 1.2799e+05
32581.1920 10.0061 2.8300e+05
32663.4420 10.7175 1.6064e+05
32803.3020 10.9493 2.4460e+05
33107.6020 10.5690 2.5206e+05
33168.0420 10.3462 2.9287e+05
33367.6920 13.4250 9.9688e+04
33419.6720 12.4655 2.2610e+05
33703.1421 11.8703 1.5587e+05
33974.2521 14.3093 2.0094e+05
34002.2621 10.3435 3.3081e+05
34100.9121 12.8012 3.5414e+05
34367.6421 12.2836 3.5067e+05
34494.5021 11.6082 1.6315e+05
34543.4821 15.5004 4.6910e+05
34575.9521 11.0781 1.5677e+05
34652.5521 12.1452 1.6826e+05
34775.5821 11.0937 3.1610e+05
34997.5721 11.5455 1.5934e+05
35172.3821 12.0691 2.8643e+05
35356.4222 13.7024 2.2653e+05
35844.1722 13.2475 2.4380e+05
35880.5722 12.7549 2.8634e+05
35985.6022 13.0832 1.1520e+05
36096.5222 12.0645 3.0434e+05
36148.1622 10.5601 1.1791e+05
36415.5122 10.1470 4.0945e+05
36621.7422 10.8371 2.0089e+05
36768.6422 15.4512 2.5462e+05
36953.1223 11.3200 1.4097e+05
37209.3523 11.3536 1.6790e+05
37407.1823 10.8128 1.6527e+05
37728.8123 10.0041 1.2893e+05
37774.1523 14.9393 2.1716e+05
37823.3323 10.8852 1.9737e+05
37887.9923 10.8076 1.1319e+05
38027.3523 13.2388 1.3134e+05
38115.0123 11.0191 2.2838e+05
38323.0923 13.2122 4.8773e+05
39340.3824 10.1034 1.2271e+05
39475.1324 10.0834 2.9978e+04
39595.0924 12.3603 6.4529e+04
39661.7724 17.0635 2.2725e+05
39877.4624 13.7491 1.1486e+05
39929.7424 14.3285 2.2696e+05
40004.6124 11.6528 7.3023e+04
40044.4524 12.8476 5.4027e+04
40058.4724 14.2776 1.2854e+04
40375.0825 13.7368 1.3274e+05
40805.8525 11.0562 1.4511e+05
41056.9325 11.8557 4.2985e+04
41073.2825 11.2417 7.4862e+04
41418.4525 11.1862 1.1083e+04
41514.9325 11.2439 1.8114e+05
41612.9325 14.5668 7.0730e+04
41866.8526 10.5543 1.1743e+05
41994.2926 12.1856 8.2015e+04
42105.4426 10.9984 8.6365e+04
42865.0626 10.0205 3.0275e+04
43186.6526 14.7390 2.5508e+04
43190.6026 11.2939 2.5508e+04
43246.1126 11.2422 2.1888e+04
43262.5826 10.5744 1.0642e+04
43356.1626 13.8678 1.7570e+04
43382.4226 14.0035 9.9276e+04
43411.3526 22.0419 7.6486e+04
43877.8527 10.0600 1.4207e+04
43910.7627 10.3672 7.7821e+03
44228.2327 21.4780 2.1372e+04
44633.3727 10.7977 1.6082e+04
44792.8827 13.9278 2.1668e+04
44836.6127 17.7862 2.8476e+04
44888.5727 11.8969 6.6341e+03
44943.7827 10.6423 6.5958e+03
45379.2728 12.5859 1.4964e+04
45756.0928 10.0690 1.2360e+04
45913.7128 11.7144 3.1014e+04
46325.5828 10.0568 1.0886e+04
46432.2828 12.2586 7.1395e+03
46650.6128 12.4293 1.0070e+04
46669.0628 10.2526 4.2342e+03
48222.8829 22.3936 3.9659e+04
50274.2631 10.2115 7.0639e+03
50616.5531 10.3131 6.3941e+03
50903.7031 11.9990 1.5308e+04
51831.4832 10.8942 7.5153e+03
53964.5033 10.5232 4.0353e+03
54385.1233 24.8734 2.8993e+04
54695.5733 12.2103 4.9715e+03
55872.8834 10.0667 4.3945e+03
56232.7434 10.2195 9.3887e+03
56458.9434 11.9520 6.3190e+03
56571.9135 10.0671 7.4135e+03
56647.8535 12.6172 3.8309e+03
58052.7935 20.7688 1.7462e+04
58875.0236 25.8078 2.1246e+04
58908.3836 19.8052 1.5171e+04
59566.3136 10.3481 8.6603e+03
60607.0937 13.6001 6.1400e+03
60687.8137 11.0953 3.3258e+03
60752.6037 16.5568 6.5773e+03
62011.3238 20.1587 1.0687e+04
63126.2239 11.4784 2.8622e+03
63231.4039 11.9882 3.9363e+03
63373.4339 14.7382 6.1716e+03
63426.3339 11.4554 4.7010e+03
63729.6739 12.5084 5.4855e+03
63954.1439 11.7301 8.7122e+03
66145.5640 14.7221 3.1555e+04
66355.5041 10.0515 3.1251e+03
67064.4541 10.1881 7.1839e+03
67123.2841 10.4174 4.4595e+03
71050.2443 11.7680 1.3600e+04
71876.6344 10.2117 5.7924e+03
72209.2544 14.3063 3.2545e+03
72438.7544 13.9513 2.5350e+03
73797.3845 17.6688 1.0348e+04
74250.0245 10.4981 2.0209e+03
74468.0245 15.6871 4.1490e+03
75464.0546 11.6361 2.5232e+03
75599.6446 18.6696 7.0116e+03
75682.8946 12.2358 4.8054e+03
75784.0546 10.0218 3.1258e+03
75980.5446 10.8194 4.5018e+03
77444.4347 19.6085 6.0814e+04
77446.3947 11.6792 6.0814e+04
80600.3349 11.6360 1.0509e+04
81125.8850 21.6678 7.2448e+03
84507.5652 11.8333 5.4556e+03
84789.9352 13.1150 7.1521e+03
84802.1552 15.1267 1.1451e+04
84804.6852 11.0298 5.5342e+03
84866.4352 11.5334 2.7839e+03
84904.3852 10.6013 5.6686e+03
85147.0952 10.6362 4.5375e+03
85150.7452 10.7845 4.8921e+03
85571.8852 11.5907 3.4853e+03
85992.7652 15.3648 1.4282e+04
86033.0253 12.0562 4.5933e+03
