6.2400003808593985 8.664076256701486 16634.9209793657
414.04002527099766 11.051922440247465 94925.64240137543
522.1900318719502 9.077009089820063 339150.9394267481
561.2400342553732 7.99038425320143 16101.670868421043
883.0100538946566 9.917192600916882 118314.63877879725
888.0900542047152 8.532980652813581 80568.60713665256
892.9500545013461 7.776602048856594 75134.4158284099
904.8700552288852 8.529210597250595 47076.482934651875
923.7400563806186 6.9198943448442005 24116.58246339342
940.0700573773229 8.8663311104632 21502.690340362915
1110.330067769169 6.0401438613280245 10156.373279707092
1262.340077047124 6.585119022368807 27084.93530463749
1264.1700771588182 8.162941571790357 27178.409007347924
1476.3300901080377 6.057694031508565 11916.865732563436
1871.5201142285225 8.048751044156239 8191.467584219735
1882.510114899299 8.532542753152606 18292.526028144905
1952.79011918885 7.338929081074092 20488.744799435666
1990.1301214679029 6.054026072922136 26759.64863018746
2286.8701395794765 6.864284000051926 33651.50643268891
2375.680145000009 7.140568469801599 264577.89611432655
2664.980162657481 6.59927923416766 17439.176381789646
2863.910174799205 6.47592882762171 10352.32303075344
2896.700176800548 6.413930927033101 13591.612953151067
3288.9302007403685 6.102009409148127 17225.274823610158
3510.8902142877328 8.151525765336473 36930.922566141926
3524.520215119642 7.799308013229982 34353.18770843549
3560.660217325453 6.780280942209156 29706.61279149101
3668.320223896498 7.755251812786297 25457.238185004877
3831.2002338379048 7.747042610768677 24677.96961186467
3981.0702429852445 7.105386655720705 16785.178245432242
4526.130276253069 6.598264919544019 8129.556258838827
5009.550305758686 10.653229345135802 84473.13770966031
5016.670306193256 7.774255232436377 43974.935263554486
5038.540307528095 6.595633393074752 38446.80947313886
5051.690308330707 6.99057515642948 64376.76004976525
5052.730308394184 6.39931637561134 60863.69278396416
5060.2703088543885 7.857207128118142 51757.75435476224
5074.330309712544 6.644414691359487 34211.61270796209
5178.830316090717 6.024333362952086 76983.51872847044
5278.830322194233 7.147779066871519 38457.322171722415
5359.000327087422 6.412341470031581 117473.63227401352
5493.350335287496 6.658162673347455 45003.930526765376
5564.00033959963 6.609584960052002 23247.43148649192
5573.480340178244 6.441124018004665 23737.911800172107
5808.990354552634 11.292365403965425 172688.17648186788
5823.290355425437 7.0003063878101 83125.16562868822
5839.100356390402 9.508677410753426 94954.05848051718
7059.4404308740495 6.4179449655950584 8475.955011277023
7304.3504458221705 9.426186627675612 28779.448531028764
7318.700446698025 6.373850416473476 16549.53868782215
7376.590450231351 9.006844997945034 38262.41252260178
7387.95045092471 8.807703568417708 23402.487507437698
7473.8804561694615 7.484324827049797 10362.336899268686
7789.430475429106 7.136011112695508 16569.705912037738
8288.270505875886 7.168733426681218 12945.399364956398
8475.010517273591 7.818520002573849 19399.87317595574
8488.960518125032 8.767977701891112 22131.787276645246
9419.800574939 10.20533272841878 49614.4418327514
9439.260576126744 10.3517164676985 69407.17071922822
10083.35061543888 6.8242611889239635 50348.99884686543
10085.180615550575 6.613393127948969 50348.99884686543
10330.910630548744 6.922350658903605 26234.51508631208
10477.720639509316 6.800059784170998 20807.007377366717
10483.500639862099 7.874536491086358 28740.084685974783
10532.860642874795 7.930867676938747 45953.76374302209
10561.880644646035 6.816877057369192 36304.29087700736
10611.680647685587 7.190872566975703 85545.19052292571
10650.400650048869 6.037942209451525 42741.363012510534
10692.330652608072 6.635495047936852 28762.034946148786
11117.310678546793 11.153020158151836 58804.734613177825
11476.350700460858 7.251807757668193 24288.90051484074
11635.600710180708 6.495225470067868 30789.436573535862
11651.100711126752 7.72652400459018 33186.61183010408
11821.330721516768 6.822405716801004 80925.85398335716
11942.640728920944 8.917200045362845 147237.1941090247
12038.71073478459 7.963063245907193 185140.41687016634
12649.620772071581 6.208678722343027 42154.30966251205
12656.040772463426 7.6132410773958235 39934.98096364172
13015.520794404345 6.336142399501993 126932.37816863313
13164.070803471119 6.0148239297298725 252229.9034249929
13369.280815996144 7.948898314441377 95120.79841872705
13659.54083371221 6.766310290944342 191409.7064423018
14032.700856488089 9.62886620904105 88970.55188942325
14819.96090453863 6.23668151052291 120310.88762505176
14983.710914533136 6.4348087244286445 77614.41229672507
15335.850936026058 7.810584640985227 40094.11458449819
18462.641126870185 6.769430764234667 646300.7310507481
18862.041151247628 6.732355944874983 323106.3634380639
18895.67115330024 6.046306150189152 221283.18818575842
19370.461182279127 7.221356433574843 116434.83366312333
19512.56119095222 6.197829303186196 174215.83105428377
19593.00119586189 7.1002801551705685 268171.72944920714
19696.27120216499 7.463037448345929 187515.19006681992
20070.83122502632 6.692583830917679 328477.3401418718
20232.131234871293 8.091264332943616 305832.45425978245
20550.751254318315 8.88883065094234 162382.2269861089
20569.21125544502 6.613867785076005 295611.47866958444
20834.301271624834 9.4076244940356 171465.85821621452
21185.111293036578 8.760827087399347 163116.6999518932
22331.671363017052 6.083193342196401 354850.72521534446
23718.311447650845 6.57228705211918 137783.023061432
24102.96147112802 6.041196674152775 273482.53365821403
24171.441475307707 6.136852199334992 312553.624805916
24249.401480066008 6.5290055678628205 423612.43297985126
24261.291480791715 6.685479367036432 310125.36031161837
24270.53148135568 6.2633881439890216 297251.4112050443
25129.901533807468 7.872337868942087 349588.2106459827
25136.081534184665 6.051699202787532 272820.66788982996
25165.791535998018 8.845881984177437 346408.65559834
25286.15154334421 8.737362313735861 201330.45026571036
25589.66156186899 6.160130145094576 593977.2945600151
25724.871570121555 8.066371571314205 400584.1812548291
25741.091571111545 6.712858537632083 368596.26185633976
25748.981571593114 6.599330372198911 297450.21052120236
26156.371596458226 6.269142550360322 80149.51037767528
26503.841617666116 6.083276719792295 245014.0757574444
26630.54162539927 6.787397661184619 495527.2586878218
26757.95163317576 6.640392588831291 298689.09308339894
26920.171643076883 6.188906354886737 182371.20134202932
27632.351686544902 7.905857163768228 454978.0129300816
28791.131757271225 6.233411983320452 574712.8243476195
28812.821758595077 6.137607093854063 626950.7211334561
29172.92178057384 6.3494553400876415 445171.10946097714
31134.02190026989 9.207650899473682 322921.7895060158
33195.17202607251 7.446380703666991 215741.9690091437
35913.57219199049 6.09769412663811 223528.54403731276
36166.6822074391 7.245803108105925 379865.35825403215
38859.00237176528 6.2345418821586325 179703.91494042773
39005.87238072952 6.320998462012505 289932.2655412997
39023.59238181106 8.18324828586215 355696.4792393198
40276.24245826675 6.486795185324001 307116.72095926787
40423.67246726516 6.271278688550811 283231.07257733034
40873.14249469864 6.35009667914721 306708.9718127146
41039.09250482742 6.802333473923756 403866.0233067173
41046.08250525406 6.313621181840238 166970.2287001342
41094.16250818863 6.312593110249366 266808.98926965153
41193.42251424698 6.413207786360463 173981.78801181886
41329.85252257401 6.485553395668661 440590.22745406214
41335.4525229158 8.334277918634903 493452.4854782227
41421.01252813797 6.293297238792515 278406.35117976647
41447.192529735876 9.463348729569624 450407.48483939853
41461.102530584874 7.63411322387304 270509.2113877784
41489.23253230179 7.8870632307905675 545230.6283402925
41519.61253415604 6.919169002709325 365619.60057845444
41579.34253780167 6.185432464211112 299723.50727651647
41590.09253845779 6.052480461821469 222089.35845565615
41609.67253965286 6.9779268241238706 349101.8192283739
41640.3325415242 6.7801370605576246 286115.6025302629
41655.71254246293 8.648651646852864 447248.7871349896
41671.372543418736 6.054654673151454 206244.3332611096
41702.762545334626 7.420280300871079 248411.43975472188
41734.552547274936 6.596843275425581 232125.7459488211
41763.37254903397 7.95252957370815 341821.8472286679
41789.74255064347 7.961997148500675 325594.5399161429
41798.96255120621 7.256084659191681 259935.22836700594
41815.4725522139 8.846577346218245 564312.4001157294
41820.84255254166 6.153954122005874 299914.66387128097
41831.852553213655 6.751003291838279 265507.62683401763
41865.16255524674 6.4120984885279135 217180.54797255542
41898.72255729508 6.618051179173544 297056.9533576362
41931.952559323276 6.061250140869669 229514.7763555238
41989.95256286331 7.619273858206834 400681.7767944542
41999.81256346512 6.383559720516747 236242.77078176214
42034.78256559952 6.363915758419085 251427.79607861242
42106.07256995072 6.725406287520526 273738.71835021157
42133.67257163529 6.725679588151687 151941.5347780173
42142.34257216447 6.286739796159437 409585.487356625
42161.772573350376 9.313992449296947 72538.63492601107
42254.32257899918 6.11408995558615 241024.82580456522
42292.23258131302 6.171569971290397 280080.01612674195
42330.77258366532 6.686157157308579 311819.57846787723
42341.06258429337 7.065434306365618 219927.5843941463
42490.14259339249 6.002933036086931 236905.05010677286
42698.85260613114 6.5166326951085765 290946.68928932236
42707.8926066829 7.401894987690142 219596.35854093943
42873.90261681534 6.486500575071519 352198.90928120643
42909.62261899552 7.182006507343027 169827.54940437002
43011.17262519364 7.034613670884528 336207.9998664979
43056.20262794205 7.084872143289432 387315.29683083895
43086.38262978409 7.5426940687863056 189330.33670170273
43103.142630807044 6.567246142632935 314616.5709608541
43151.05263373124 7.476455160096257 311212.66748302197
43199.912636713416 7.151284577249336 449864.84272240335
43290.5126422432 8.483184741008705 198255.97605845102
43300.6526428621 6.85095705219467 215270.84694065285
43352.36264601823 7.246762752290286 401967.1448995093
43404.10264917619 6.141552017878223 233787.13916381137
43456.972652403114 6.5024415160076625 247985.23567274844
43489.072654362346 7.54014485154725 186012.9541310527
43510.652655679485 7.199162464093788 217434.172172031
43520.392656273965 8.351117260916107 233683.30098580322
43676.002665771644 6.654687392018063 335338.01770158554
43732.44266921647 6.411814543886753 282647.1942275429
43907.992679931194 7.622755658087319 168125.70411233744
44094.89269133867 6.838089522241925 164009.03220233828
44164.312695575725 6.020651397063916 190615.3732694562
44231.172699656534 6.357469382561535 319602.2972202087
44288.49270315507 8.481093681518402 310370.76303906826
44298.22270374894 7.955424242231309 279704.3517593488
44332.442705837566 8.265703961589677 22737.493826224076
44366.33270790605 6.714838350631859 276269.67183401197
44479.1127147896 9.552930766651514 60501.97479996679
44491.54271554826 8.645869989669015 435628.6710112945
44504.392716332564 7.57528008985564 286141.18051199755
44537.77271836992 6.498286178315571 318379.9199251724
44574.312720600145 7.5437461178432335 329364.42132375896
44645.322724934245 7.632887451205308 401420.2061510815
44717.37272933183 7.842447850481048 286853.6220642526
44724.77272978349 9.543856329717684 275141.9653272196
44867.86273851701 7.078684290809104 347594.3194362958
44891.202739941575 7.652814849724024 55978.82247145912
44903.12274066911 6.131744871438282 13644.782876519717
44931.74274241594 7.854000288965716 174803.21584921252
44941.522743012865 8.72426062375 207438.08236041322
45045.022749330004 6.6590009436527335 19764.64866881093
45176.6927573665 6.203108866394367 298908.9674836928
45326.48276650896 8.987461206404204 532304.4808820102
45338.29276722978 6.903912652667142 395048.9784199719
45363.93276879472 6.490717334458481 17126.486724120383
45378.85276970537 8.878998547531909 68479.45029280469
45421.31277229692 7.798546946277745 435266.92212432023
45506.33277748613 6.9350618265055415 318064.63312695833
45523.1127785103 9.2548964848296 459595.7248815012
45540.552779574755 7.458811005297201 35270.02797029211
45559.49278073076 7.63236332602224 25875.78745140442
45593.12278278337 6.139773912651653 267802.841122978
45680.89278814043 7.4497794178647005 369205.1554122766
45722.99279071001 9.14588549954449 350036.55017704144
45769.84279356951 6.432676595319716 270550.6420502188
45861.09279913896 6.299464411143883 311548.81433431566
45902.94280169329 6.2581548087253775 15012.0539742198
45924.94280303606 8.872046111923268 389400.2525238564
45954.41280483476 7.8441357501359645 340991.4549213695
46049.112810614795 8.488457742539323 305077.42797592265
46127.372815391405 7.883958242887707 241801.75199025386
46215.11282074663 8.765820945812232 275890.0673588986
46245.98282263079 6.914466871322369 357044.2772635461
46331.54282785296 9.433462604987355 334511.29072947346
46339.26282832415 6.895629304242187 227113.77526519113
46348.77282890459 8.161063068802505 326820.6896454276
46453.83283531695 8.242282650367619 347957.47031941166
46524.73283964434 7.788180963747076 226354.0084863814
46535.16284028094 9.71682332790741 252534.98481206072
46561.58284189348 8.660350494603346 305051.05321357946
46671.452848599416 7.690803774359022 371480.6460605457
46737.962852658864 8.974035120991436 224242.79671372677
46783.28285542498 8.071455247150611 381743.42332277866
46898.122862434255 7.54270710733228 371876.9142313718
46945.832865346245 8.646506301751499 263960.2242674886
47014.122869514336 7.76142167435871 314615.9984267266
47134.662876871516 7.23023736486046 323876.78051916516
47170.992879088924 9.575752190520344 438170.00435705006
47341.64288950457 6.721452232665886 96061.9248815176
47511.73289988604 6.160667172015627 293210.3605998496
48632.98296832172 7.636758748983699 34107.9180767478
48649.542969332455 6.897585039816451 274832.20528578816
48717.19297346148 8.212111142739719 389106.07260741334
48810.732979170716 7.831048002861468 275116.80533540255
48975.35298921832 8.425237362805913 285241.85745876253
49003.19299091754 8.262755330435253 302857.76312504226
49146.60299967059 8.60357831356463 290999.88923306635
49295.573008763 9.208489590818923 454610.8352467969
49324.343010518984 8.877079147933186 301432.8142252401
49507.483021696964 7.680379531686695 326301.6558037327
49598.48302725116 9.660149195952613 399347.2800955209
49690.713032880434 7.887686461308369 333499.6198650063
49889.1030449892 9.651393592856683 300587.58198434673
49912.29304640461 8.789119355727257 330500.0847842477
50097.78305772602 8.552378564691855 240986.53682344276
50242.43306655475 8.0018392128689 344647.3798317561
50317.97307116535 7.866377937153709 246731.29858341636
50546.41308510822 7.82779365822937 261954.15403258728
50580.05308716145 7.945459427787219 406654.1753030886
50668.543092562446 6.047851875336135 19618.801465583496
50786.513099762764 6.605353725569193 263590.55792400957
50921.81310802082 7.5470015385146345 397855.52728180675
51263.193128857005 8.11094101996824 459184.0765737942
51287.27313032673 7.706635736606407 344391.99945527
51615.603150366405 8.205598027820988 411845.2634191175
51717.143156563914 6.438723915274623 25577.625163692064
51840.84316411396 9.526503909525829 385189.76647222455
51976.87317241658 9.415272071798622 440882.3159710203
52128.2731816573 9.443967836761077 447916.80016765563
52339.14319452778 8.464052589570645 478802.80336230266
52425.47319979695 10.086294507361396 293845.5847114989
52630.70321232319 6.796123497579983 25375.959220268156
52693.25321614094 6.085505962535791 28104.648345460842
52705.17321686848 8.749191690500886 384775.05951867986
52736.90321880513 8.249560690073883 440600.6160335613
52833.63322470906 6.065152002895744 43532.925830835215
52962.333232564284 8.143409184659577 39233.43916837537
53074.833239430736 8.476802607192448 339512.0626546648
53210.36324770284 6.080947423371698 16530.30957675206
53339.88325560811 6.587654430580797 27563.76954120984
53438.49326162678 9.683055660228685 382471.82847004663
53466.8132633553 9.268718706326442 394189.1447392434
53823.06328509908 6.520716624062478 245831.25058934616
53863.6632875771 6.978958947429701 346946.8887901846
53965.60329379903 6.535238240612808 36601.84350789221
54087.5833012441 7.154470597455718 12190.227808542077
54229.803309924515 8.566312499867271 364283.1258055093
54260.993311828206 9.26023379268001 480281.8140958392
54385.24331941182 8.81097720331145 29188.985390514048
54646.92333538351 8.289683588416239 324762.7969512923
54654.73333586019 7.439196159791348 357262.6848344763
55064.79336088827 7.810057012368126 465686.27360785694
55106.96336346212 7.502752051308694 322818.8955307299
55302.68337540792 6.438104077672821 241173.45398004312
55443.533384004724 6.309793781587313 15505.013606328419
55481.683386333214 9.712767356445752 514724.07322645077
55606.18339393209 8.355499426474644 323835.3598176332
55903.70341209127 10.3095812081619 519507.9210824586
56112.553424838465 9.423776034942222 376610.96509892197
56324.48343777365 9.369868704227583 446771.3018058915
56656.55345804159 9.227080504396474 369247.7633451942
56749.993463744715 10.310959073722843 487093.5964321433
56793.15346637899 6.295397624401146 8158.5829346405435
57175.773489732266 10.437914004305762 454417.08582934766
57247.82349412985 9.214937050973619 318779.9384660652
57602.07351575156 8.122680720822393 403207.8786509771
58038.883542412324 9.024043968859305 359688.54531508224
58052.94354327048 7.655243001286719 38703.54458346583
58462.683568279026 11.023190688494946 494270.7486308148
58512.55357132285 9.073398907563696 411852.18338261294
58875.14359345359 9.066332044817466 32485.704085792662
58903.80359520286 10.534176180567718 407083.9461518
59253.053616519384 8.339202869488833 308660.50136232463
59347.403622278056 9.525920855098114 451312.5930272388
59790.54364932518 6.356260553343837 347849.0034691325
60034.32366420433 6.093809413048945 43214.29196318691
60059.40366573509 6.601136694775611 262475.22326337517
60093.05366778892 7.560898979950118 483602.5723949404
60182.753673263775 7.461043231943315 46816.0411393476
60216.46367532127 7.311687872542408 98452.97398755034
60254.75367765831 10.018229850520711 474112.97101756465
60529.9736944564 7.0554347994414 11329.576212870637
60536.89369487877 6.375156871332112 43376.768113440055
60717.443705898666 10.808897787047139 549985.2812538304
61019.7537243502 6.336851786284696 13207.443146463324
61279.66374021385 8.48946809900525 341861.0553560675
61758.4737694381 10.020489432820312 380510.4494327554
61992.853783743514 7.797639155967532 26684.861923690805
62029.473785978626 6.29395502301532 27670.78071901081
62096.91379009483 10.383783224554069 466207.42745978525
62648.86382378319 10.983858918571135 417013.3650700277
63174.18385584618 9.565213814410363 418033.0524615348
63713.28388875024 7.728664264176897 373161.7068514871
64262.84392229272 9.911318051433565 431715.5695766727
64836.06395727929 8.395899740123248 338092.0739263947
65124.543974886714 7.654496722647405 20347.8241025827
66035.45403048425 8.772789065604819 285576.145897123
66718.4840721731 9.672067529092956 441494.4476274951
66902.30408339258 6.981079729012076 13706.296165020072
66911.53408395594 6.457925347170477 9799.123564684656
67142.84409807398 7.701566082653294 55824.74691307118
67570.9041242007 6.060191768661354 17452.203184014976
67603.62412619776 7.760731416658026 53636.206979519346
67638.70412833887 7.26206201404703 76858.29430480074
67664.17412989344 6.560905489452345 29487.975690027113
67706.79413249476 6.5106278184385165 25433.81855507028
67871.20414252955 6.983786553777137 46088.77227221374
67950.82414738917 6.629769429155431 11537.48678470306
68152.93415972499 6.2672125236135106 5297.698967081154
68274.63416715297 6.189909026780289 11000.975356990071
68345.95417150599 10.76743461653346 511905.9690713883
69195.99422338832 6.14036144244762 11260.701577657364
69221.35422493618 7.786545975233728 19540.66373232096
69285.94422887843 6.210704079113987 11089.205458710723
69420.99423712122 9.409025091727642 300018.08547285665
70650.30431215237 11.372433877949108 457554.79045142635
71050.48433657741 7.85353325054315 18283.328402097835
71390.14435730861 6.870337253873448 9668.901987904997
71672.28437452907 6.413616747055849 9070.714372062841
71837.05438458583 7.874855219988658 48742.65374691122
71993.04439410672 6.544362110993701 11094.640535352548
72115.8044015994 9.6353591376489 382662.4692033214
72366.19441688199 6.031004550548825 29533.748530139565
72469.01442315761 6.528449495554747 11448.001709647151
73797.64450425077 6.675334480031575 9468.90888543744
74155.55452609586 6.6593371678911035 7909.301336179986
74169.3145269357 6.513684392945282 12165.80829862194
74889.06457086575 10.478524415564673 396368.0013019859
75145.07458649136 6.584737209767983 15102.963649697169
75591.37461373136 6.799139195422339 11272.812047985371
75651.4046173953 6.006582682912794 14200.46617139436
75818.02462756498 7.534587848141633 43147.00622639429
76786.91468670133 6.591037772155116 11827.05395582877
77082.30470473052 6.272965342214947 29622.003713911818
77229.49471371427 6.740996268470804 16932.65780564377
77385.93472326262 6.067988439056729 9079.758618460151
77612.28473707792 6.095504868080186 19530.88069835072
78451.84478832061 8.976841483562241 342440.5371151787
78538.35479360075 6.566811745141143 38173.34316811539
78629.14479914214 6.060974075770245 36211.814319250094
79316.40484108916 6.026848744827032 11063.841158354195
79549.3448553067 8.043529380552544 22544.1677559956
79555.8148557016 9.572936405124876 73213.12830739374
79720.02486572418 6.040208448949139 16579.913151864937
79818.77487175139 8.252823659426426 12046.37245641339
79946.30487953521 6.503390611270115 31506.898622738256
80544.24491603057 6.7491998358773495 30734.008956354755
80667.45492355071 7.384353117369179 12076.92913834143
80890.70493717681 6.627428397198978 61563.32857760363
81126.1149515451 6.555752392273993 12805.738786495198
81567.60497849151 7.439993960010906 13377.024095988598
81718.84498772248 6.422935726489104 14773.537177764434
81945.41500155121 6.693477356387588 20776.42689682868
81975.40500338166 7.020468791924699 33708.17033895695
82175.95501562225 7.313723885689164 45174.38211393341
82859.42505733795 7.324097757830963 6281.486909179114
83065.79506993378 7.556461332838143 15878.253211261985
83510.95509710419 7.99024840542348 24991.121594199285
84339.0451476468 7.136557155569773 5371.985637003585
84485.45515658296 6.69026546028881 10191.875171958305
84827.92517748567 7.618584952076433 17256.12415453359
84899.24518183869 8.442315605872084 89039.78944823037
84994.84518767365 7.288392001861729 20211.34335149024
85226.09520178803 6.528986973502561 8576.08689875225
85274.68520475374 6.385577676544373 18949.664031789427
85470.85521672701 6.024801806663345 8430.092530395146
85690.27523011934 6.490550908780801 9524.141879206216
85718.86523186433 6.24841951970823 4903.484933664795
85748.55523367647 7.172416240712855 44722.381337759645
85771.25523506197 6.264360063508527 7995.395873250269
85917.32524397736 6.3387475631773125 10055.609760863494
86097.87525499727 7.671152288425671 30287.8576720454
86229.87526305391 7.306987426582178 16260.16110852288
86303.14526752595 8.932881169171988 26324.01517589671
