413.9000252624527 11.042010965562312 100251.94502030333
425.7600259863297 6.815360080052101 280363.98025270615
2270.3601385717857 8.47959975671012 20591.374152790388
2820.3801721423447 6.783387590118062 20858.819296699523
2824.120172370616 7.3986721378410385 33666.14167330726
2892.7001765564073 6.890660429686066 26573.918690933166
2923.2901784234728 6.786879301088601 23898.21401934075
2963.190180858776 7.583010485365471 17352.673540665754
2997.6601829626575 6.406635791814234 18415.498399131313
3021.8901844415395 9.860664654771599 74521.34570677309
3717.8302269183487 6.37407806714322 11212.559291141171
3761.6802295947405 7.313173349634334 9721.913682368184
3914.160238901382 6.355009189226114 17594.126029528255
3938.2402403711085 7.2540887588157945 13240.615357177041
3978.4802428271632 7.426503600512691 14268.827135831754
4018.860245291763 8.166010381106963 133081.11240753668
4049.9102471869046 6.967345870866931 34168.407079239754
5004.990305480365 6.0804190196081525 14815.962458642414
5009.230305739155 7.5736880126276365 31025.96077927945
5016.950306210346 8.818426802028709 40779.972661329906
5025.490306731586 9.976430246810047 57661.7476279439
5032.940307186298 9.534024843822744 74324.38353639282
5142.850313894673 6.407399480529832 42580.14847675244
5148.840314260273 8.944942160057941 34215.39064610386
5587.670341044332 8.58270600435332 97741.98644529024
5598.820341724874 6.608651086858587 9703.059120314821
5826.140355599387 7.05756322320678 18768.29067447718
6007.590366674217 7.210329249956314 21944.01394073757
6027.150367868065 6.232581837793519 8972.3798918119
6121.470373624901 6.675835517237938 10809.041435075787
6235.870380607323 6.705836786248336 7255.943129077706
6251.050381533837 6.226535069207588 11485.519192782136
6356.8803879931875 7.190441944607722 8349.21737619781
6374.02038903933 6.822777358630776 5876.549260861216
6477.760395371118 6.744352322898722 8989.983376133068
6659.420406458765 7.134412000853253 13331.776030261854
7185.870438590725 6.43901131323868 20597.255311535944
8957.61054672916 6.480873273419431 14604.987696652703
10085.31061555851 10.076391919501772 53697.0971041509
10196.990622374917 6.298266948921799 11944.337075028734
10215.760623520546 6.389658884176018 19313.184280567395
10512.770641648598 9.697607510066813 25455.922409583287
11754.650717446943 7.28966005007705 29390.600300501705
13884.390847435965 7.019346996559706 29673.61291641301
14997.090915349787 6.411428330697605 27594.14366748509
15152.560924838923 6.536626955695831 106403.18385273342
15412.960940732479 6.608515902211768 28629.92959889382
17126.681045329653 6.223314793625058 78498.81589554837
19423.27118550239 7.4516942528996175 185539.90429033438
23559.791437975553 8.941691038146466 45330.95308938612
24324.951484677214 6.07179540743308 342347.2328030639
25119.45153316965 7.678808952728436 300790.5070867409
25248.951541073704 6.838899879914024 169111.7753705234
35157.43214583937 6.057165474197037 153034.4799946207
35385.072159733405 6.721832681190906 257040.40616317154
35676.27217750685 6.525320265366882 469895.3417749774
36280.92221441176 7.9900643020684265 326806.56844440685
37609.50229550185 9.035304090618556 289046.01329726377
38014.752320236345 7.4898747114747355 178806.73076253213
38683.21236103591 6.4071698951716725 107842.58792057293
40709.41248470535 6.848689100987326 165073.9976416704
41043.38250508926 7.431083128730087 52661.900126631066
41575.63253757523 6.108328529270532 218497.13214279115
41743.18254780167 6.912945608790932 230570.76482666528
41778.922549983065 6.970538901927842 333053.62152380456
41824.912552790076 6.729976906060555 97297.09389807226
42785.54261142228 6.116270816003642 52716.49596190997
42981.98262341203 9.298230747981181 106413.39323841603
43006.332624898234 6.234506798751878 72043.2324828884
43263.11264057084 6.448352300515033 44349.463249134176
43324.64264432633 6.141864183520466 35072.25555306111
43566.512659088905 7.512121931393537 88721.04520142078
45907.61280197832 6.031939415510038 15671.596273531637
47010.972869322075 6.721396278343085 34808.771407689004
47247.9628837868 9.086117302449091 27168.189370611646
47297.32288679949 6.219778091132568 42265.7938402837
47388.2328923482 8.09145095466844 77986.01415929748
53864.59328763387 6.1086928122854545 28676.100701789706
54224.67330961141 6.663398467831942 35896.25632266537
54297.43331405232 6.09965815728247 13871.829630935687
54478.363325095415 6.282994006625873 16282.58434415886
54560.15333008749 7.204359957164421 24390.992191816986
54870.50334902974 6.387631531796736 42601.09620218069
56497.46344833151 6.475665336768011 13835.656906660814
58281.0435571926 7.082773915451768 36761.862259430614
58314.40355922873 9.836247860265049 104980.2978816155
58386.353563620214 6.520823140451274 31027.63652284829
58403.08356464133 6.170042877482018 71192.88277447788
58490.70356998923 6.023466077439561 11883.99285322828
58529.44357235373 8.732216552440635 27227.328782467517
58640.44357912864 6.183466872051823 51772.90647187891
58765.5135867623 8.313022453635181 28837.43602092131
58791.903588373025 6.003475689003891 15355.37710317795
59012.06360181052 6.25705722095379 21478.12136649498
59200.84361333274 7.146653156174982 23058.567774190946
59212.22361402732 6.22326954383434 15681.59510799267
59806.013650269386 6.041859592335871 7655.5298484217965
59878.60365469993 7.317289378380843 19359.96730652088
59933.17365803062 6.34341412347177 11933.95039966579
59998.683662029034 6.8590630367126675 32112.783202461414
60184.47367336875 6.93698969597531 6656.253209089878
60375.793685046 6.06421759586508 9656.367001721725
60920.273718278426 7.023330489877163 73948.13931038303
63214.40385830102 10.221364801046521 67906.13838871813
65605.00400421167 6.905945593684283 18356.35483796639
65644.84400664331 9.474183243986793 45562.92417524572
65759.41401363611 6.391795823243715 15533.418753914502
65811.80401683375 8.865678793774634 26088.59524166804
65900.0540222201 7.2215803206316815 24505.23628982673
66109.61403501063 6.922108780479263 23201.239800254683
66157.66403794337 7.804982276660703 20225.971788688177
66195.52404025415 8.083136832635887 20860.968499410683
66271.73404490564 6.478371863418532 15012.348793920059
66345.57404941248 8.13858334902184 40085.56731193987
66377.89405138514 8.67788401347509 34973.57853824034
66501.56405893335 7.410744015659546 22832.577069433908
66541.27406135706 9.429554911328697 42733.68713461716
66620.2340661764 6.349503863581181 28782.881644680965
66714.97407195887 7.681579669603425 35717.036952233284
66732.36407302028 8.2501267262619 27186.184834617034
66740.22407350001 6.601070567948832 70183.60952939095
66783.71407615443 8.818712140818231 102199.57009784537
66795.13407685145 7.277791938296463 50660.496791212434
66846.43407998254 8.19460889553362 56134.60940460593
66855.31408052453 6.412169326329979 126774.41891751542
66856.60408060328 7.460736726341842 125450.58970364323
67055.70409275538 7.201240182121398 25356.715010678738
67120.59409671595 6.061816322883918 17513.7539566056
67166.18409949854 8.471950366247912 22869.141525814517
67189.46410091945 6.2276099318063585 10318.404668847748
67196.92410137477 6.211092327683745 25489.90222222254
67250.06410461817 6.67291145702116 39899.8571546467
67293.69410728113 8.98745118178442 60860.58701929637
67307.6641081338 10.870397391257562 634624.7088205958
67339.11411005336 7.1341398348759295 27958.434755239432
67484.97411895594 8.618553261783575 24304.22821826725
67505.94412023584 6.863777900464755 23585.84324992485
67552.79412309534 8.02557736720088 27359.93735540783
67598.10412586085 7.645760918039443 28064.937252659143
67663.0641298257 8.316562951912152 12066.777809413641
67728.62413382715 6.39460533891512 12948.907474188602
67803.64413840602 7.452234590117955 44485.167667814996
67899.91414428187 8.637883521473842 41505.832812038636
67904.24414454614 6.793927922895768 50748.87357703577
68170.21416077967 9.264080985894037 43384.556435233506
68264.42416652979 6.280615935490179 13688.898045760729
68324.67417020716 7.6477315022794015 21521.1740731402
69381.21423469325 6.060146224839408 7340.768114196222
71158.72434318386 6.918311530951686 12504.96336035703
71223.73434715175 7.830487742234338 12715.199328348668
71448.52436087184 6.964994140547757 14013.61607353989
71722.3543775851 6.675393638624924 9224.064790790326
71996.4143943124 6.051960063688311 8771.154671825909
72055.22439790188 6.589620846574218 22022.016703740494
72150.97440374599 6.470464888927183 9218.871596604235
72241.65440928066 6.381398241695792 7579.884956653297
72508.9044255923 6.970061826648392 19283.509331840716
73279.97447265469 7.081203051567826 12276.187255413739
73394.30447963285 10.807540846088157 28468.17484016609
73461.65448374356 6.847572534595104 20619.099996294462
73486.04448523221 6.828455763922528 19738.972372695684
73527.34448775295 6.3329046626978 10457.732152865487
73954.75451384 8.011076836509774 22162.812701042225
74068.04452075467 12.094339731799447 127982.49037611959
74118.0245238052 7.553134050841189 18731.127682042974
74268.48453298856 11.085977119410199 199589.30974433507
74275.9645334451 7.800886529288387 159241.19990964863
74422.2245423721 6.757757294383858 10002.600056566234
76045.0646414224 6.712680116536509 32952.491987820686
76127.64464646268 6.480218857297214 20887.722351225973
76192.6646504312 7.438815506654177 31092.477852328804
76500.56466922392 6.064704611975714 5819.639221464142
76580.87467412565 6.750525138656997 12402.187601711195
76621.65467661466 6.025733383848102 9848.038085972068
76657.9146788278 6.402468894983548 12940.053205496593
76698.49468130461 6.444188407625082 6362.090001960186
76734.63468351042 7.230566739193142 9574.554210500797
76758.974684996 6.034062308529286 10318.475364368263
76819.1546886691 7.775695123798464 14759.95713796934
76850.34469057279 7.076641915202668 7570.610706105091
76861.8446912747 9.083360461803633 15286.272193798304
77298.89471795011 6.191865267551783 5618.924228749783
77564.88473418486 6.195107632795612 6358.461213285731
78307.3147794992 6.602581319266039 9981.38941748988
78683.06480243316 6.54571887204528 12994.609592947992
79587.82485765533 7.4035944464367525 9365.879192726974
82419.37503047944 6.4079496800305265 8290.029033455545
82508.98503594879 6.5467947031038305 10138.851616203607
84199.29513911714 6.123525592175168 8907.097317785476
84235.63514133515 6.917847980952238 7768.509601910594
84308.74514579744 7.963117398625715 16570.453110964227
85250.93520330415 6.501930405054632 6270.068611625042
85453.89521569185 6.388804070388753 11274.02612367481
85557.19522199678 7.809742473545278 11393.689903655622
85685.06522980134 7.124909690137878 19080.845927454917
85705.35523103975 6.5713371009298776 13342.221651435406
85861.07524054415 6.491468458641271 5573.9258880328425
