415.17002533996737 9.207933901487708 40824.8602798139
1092.1100666571085 6.117474276828192 179596.62286494
5398.270329484273 8.35646890079525 109660.67484557693
8103.150494577057 7.970464171712169 33046.286981938094
9455.560577121618 6.1601130126664305 25698.779665607482
9771.830596425207 6.308987399339802 1044618.4351478053
10162.09062024479 6.724033994775881 128808.06599970012
10290.570628086587 6.1375144788211005 150270.60300356356
10825.08066071049 6.715925553436149 10053.484734891974
10828.260660904582 6.991536942421769 23583.03950032882
10834.220661268351 8.111097488802056 46824.6155600733
10889.020664613077 8.40883925519002 87652.11284345058
10890.640664711955 6.1373132636897605 91141.98242613277
13225.25080720525 7.936583062684994 23133.875238405217
13402.350818014576 6.208737837297866 26133.72046819402
13421.22081916631 7.024737627814753 18643.767381175927
13514.950824887135 6.523248753763303 25691.093463150297
13529.460825772756 6.283606762731402 20117.997916197055
13562.720827802785 6.087077491277336 26903.082477321448
13728.300837908986 6.774649281875276 173595.92140475725
13835.940844478811 8.29260231195192 36191.1335569962
14004.130854744315 6.453256079577377 22727.73440605203
14634.020893189752 6.527054122173597 23841.052977709525
15156.380925072079 7.350656616696406 578528.8029554071
21184.25129298409 7.647203360301532 155636.2052355231
23790.10145203256 6.287051423116504 112294.69287406058
25944.181583507176 6.0951502377190545 97450.12553352771
28678.761750412705 6.554467663087702 227066.94983620892
28829.811759632066 10.561613615174496 157695.2947179625
28928.90176568004 6.3888672096214005 75866.50594419826
29372.161792734485 6.833338189234343 37762.911148501145
33923.59207053174 6.171704229991525 98552.07340137602
33948.982072081424 8.134086725050073 153679.06294958445
34530.59210758009 6.142776375686297 173220.34333548747
34654.82211516248 6.486434787961879 511992.94812702446
36632.04223584242 6.157478521607111 28531.168506518436
36662.95223772902 7.172620338231103 22858.168500731488
37472.45228713698 7.930112852247819 113921.04727280216
37539.522291230605 6.1173264615482825 22848.641380046
37628.38229665419 6.880177070758686 83156.66377013955
37634.63229703566 6.760822045738481 92750.67256667202
37682.252299942156 6.298277222368274 196461.4069425454
37684.8023000978 7.765631682820149 196461.4069425454
37755.4223044081 9.125328043007517 77627.84906406862
37780.89230596267 7.593560230398623 68443.95752618203
37912.57231399977 8.064630096976412 517420.9051129976
39196.252392349386 7.239803584984056 69061.02289961981
39342.74240129043 6.112653482647805 22607.757052228175
39611.332417683865 10.020258771578382 128977.92925736812
39635.30241914688 7.477972853260299 368860.7956759179
39636.662419229884 6.541063603161434 590988.1231312235
39847.53243210037 6.643265053653713 153058.22401899865
39903.402435510405 6.020577912252663 72247.21197085509
40045.44244417984 6.141880180928534 44773.237072189106
42102.082569707185 6.923570738492989 150232.82403337056
42466.14259192765 6.007683243266107 36063.622696934035
42744.06260889054 9.550038342580777 595742.5365291348
43102.52263076921 6.540423688098581 684176.29397542
44454.18271326799 6.7074784538796965 28646.359558712404
44592.022721681074 10.363741143268777 132151.11970070857
44753.52273153825 7.394106637126165 170055.0896028104
44773.762732773605 6.97678395899776 165450.03787053746
44959.5227441115 8.288168270024366 265585.331937006
45300.21276490556 6.515752170751896 100615.95996199461
45623.032784608935 6.963771214945183 165405.150443629
45626.36278481218 6.592466364821691 177706.9969751374
45690.65278873613 6.4759257486413455 978954.1637085738
47046.22287147356 6.496068348730881 9928.052687234564
47081.43287362261 7.273635043682987 14901.03699087447
47101.47287484576 7.079787282390554 23037.03612753459
47164.64287870135 7.17236262991369 20101.249740246043
51692.24315504414 6.532596066205279 13210.39445806704
52608.363210959666 6.881926290051061 10408.0183340979
54386.283319475304 11.287559317922774 61915.23713535724
55098.52336294698 6.425295031456492 23398.582222109977
55651.03339666952 6.020384858037123 5447.835712348024
58054.1235433425 10.885079056474986 32830.37407851681
58315.11355927207 7.407807975430588 10760.939513761443
58539.48357296653 7.437708870967827 6181.1145048007975
58877.223593580544 8.286068971766563 22175.116039797635
64560.08394043481 7.332415744696674 6867.591472412354
65898.37402211755 6.902146392024135 4120.796459752069
66748.00407397485 6.112438351876869 2545.232043548178
68734.06419519435 6.085533179631184 5799.712905602509
71051.42433663478 11.011354370715384 20374.27220601977
73798.7345043173 8.49203661441584 11726.494499205277
75325.85459752531 9.292199875829468 7108.249346637203
75599.56461423123 7.444814715381402 4180.460370927706
78064.15476465788 8.565093209131367 13765.667541744162
82970.755064133 6.155579393542785 3904.49796055963
85364.81521025483 6.185796576055827 7824.934964590029
85401.34521248445 7.76253491730994 7837.147713737539
