21.1000 11.6469 1.6233e+04
92.0700 10.7094 4.1650e+04
219.7400 12.2399 2.1421e+04
413.7300 21.2013 6.3981e+04
978.7001 10.2837 3.3458e+04
1323.5401 10.4825 1.4868e+04
1440.0101 17.1938 2.2004e+04
1466.8001 10.7293 1.5836e+04
1603.5001 10.8284 2.6039e+04
1834.8801 10.5734 2.8244e+04
1992.2601 10.7049 1.7308e+04
2854.4402 11.9819 1.1430e+04
2872.9302 24.8474 7.6184e+04
2934.0102 10.4156 2.7891e+04
3014.6002 11.2752 1.6717e+04
3029.6002 11.0514 9.0251e+03
3085.8102 23.5471 6.9680e+04
3099.0402 14.5618 4.4618e+04
3121.3102 11.3941 1.0071e+04
3187.3102 16.1417 8.0072e+04
3198.2202 11.3521 4.5396e+04
3247.6902 12.2742 7.7961e+03
3332.7302 14.2303 2.5976e+04
3925.9402 15.4966 2.0793e+04
3942.5902 17.2787 3.1912e+04
3968.2202 10.7382 1.0456e+04
3975.4802 25.1790 1.8382e+05
3977.0002 12.4211 1.8618e+05
3981.0302 11.6732 1.2642e+05
4010.2402 10.4466 1.6033e+04
4039.8702 11.1894 2.0652e+04
4045.9902 22.2614 5.2889e+04
4214.1103 10.6459 1.4449e+04
5747.3904 14.1882 9.7338e+03
5919.5104 10.1233 7.0258e+03
5989.3704 12.6492 2.0481e+04
6006.0204 18.1768 2.9894e+04
6691.8204 10.7682 8.3504e+03
7592.9105 10.0374 1.2905e+04
7689.8105 12.1120 2.6473e+04
7701.4005 13.5950 1.5711e+04
7968.6905 10.1988 8.1502e+03
7986.2005 10.1815 6.5963e+03
7992.8005 10.6126 1.3800e+04
8295.2605 14.9208 2.0557e+04
8981.8505 18.5462 1.4253e+04
9279.5406 12.4431 2.2407e+04
9375.0606 12.0653 1.1037e+04
9384.6106 10.8314 9.9929e+04
9387.4006 20.8498 9.9929e+04
9462.1606 13.9298 9.6193e+03
10125.4206 20.1969 2.3438e+04
10330.5906 10.5357 8.5660e+03
10542.8106 15.9101 1.6239e+04
10574.9706 12.5499 2.8660e+04
10592.2406 14.1467 6.1376e+04
10599.6006 10.1793 3.8553e+04
10625.5706 14.4782 4.8087e+04
10730.3507 11.5177 1.4593e+04
11220.0107 23.0472 1.0429e+05
11910.6507 11.7848 8.8608e+03
12001.4807 16.4256 4.1606e+04
12405.9908 11.1555 1.2067e+04
12471.6408 10.0283 1.3506e+04
12809.0108 19.3907 3.2988e+05
12831.9808 23.1130 2.0934e+05
13168.7808 17.0045 8.2180e+04
13323.2608 22.0209 5.9982e+05
13382.4008 12.0602 4.4349e+05
13385.7408 15.0606 2.7821e+05
13449.9208 12.2291 1.3640e+05
13512.8308 12.7185 7.1770e+04
13543.2408 10.6815 1.7001e+05
13543.8108 15.5807 1.7001e+05
13585.9208 14.8155 2.4806e+04
13675.3208 12.0802 4.2872e+04
13729.6708 10.8335 8.3236e+04
13822.5708 21.0943 1.5486e+05
13830.4408 11.3014 1.2429e+05
13929.8309 10.3824 4.0552e+04
14032.4909 10.6149 5.1446e+04
14099.0409 17.0929 1.2216e+05
14125.8609 24.9645 1.9847e+05
14153.8709 12.7611 3.4050e+04
14180.6209 14.5498 5.3390e+04
14225.6809 12.0004 3.1296e+05
14229.2009 21.0085 3.1296e+05
14281.1009 10.7027 5.2946e+04
14325.1009 15.0955 3.1031e+04
14335.0809 20.3793 1.2421e+05
14349.5609 15.3972 1.0153e+05
14393.0509 10.2774 7.3638e+04
14480.7509 12.1505 1.3428e+05
14498.0309 22.1290 1.3332e+05
14636.6109 12.0741 8.7452e+04
14747.9809 11.5400 5.9076e+04
14914.4509 21.4147 8.0320e+04
15086.6309 11.3610 4.8277e+04
15144.1909 11.4938 1.6418e+05
15152.6709 12.4082 2.9762e+05
15159.7209 11.7220 2.9131e+05
15189.5709 22.6080 4.4699e+05
15214.8009 18.3689 8.0593e+04
15239.9309 11.1878 2.1647e+05
15240.9409 15.3829 2.1647e+05
15255.2909 15.3023 1.0834e+05
15259.1409 12.2891 1.5563e+05
15260.3809 14.7481 1.3362e+05
15280.8309 16.4965 4.8431e+05
15307.2109 12.4084 4.0801e+05
15310.8009 17.0940 4.0801e+05
15333.5909 11.8559 2.8849e+04
15365.0709 13.4695 1.2189e+06
15366.7909 18.8417 1.2313e+06
15367.8809 21.2019 1.2313e+06
15376.2309 10.5276 1.1369e+06
15404.0809 10.0059 5.2738e+05
15410.3909 12.7770 2.1379e+05
15560.3509 11.1283 2.0857e+04
15572.8910 13.6137 1.4977e+05
15613.7010 11.9445 7.7639e+04
15823.9010 19.1608 3.7164e+05
15836.5310 15.7247 8.1072e+04
15959.2710 13.8741 3.4585e+04
16057.2010 20.9768 1.8443e+05
16079.7310 13.1478 1.5988e+05
16108.0810 20.5242 3.2185e+05
16156.6310 11.5512 1.4151e+05
16196.3210 16.4117 9.1432e+04
16218.4410 17.0016 2.0597e+05
16230.0310 24.9706 2.2460e+05
16244.9210 10.0027 5.7362e+04
16286.6510 10.1720 6.6082e+04
16354.9410 20.7059 1.3753e+05
16387.7110 15.1056 6.9689e+04
16395.1910 11.8105 1.3227e+05
16405.5310 12.7967 1.3230e+05
16409.3710 17.6089 1.1003e+05
16447.9310 17.1348 3.8861e+05
16450.7910 24.2460 2.8349e+05
16471.2310 10.9302 4.4226e+04
16548.6610 14.5277 1.1769e+05
16633.0610 16.4442 1.5153e+05
16664.9510 11.5773 5.6350e+04
16690.5310 18.8700 1.9271e+05
16733.4210 11.4452 9.1924e+04
16829.9310 23.9518 3.0106e+05
16965.4510 16.0947 1.1281e+05
17069.9610 17.7222 1.2901e+05
17093.6910 17.4328 7.9501e+04
17326.9811 11.5280 1.6838e+05
17379.5611 11.8010 1.2994e+05
17403.5611 12.0357 1.0367e+05
17441.4611 13.5152 1.0188e+05
17446.8711 11.3551 1.2101e+05
17482.4411 16.1067 2.0899e+05
17511.8711 10.2046 1.1994e+05
17792.6911 10.6956 7.0294e+04
17817.7911 13.6748 1.7474e+05
17951.6611 11.2700 1.6056e+05
17970.9711 17.0894 1.4214e+05
18118.4611 21.6280 4.6539e+05
18461.6911 10.0525 6.3393e+04
18568.2011 14.3998 8.4947e+04
18623.1911 12.4752 2.1018e+05
18624.7511 11.3429 1.5297e+05
18635.2111 13.2747 2.4261e+05
18654.4311 12.6695 1.3846e+05
18766.1511 12.8457 1.9040e+05
19057.1712 10.1850 3.0646e+05
19066.1912 12.0072 1.5095e+05
19068.2812 13.6494 1.0517e+05
19084.1212 18.2234 4.1186e+05
19091.9012 13.1475 3.9126e+05
19133.8312 13.0463 1.1153e+05
19135.8512 10.7530 1.1211e+05
19148.9312 23.4269 4.4069e+05
19177.8212 14.8419 3.6769e+05
19192.0712 14.7893 3.0697e+05
19197.3112 10.0819 1.9990e+05
19202.5612 10.9131 1.0029e+05
19263.2812 11.7163 5.8447e+04
19288.5912 18.3332 1.5165e+05
19295.0512 18.1824 2.5134e+05
19313.1412 11.4756 3.1141e+05
19350.3112 10.4753 8.8797e+04
19389.5012 13.0401 1.0323e+05
19404.1812 19.6910 4.4856e+05
19418.7812 11.1468 1.2877e+05
19426.3712 15.1009 2.2354e+05
19448.3112 11.5552 1.4283e+05
19476.4012 13.0123 9.1582e+04
19495.9512 14.6111 2.6235e+05
19511.1012 21.1993 1.1929e+05
19578.2212 11.3512 1.5119e+05
19588.7212 11.1544 1.8551e+05
19614.3312 18.4094 2.3365e+05
19616.5612 12.2383 2.3365e+05
19635.2412 12.6876 9.7071e+04
19643.9012 13.3901 1.9161e+05
19652.5812 11.4729 1.1482e+05
19670.3412 13.8894 5.3769e+05
19697.9212 11.1029 3.8131e+05
19706.8212 17.8019 2.3900e+05
19715.6612 14.8131 4.3087e+05
19724.4912 16.4225 1.5744e+05
19826.0612 18.4415 2.3672e+05
19876.6312 17.6612 4.7977e+05
19887.3312 14.3632 7.6098e+04
19929.6312 12.7822 7.8760e+04
19981.1512 11.0860 9.4891e+04
20051.5712 10.8647 1.1058e+05
20114.4412 15.2810 2.6689e+05
20120.4512 13.1831 7.6538e+04
20128.3812 15.7303 3.9490e+05
20160.8212 11.4068 9.9690e+04
20170.4112 11.8089 1.6299e+05
20192.7312 15.6350 2.5801e+05
20192.9612 11.3149 1.5219e+05
20213.5312 10.2245 7.8673e+04
20220.3312 14.3268 2.5265e+05
20249.3612 18.4799 3.3225e+05
20294.2712 11.9183 9.3272e+04
20316.6312 11.9477 7.0680e+04
20345.3812 12.7290 1.0691e+05
20413.5812 10.6529 6.4359e+04
20429.8312 21.6206 6.7478e+04
20476.4312 10.7670 2.0428e+05
20520.3113 12.0400 7.0069e+04
20620.5513 11.0130 2.5310e+05
20624.2213 15.1096 2.5310e+05
20668.8813 13.5375 8.7119e+04
20676.4513 12.0593 2.4981e+05
20689.6713 13.0552 1.9545e+05
20690.1413 13.1476 1.8678e+05
20706.9913 14.6415 2.3468e+05
20732.6413 12.3349 1.0312e+05
20737.8213 18.3421 6.9972e+04
20756.3313 18.8617 5.9585e+04
20777.4713 10.2169 6.9823e+04
20830.7813 14.9598 1.8940e+05
20846.0013 11.0646 2.0302e+05
20864.2013 11.0974 1.1364e+05
20885.1513 11.3000 1.3725e+05
20892.8513 12.1912 7.5860e+04
20897.3313 10.5008 1.1981e+05
20898.5213 22.1059 9.8326e+04
20919.7513 10.6668 2.4767e+05
20940.4313 16.2871 1.0660e+05
20984.5313 13.8341 8.8595e+04
20989.8513 11.7164 9.6648e+04
20999.2613 23.7224 6.6581e+05
21015.4113 12.2991 2.1277e+05
21020.1113 10.0398 2.7010e+05
21027.9813 10.7096 2.4760e+05
21033.8813 12.1520 1.2333e+05
21055.3413 13.7891 1.4699e+05
21067.1713 16.8668 5.1358e+05
21073.6413 20.1190 1.9067e+05
21080.7013 14.6227 2.2285e+05
21082.4513 11.2569 1.2480e+05
21100.8013 12.5552 7.8283e+04
21114.9813 13.6623 2.0462e+05
21144.4313 10.6629 6.1917e+04
21148.5913 10.4295 1.4492e+05
21155.4713 11.0846 1.5572e+05
21162.9813 11.9030 1.1382e+05
21250.9113 11.7855 9.7453e+04
21299.0213 13.5146 2.0185e+05
21301.8313 12.3207 2.0185e+05
21325.1513 15.1186 2.0126e+05
21336.0613 16.4336 1.7915e+05
21358.6313 10.2931 8.6658e+04
21364.2913 16.1430 2.3062e+05
21369.5413 16.8802 1.4934e+05
21377.4313 15.8259 2.3690e+05
21395.9013 18.0985 3.2207e+05
21403.8913 10.5010 1.6646e+05
21417.2313 13.8506 2.0113e+05
21524.1413 11.3739 8.7119e+04
21555.6713 13.6996 2.5626e+04
21588.8713 19.7321 2.1322e+05
21619.4113 11.8648 2.5871e+04
21633.3213 11.0752 9.4538e+04
21655.1913 17.5069 1.8217e+05
21668.5313 10.1437 1.8966e+05
21672.2513 19.8316 1.1608e+05
21725.0313 15.2013 6.9403e+04
21744.8913 17.0532 3.1809e+05
21773.3713 17.3106 2.4240e+05
21777.3013 20.0900 2.4240e+05
21789.4613 13.0965 2.0315e+05
21799.3513 15.1051 1.9785e+05
21810.7813 10.1596 4.7039e+04
21825.0713 15.0810 1.5509e+05
21873.5113 17.3719 3.6406e+05
21883.3013 13.6041 1.0838e+05
21897.1913 12.4056 1.8203e+05
21936.7513 12.7982 1.7757e+05
21949.2013 10.0183 1.1385e+05
22062.4513 11.1331 2.3371e+05
22083.8913 18.2741 4.0271e+05
22091.1013 20.3244 1.7313e+05
22117.5313 16.9573 3.9914e+04
22169.0814 17.0495 9.2056e+04
22197.8614 20.3500 5.8394e+04
22220.5514 11.1797 1.7501e+05
22228.8114 12.6833 4.3291e+04
22349.0314 11.4356 3.9142e+04
22376.0614 18.0942 1.7578e+05
22377.8414 12.5624 1.0994e+05
22396.8714 14.8795 9.0471e+04
22427.5514 11.8927 2.9486e+04
22435.2714 14.1788 9.7236e+04
22452.7714 16.0886 4.1504e+04
22531.0714 21.5753 2.1493e+05
22538.3914 20.7126 1.2619e+05
22633.8014 15.9596 4.2655e+04
22669.1414 10.5712 5.0455e+04
22881.9414 21.0927 9.4830e+04
22906.8214 19.2442 2.2765e+05
22913.7314 15.8231 1.1682e+05
22916.0614 13.4131 9.9376e+04
22949.8414 14.3586 3.2636e+05
22999.8114 21.5873 1.6790e+05
23442.2014 11.5480 3.3162e+04
23516.0614 11.4890 4.2872e+04
23588.9014 10.9234 4.1169e+04
23628.9014 14.6436 2.1877e+05
23631.2714 10.5924 1.2710e+05
23649.5014 13.7947 5.4456e+04
23660.0514 15.8063 1.2853e+05
23675.0914 16.1803 3.1861e+05
23753.7914 11.3406 6.2710e+04
23775.6315 10.8531 2.5602e+05
23776.7015 16.8339 1.4063e+05
23785.3915 13.9724 3.4575e+05
23788.7415 13.2316 3.4575e+05
23835.2815 14.8020 1.5409e+05
23840.3815 19.5886 1.4887e+05
23885.9715 12.0645 4.2258e+04
23913.1115 11.9356 7.6228e+04
23935.4015 17.8537 7.6221e+04
23955.6615 12.8629 1.4337e+05
24059.7215 17.1000 1.1168e+05
24192.6515 11.5705 9.1854e+04
24195.8415 12.3117 7.5253e+04
24263.8415 10.3705 2.9980e+04
24327.2915 15.4191 3.3278e+04
24424.9215 18.3450 6.0972e+04
24481.9215 17.1782 2.8750e+05
24493.9715 14.4648 1.6861e+05
24563.9215 10.9991 4.5486e+04
24585.7315 15.3620 8.9410e+04
24598.6615 10.7000 1.0201e+05
24621.1215 10.6361 7.8914e+04
24640.4215 12.8152 1.0383e+05
24646.3415 10.8340 1.4684e+05
24661.4515 17.1231 6.0886e+04
24713.8215 19.1126 6.9836e+04
24723.8615 13.9250 1.1444e+05
24737.4215 10.1840 9.1494e+04
24751.8315 13.4840 4.3037e+04
24759.1315 17.8895 2.0725e+05
24763.4915 14.4113 4.8686e+04
24780.7915 12.8528 2.0532e+05
24799.1715 14.6104 2.4224e+05
24802.6315 14.2812 1.2524e+05
24848.1715 16.8089 2.3752e+05
24866.8115 11.5856 9.0877e+04
24901.0015 12.0179 1.3453e+05
25154.6315 15.0062 5.1279e+04
25164.6215 13.0606 1.9350e+05
25235.7215 10.3542 6.8933e+04
25275.1615 23.3794 8.3895e+05
25278.8315 11.9646 3.8233e+05
25294.4615 11.9893 1.5005e+05
25299.2315 11.7823 1.5322e+05
25309.5815 19.5143 8.0318e+04
25316.6315 11.0136 2.1091e+05
25329.9615 18.2280 3.1130e+05
25336.4515 18.9342 1.3763e+05
25343.8515 22.0388 6.5293e+05
25346.3215 10.5059 5.7776e+05
25353.7815 14.7616 2.0821e+05
25361.9215 20.7798 2.6378e+05
25366.3615 15.4133 1.1846e+05
25374.3915 18.7533 1.2589e+05
25390.1815 16.8688 8.8634e+04
25405.2816 12.7303 5.3215e+04
25429.1716 19.4248 7.5338e+04
25436.1016 14.1630 1.2716e+05
25444.9316 15.7499 2.3483e+05
25538.1416 13.0447 9.3236e+04
25612.9416 13.2029 5.3198e+04
25704.5116 20.1928 7.0884e+04
25731.2216 16.8806 6.9410e+04
25751.2916 19.1297 2.0429e+05
25770.2616 20.2476 7.6360e+04
25852.8716 18.9482 1.0607e+05
25947.8716 16.9454 2.3455e+05
26026.9916 18.2653 9.2782e+04
26174.9216 13.4299 1.2236e+05
26179.1116 11.8303 6.8158e+04
26191.8216 10.1415 6.6599e+04
26204.6116 14.1352 1.9826e+05
26213.9916 17.1419 1.8006e+05
26247.3516 16.5288 7.4497e+04
26259.9516 11.7168 7.2245e+04
26265.6816 22.9899 3.9941e+05
26313.8716 17.8399 3.9728e+05
26317.8416 24.2680 3.5675e+05
26327.9716 16.0158 3.8234e+05
26377.9816 14.4930 9.4497e+04
26396.9716 15.8337 2.0060e+05
26407.9616 22.9671 1.3405e+05
26434.3516 17.0160 1.3054e+05
26436.0916 14.8032 5.5598e+04
26447.7416 11.9946 2.3544e+05
26455.8316 10.2091 5.4135e+04
26466.5016 15.6113 1.2409e+05
26474.4816 17.4928 7.6652e+04
26512.9316 14.8752 2.1199e+05
26516.9816 19.0668 1.5371e+05
26521.2816 14.5749 5.3540e+04
26533.0916 26.2241 2.8918e+05
26560.4016 15.1309 1.1828e+05
26581.5816 12.1738 3.0497e+04
26612.8316 17.1997 1.4271e+05
26619.6616 14.6789 3.1973e+05
26643.3816 17.5716 1.4227e+05
26663.2616 18.2628 7.9603e+04
26677.8616 14.1570 2.9874e+05
26680.7316 17.4030 2.0367e+05
26757.0316 16.3736 1.1674e+05
26788.0016 11.7937 1.0996e+05
26793.7816 11.9436 6.9164e+04
26832.6616 11.0113 7.9244e+04
26836.6716 13.6006 6.1483e+04
26892.4316 12.4236 5.6629e+04
26912.4116 11.4069 3.6138e+04
26935.5716 12.7669 5.1999e+04
26942.5716 22.9341 1.6409e+05
26962.8016 17.1243 2.5907e+05
26965.5216 12.9233 1.6262e+05
26982.5416 12.3819 9.4203e+04
26994.9916 16.4905 2.6521e+05
26996.3516 20.7685 2.6472e+05
26998.1716 11.6605 2.1535e+05
27032.3216 23.7720 2.3030e+05
27035.6617 20.1573 1.7852e+05
27082.9917 16.0770 1.0933e+05
27105.8117 16.5406 4.3782e+05
27108.3217 11.8916 3.7144e+05
27128.0617 19.6075 4.0841e+05
27133.2417 23.5998 1.4167e+05
27146.9517 25.2000 4.5535e+05
27154.2017 22.3493 2.2220e+05
27160.8917 18.0821 1.3527e+05
27166.8617 23.7359 2.7928e+05
27175.0617 19.4143 1.4779e+05
27195.2717 13.8604 6.9012e+04
27214.0217 15.7129 8.9878e+04
27227.3917 11.2168 1.3886e+05
27233.7017 25.0850 3.9944e+05
27247.3817 11.3577 1.1754e+05
27286.5617 15.0447 3.6275e+05
27291.2617 21.9704 3.6707e+05
27313.6917 12.4329 7.0347e+04
27340.0817 19.3128 5.9492e+04
27354.0717 10.6418 7.2059e+04
27393.7717 20.1961 1.9152e+05
27414.2417 18.1259 8.8739e+04
27423.3417 19.5263 1.8404e+05
27441.4417 12.5011 9.5126e+04
27452.3417 19.4851 3.0990e+05
27476.2017 10.5753 3.3335e+04
27537.0417 13.2970 1.7693e+05
27586.2717 10.3887 4.4325e+04
27620.9717 18.7870 5.5917e+04
27632.9417 14.2890 1.0414e+05
27637.5217 21.2653 8.4761e+04
27647.5817 17.9236 3.0035e+05
27659.8417 18.1435 9.7758e+04
27666.4717 14.5102 1.7799e+05
27667.6717 10.1163 1.0508e+05
27679.5217 14.4364 1.2066e+05
27686.0517 15.2651 6.6143e+05
27688.1517 26.1329 6.2894e+05
27730.4717 25.8356 4.6418e+05
27773.8817 22.0420 1.2962e+05
27781.3117 11.2487 2.7212e+04
27817.7317 15.7934 9.2642e+05
27818.3417 14.2317 3.2179e+05
27904.0217 19.5878 1.8822e+05
27918.0517 17.0372 2.7761e+05
27950.0017 14.1496 3.8176e+04
27978.4017 10.5091 6.9777e+04
28041.2617 16.4510 1.3047e+05
28062.6417 25.5528 3.8565e+05
28078.0017 21.9785 7.5338e+05
28106.7617 12.4627 1.2087e+05
28180.4517 18.9901 4.4550e+05
28199.4917 13.0092 3.6099e+04
28253.0817 11.3942 8.6201e+04
28334.8717 24.1746 4.6709e+05
28397.1517 12.5476 1.1508e+05
28416.9417 20.4598 2.4378e+05
28444.5517 14.7401 8.0157e+04
28472.1417 13.3551 2.8747e+05
28527.5017 16.3218 6.2700e+04
28610.6317 21.7531 3.2664e+05
28671.2017 10.2457 7.4948e+04
28694.1818 16.6989 9.5817e+04
28718.5818 19.5626 6.3410e+04
28735.3718 12.5446 7.6264e+04
28777.5918 11.7818 1.1188e+05
28797.6218 17.6542 8.4923e+04
28807.9318 14.6365 1.7456e+05
28992.3918 10.4409 4.0396e+04
29008.3918 10.4294 6.4549e+04
29282.5418 15.6657 2.6646e+05
29291.6018 15.6885 2.1951e+05
29306.9018 17.8543 1.3037e+05
29317.6018 11.6077 1.5957e+05
29351.1018 11.8225 1.4626e+05
29359.6918 13.3108 4.1463e+05
29361.3218 19.5655 2.5590e+05
29367.2318 14.4970 3.3493e+05
29369.1618 13.9220 2.9358e+05
29384.9818 11.4198 1.3141e+05
29460.6118 11.3608 2.2714e+05
29478.3318 18.1545 8.5225e+05
29516.1518 15.8174 1.0515e+05
29549.1018 11.3741 7.8736e+04
29585.9018 15.4636 2.0605e+05
29670.7818 11.2752 2.3743e+05
29714.5618 12.0555 1.2431e+05
29718.8918 16.8751 1.5472e+05
29738.3718 10.4675 1.8055e+05
29809.4818 10.0865 2.9482e+05
29830.2118 10.6901 1.2599e+05
29887.1418 11.5564 1.5776e+05
29896.3818 13.4576 1.8146e+05
29931.6318 10.8782 1.1123e+05
29976.1618 13.9688 1.5768e+05
30013.1418 18.7839 5.4081e+05
30054.9318 10.1189 2.0777e+05
30079.9918 10.9776 8.7637e+04
30196.7718 11.0335 1.9194e+05
30209.0018 10.2183 4.0202e+05
30215.7318 10.4339 2.4775e+05
30250.6518 14.4250 2.4041e+05
30278.7318 14.4138 1.2333e+06
30280.4718 17.6092 1.4374e+05
30300.7518 12.0710 1.9960e+05
30336.5719 17.3704 6.2373e+05
30339.9019 15.5274 5.3315e+05
30345.0819 14.9111 2.7967e+05
30382.1119 13.5196 1.9378e+05
30441.5419 11.3375 3.6898e+05
30493.1319 11.5413 3.4311e+05
30521.5019 13.2965 2.9058e+05
30554.3519 16.3225 3.1210e+05
30561.8919 15.3811 2.9688e+05
30569.4919 14.5278 1.2266e+05
30577.0719 18.1765 3.2546e+05
30602.4319 14.9531 5.9578e+05
30611.4419 17.6461 5.6913e+05
30628.7519 16.0583 8.9178e+05
30631.3619 19.3951 7.8214e+05
30667.4319 10.8679 1.7513e+05
30671.0619 11.2804 4.5087e+05
30722.2719 12.8359 1.7139e+05
30776.2219 11.1380 1.8722e+05
30904.4719 12.1339 3.6082e+05
30909.2319 13.0929 2.3932e+05
30973.5119 11.7106 1.0869e+05
31013.9919 14.5865 2.8532e+05
31101.1919 15.9815 3.9932e+05
31158.8719 14.9834 1.4420e+05
31215.7919 10.5421 4.2808e+05
31244.9219 11.2205 3.4167e+05
31274.8219 14.5393 4.4085e+05
31358.5619 11.5915 2.4640e+05
31360.2819 10.1184 1.6814e+05
31373.4019 14.4822 1.8832e+05
31382.9019 11.5552 3.5059e+05
31386.5119 15.9786 5.8237e+05
31389.7219 21.1554 5.8237e+05
31399.5019 15.7971 1.2897e+05
31435.3619 13.4849 4.6281e+05
31459.6919 16.7383 4.2312e+05
31477.3719 12.8861 1.5720e+05
31493.2619 12.4297 1.2282e+05
31517.5319 11.4054 2.4276e+05
31548.8519 18.0681 4.8441e+05
31555.2019 11.9280 4.4479e+05
31565.5019 10.8567 4.7845e+05
31578.7019 16.3102 3.0095e+05
31601.2419 15.1526 3.8517e+05
31627.5719 10.5355 2.4001e+05
31637.2119 19.8152 4.8546e+05
31660.1219 12.8655 3.4201e+05
31674.8719 14.3313 2.7897e+05
31679.5319 18.3727 2.5583e+05
31705.0819 16.7058 2.0920e+05
31710.9219 12.3998 1.2145e+05
31718.5419 14.6030 1.6881e+05
31737.0419 12.0767 1.7232e+05
31742.4819 18.1717 1.6896e+05
31785.6019 18.0875 3.7728e+05
31823.5819 10.4126 5.3653e+05
31823.9919 18.8269 4.0245e+05
31849.7419 11.1148 1.4750e+05
31858.9619 14.2027 1.3041e+05
31868.0119 12.4959 3.5504e+05
31881.6119 11.2510 1.2949e+05
31995.9320 16.8612 4.7190e+05
32023.5820 12.8420 2.2177e+05
32052.6720 10.2296 1.6617e+05
32067.2820 11.5515 2.3703e+05
32085.5620 15.5124 2.5013e+05
32107.1320 14.8537 6.0681e+05
32197.0920 13.6194 1.4279e+05
32209.7320 14.9126 1.3218e+05
32235.9220 11.0507 4.4608e+05
32238.0420 10.5647 1.8877e+05
32266.5420 16.8213 2.4396e+05
32271.4220 13.6525 3.9068e+05
32283.2420 12.3591 1.6525e+05
32308.2420 10.4776 3.6385e+05
32311.4820 14.4869 2.6640e+05
32322.5720 11.8193 3.5480e+05
32326.2420 13.4230 4.2032e+05
32329.7020 11.3997 9.1070e+05
32336.8420 16.9723 4.7631e+05
32339.5920 15.5278 5.0273e+05
32354.3620 10.8878 1.4245e+05
32400.8620 10.2450 1.1930e+05
32415.4420 18.5177 1.8596e+05
32435.2520 11.4977 1.8936e+05
32445.0820 12.4166 3.6195e+05
32458.3620 14.4026 4.4669e+05
32473.9520 14.4071 1.9176e+05
32492.3420 15.7967 3.5196e+05
32503.3220 18.3036 3.7606e+05
32514.3520 20.8481 1.4105e+05
32533.5720 10.0913 1.3225e+05
32547.6620 12.0249 1.1821e+05
32589.5820 10.6857 1.9044e+05
32613.1720 13.1252 4.2299e+05
32616.7720 17.7753 2.1525e+05
32636.5220 14.6373 1.6525e+05
32644.6820 21.2110 1.5679e+05
32665.0920 16.2003 1.9056e+05
32675.2720 11.6439 1.5749e+05
32686.4320 11.7755 1.4330e+05
32759.2520 10.6445 1.4766e+05
32780.5820 13.3064 1.6600e+05
32791.6620 15.4165 4.3662e+05
32892.4520 11.8145 3.2371e+05
32940.1620 12.0374 1.4679e+05
33000.2420 12.5399 2.3575e+05
33012.3020 13.2843 2.1707e+05
33019.1620 10.4821 1.1796e+05
33024.4720 11.8414 2.4727e+05
33036.7020 13.4860 1.7318e+05
33046.9620 12.6205 2.6112e+05
33052.4420 11.0925 1.8563e+05
33055.8120 13.8937 1.1868e+05
33061.3620 10.6698 1.9079e+05
33069.8620 10.9148 1.8665e+05
33073.8020 13.8070 1.3941e+05
33083.8220 10.0422 3.8999e+05
33098.4720 13.5700 2.9050e+05
33118.1320 13.1939 1.5223e+05
33129.3620 14.8991 1.7125e+05
33142.5720 13.3841 2.6421e+05
33148.9120 12.5984 3.0796e+05
33169.2120 20.5681 3.5852e+05
33181.7020 17.7613 5.5436e+05
33198.9720 10.6119 2.8199e+05
33199.8020 12.2740 2.5277e+05
33216.9120 14.1745 1.7373e+05
33232.0720 16.2614 3.4269e+05
33238.5620 11.8053 2.2754e+05
33256.0820 13.3438 1.5472e+05
33264.3620 13.6322 1.7524e+05
33286.5420 12.9098 3.6886e+05
33297.9720 11.6671 3.7311e+05
33298.3720 16.9090 2.9674e+05
33303.7720 12.0277 1.7957e+05
33311.6320 12.9699 8.5479e+05
33314.9420 13.9117 8.5479e+05
33349.6420 10.2335 2.1273e+05
33386.1120 13.6921 1.6780e+05
33407.5620 13.6021 4.1761e+05
33409.9620 19.2096 3.8963e+05
33425.2720 11.0231 2.2357e+05
33427.6620 17.9441 1.2437e+05
33432.5920 10.4984 2.6116e+05
33436.5320 13.1650 1.9690e+05
33447.4920 12.4322 2.6610e+05
33459.9920 14.6788 2.4634e+05
33469.1520 12.5689 1.5361e+05
33486.0820 12.8429 1.1752e+05
33524.8120 10.0494 1.3873e+05
33532.2120 15.1509 1.8525e+05
33555.8820 10.3697 2.1100e+05
33577.6220 15.7199 8.5358e+05
33580.0120 19.3325 8.0433e+05
33588.8721 11.7744 3.3808e+05
33591.4821 15.1909 1.5586e+05
33601.4421 15.5894 1.8449e+05
33618.7421 21.3045 2.8432e+05
33636.4021 17.1070 3.7615e+05
33642.4121 12.7080 2.0182e+05
33666.8321 13.9493 3.9098e+05
33675.8121 18.7156 4.1151e+05
33698.4021 15.3011 2.2435e+05
33712.5021 11.8079 3.6942e+05
33727.6521 12.6667 1.5090e+05
33753.4221 12.3231 1.5075e+05
33761.0621 11.4337 4.1210e+05
33787.7421 11.6533 1.0581e+05
33792.9921 14.6088 4.6188e+05
33800.5821 20.8003 3.4385e+05
33825.5421 15.3143 3.8215e+05
33831.7521 13.4888 2.6635e+05
33848.5421 10.8868 3.2465e+05
33848.9021 20.1080 3.1963e+05
33860.2021 12.6812 3.0464e+05
33866.9621 20.1768 3.2511e+05
33873.6221 10.0992 2.4446e+05
33907.0321 11.5658 1.8034e+05
33913.4221 22.0394 3.0039e+05
33919.6021 13.5438 1.0945e+05
33930.8821 15.6727 4.4291e+05
33934.6721 10.4712 3.4120e+05
33948.7421 11.8632 1.9017e+05
33963.3221 15.3467 1.3923e+05
33993.0421 12.1017 2.9622e+05
34004.4721 13.2500 3.9748e+05
34024.8221 16.5868 4.7300e+05
34028.3521 11.3791 1.6378e+05
34039.2621 19.0245 8.0465e+05
34062.0321 15.2399 2.0951e+05
34066.3621 11.0873 1.4250e+05
34079.4921 12.2994 1.5436e+05
34118.6621 12.6814 2.3543e+05
34129.1921 18.3833 1.6523e+05
34134.0221 10.0664 2.0375e+05
34142.5921 10.4038 4.1231e+05
34157.1221 11.4415 1.3302e+05
34171.3621 13.9107 3.7629e+05
34177.1221 17.1351 3.6020e+05
34179.5121 17.7997 2.2661e+05
34193.5921 11.9843 2.8944e+05
34199.7121 14.7712 2.9371e+05
34202.5421 11.4450 9.1861e+04
34211.0321 25.0514 2.5235e+05
34225.7821 15.2489 1.5620e+05
34256.8321 11.5476 2.2141e+05
34264.7921 15.2927 1.2683e+05
34268.9821 10.2270 2.6661e+05
34275.8421 11.8315 1.6821e+05
34290.0921 10.6514 2.7232e+05
34292.8521 10.5457 6.9429e+04
34318.7221 11.2995 1.5406e+05
34341.3021 17.4991 1.2465e+05
34344.9121 10.1127 8.9565e+04
34354.9521 13.7698 4.2699e+05
34375.9421 12.1437 1.3836e+05
34379.5321 11.1354 1.0168e+05
34397.1621 12.8534 1.0714e+05
34418.6921 23.3249 3.8498e+05
34433.3621 10.6816 1.2322e+05
34446.2221 10.4893 1.9080e+05
34451.4021 12.2153 1.2731e+05
34469.5021 11.3720 1.2826e+05
34473.2721 10.9311 1.5669e+05
34477.4221 12.2788 4.0065e+05
34484.0121 12.9513 2.2442e+05
34507.7421 13.5059 2.1561e+05
34514.4121 10.8255 1.9153e+05
34577.1221 12.7067 1.6033e+05
34592.0821 14.0508 1.8627e+05
34599.2521 17.3009 4.1899e+05
34623.5621 13.3012 2.7165e+05
34647.1121 10.6175 8.3205e+04
34669.6021 12.3803 2.6018e+05
34672.5621 11.2309 1.3525e+05
34683.7721 11.7095 1.6930e+05
34761.5721 15.7607 1.5393e+05
34774.7821 15.4442 1.0551e+05
34783.8621 10.5542 1.4055e+05
34792.7021 11.9915 1.6274e+05
34813.8921 11.5786 3.5463e+05
34817.4821 11.5960 2.3668e+05
34843.4221 10.0559 1.0893e+05
34866.9921 17.4801 1.4420e+05
34891.6421 10.6547 2.8945e+05
34892.5821 12.8789 1.2401e+05
34911.6621 13.0717 1.3693e+05
34916.5421 13.5153 2.3606e+05
34919.9421 12.0503 2.3695e+05
34929.7821 11.0439 8.1952e+04
34941.5821 18.5862 3.7446e+05
34951.3921 12.1234 2.6260e+05
34987.7221 17.4311 4.4025e+05
34991.4721 12.2362 9.5861e+04
35013.2021 10.1282 4.7064e+05
35015.9021 15.4928 4.7064e+05
35033.0521 17.4114 1.7113e+05
35039.9621 15.2170 9.9886e+04
35050.4121 17.8847 1.4408e+05
35074.3521 12.0738 1.5933e+05
35085.0521 15.6435 1.8069e+05
35092.0421 13.9575 1.1380e+05
35104.5521 13.2842 3.9915e+05
35128.6021 19.0800 2.7648e+05
35168.0721 15.9290 4.6629e+05
35174.3421 12.3450 3.2283e+05
35190.6021 14.4694 2.5086e+05
35257.2922 14.7975 3.7311e+05
35266.9422 12.2153 1.2685e+05
35271.6222 10.6454 1.9400e+05
35287.8622 13.5145 2.4500e+05
35293.6722 21.2424 6.9417e+05
35316.2122 18.9967 1.4670e+05
35330.9022 14.1980 3.5183e+05
35336.2522 14.4645 2.9254e+05
35350.6222 16.1404 3.8642e+05
35357.0922 19.4240 5.9624e+05
35370.4422 18.0248 4.0122e+05
35372.3422 13.4902 1.8458e+05
35384.6522 14.3032 3.8553e+05
35387.5322 14.0568 2.2726e+05
35395.8422 15.1723 1.2506e+05
35399.8022 11.9003 7.2976e+04
35450.4222 16.1574 1.0482e+05
35457.0622 15.1169 4.6380e+05
35470.1022 10.3832 7.3204e+05
35476.1222 11.1248 1.5231e+05
35488.5622 11.0590 5.0371e+05
35493.4822 12.2014 2.1873e+05
35498.0122 16.2490 7.6427e+05
35498.6522 12.9538 5.9708e+05
35520.7122 10.0324 5.9122e+04
35527.6622 10.0172 1.3364e+05
35546.7122 15.3729 1.2527e+05
35571.5622 17.7989 5.2840e+05
35587.1122 14.2979 3.5496e+05
35607.2422 12.7581 6.5446e+04
35614.3722 19.4884 1.5429e+05
35624.9922 11.7984 1.9744e+05
35644.8722 15.4199 1.6565e+05
35663.6722 14.5264 1.7655e+05
35669.1722 15.6326 1.1865e+05
35679.2622 12.6753 2.8283e+05
35681.7822 12.8581 2.9329e+05
35716.0322 10.1207 1.6873e+05
35725.0122 11.1746 1.4119e+05
35727.2422 10.0810 6.6380e+04
35748.2022 14.3488 3.0372e+05
35752.0522 10.8840 1.7512e+05
35767.0622 13.0235 9.2655e+04
35776.6022 11.9637 9.6825e+04
35787.0222 11.0450 8.4447e+04
35806.9722 18.5196 3.8165e+05
35807.7022 11.8114 3.1130e+05
35826.9222 13.0910 1.4789e+05
35837.1022 13.3464 1.3262e+05
35844.3622 15.3665 2.4777e+05
35846.8822 11.3630 2.0188e+05
35887.3122 10.9698 1.5900e+05
35907.7222 10.0236 3.0965e+05
35925.2122 16.5784 4.5134e+05
35928.0022 10.5664 3.7072e+05
35939.1522 12.3619 2.3263e+05
35941.6722 12.3352 1.7559e+05
35948.2622 10.4336 1.2815e+05
35963.0522 14.6674 1.8829e+05
35965.2922 11.3915 5.8296e+05
35968.4522 15.0187 5.8296e+05
35988.7122 22.5573 4.1996e+05
36014.5822 13.7665 2.2805e+05
36025.8122 21.5811 3.8501e+05
36029.1422 13.2491 2.5141e+05
36040.8322 22.0221 8.0903e+05
36046.6822 14.3962 4.5779e+05
36052.6622 10.9852 1.5078e+05
36092.0422 12.2877 2.5302e+05
36130.6022 11.6835 1.6698e+05
36150.8522 13.6002 7.9280e+05
36152.8222 12.6755 3.5883e+05
36160.4122 14.6909 3.3369e+05
36178.8122 11.1042 1.1787e+05
36193.1622 18.1103 2.3512e+05
36210.2522 16.7958 3.4296e+05
36231.4822 12.1579 1.9322e+05
36242.6322 11.4304 1.3096e+05
36250.1322 15.2866 2.1414e+05
36256.4222 12.0194 2.6620e+05
36262.2822 12.3921 2.2313e+05
36273.9822 12.0245 3.1519e+05
36302.8222 21.4589 1.5254e+05
36354.3222 15.4104 3.5644e+05
36367.6322 13.8686 4.1750e+05
36370.9522 24.5584 3.5273e+05
36381.6222 15.6659 4.4300e+05
36383.7222 10.7823 1.6821e+05
36414.0422 13.5452 4.1908e+05
36430.4122 12.4847 3.9304e+05
36430.9822 17.5852 1.5063e+05
36463.7822 10.0822 1.3980e+05
36475.6522 16.1009 2.6085e+05
36488.3222 13.2746 2.2425e+05
36510.8122 13.7292 2.1839e+05
36520.7822 14.4235 2.5330e+05
36523.7622 15.7864 1.4823e+05
36540.7922 15.5843 3.2991e+05
36561.4722 10.7906 2.2799e+05
36569.9522 17.2931 2.2313e+05
36581.4922 13.8713 1.8972e+05
36591.4822 13.9729 4.7596e+05
36595.4422 12.0225 2.4179e+05
36616.5622 10.3197 2.4332e+05
36634.9922 10.0139 4.9362e+05
36636.1522 13.4494 3.7322e+05
36640.8822 13.7046 2.4904e+05
36646.6422 11.2665 1.3471e+05
36655.7322 11.4929 3.9376e+05
36682.5022 16.3498 1.2842e+05
36689.3722 16.7434 2.3829e+05
36694.6522 14.0291 3.5200e+05
36702.1522 10.2157 8.2933e+04
36706.3522 11.5952 4.3805e+05
36713.9722 12.7712 4.5413e+05
36731.9522 16.2663 5.5170e+05
36733.3422 10.0292 2.2899e+05
36737.2122 20.5056 1.7251e+05
36743.3822 17.4036 5.4290e+05
36752.6222 14.6775 8.1127e+05
36759.4422 16.3661 2.2744e+05
36769.1522 13.2934 5.9897e+05
36772.0622 12.1562 3.3220e+05
36776.2122 15.5086 2.4121e+05
36783.0522 12.9406 4.8162e+05
36785.2422 22.4796 3.7402e+05
36791.4722 13.7248 7.0185e+05
36801.8022 14.4797 4.7261e+05
36805.2722 16.9576 4.1959e+05
36810.9022 11.9396 3.8708e+05
36824.5022 14.0186 3.4662e+05
36830.1222 11.1131 2.7863e+05
36849.3022 16.3226 3.2889e+05
36874.9823 11.1635 8.3570e+05
36877.9123 13.3464 8.3570e+05
36884.9123 13.1947 5.9416e+05
36894.0523 12.2615 3.2832e+05
36899.5823 12.8891 1.3541e+05
36922.3423 14.9111 2.8548e+05
36935.4723 10.9363 2.0841e+05
36943.5023 10.5477 3.9894e+05
36948.0723 10.5047 1.7260e+05
36958.8323 13.9811 4.5053e+05
36988.5323 17.9321 2.4173e+05
36992.6523 13.3646 1.9242e+05
36999.5223 11.5432 2.0162e+05
37010.2623 16.9516 4.4832e+05
37011.3423 19.4701 1.8489e+05
37027.7923 12.9353 5.6841e+05
37028.3123 11.1278 5.2501e+05
37038.9623 10.9621 1.8044e+05
37055.3323 13.6852 4.0998e+05
37090.3123 11.5984 1.9961e+05
37104.4423 12.8232 9.9632e+04
37107.0623 10.7830 2.2179e+05
37111.2223 12.5386 2.6256e+05
37117.3223 20.9692 7.6009e+05
37164.6023 15.7395 5.6413e+05
37183.7723 10.5572 3.3701e+05
37201.4323 14.5781 1.5639e+05
37235.4923 17.1274 3.6328e+05
37248.3323 17.3608 2.3559e+05
37269.2123 13.4321 2.1054e+05
37310.3623 11.1882 1.4716e+05
37311.6323 10.0109 2.5058e+05
37313.8223 13.1000 2.5058e+05
37332.7423 10.3813 2.5055e+05
37334.9223 12.3510 2.8383e+05
37363.9023 11.8602 2.5871e+05
37373.4323 15.2547 2.6502e+05
37379.1623 10.0093 1.7554e+05
37392.3223 19.5312 3.8353e+05
37393.1423 11.0678 2.1652e+05
37406.8723 14.0123 2.1037e+05
37444.9823 10.4985 2.4867e+05
37458.1123 11.2258 1.9735e+05
37484.3623 10.7753 2.5697e+05
37495.2923 15.1111 2.4490e+05
37523.7023 12.5298 3.0882e+05
37529.7123 12.0106 2.7230e+05
37539.6023 16.9559 3.5867e+05
37546.1723 11.6482 4.1523e+05
37556.7823 15.6000 1.8149e+05
37565.5423 17.2105 4.7413e+05
37593.4423 12.2575 2.6731e+05
37601.8923 10.8369 3.6998e+05
37645.5523 15.1581 6.7663e+05
37646.5223 11.4045 6.7663e+05
37646.7823 16.6024 6.7663e+05
37680.5823 17.5508 4.2720e+05
37682.8623 10.4136 3.3812e+05
37696.5823 18.3703 6.3366e+05
37715.2423 11.7376 2.7153e+05
37718.9323 12.2690 1.6744e+05
37728.8623 11.9711 4.1035e+05
37743.5923 10.2439 3.2156e+05
37769.4423 12.3985 4.2168e+05
37770.4323 13.5804 2.0528e+05
37775.8923 21.4669 4.0122e+05
37784.1323 22.2941 5.8443e+05
37819.4723 10.6448 1.8169e+05
37837.2023 17.0657 3.5013e+05
37843.3823 12.4673 1.7602e+05
37847.7223 11.5253 2.6013e+05
37849.0123 10.7834 1.7651e+05
37892.0623 12.8765 5.9333e+05
37894.2623 10.7548 3.0322e+05
37916.0423 10.0682 2.4371e+05
37927.3823 19.1946 3.1506e+05
37963.3023 13.9655 6.4836e+05
37966.2623 11.9213 4.7165e+05
37991.4323 17.1350 4.7744e+05
38063.4123 10.4431 4.7498e+05
38079.2823 10.9576 4.5965e+05
38080.5723 13.1332 4.5965e+05
38085.3523 10.8244 1.8157e+05
38159.8123 17.5547 2.5321e+05
38165.0223 13.4065 4.5166e+05
38185.8623 15.8957 6.8361e+05
38188.5123 20.5760 4.3940e+05
38193.0123 11.5638 3.9569e+05
38201.7323 10.1067 4.5845e+05
38211.0223 10.1754 4.7515e+05
38226.7323 18.4276 1.0993e+06
38247.5723 14.6824 3.2107e+05
38256.9323 14.0195 3.5448e+05
38264.7323 12.0252 2.8637e+05
38296.3823 11.4882 2.9125e+05
38302.2823 12.6437 2.8855e+05
38315.8123 16.8352 2.4072e+05
38333.5323 16.9583 3.1761e+05
38344.1323 14.3581 2.3569e+05
38352.8423 11.1281 3.9688e+05
38365.0123 16.6932 3.5904e+05
38378.4923 12.7159 2.4709e+05
38383.2323 15.2069 4.5420e+05
38386.4923 22.7920 4.8784e+05
38388.3223 14.8902 3.3987e+05
38406.3223 10.9201 1.1432e+06
38407.7023 10.0978 5.9126e+05
38413.7123 12.0647 3.2255e+05
38429.2023 13.4842 3.3779e+05
38432.4423 11.6850 5.7877e+05
38433.7523 13.8794 2.6646e+05
38479.6523 10.9017 1.7506e+05
38500.0123 10.4136 3.0655e+05
38510.7624 12.8858 1.8911e+05
38578.9724 25.0548 5.7730e+05
38592.3824 10.2830 1.5986e+05
38602.9124 21.0745 4.9146e+05
38643.4624 15.4232 6.6305e+05
38644.0924 11.6520 5.5527e+05
38652.0424 10.6491 2.2051e+05
38665.4224 23.5324 7.1386e+05
38677.5124 16.1232 2.9073e+05
38693.5024 13.6119 9.9999e+04
38767.7824 10.1190 7.6578e+04
38792.2224 18.1239 2.7036e+05
38815.4024 16.8019 1.8167e+05
38832.0024 13.5875 1.5119e+05
38840.5924 13.2046 1.2527e+05
38853.8824 10.8413 9.0375e+04
38919.2424 11.7181 8.7435e+04
38940.2924 13.9413 1.2781e+05
38948.8624 10.2048 1.0945e+05
38981.1124 13.3862 2.0429e+05
38997.4824 16.8064 1.1110e+05
39013.0324 11.2768 1.0344e+05
39017.8824 21.1878 2.6979e+05
39044.2724 15.7170 3.7745e+05
39062.6624 19.3021 3.1977e+05
39079.2224 20.7009 3.2433e+05
39095.4524 16.5752 2.3878e+05
39105.6324 12.5607 2.8662e+05
39128.1324 11.9319 4.2961e+05
39129.9924 19.0681 3.3399e+05
39144.2724 12.6128 3.1068e+05
39155.9124 14.6943 2.7663e+05
39160.3024 22.9818 1.1089e+06
39165.3324 12.7218 3.6967e+05
39167.6924 10.3025 3.2926e+05
39177.7524 18.7171 1.9413e+05
39189.9624 13.7835 1.6147e+05
39194.4524 11.4072 3.8304e+05
39195.0324 10.3833 3.2053e+05
39210.0624 10.4341 2.8289e+05
39218.8724 11.6097 7.3420e+04
39227.8724 17.6502 3.0800e+05
39239.4824 20.7336 1.8296e+05
39240.9924 10.1888 1.8516e+05
39244.6124 14.3597 4.6919e+05
39281.3924 10.0119 1.6077e+05
39291.1824 10.1071 1.1687e+05
39296.7424 10.4895 6.9689e+04
39307.8024 11.4566 3.1820e+05
39311.0324 10.4826 3.1820e+05
39311.4124 15.0188 2.5061e+05
39318.0724 19.5366 2.8954e+05
39321.7824 16.3774 1.9296e+05
39333.9424 12.8359 3.3255e+05
39336.9024 10.6389 1.3752e+05
39345.6124 10.7456 1.7966e+05
39362.6624 16.8333 1.1480e+05
39376.2624 14.2649 2.9734e+05
39379.8324 12.5942 1.2747e+05
39384.1724 10.9838 1.6117e+05
39392.8924 11.8339 3.1411e+05
39404.9624 11.2433 9.1515e+04
39412.3024 13.5113 4.1105e+05
39413.9924 21.4074 3.4410e+05
39429.4124 14.3909 1.3215e+05
39433.1924 11.9049 5.6454e+04
39444.7624 13.9030 1.7239e+05
39448.1724 13.8115 9.6938e+04
39453.2024 18.4702 2.7178e+05
39465.2824 16.2921 2.1840e+05
39468.7424 16.4082 2.2047e+05
39477.1124 23.9568 2.5433e+05
39482.4024 12.0044 4.4252e+05
39499.5124 19.1389 3.4874e+05
39507.7824 20.3612 4.5656e+05
39509.9524 11.5493 2.5608e+05
39526.8224 11.3641 1.5144e+05
39528.0124 12.6296 1.2844e+05
39533.8824 10.0245 2.8622e+05
39536.2924 17.4972 1.6477e+05
39547.4824 15.0748 3.6641e+05
39555.9924 11.0196 3.0218e+05
39560.8324 10.9490 2.1624e+05
39565.2624 17.8656 4.2512e+05
39583.0824 10.0204 2.9636e+05
39584.1124 10.1106 2.1195e+05
39591.7724 11.6074 2.1765e+05
39593.9924 14.1317 1.8301e+05
39601.7524 10.3011 3.3297e+05
39627.8524 11.6023 3.6880e+05
39630.7024 10.9827 3.6832e+05
39649.5524 17.5561 2.9666e+05
39658.4624 12.4114 6.0201e+05
39663.2024 10.2728 3.0941e+05
39669.0224 11.7148 3.4685e+05
39670.4824 12.5394 1.0313e+05
39701.5724 15.0375 1.7845e+05
39724.1424 14.4526 4.7653e+05
39771.3024 10.1020 1.4067e+05
39782.8124 13.5186 4.0888e+05
39786.2424 11.2340 1.5672e+05
39788.3324 10.5758 8.9380e+04
39806.5524 11.7012 9.3407e+04
39840.6424 13.7872 1.6777e+05
39871.6724 16.1977 1.1918e+05
39884.2724 13.3342 1.4299e+05
39890.6524 12.5587 2.4642e+05
39894.1924 15.1960 2.4569e+05
39913.7624 18.6774 3.6797e+05
39922.6924 15.5992 3.1796e+05
39940.2324 16.2978 3.3591e+05
39941.3724 21.2103 2.8389e+05
39942.7424 15.4522 2.4140e+05
39951.6224 15.2227 1.5244e+05
39958.0424 15.5848 4.3008e+05
39982.2924 16.4070 7.1323e+04
39987.4424 10.5604 1.8632e+05
39991.1224 10.4779 2.2963e+05
39997.2724 10.8545 2.8231e+05
40007.9924 21.5140 1.8302e+05
40010.1624 15.1644 1.6082e+05
40023.5724 20.8210 3.7956e+05
40037.2224 20.5601 2.3439e+05
40042.3324 14.0331 4.8313e+05
40043.9724 16.1428 3.9222e+05
40049.9624 15.7984 3.1733e+05
40057.1124 19.6689 4.5494e+05
40064.4724 12.0150 4.4287e+05
40071.2024 16.6561 1.3774e+05
40097.0524 18.0426 2.5223e+05
40105.8624 13.0801 1.2042e+05
40106.1524 12.0555 1.0636e+05
40118.0324 10.4892 2.5851e+05
40134.1824 11.1851 1.2820e+05
40140.2824 14.5173 1.7644e+05
40151.5525 10.3130 7.1162e+04
40169.9025 13.2830 2.8656e+05
40171.8525 11.5489 2.1103e+05
40188.7325 11.3801 1.2900e+05
40197.5125 15.0500 4.1065e+05
40211.8925 10.9270 2.1205e+05
40228.7925 16.2079 5.0194e+05
40256.5625 14.1105 3.3817e+05
40281.7625 10.7507 2.2158e+05
40284.4025 11.1678 1.3941e+05
40287.7125 11.0487 1.2226e+05
40290.9425 15.8098 1.1052e+05
40315.7725 13.2564 1.2644e+05
40322.0025 10.2472 2.6197e+05
40336.6925 15.3509 1.2718e+05
40353.9925 17.6541 1.5552e+05
40405.5325 19.9854 6.6958e+05
40413.4725 12.6686 3.2285e+05
40475.7725 13.0142 2.3936e+05
40615.8325 18.2712 2.6739e+05
40631.7525 15.2768 2.8162e+05
40664.8025 19.4363 3.7364e+05
40695.2925 11.2882 8.2003e+04
40706.6225 10.7524 1.0329e+05
40744.7225 15.0664 4.8570e+05
40750.6725 18.2906 1.3411e+05
40758.1725 21.5210 4.1652e+05
40772.9225 12.7678 4.6417e+04
40804.0325 11.6548 1.4375e+05
40807.4125 14.7425 1.2332e+05
40819.6225 12.2793 7.6198e+04
40821.3725 13.0570 4.8833e+04
40856.6425 11.6276 2.2369e+05
40881.8825 18.9418 5.6329e+04
40935.2325 13.8106 8.4233e+04
40943.1025 10.1861 1.4280e+05
40953.0225 10.0853 9.7839e+04
40967.1425 18.6776 2.1634e+05
40982.1525 10.3732 9.8224e+04
41009.8225 10.8132 2.9637e+05
41011.5725 23.3337 2.5702e+05
41020.4325 12.9538 2.2631e+05
41047.6325 16.2754 6.7078e+04
41060.5325 11.1216 6.7067e+04
41075.0725 10.3920 1.0528e+05
41142.3725 11.5558 1.6913e+05
41163.4225 12.1834 1.8245e+05
41174.1125 22.8820 2.2217e+05
41206.0625 11.8563 1.1981e+05
41223.6925 15.8389 4.3167e+04
41246.8225 10.1344 1.4509e+05
41254.0725 20.6388 1.8111e+05
41270.4725 16.6075 1.6318e+05
41282.8625 20.0970 3.3025e+05
41289.3625 15.3523 8.1926e+04
41295.5325 17.4072 4.7890e+04
41305.8525 11.7163 7.2423e+04
41322.0425 22.6996 2.0585e+05
41336.3425 19.0705 2.1522e+05
41338.8725 14.1575 1.1489e+05
41344.5625 17.1698 4.0020e+05
41355.4525 11.1644 9.7696e+04
41372.0125 22.3665 2.4209e+05
41376.4625 10.7680 1.7572e+05
41377.2825 16.2158 1.6542e+05
41418.6425 22.4003 2.2952e+05
41422.1025 17.3435 2.0299e+05
41429.2725 12.7200 1.6086e+05
41438.9425 19.2205 2.1103e+05
41447.4725 17.7135 1.1486e+05
41455.8525 24.4142 2.2104e+05
41460.3125 23.8571 2.1902e+05
41472.7925 22.1178 1.7396e+05
41488.2325 21.9807 3.4311e+05
41491.0225 11.8883 1.3289e+05
41502.2025 10.6264 1.4959e+05
41509.5025 13.1190 2.9860e+05
41512.5925 18.5904 2.9860e+05
41520.4025 10.0368 1.3757e+05
41528.7225 10.3179 1.8931e+05
41529.3925 18.9198 1.6213e+05
41534.0325 21.4203 2.8168e+05
41535.3325 10.5969 2.8168e+05
41535.9525 11.9256 2.7754e+05
41553.8625 13.2102 1.1093e+05
41558.1325 20.5781 9.5243e+04
41567.2625 10.2393 2.9661e+05
41570.1725 19.1759 2.1046e+05
41582.2625 18.3634 2.0100e+05
41597.8025 16.2321 7.5634e+05
41603.6025 11.8328 5.7257e+04
41608.6725 23.3526 5.1032e+05
41617.4125 21.0559 3.0033e+05
41629.6125 11.1628 1.1118e+05
41637.9725 20.6612 2.0244e+05
41639.9125 10.1528 1.7041e+05
41652.0725 23.3068 5.1281e+05
41652.7125 10.0546 2.4479e+05
41675.4825 23.7662 2.0397e+05
41683.7625 12.7299 2.0672e+05
41692.7025 14.9674 8.0313e+04
41708.9925 11.2050 1.8160e+05
41723.5125 21.9826 1.9925e+05
41728.5525 12.7156 1.4345e+05
41735.9725 11.7355 1.0820e+05
41745.0525 15.9391 1.5514e+05
41756.0525 25.9893 6.4722e+05
41769.1125 21.1162 5.6513e+05
41774.3525 13.0247 1.4351e+05
41784.8526 14.9299 7.9533e+04
41796.6526 16.9828 7.3984e+04
41804.3926 12.6101 1.6709e+05
41818.7026 16.7795 1.9225e+05
41838.6826 10.3542 8.0030e+04
41847.6726 22.5962 8.6200e+05
41854.6026 15.5210 2.6420e+05
41874.6226 14.1530 9.5973e+04
41891.4226 16.5513 3.3830e+05
41893.0126 15.6707 2.6006e+05
41898.0926 11.8809 8.5599e+04
41911.2026 17.5556 3.5144e+05
41928.7526 14.9209 2.0401e+05
41929.4226 19.1860 2.0401e+05
41939.9026 26.4502 3.1956e+05
41947.5526 10.7221 4.2905e+05
41966.0626 23.6592 2.9689e+05
41971.4026 18.0890 2.6205e+05
41975.8726 10.2059 8.0770e+04
41984.3226 22.6967 3.3335e+05
41985.8826 18.6527 1.6503e+05
42002.0526 12.0943 3.3703e+05
42002.9126 13.4646 1.0828e+05
42017.7626 16.3538 1.3765e+05
42021.4026 14.1409 5.7647e+04
42027.8126 12.2231 4.0987e+04
42032.2326 24.2711 2.2120e+05
42039.7926 16.6527 1.7519e+05
42058.4926 20.5429 3.1980e+05
42077.1226 24.2720 3.1251e+05
42078.9326 19.3961 1.1902e+05
42095.6726 17.7852 1.5177e+05
42111.9326 16.9600 7.9448e+04
42114.4126 10.4680 4.4543e+04
42126.2526 13.1695 8.4342e+04
42133.1226 18.2530 3.6966e+05
42151.3226 18.8259 9.2461e+04
42170.8926 24.7674 2.6298e+05
42174.0026 18.2473 2.5640e+05
42178.8226 10.8540 8.5935e+04
42189.8626 16.8672 6.1020e+04
42198.8426 14.1537 3.8912e+04
42204.1926 13.4641 1.3288e+05
42208.8626 17.8000 8.8625e+04
42222.4426 25.2330 3.0060e+05
42227.9626 20.1772 2.3512e+05
42233.7326 10.4097 1.3406e+05
42247.1026 20.8473 2.7866e+05
42266.2326 23.4757 2.0827e+05
42271.5426 16.1103 1.7959e+05
42280.7526 11.5377 3.8690e+04
42285.5826 13.3043 8.0911e+04
42290.0326 15.0559 9.3911e+04
42294.4926 10.0107 3.1552e+04
42304.8626 24.4975 1.9763e+05
42318.6426 14.4680 8.3813e+04
42321.2726 12.6177 6.8658e+04
42324.2026 14.9001 2.8304e+04
42339.5526 14.1411 4.0464e+04
42343.6026 19.6855 8.6434e+04
42363.1026 14.7551 3.4683e+04
42371.5726 15.7204 1.9328e+05
42376.3526 12.7722 4.3973e+04
42382.6626 13.1932 8.3146e+04
42386.5026 12.8378 2.6001e+04
42395.3026 14.7706 5.9598e+05
42396.6826 13.8027 3.0884e+05
42402.3026 10.2148 5.8998e+04
42404.4226 12.1678 2.7548e+04
42422.0026 13.2388 1.8689e+05
42422.7826 13.7336 1.6619e+05
42436.4426 12.9847 5.5778e+04
42441.8026 18.1683 3.4028e+04
42452.1626 13.5483 3.2160e+04
42461.6626 19.6755 2.1239e+05
42466.7326 11.6417 1.6854e+05
42474.6326 21.9302 2.0257e+05
42500.4026 12.4440 2.2589e+05
42501.5326 10.4166 2.0271e+05
42521.6026 13.4194 1.3648e+05
42527.2926 18.3133 9.4611e+04
42541.7426 11.8983 8.2064e+04
42561.9426 21.3729 1.3666e+05
42580.5426 14.2433 1.2909e+05
42582.2726 15.0511 9.0755e+04
42591.7426 13.0339 4.2474e+04
42602.7026 19.8433 9.0125e+04
42623.1826 10.9967 6.9907e+04
42634.6726 13.5728 8.1847e+04
42705.3226 19.6564 1.1443e+05
42726.3626 21.8422 1.0420e+05
42735.9126 17.4480 9.4504e+04
42745.3826 25.1455 4.6530e+05
42747.4426 15.9236 2.6728e+05
42765.1426 16.9358 2.3263e+05
42768.5926 18.8765 4.4158e+04
42789.7826 20.2141 2.7194e+05
42792.6426 10.9932 1.8936e+05
42799.8226 10.8959 4.6528e+05
42802.4726 20.1007 2.8050e+05
42803.0326 10.2246 1.3802e+05
42823.2226 21.8636 1.8586e+05
42837.8726 20.5987 3.4650e+05
42840.4226 16.6550 3.4650e+05
42852.1826 21.9993 1.9249e+05
42860.3326 14.6940 7.7786e+05
42863.9926 22.9630 6.9891e+05
42870.4726 11.5936 2.3319e+05
42870.7526 14.6089 1.2048e+05
42878.4726 12.5999 5.9456e+04
42882.9526 12.9821 7.9711e+04
42889.9926 11.5089 2.1685e+05
42891.5526 15.6863 2.1685e+05
42897.2826 10.3327 1.6422e+05
42907.9626 20.8275 2.5058e+05
42910.6526 13.5814 1.6570e+05
42914.2526 17.0801 1.6563e+05
42918.8726 18.0346 2.3502e+05
42928.3026 13.7830 1.4311e+05
42932.2226 11.3294 1.1222e+05
42940.9626 16.4400 8.3419e+04
42953.1926 12.2797 1.9298e+05
42972.4526 16.8854 1.3510e+05
42978.8726 14.6039 4.5007e+05
42984.1526 14.9288 1.0302e+05
42998.1826 17.7986 2.2630e+05
43005.0326 19.5239 1.9285e+05
43007.0726 18.5868 1.6391e+05
43015.6426 13.1155 9.4261e+04
43021.9326 22.2521 1.7096e+05
43034.7526 10.5532 3.3295e+05
43038.8226 17.6578 3.3295e+05
43039.3126 12.4909 3.3295e+05
43051.5826 17.1297 2.0774e+05
43065.0426 10.8606 9.9887e+04
43073.9926 16.5077 4.3409e+04
43096.4726 21.6247 1.9632e+05
43100.9526 24.9480 2.9093e+05
43113.2626 11.1867 2.6553e+04
43119.0326 17.2881 1.1565e+05
43125.7026 14.7428 2.9908e+04
43139.7426 12.7672 2.6368e+05
43141.6826 20.3418 2.6368e+05
43163.2826 23.3948 3.8845e+05
43164.3726 13.6066 1.8444e+05
43187.1526 15.7438 2.9125e+04
43226.5826 25.6435 2.3376e+05
43256.0326 16.6691 4.2679e+04
43267.0526 10.9393 5.2574e+04
43273.7426 22.8135 9.5157e+04
43279.1726 19.0194 3.0923e+05
43290.1226 11.0829 9.3946e+04
43302.4026 17.9358 2.4122e+05
43307.7826 14.5387 1.2099e+05
43314.3426 15.7566 8.3189e+04
43325.5326 20.7757 2.8998e+05
43346.8826 17.5329 1.9913e+05
43349.1726 13.4222 1.0219e+05
43356.0126 17.7225 1.4853e+05
43372.6926 12.2480 8.6778e+04
43387.9626 16.0754 4.0531e+04
43396.3226 25.0039 3.9851e+05
43397.3726 11.3949 1.9550e+05
43402.9126 15.0839 2.3012e+05
43409.8926 10.6369 1.3012e+05
43420.0827 15.2868 5.1914e+04
43431.2427 16.7158 1.2504e+05
43443.8727 10.0946 2.7240e+05
43445.5527 20.5468 2.4130e+05
43454.7127 18.5636 1.0525e+05
43468.4827 14.2619 7.9775e+04
43478.4027 17.4942 2.9659e+05
43479.4527 21.6469 2.9659e+05
43480.6827 12.0177 2.9659e+05
43490.5127 18.0090 1.1362e+05
43491.8127 15.9090 6.6286e+04
43515.9727 21.0615 1.7377e+05
43523.5827 18.6910 1.4707e+05
43540.2027 18.4180 2.4715e+05
43557.9127 11.0436 2.0134e+05
43559.7227 21.4529 1.6225e+05
43564.5127 12.7256 9.2732e+04
43588.9627 24.9242 2.7810e+05
43607.2527 14.5383 4.1320e+04
43613.4627 24.2305 1.6626e+05
43630.1427 24.5781 2.1350e+05
43638.0827 24.1815 2.0426e+05
43647.4927 12.6637 9.4856e+04
43648.4827 10.8370 6.0790e+04
43660.9927 21.0591 7.6420e+04
43671.4227 11.7566 7.0341e+04
43687.6427 26.2739 1.9443e+05
43701.9127 24.4834 2.3487e+05
43707.4627 11.7822 1.3619e+05
43712.5527 23.2679 4.5702e+05
43737.7327 21.9010 1.4837e+05
43754.7427 12.8725 9.0949e+04
43763.0127 24.7227 2.0648e+05
43773.2827 20.4708 1.8803e+05
43778.8427 21.3905 2.0862e+05
43788.3827 18.3488 1.0729e+05
43802.7927 15.4632 4.7852e+04
43809.4427 16.7819 1.4151e+05
43811.5927 13.6049 8.4693e+04
43813.8327 12.2312 9.5781e+04
43826.1927 20.1289 2.8094e+05
43831.0627 13.4283 1.5048e+05
43837.0027 12.2193 1.4908e+05
43843.1127 13.3522 1.4432e+05
43848.7427 13.7639 1.9314e+05
43849.4927 13.6487 1.9314e+05
43859.7427 15.5266 8.3142e+04
43863.8727 15.1749 1.4561e+05
43866.2227 12.3526 1.3134e+05
43869.2227 13.7458 3.3876e+04
43874.2627 20.1216 1.3173e+05
43890.8627 17.0668 5.8135e+04
43895.3327 19.7552 1.8851e+05
43906.5227 17.9259 2.0918e+05
43916.6927 18.5038 1.6698e+05
43920.8327 15.6828 6.2830e+04
43926.8227 14.4674 2.1740e+04
43933.1827 21.9586 1.5296e+05
43936.9227 19.8761 6.9795e+04
43942.6327 22.2727 1.2589e+05
43958.8627 15.0909 9.0600e+04
43968.5427 16.9372 1.8342e+05
43983.4227 16.3479 5.9476e+04
43994.8127 20.1955 7.9075e+04
44002.3027 18.1194 1.2961e+05
44007.5927 14.0361 1.0419e+05
44018.5427 18.1840 2.1534e+05
44021.0427 14.3777 3.0800e+05
44023.8927 11.2799 1.8091e+05
44042.8327 12.5783 5.5307e+04
44047.3727 14.8580 1.4747e+05
44048.5527 12.0595 1.0770e+05
44053.7627 13.8445 4.2913e+04
44069.8527 22.0578 1.0262e+06
44080.8127 23.2548 1.1898e+05
44100.1727 19.6456 2.1595e+05
44126.1227 10.1521 1.1841e+05
44127.0827 23.1016 1.1841e+05
44129.4027 10.8662 6.5828e+04
44134.5927 14.3407 1.2161e+05
44153.8427 20.1492 2.3302e+05
44155.7727 17.0923 2.3302e+05
44156.5227 15.9405 2.2885e+05
44160.8727 14.7671 1.7415e+05
44167.0027 22.6653 3.9932e+05
44180.7127 22.6644 1.5735e+05
44183.4927 13.1644 1.5735e+05
44192.8527 14.6398 9.5072e+04
44207.7627 19.9094 6.4609e+04
44225.5227 13.1734 1.2518e+05
44232.0927 15.5354 1.1547e+05
44234.8827 12.8607 3.9873e+04
44242.9127 14.5783 5.1281e+04
44244.6527 10.0852 2.3508e+04
44254.9527 16.8124 3.5185e+04
44262.1027 13.5741 6.6711e+04
44267.0827 11.5324 5.6429e+04
44276.3427 10.3435 3.3816e+04
44290.7027 15.2916 2.7285e+05
44294.3427 17.9555 2.7285e+05
44306.0827 10.0948 9.0638e+04
44307.0127 18.4944 9.0638e+04
44313.3127 13.1649 6.3228e+04
44317.0227 12.6628 1.5872e+05
44321.9127 16.8604 1.1307e+05
44326.9927 12.1558 3.1383e+04
44344.6027 23.6767 1.9627e+05
44346.2727 12.0647 1.3311e+05
44372.3327 18.3814 4.7630e+05
44377.3627 14.1340 6.0915e+04
44381.6727 19.7043 2.7981e+05
44388.2027 11.5039 8.9944e+04
44395.5727 11.5662 3.3558e+04
44399.5027 10.4158 8.8290e+04
44400.2027 14.4199 8.2977e+04
44413.4827 21.2729 8.0390e+04
44428.2327 25.2223 1.2643e+05
44437.8927 16.7635 1.9699e+05
44451.6227 20.2783 3.1627e+05
44456.3527 16.5476 1.0674e+05
44469.4527 24.1834 2.2881e+05
44474.8727 10.4207 4.3852e+04
44479.8927 10.0640 5.9226e+04
44484.1127 20.5496 3.0047e+05
44484.6527 12.6423 1.1919e+05
44495.5827 21.1884 1.2708e+05
44498.8327 14.8303 3.9443e+05
44502.3327 21.6071 3.9443e+05
44513.0127 18.0438 3.1610e+05
44523.3727 10.3654 4.8806e+04
44541.5627 23.4564 3.4371e+05
44545.0627 20.1906 1.3530e+05
44564.0527 19.0549 8.2952e+04
44570.2627 25.6805 3.7290e+05
44593.4527 15.5452 4.5148e+04
44599.0727 21.2970 2.7362e+05
44618.9827 21.1736 7.0684e+04
44624.1727 13.4949 6.0417e+04
44628.0227 11.6266 5.7566e+04
44645.5827 22.4743 2.4206e+05
44650.8327 22.3730 1.2355e+05
44670.4927 14.6468 3.4175e+04
44686.2327 22.7373 8.8007e+04
44715.5127 22.8932 1.9015e+05
44722.8027 13.9442 1.2487e+05
44731.7127 16.8937 3.1531e+05
44736.9727 19.5616 1.8519e+05
44743.9627 15.0890 7.3454e+04
44751.4827 12.4522 5.1339e+04
44760.2927 16.0086 8.4730e+04
44766.8027 20.8296 1.0132e+05
44774.6127 20.6552 9.8729e+04
44783.9727 15.9830 9.6523e+04
44790.6027 10.2307 2.4255e+05
44791.5927 20.0994 2.2345e+05
44804.3427 21.6934 1.8438e+05
44811.5927 10.8974 5.4788e+04
44818.2727 13.8824 2.6594e+04
44825.4227 25.3161 2.1025e+05
44834.2827 21.2155 1.5500e+05
44847.4027 20.3139 8.2069e+04
44869.8427 24.3643 3.1712e+05
44878.0427 12.7742 2.6007e+05
44883.4927 18.4887 4.0556e+04
44894.2127 17.4240 1.7242e+05
44894.6927 10.3781 1.5732e+05
44896.3027 10.5834 1.2165e+05
44899.0427 10.6160 7.0774e+04
44904.8327 10.1531 7.8807e+04
44925.4827 20.4788 8.0631e+04
44935.2527 10.4262 3.8265e+04
44942.0527 17.8698 6.1225e+04
44946.3627 21.4058 3.8600e+05
44956.1827 13.4956 6.7252e+04
44968.7627 16.9993 8.9286e+04
44983.6327 10.0891 6.9282e+04
44986.9927 21.4214 4.1158e+05
44987.7927 13.1802 3.4558e+05
44995.6327 17.5244 7.6042e+04
45010.5227 24.7587 2.4990e+05
45025.0527 13.5893 3.7056e+04
45038.4927 18.7362 9.4570e+04
45045.9727 14.4284 1.4310e+05
45049.0127 19.7005 1.0529e+05
45057.3128 16.1354 6.5403e+04
45079.3528 17.1226 3.6908e+05
45080.2128 22.9308 3.6908e+05
45095.2628 24.4709 4.7231e+05
45105.8028 13.0183 1.8766e+05
45109.2528 16.0470 2.1994e+05
45111.5328 17.6271 9.4381e+04
45130.9628 18.6291 4.9361e+04
45141.1928 15.3398 3.2477e+05
45143.0028 21.1952 2.7446e+05
45173.2928 13.0805 1.0313e+05
45183.1428 10.8008 7.0046e+04
45192.5128 18.1925 5.1569e+04
45196.4928 11.1192 7.6096e+04
45198.1528 11.8243 7.6096e+04
45201.8628 14.2644 6.9858e+04
45205.6828 10.8867 2.0966e+05
45206.4328 14.4602 2.0966e+05
45209.0528 23.3002 1.7988e+05
45234.0028 16.9287 1.3056e+05
45238.3728 22.6116 1.3056e+05
45247.0228 14.7175 1.7749e+04
45261.9528 19.0801 9.2765e+04
45270.5728 18.2313 9.8368e+04
45284.7228 23.4304 2.5045e+05
45293.5528 17.7263 8.4574e+04
45295.2928 14.9735 7.0774e+04
45300.0728 13.1582 2.0822e+05
45302.8428 21.3490 2.0822e+05
45314.7128 10.4109 4.1207e+04
45325.1828 13.2375 2.6076e+04
45329.9228 13.3291 3.2720e+05
45337.6928 14.0696 1.9551e+04
45359.8328 20.1779 1.5573e+05
45367.8028 24.1253 8.5078e+04
45371.1528 11.2239 1.2119e+05
45400.2428 16.9348 2.8489e+05
45400.5228 14.3213 2.8489e+05
45401.8228 14.2037 2.8489e+05
45406.1328 14.4234 1.5509e+05
45416.2928 24.6427 2.7175e+05
45422.0428 23.9558 1.9527e+05
45430.5228 18.5364 1.0601e+05
45433.4128 11.3342 7.0251e+04
45438.8128 15.8775 2.6754e+04
45446.7928 23.5792 4.1355e+05
45460.2828 20.6948 2.5465e+05
45463.9528 23.8071 2.4760e+05
45466.4928 17.1497 9.9591e+04
45486.1728 10.8801 1.0778e+05
45499.8128 14.6589 1.2792e+05
45500.2928 20.9220 1.2792e+05
45527.8728 17.2642 7.7086e+04
45533.2728 23.0689 9.3138e+04
45541.7928 20.1960 1.2665e+05
45573.9628 23.4099 4.3739e+05
45578.2228 19.1716 1.0214e+05
45588.4428 12.3777 4.6040e+04
45600.9528 17.8774 1.2077e+05
45613.9928 22.9901 7.3197e+04
45621.2728 19.8313 1.1994e+05
45658.5128 22.1304 1.1159e+05
45664.1328 10.7333 8.6585e+04
45704.0128 16.6972 8.1558e+04
45708.8628 17.6269 5.0835e+04
45712.9628 18.7539 6.3852e+04
45726.1928 18.0138 2.7414e+05
45729.3728 10.6374 5.6103e+04
45738.6728 20.8091 2.7767e+04
45758.8628 17.6251 8.4912e+04
45769.8328 10.8917 2.6161e+04
45779.8728 10.5516 3.7198e+04
45796.7028 12.0905 3.3501e+04
45808.6228 13.4525 8.4896e+04
45823.2428 22.4409 2.3846e+05
45832.0628 10.3010 9.3595e+04
45846.0528 14.8600 4.5075e+04
45851.6428 19.7090 8.3177e+04
45906.1928 10.3511 7.5722e+04
45911.4028 20.7145 1.5064e+05
45914.7428 12.3361 5.8740e+04
45925.1728 18.2519 1.1422e+05
45949.2428 12.4967 5.5726e+04
45950.4428 10.5341 4.9847e+04
45986.2728 10.8797 6.0584e+04
46022.3628 11.7701 7.5035e+04
46040.1528 18.1995 1.3898e+05
46177.9428 12.8638 2.2689e+05
46197.7628 11.7151 2.0464e+05
46246.7128 12.5094 5.6584e+05
46255.4128 13.7638 5.2693e+05
46263.7728 10.2146 8.0586e+05
46286.1228 11.4356 9.6337e+05
46337.7028 10.2320 1.8898e+05
46406.6928 16.5554 2.0245e+05
46433.9528 10.1555 8.9044e+04
46449.8828 10.1271 3.6088e+04
46472.6328 11.8734 8.1528e+04
46510.0328 15.2821 1.3023e+05
46534.2928 12.5268 2.0711e+05
46536.8128 20.3793 8.5693e+04
46548.1528 22.7345 3.1836e+05
46559.7828 10.4533 2.3178e+05
46595.0528 20.0179 1.0982e+05
46628.8528 15.2144 1.5985e+05
46656.4928 15.1129 3.2986e+05
46680.8228 21.1213 1.6215e+05
46710.0429 19.7224 7.4988e+04
46719.7829 15.5485 2.8368e+04
46734.0829 24.1500 2.9087e+05
46746.2329 19.1844 1.6939e+05
46760.5229 16.5053 3.1129e+04
46791.2829 19.8308 5.7441e+04
46794.9229 16.2183 4.8901e+04
46803.9929 13.2923 5.9601e+04
46824.8029 19.9747 1.1838e+05
46830.2529 12.5847 5.1734e+04
46834.6029 20.4132 1.8617e+05
46835.2729 11.1474 1.3378e+05
46850.6429 20.4407 1.1583e+05
46873.4729 14.3876 4.0279e+04
46885.8929 14.1332 2.4667e+05
46889.6729 14.9016 2.4667e+05
46914.8829 24.0560 7.9563e+04
46920.2529 20.0232 2.1779e+05
46923.9829 21.4732 1.0720e+05
46945.7629 10.6967 5.2941e+04
46956.3629 22.8870 1.0997e+05
46987.4329 15.2960 1.5992e+05
46991.0729 20.5163 1.4130e+05
46998.2829 23.5813 8.5345e+04
47030.4529 14.0736 3.7620e+04
47037.8129 11.7777 6.8802e+04
47039.0529 11.9548 5.6331e+04
47058.8029 14.7490 5.9783e+04
47063.0429 18.3164 2.7769e+05
47067.2529 11.3581 5.5388e+04
47083.0829 13.4230 1.0095e+05
47085.8829 10.9764 1.0095e+05
47109.5429 22.3592 1.0773e+05
47124.6429 10.1638 5.9538e+04
47125.9029 17.6966 5.3282e+04
47132.7329 15.2049 2.6161e+04
47156.6129 13.6801 4.2342e+04
47169.1829 16.7155 4.1284e+04
47178.8129 11.1346 2.8255e+04
47183.6329 11.8307 4.8103e+04
47205.3329 24.6205 1.9256e+05
47214.7329 12.3943 5.7103e+04
47216.9429 10.1912 3.0506e+04
47224.2129 11.5196 1.1179e+05
47235.7529 20.2309 5.1240e+04
47240.7429 14.1595 5.7908e+04
47268.4829 16.0251 3.6061e+04
47314.2229 22.3863 7.9629e+04
47328.6029 19.9489 3.7714e+04
47336.8029 14.2508 1.7346e+04
47349.9329 25.5176 2.1654e+05
47368.7829 11.6057 8.2043e+04
47389.0029 22.2947 7.9954e+04
47419.4729 13.8419 4.4768e+04
47433.9729 24.5439 1.3201e+05
47455.9529 21.0277 3.0307e+05
47479.3129 20.0911 6.0316e+04
47500.7829 14.3638 1.0935e+05
47501.6929 21.1335 9.2620e+04
47517.1729 18.8525 1.5890e+05
47525.1429 20.0801 1.8521e+05
47545.0329 15.7649 4.2473e+04
47555.1529 11.6500 4.1779e+04
47571.4229 13.2256 2.5860e+04
47607.3029 13.9355 2.4261e+04
47618.0829 23.8573 1.1073e+05
47636.1829 24.3342 2.6436e+05
47664.9629 22.5669 1.0059e+05
47677.4329 18.8137 1.0331e+05
47687.9029 13.6106 4.4672e+04
47712.2029 23.3293 6.8313e+04
47721.0429 24.8472 4.2808e+05
47724.2229 17.5124 2.6015e+05
47741.3329 21.3000 1.0416e+05
47779.6729 11.6751 4.5477e+04
47804.3529 12.5090 6.6853e+04
47807.2929 14.4030 6.6853e+04
47855.3329 10.9549 2.3539e+04
47896.7829 20.2901 1.5766e+05
47903.4729 18.7898 3.5069e+05
47920.7729 13.8291 9.9217e+04
47923.7029 10.8935 2.1381e+04
47951.7129 10.2344 1.1290e+05
47952.3629 22.3591 1.1290e+05
47965.3729 11.5508 8.4594e+04
47972.4929 14.1158 8.4356e+04
47996.4829 22.6272 9.1078e+04
48001.3629 20.6743 1.0036e+05
48024.5829 15.1866 5.0441e+04
48030.9229 22.5035 1.2305e+05
48050.6329 16.0977 1.0296e+05
48088.6929 13.3147 6.8134e+04
48100.4129 21.1447 7.2306e+04
48111.8329 23.8470 2.1313e+05
48136.1429 19.5420 8.0746e+05
48140.0229 24.3462 7.1599e+05
48153.8529 16.3314 1.5645e+05
48201.0429 13.1849 6.1899e+04
48223.3929 13.6919 4.5652e+04
48241.5629 12.1660 8.4042e+04
48246.1129 15.9184 5.5112e+04
48251.9729 19.8940 1.6793e+05
48286.6229 17.2730 4.8185e+04
48297.4429 21.9438 1.0622e+05
48303.1629 18.1046 1.2196e+05
48319.0829 17.1386 1.2232e+04
48343.4930 23.2999 9.6487e+04
48354.5730 17.4256 3.2177e+05
48355.0130 17.3158 2.5678e+05
48406.9930 21.3766 1.5267e+05
48420.6030 20.3097 1.2760e+05
48440.4230 11.3495 3.8305e+04
48459.6830 21.7198 1.1347e+05
48483.5030 23.8233 1.9842e+05
48498.0430 13.4210 1.6356e+05
48512.5930 24.2543 1.2855e+05
48561.1230 12.7000 1.5434e+04
48566.0230 15.4382 6.0785e+04
48602.3230 11.8261 4.3347e+04
48619.8930 21.1060 9.9398e+04
48640.1930 15.1853 2.7713e+05
48644.2930 17.8551 4.1671e+04
48670.3630 17.8386 1.0237e+05
48692.6930 17.1256 1.4306e+05
48705.2030 14.8506 9.6793e+04
48729.3330 21.6253 6.1535e+04
48745.6130 11.5960 1.2303e+05
48761.2030 12.4995 8.2418e+04
48784.8230 18.8014 6.8670e+04
48835.3630 12.2710 4.6481e+04
48858.0730 17.8135 2.9235e+05
48888.3630 11.9824 4.0252e+04
48894.9730 25.1882 2.8614e+05
48952.7130 14.4444 1.2419e+05
48954.5530 18.7156 9.1988e+04
48964.0230 23.3115 2.3813e+05
49012.2530 12.7277 8.7142e+04
49015.9630 11.2194 6.7027e+04
49052.4630 10.0998 4.9044e+04
49070.3130 11.8795 2.9792e+04
49128.9230 15.8524 8.7461e+04
49140.0230 18.6140 2.7688e+04
49153.8630 20.8642 2.3481e+05
49188.2430 16.5781 7.9846e+04
49248.3230 10.8520 2.0889e+04
49309.2830 13.4737 5.3165e+04
49338.2130 20.9507 2.4490e+05
49371.0530 10.3265 2.2781e+05
49373.6730 19.8609 2.2781e+05
49382.3930 17.3279 2.1464e+05
49386.4030 19.9784 2.0414e+05
49401.3430 20.1400 1.4289e+05
49433.5130 12.6888 7.5190e+04
49489.1430 20.4248 8.8036e+04
49502.7730 11.3292 2.3015e+04
49525.6730 18.3809 6.0420e+04
49587.7030 17.2498 4.3002e+05
49594.4130 15.0363 1.0606e+05
49615.4730 11.5597 3.1957e+04
49624.5730 10.4907 9.0891e+04
49625.8830 18.2682 7.7243e+04
49637.7530 10.4105 9.8037e+04
49691.7930 12.8035 4.5155e+04
49697.3930 15.0905 1.3108e+05
49698.1930 10.1139 1.3108e+05
49720.7430 19.2336 1.0323e+05
49730.9630 23.1050 1.5094e+05
49826.2030 11.7709 6.5928e+04
49847.4930 10.2030 2.0795e+04
49855.5830 11.5054 1.0992e+05
49864.2230 19.6218 1.8593e+05
49895.0530 15.4112 2.7319e+04
49933.0630 15.3442 6.9039e+04
49948.1530 10.4485 2.4694e+04
49964.5830 13.2856 3.6876e+04
50034.9731 23.8773 1.2811e+05
50047.2631 10.1882 1.1181e+04
50144.2931 10.7247 5.2613e+04
50161.8031 10.9530 5.8844e+04
50202.4731 16.5589 3.5716e+04
50226.6231 14.5386 3.3115e+05
50255.6131 11.1620 8.9739e+04
50423.0231 22.8046 3.0186e+05
50488.0131 13.6028 9.0769e+04
50561.8931 16.5068 2.0910e+05
50568.5031 13.5125 6.9358e+04
50650.3931 12.4842 7.2790e+04
50818.8931 10.2828 3.8515e+04
50883.3131 17.9734 1.6883e+05
50982.3331 10.8928 4.8353e+04
51063.9331 20.6383 1.0290e+05
51086.8331 12.4601 2.5375e+04
51149.0331 18.7246 6.2867e+04
51238.0231 22.8578 2.5048e+05
51375.0831 13.9145 2.9026e+04
51565.7531 15.3769 9.4959e+04
51581.4931 11.4506 5.5213e+04
51689.4932 11.8056 6.6530e+04
51915.1532 15.8927 8.4166e+04
52209.2132 17.0133 1.2366e+05
52503.1032 16.2659 1.3274e+05
52560.5432 15.1197 6.6956e+04
52811.3632 10.6824 9.2237e+04
53132.8032 24.9988 3.3568e+05
53381.3733 12.6575 6.9305e+04
53477.8833 10.5057 9.1127e+04
53817.8633 13.3692 8.3900e+04
53830.0433 11.2308 4.7563e+04
53832.9933 10.1429 4.1485e+04
54080.7733 16.9202 9.3684e+04
54282.8533 17.6980 6.6972e+04
54752.8533 20.1953 2.1970e+05
54776.4233 16.6708 1.2277e+05
55345.7434 16.8997 1.4092e+05
55424.5734 11.3844 2.6096e+04
56225.7734 24.9979 2.4938e+05
56750.5635 12.5781 1.8461e+04
60049.7637 13.1589 2.4153e+04
61533.9038 11.0898 2.1545e+04
61714.1538 19.7112 2.1073e+05
61728.5538 10.9204 2.3122e+05
61730.8638 14.8430 2.3122e+05
63282.4139 13.3715 2.5901e+04
64841.2040 11.4371 1.4947e+05
64841.7340 13.1671 1.4947e+05
64845.5140 12.4287 1.4947e+05
64967.6740 21.8243 2.6425e+05
64974.6840 13.8264 2.6668e+05
64976.2340 10.4477 2.5978e+05
64978.0440 14.2004 2.5978e+05
65094.0340 11.7694 1.7941e+04
70008.8443 11.9156 1.7278e+04
71050.4943 11.1529 1.0616e+04
74176.6945 13.8827 3.2909e+05
74178.4745 11.7795 2.8327e+05
74299.2245 22.0565 1.9795e+05
81126.4050 14.9113 1.4718e+04
82815.9951 15.5940 1.3490e+04
83377.4751 13.4446 2.0511e+04
83625.1851 13.2905 8.0799e+03
83656.3751 16.2582 1.0612e+04
84712.1152 10.8410 1.0148e+04
85136.2052 11.0260 1.6856e+04
85674.3252 15.3016 4.6210e+04
85992.5152 11.5388 1.2909e+04
