452.7800 11.4781 2.6138e+04
562.0100 11.4915 2.1538e+04
736.8500 22.7397 2.5121e+04
1391.4801 10.6719 1.7541e+04
1418.9501 11.2118 1.1157e+04
1588.7401 12.1346 1.5712e+04
1598.6601 10.5101 1.2647e+04
1722.5101 12.5774 9.3074e+03
1760.1701 10.3139 1.4576e+04
1768.5501 10.2957 3.0142e+04
1783.2201 10.9423 1.8965e+04
1856.6301 13.0945 2.3672e+04
1941.4301 12.8985 1.7867e+04
1971.8801 14.3998 2.0233e+04
1992.8501 10.3554 1.6613e+04
2017.6201 11.3371 2.3414e+04
2076.5801 10.5964 2.7165e+04
2081.2001 10.5435 2.5285e+04
2089.7401 13.0055 2.9941e+04
2121.7401 14.4506 1.6952e+04
2303.0901 10.4518 8.8007e+03
2399.1701 12.6305 1.3133e+04
2669.6102 10.9633 8.3539e+03
2789.7702 10.5412 3.1173e+04
2802.4902 10.2288 3.6366e+04
3829.5002 13.6125 1.3465e+06
3830.6502 10.1392 1.2530e+06
3837.6702 11.8546 1.6224e+06
3855.2702 10.6359 5.7327e+05
4004.8102 10.3777 4.1686e+04
4055.1802 17.3903 6.2637e+04
4320.3003 12.1828 9.5419e+03
5057.2303 10.6029 1.8225e+04
5719.3703 10.0755 1.4757e+04
6113.7704 11.3970 8.1716e+03
6123.3204 14.5665 1.1467e+04
6383.4604 13.9511 1.3221e+04
6875.7004 13.4848 1.0268e+04
6904.5404 10.3752 1.3655e+04
6915.9804 10.0801 1.9558e+04
6921.3504 11.1941 1.7184e+04
6986.4804 12.8953 1.3245e+04
6994.9304 12.2222 7.2295e+03
7146.2904 12.1792 1.0959e+04
7251.3904 10.9872 1.0128e+04
7403.1505 10.9413 9.8897e+03
8959.7205 11.1678 4.0218e+04
9446.3606 11.9864 1.2088e+04
9516.1306 10.6719 1.2625e+04
10384.6706 11.6039 2.7842e+04
10676.6907 16.6632 3.9892e+04
10677.6507 10.3660 2.4884e+04
10714.0507 18.3014 4.8008e+04
10868.2407 13.0282 5.5871e+04
10869.1307 15.9833 5.5871e+04
10879.8707 17.6266 4.6947e+04
11547.9907 11.7125 1.3946e+04
14211.9009 11.2086 1.0288e+04
20691.8213 12.7724 8.5722e+04
48952.7330 12.6582 3.8971e+04
58454.5536 11.6541 4.2120e+04
60216.0737 12.4927 8.9356e+03
60463.6337 12.8330 1.1681e+04
60656.0237 10.6799 3.9061e+03
60706.9337 12.5115 1.4685e+04
61697.8738 14.5650 8.3010e+03
62122.6338 11.8993 1.7952e+04
63228.1939 10.6442 2.9298e+04
64501.1939 10.9449 2.1366e+04
68595.9942 20.1178 4.4355e+04
71225.3543 15.3511 6.0061e+03
73071.2045 22.5628 5.8771e+04
75380.1746 11.5752 3.2653e+03
75432.9446 26.3163 1.6675e+05
76589.1547 22.0294 2.3716e+04
77720.5047 12.1150 6.0530e+03
85836.5452 12.1207 2.1729e+04
85863.6052 17.9650 3.9012e+04
85868.3152 19.9567 3.9012e+04
86138.9153 10.5501 9.3270e+03
86240.8953 13.3159 2.0009e+04
86327.8753 13.3881 9.1091e+03
