4336.420264674089 6.141337460660171 218770.7856675683
4416.510269562395 6.646279580604195 747454.2528545517
5676.140346444113 7.660058452932328 379724.19069210027
11723.520715546918 7.302186626677264 3790400.6810509893
11843.2907228571 6.7435980934030315 3126284.0104075386
17675.79107884467 6.379323245106271 1231592.6538321204
19951.66121775276 6.448976636827526 181452.2977159891
20723.82126488167 6.201650262706846 131982.09093361313
24437.711491559538 6.691572253253496 247405.18414978794
36755.882243401014 6.214597947232756 519708.4849949661
36766.92224407484 6.549887567810223 310071.83745839226
37272.42227492812 7.476969132744538 591387.7034730902
39270.73239689529 6.6072866472852985 712059.2147632083
39475.89240941726 7.778282925391782 450820.48826436145
40375.512464325715 7.433183898560316 408780.77634686505
40964.17250025467 6.21966942760004 332256.5011763524
46871.57286081377 8.26357994188093 252902.70543728015
47748.48291433611 6.2844093100585825 332760.7389702594
49515.99302221637 7.540379681838263 698484.7001286945
49538.2430235744 6.761339710986389 785686.383570678
49551.063024356874 6.803970313053829 658958.5711049295
49555.88302465106 6.050631478588169 1190324.8137245327
49585.06302643207 8.856802214492463 1196610.6580333386
51133.12312091816 7.305518941999345 288809.5242226858
55156.293366472986 6.143738574434687 392415.7459403641
55421.323382649134 7.08990984304139 440324.96013940737
55551.803390613 7.12291779832838 144222.44628066177
57214.533492097995 7.336205988533541 101684.54431706967
57359.27350093222 7.724540953451532 105148.20927026664
58042.28354261984 6.253650824183278 46506.88039307303
58364.59356229209 6.761109129142045 125079.51624325325
58806.793589281835 8.523477007105372 658899.8154791178
58842.593591466895 7.435889705050581 767839.3448482502
58881.27359382773 7.598939055536659 501800.6325628634
58959.60359860862 7.299451612798344 1284030.8361088666
59073.35360555137 6.50831459056144 259389.57296870847
59436.98362774558 7.426761220201415 268539.5643561455
59538.043633913796 6.047669768053484 305341.10697575065
59573.70363609031 6.144650468448277 165259.337321153
59660.57364139243 6.734865719876362 88116.77117510437
60273.30367879051 6.4098830961025 138437.91369323665
61101.6737293502 6.392109543687334 71041.8703696709
61447.523750459215 7.012263986868013 83530.01511310993
61898.3637779763 7.533621967518675 34364.74925575449
62043.00378680443 6.628294689404681 150429.9262766467
62960.193842785266 7.7198756279197855 119780.90324575455
63012.41384597252 6.596038202421203 36467.076460558565
63291.22386298974 6.697846769722059 40460.32067146966
64062.07391003869 7.156335991999995 39361.52402599454
64198.33391835534 6.179087097942487 40233.56874411648
66153.5340376913 7.195897289042944 41849.792922282344
66168.28403859155 7.856232890965763 54199.37746119305
66232.19404249231 7.099529858695344 72468.91776874536
66307.11404706507 7.630572619096936 56658.32997687514
66340.82404912256 6.069418735903684 52054.07106314825
66646.3240677688 6.889979761542655 33023.89906683222
66671.624069313 6.823481067753652 31565.588544813654
66798.0840770315 6.0111048775232 43145.932663975575
66925.43408480432 8.053404636849187 63274.72003874218
67242.23410414027 6.520496128931582 42990.30091725989
67259.34410518457 8.811011319614508 169756.46793071568
67499.48411984157 7.001269958265734 26011.12695638649
67524.14412134669 6.074879690079888 29492.904307013403
67549.91412291957 6.5746859487292 74495.43923449317
67579.64412473414 6.01776935185044 29003.780595493565
67819.90413939845 7.788947143929855 65652.22830021869
69046.02421423487 6.468515574877884 55828.227128111284
69159.21422114344 6.517549862331028 31605.347960016366
69288.49422903407 7.972973257575461 137432.43160939534
69363.35423360317 6.218237141683902 60740.206668534374
69595.87424779506 7.792374918977835 107920.03443333622
69711.77425486903 7.1082631935966045 99510.33227174685
69800.77426030116 6.5443060173705465 40880.569168160015
69886.6942655453 6.189201855936398 41989.75299868959
70285.90428991115 6.363134561815318 38803.255439477434
71074.73433805752 8.879097389693037 103414.89799902945
71157.32434309841 7.706061675761786 76098.91297762048
71180.2043444949 6.208698757592795 37450.420785456576
71395.63435764369 6.246678288676695 37211.095239494636
72174.82440520168 6.2705514310042165 38405.89093756261
72429.78442076322 6.4360935258185545 34837.51644196217
72775.60444187038 6.375429790463908 32030.33403466818
73038.19445789761 7.013427103724337 43153.94129118076
73466.15448401822 7.276139845705286 43565.32391416541
73505.91448644498 9.471374063716386 110009.90348793124
73521.09448737149 6.6394782920759114 127054.19175675121
73649.52449521024 6.513105225792908 38475.523106282664
73932.44451247831 6.678677752843851 70347.11212652927
74143.18452534085 6.536676048081387 61169.61902797042
74168.45452688322 7.793302197436715 79339.45293136871
74334.89453704191 7.798277829542183 96979.0360647453
74530.32454897 6.235682934567983 25787.60306642528
75031.4045795535 6.7657949719577255 76102.91371517947
75033.06457965482 6.90307068030707 67956.29410885669
75313.3945967648 7.614528119780658 48440.00778790585
75433.16460407499 7.878291196642759 206906.46482544838
75435.39460421109 8.862257851455809 206906.46482544838
75664.33461818448 6.083986558032162 58112.281133515404
75715.50462130766 6.6793387801813315 93852.43009610129
76581.96467419218 7.750064155581134 45177.12127766366
76591.01467474455 7.6605152462009105 71185.10791167592
76635.94467748686 7.133196931630055 34071.84644301793
76927.83469530242 6.9300741917134365 35124.35039859906
77137.13470807706 8.143096498451738 65838.16216073632
77200.0447119168 7.422175102754355 47419.97083242716
77775.21474702239 8.419059288749335 92296.12599770138
77963.43475851043 8.001816734316215 85533.78857105778
78071.3147650949 6.597104423847768 39103.90685915124
78507.36479170927 6.089056980155344 36640.11001750712
78641.19479987762 7.282337388734568 49459.78852420734
79059.0948253842 7.61218454518249 43493.14024136685
79113.4848287039 8.737430159575615 89209.52048127473
79367.71484422087 6.365349135726975 32505.07100307344
79546.744855148 6.647505788077308 39218.440586427205
80527.064914982 6.267609418058531 68408.50022333518
81274.91496062714 8.022813708848313 93527.51021428818
82160.75501469451 8.004682845491573 129997.04784120712
82894.50505947907 8.343259044352891 276792.00797790114
82961.92506359406 7.408762000850088 355841.4519929709
