736.8000 25.3087 2.7394e+04
962.7201 11.2886 1.8801e+04
974.8101 11.9794 3.1882e+04
993.4101 10.6856 3.0400e+04
1474.0901 10.2562 2.2507e+04
1523.0901 16.1702 4.7786e+04
1593.3301 13.1288 1.3591e+04
1640.8401 12.0929 2.1313e+04
2056.3901 10.5531 1.8862e+04
2725.9202 11.3303 4.5506e+03
2793.2002 18.9179 9.0774e+03
3263.3302 16.6241 5.0667e+04
3301.6502 10.3874 3.2615e+04
3329.5002 11.2750 9.7064e+04
3351.1602 17.5264 1.2138e+05
3383.9102 13.0054 3.2380e+04
3447.7602 16.9719 6.9433e+04
3458.0502 16.5492 5.6290e+04
3466.9202 10.1145 1.1474e+05
5438.1703 10.7737 1.4839e+04
6123.2604 15.8384 9.3047e+03
7482.9705 14.9420 2.6726e+04
7487.1805 13.7435 2.6726e+04
7516.7005 15.4936 1.2994e+05
7628.9305 10.2398 6.7269e+03
8193.5705 12.8451 1.9142e+04
8380.1505 10.1202 1.3522e+04
8411.4505 10.3490 1.5971e+04
8414.8805 10.0851 1.5088e+04
8656.5205 13.6443 1.9733e+04
8744.0205 19.6157 4.1372e+04
8870.4805 10.7458 1.7164e+04
9147.7006 10.1739 1.4688e+04
9160.7506 10.8296 1.5129e+04
10428.4806 11.2115 3.3949e+04
10843.9707 11.7593 3.9789e+04
11208.0907 13.1609 4.1387e+04
11225.0207 17.8123 4.8344e+04
11263.4507 13.0180 7.3578e+04
11311.6107 10.6474 2.1237e+05
11314.0407 15.2102 2.1237e+05
11336.4807 13.9838 4.8291e+04
12305.4108 10.3341 9.2282e+04
12306.4108 15.6157 8.3446e+04
12410.0408 13.7826 2.1925e+04
13118.6208 15.3872 3.1062e+04
13857.5008 11.6537 3.4572e+04
13860.0908 11.4573 3.6710e+04
13895.2708 16.9440 7.5891e+04
17533.3411 12.0610 6.4843e+04
18482.9811 12.0101 4.8445e+04
45908.8428 10.1859 1.8607e+05
49732.0630 10.7867 3.1698e+04
49738.4230 14.3818 6.7201e+04
49775.6630 10.7144 3.6519e+04
50244.6931 11.2028 6.0853e+04
50516.5831 10.8798 8.8606e+04
51201.0131 10.3386 1.5626e+05
51351.9931 13.5999 2.4432e+05
56627.8535 11.2145 2.7371e+04
57079.4035 15.2436 6.6186e+04
58454.5236 19.3545 2.9688e+04
60074.5837 10.9204 6.3037e+03
60292.7037 11.2484 4.5457e+03
61005.3237 10.3815 1.4423e+04
61111.2837 11.4787 9.0075e+03
61343.1637 11.4892 2.7203e+04
61623.4238 13.8006 2.2711e+05
61644.2238 13.9121 9.0140e+04
61953.3338 12.9207 6.8137e+04
61993.0938 12.4908 8.6599e+04
62003.9238 13.5525 3.4422e+05
62007.8338 16.9110 3.4422e+05
62079.5638 12.0933 3.4866e+05
62084.8538 11.9643 4.4345e+05
62095.6838 10.4673 1.7198e+05
62100.5638 10.4538 1.3387e+06
62102.0238 11.0799 2.2219e+06
62102.4838 12.3522 2.1687e+06
62105.1938 12.7558 2.2478e+06
62138.0038 14.5655 6.2456e+05
62149.4938 11.3917 4.4461e+05
62363.4938 12.2542 3.1954e+05
62386.4438 12.2041 3.4425e+05
62389.9038 10.3171 3.4425e+05
62391.6638 10.5638 2.8739e+05
62396.8838 14.9150 3.1980e+05
62423.8638 11.0664 1.2327e+05
62435.1638 13.9418 5.8187e+04
62452.1638 10.5477 1.4553e+05
62453.1638 20.9453 1.4553e+05
62465.0138 16.0574 1.1530e+05
62471.7038 11.3164 1.8312e+05
62491.6838 18.8647 9.1040e+04
62552.7638 10.3613 5.2508e+04
62562.8638 11.0879 5.9320e+04
62596.5338 16.9785 9.4950e+04
63215.1539 17.8473 9.7148e+04
63224.5839 17.3756 1.1903e+05
63561.3339 20.4743 1.2459e+05
63619.9239 11.7608 1.3138e+05
63931.6939 16.6552 1.6773e+05
64611.5739 10.3899 3.5323e+04
65016.6840 14.2478 1.1269e+05
65033.0140 15.8959 1.1798e+05
65033.4640 15.6857 1.1798e+05
65093.9640 19.1555 1.4145e+05
65130.5040 12.3641 3.6085e+04
65144.1740 21.3534 2.1147e+05
65169.4540 19.7885 5.9147e+04
65247.6340 17.1947 4.8494e+04
65536.2940 12.4102 6.1100e+04
65554.6240 16.6248 5.6317e+04
65585.5840 10.7712 1.9413e+04
65623.3540 12.2828 2.7982e+04
65677.9540 14.2811 4.9686e+04
65721.3440 21.1328 1.8898e+05
65903.8640 10.9377 3.9685e+04
66134.9540 17.2513 8.2930e+04
66143.0440 12.9111 4.2099e+04
66352.0140 19.8965 1.6797e+05
66361.9541 21.2752 6.7006e+05
66418.0741 13.6363 9.2360e+04
66429.5941 13.0313 2.8938e+05
66433.9741 10.7736 2.7380e+05
66470.1741 17.1380 2.9502e+05
66471.5841 11.8233 2.9502e+05
66474.8941 17.2145 2.9502e+05
66479.4041 12.2282 2.8315e+05
66499.3141 10.8999 1.2267e+05
66507.1441 17.3883 2.5056e+05
66522.3341 11.4787 1.0762e+05
66583.0441 15.8788 1.8290e+05
66592.0541 11.1925 5.6124e+04
66600.8141 17.8431 8.4851e+04
66641.2141 10.4943 5.1283e+04
68081.4242 12.2896 4.5553e+04
69144.7942 11.3956 1.8321e+04
71225.2943 16.9751 7.2068e+03
71686.5444 16.9055 1.8260e+04
72272.6744 10.7042 7.8354e+03
72467.0844 10.3210 3.6713e+03
72987.2745 11.3490 8.6027e+03
73071.1045 17.4862 6.3065e+04
73283.9245 18.3485 2.7656e+04
74652.7446 10.1416 1.0970e+04
75432.8846 25.9756 1.5236e+05
75544.4346 11.6404 5.2023e+04
75635.4346 12.1849 1.0238e+04
75658.7546 17.3923 5.4061e+04
75670.0146 11.7570 3.3671e+04
75802.7746 10.1485 1.7803e+04
75836.5546 10.8856 1.1646e+04
75880.1946 11.3697 1.7514e+04
75978.4146 11.5693 3.3834e+04
76081.6446 11.2045 1.9551e+04
76104.5746 11.4068 1.6569e+04
76473.6647 10.0522 1.0977e+04
76589.1047 18.6894 2.2229e+04
76623.4847 10.2205 2.6706e+04
76667.3547 14.6314 3.9576e+04
76927.5847 10.8169 7.5773e+03
76957.6247 12.4884 8.1082e+03
77261.5847 10.8187 1.4060e+04
77363.9047 11.3047 1.4449e+04
78902.7248 10.7940 2.4537e+04
79373.3448 10.2388 2.2431e+05
79374.8848 19.8914 2.2431e+05
82126.3250 14.3098 4.6899e+04
82926.9451 15.6286 1.1672e+04
83006.2751 11.0387 1.0691e+04
83257.3251 11.3789 3.8628e+03
83473.8851 12.9659 1.3001e+04
83483.9451 15.1257 6.6349e+04
83528.8451 13.7307 1.1606e+05
83535.9651 12.5012 8.3837e+04
83571.1551 10.8497 3.5237e+04
83585.2451 20.1023 1.2607e+05
83614.0151 10.0858 5.7204e+04
83653.9051 12.5696 2.8101e+04
83657.9751 10.6201 1.9508e+04
83665.9751 15.9317 4.2607e+04
83676.8551 15.9043 2.6256e+05
83677.8751 10.4238 2.6256e+05
83689.2751 12.5897 2.1697e+05
83732.1051 22.9901 4.8265e+04
83787.8051 17.6595 1.3699e+05
83788.4751 19.4826 1.3699e+05
83794.5051 11.3056 2.1857e+05
83801.7851 13.1158 3.0160e+05
83817.3951 13.6072 1.0553e+05
83821.5051 16.9723 1.0357e+05
83842.8551 25.1653 2.8096e+05
83863.1951 10.3201 1.1892e+05
83869.8751 13.7215 1.1038e+05
83882.0051 16.8731 1.3864e+05
83887.2251 14.8422 1.3664e+05
83893.9151 11.3607 1.3241e+05
83911.2751 12.6220 1.2723e+05
83922.7951 13.1570 1.5321e+05
83923.3751 14.2582 1.5321e+05
83924.1051 11.9948 1.5321e+05
83925.1051 11.7383 1.5321e+05
83951.6551 19.7548 7.3573e+04
83955.9251 20.8692 7.6077e+04
83957.8451 10.0971 6.5203e+04
83969.5451 12.3764 3.5024e+04
83974.8551 13.3988 9.3331e+04
83975.2551 13.0327 9.3331e+04
83979.0951 11.3915 7.0022e+04
83982.3251 15.8582 8.1458e+04
83984.5051 13.2961 8.0140e+04
84058.9251 16.7970 2.4859e+04
84108.8151 12.3837 1.9926e+04
84284.2451 14.0288 3.1966e+04
84285.4251 13.1625 3.1966e+04
84286.7351 12.0060 3.1966e+04
84420.3752 22.7760 1.9572e+05
84434.8252 14.1556 2.0865e+04
84504.3252 12.1033 9.2176e+03
84546.5052 16.2523 2.0449e+04
84568.0852 20.2026 1.7605e+05
84572.2852 20.4610 1.8265e+05
84609.9252 24.3883 1.6811e+05
84614.8552 10.4571 1.4769e+05
84615.5452 10.3298 1.4423e+05
84627.9252 24.5472 2.2435e+05
84628.7452 12.0861 2.2435e+05
84639.2452 16.9940 9.7872e+04
84646.9052 16.9249 1.7823e+05
84647.4552 13.4688 1.7823e+05
84692.3952 24.7676 1.1982e+05
84708.1852 23.5250 1.7898e+05
84708.8252 12.6580 1.7898e+05
84734.8252 24.3792 1.5155e+05
84743.9652 18.2206 1.6817e+05
84759.9652 23.4067 1.5533e+05
84760.5952 10.7324 1.5533e+05
84822.4352 24.5624 2.3509e+05
84823.1352 14.0199 2.3509e+05
84854.6052 15.3278 5.8843e+04
84856.2352 14.7810 5.8843e+04
84864.7952 23.4759 1.5705e+05
84865.7252 12.0627 1.5705e+05
84887.3552 25.4096 1.7463e+05
84902.2452 17.5091 6.9392e+04
85024.5152 11.5081 2.5229e+04
85115.9152 16.0722 3.0663e+04
85160.4852 21.5804 1.7900e+05
85161.8952 18.0731 1.7900e+05
85174.3752 10.6589 1.8346e+04
85186.4452 24.3479 1.7255e+05
85187.6452 12.1088 1.7255e+05
85189.6752 11.1819 1.6986e+05
85216.1152 19.8888 1.2460e+05
85218.1152 20.9589 1.2460e+05
85478.5652 23.3418 1.4654e+05
85522.5052 13.9842 1.5091e+05
85526.4152 23.9075 1.7786e+05
85579.6452 23.6108 2.7567e+05
85637.1252 22.3461 1.6716e+05
85647.6852 10.9915 3.1429e+04
85710.0752 22.1700 7.0396e+04
85723.5352 10.3282 1.8102e+04
85733.7552 13.4560 3.0834e+04
85747.0152 16.5503 2.8878e+04
85765.0952 14.7473 3.9119e+04
85765.6852 10.6344 3.9119e+04
85770.6652 12.7924 7.0768e+04
85780.4052 18.9254 7.0421e+04
85803.9152 15.6862 4.0874e+04
85809.3352 18.3869 3.3935e+05
85867.5052 12.8073 2.5754e+04
85973.1552 19.4034 7.1348e+04
85977.2052 13.5820 6.8325e+04
86081.1953 11.1181 1.8213e+04
86168.4853 10.4323 2.5313e+04
86394.7453 10.1557 9.8722e+03
