738.4800450732449 9.325311577766861 48604.47810245465
2974.0801815234486 9.78156088343492 985917.0730182504
4926.940300716571 7.790996069193936 199083.67725911262
8884.140542244906 6.18435600828086 66881.69200175686
12465.470760831955 7.323569392728098 87205.2899783573
13701.580836278128 6.11623788097758 124010.29785663112
14791.630902809504 6.273874666530338 120402.3084842876
14808.230903822687 7.3699665306117375 1130953.101131956
14809.690903911798 6.132148764564041 453460.94243343937
14811.520904023493 10.126690884761441 1237801.4233113546
14814.830904225519 11.811799870883124 9289559.490246726
15151.130924751644 12.100997784341358 4189769.922681906
15410.390940575619 6.048679426943222 173744.12431156132
16151.02098578009 6.199243789757214 40434.874089424426
21432.95130816353 6.415806820368469 489687.70029025903
23367.971426267788 6.502537317679286 306291.6434147534
23445.38143099252 6.730766767425695 19403.616272554587
32613.841990590943 6.537259270229688 112521.51875760578
35538.51216909864 6.074247194060731 264275.00332755136
37366.262280655654 6.7224800148596415 1602004.4471198507
38089.382324791404 7.3270460004399425 218370.2003314433
38719.96236327895 8.344427087279408 34946.936567349054
40534.18247401016 6.016637719074592 261151.50566259614
42786.77261149735 10.14801388852101 42520.47955042081
42855.592615697795 8.902871736611997 46158.12369188627
42869.552616549845 7.720647410090847 364431.3848475922
43983.03268451127 6.2167600459279635 216565.57839947246
44105.652691995405 7.66671070787419 317999.2280275434
44153.472694914104 6.158155206296375 573948.5363682675
45241.55276132524 6.641794377974695 213853.51440197183
46571.6428425075 6.083694020389867 15732.178468477947
49680.59303226276 6.287713307239458 33102.204665575046
50499.52308224628 7.944953880894259 3138823.3980608284
52756.93322002766 6.210243932092199 360787.31615881954
57885.44353304709 6.421849271577874 1102656.5934936588
58579.3535754 7.4541687738624995 232623.79190810438
60786.08371008812 6.578047429594655 5156778.099286201
60787.01371014488 7.760837259191406 4624987.947028177
63301.72386363061 6.6495377929317945 5465.721384570809
63409.30387019677 8.931434819495228 12187.4363351867
63484.66387479638 6.69674066948852 6528.403189943548
64332.283926531 10.131036698199244 22648.38588024753
64498.65393668542 10.04284500156731 21589.935036223287
64501.043936831295 6.621222983206109 18388.931615273777
69874.55426480433 7.707010094000094 5637.683007313212
70033.96427453395 8.726113818567327 5422.642371300198
71227.68434739285 8.370563394275948 11556.021206853773
71448.30436085843 7.104444530214099 4693.3806574387945
72468.23442311001 7.709979224514875 5838.611394076947
72889.27444880825 6.6344641492162815 2933.819827522231
73071.4144599252 7.900266191704809 25710.5489915353
73073.08446002712 6.908356010126611 25710.5489915353
73874.65450895108 9.456425546801828 7161.197927174675
75348.10459888334 8.182214621616923 7915.007835430215
75381.2046009036 8.742695855693825 9834.761671885399
75433.06460406889 11.731444102652569 61399.35941242278
76589.20467463408 9.801748233117706 31941.256450253208
76591.05467474699 7.796577594892972 31941.256450253208
78019.30476192046 7.399832444129067 4201.442590782942
81384.0449672879 6.254387963345526 13230.476781744283
85066.62519205477 6.4485463790224795 504493.8986940991
