8.2800 21.2100 1.1269e+05
153.7300 12.4912 5.5169e+04
256.2000 10.1434 4.8598e+04
321.6700 13.4377 3.2093e+04
540.6700 12.3905 3.1693e+04
737.0800 20.1520 3.7778e+04
1091.0301 10.6213 2.0348e+06
1117.5801 10.6870 1.2750e+06
1139.8501 12.2668 1.6373e+06
1327.8001 11.5477 6.3055e+05
1332.6501 13.4324 8.4902e+05
1346.8301 12.4190 7.8437e+05
1621.1401 14.3281 5.5058e+04
2052.0601 12.0873 3.3786e+04
2061.0601 10.9261 3.4674e+04
2233.2901 14.4663 2.1900e+04
2288.9801 11.4976 9.8570e+03
2317.3801 12.2410 2.0507e+04
2361.1901 12.5884 2.0410e+04
2514.3602 13.8060 7.7032e+03
2524.7602 12.0304 9.8244e+03
2864.0602 14.9654 1.9430e+04
3180.0902 13.9674 3.6215e+04
3308.6502 13.2929 3.6567e+04
3368.4302 10.6029 1.4142e+04
3614.3802 13.2869 1.6358e+04
3674.7602 10.8883 9.8749e+03
3681.7702 17.7921 2.1659e+04
3843.1002 16.5796 2.9351e+04
3953.3502 10.5946 5.5022e+04
4113.5503 10.1805 1.8320e+04
4564.3103 11.2871 2.4316e+04
4573.2603 10.8890 2.8894e+04
5361.2203 14.4060 1.6694e+05
5368.5303 12.8422 1.7880e+05
5796.4104 10.8457 7.3341e+04
5980.5404 10.2557 2.4258e+04
6878.8304 10.3179 2.5064e+06
6880.1304 18.4448 2.4641e+06
6967.6104 10.8698 2.8322e+05
6995.4104 11.7192 2.3263e+05
7269.1004 10.6626 4.0933e+04
7323.3904 10.2466 8.1219e+04
7500.2205 13.5971 4.8963e+04
7513.4005 15.7605 4.8207e+04
7534.9405 10.7327 4.3623e+04
7563.1405 15.6920 6.3980e+04
7575.6805 12.8122 2.5951e+04
7583.3205 11.2992 3.4678e+04
7664.8005 12.8922 4.7323e+04
7913.9005 12.9892 1.5248e+04
7981.7405 11.7882 2.1148e+04
8333.4305 10.6672 3.1979e+04
8366.5905 10.6430 3.8082e+04
8517.6805 16.1829 6.1692e+04
8518.9305 13.0311 6.2961e+04
8954.0605 10.4562 3.6150e+04
8975.1405 13.0794 4.9258e+04
9025.9306 10.2162 1.9884e+04
9037.1706 11.5912 3.2766e+04
9047.9406 18.9223 1.1395e+05
9801.3206 15.6332 3.2558e+04
9815.7806 12.1519 5.1295e+04
9840.4506 12.0010 4.3306e+04
9923.1006 13.3900 4.7671e+04
10149.5006 10.0387 1.1508e+04
10481.5406 10.8416 2.9927e+04
10591.9706 10.2454 1.9486e+04
10777.4407 10.4803 2.0907e+04
10789.6507 20.4627 7.0220e+04
10881.8607 12.6749 3.3289e+04
10918.2807 11.5910 3.8109e+04
11232.3407 10.6101 3.4358e+04
12288.1808 11.5180 3.8613e+05
12672.4708 13.3263 1.0837e+05
13415.0308 10.7612 3.3615e+04
13720.1708 10.2280 1.7697e+04
15651.4210 12.7533 2.8777e+04
16342.3810 11.9272 8.8798e+03
16590.3710 10.7592 2.2644e+04
17359.9311 11.7631 2.4399e+04
17582.9711 14.5341 3.6413e+05
17858.8211 10.2290 8.5915e+04
18491.5211 18.4583 4.4212e+05
18595.2611 12.3926 2.6021e+05
18629.2011 10.8561 4.6669e+04
18864.1612 11.4414 8.2596e+04
19469.8612 10.1653 2.5840e+05
20261.3712 17.2016 3.5577e+04
20480.7113 11.4017 1.6445e+06
20946.8513 11.8274 2.1402e+04
20968.2513 24.1478 9.0916e+04
21496.3613 10.5278 2.4226e+04
21915.6813 16.4006 3.1347e+05
21968.0813 11.8293 3.2682e+05
22019.2713 11.5968 4.1238e+05
22020.8013 10.7718 2.8537e+05
22071.3713 11.1779 1.8948e+05
22078.6913 11.9405 2.6808e+05
22088.3613 10.3128 3.4417e+05
22351.3114 12.8541 1.7020e+05
22422.3914 16.0562 5.9317e+05
22491.2014 10.3223 8.9119e+05
22504.5514 13.5314 1.7011e+06
22571.2114 10.4037 2.4571e+05
22604.7014 13.8665 3.2912e+05
22899.1214 13.0145 3.3831e+04
22909.6214 12.6977 3.2032e+04
22998.5914 17.4161 2.3263e+05
23067.1514 10.5821 1.8472e+05
23081.7614 12.4870 1.3248e+05
23158.9714 15.2125 1.2616e+05
23352.4814 11.3843 1.6259e+05
24093.4515 13.6124 2.6461e+05
24107.1915 17.1766 6.3701e+05
24146.7615 12.6032 8.1806e+04
24183.6015 10.4552 1.8164e+05
24253.7715 16.0387 3.4720e+05
24473.6715 11.4068 3.0384e+05
24527.3315 14.9602 7.7532e+05
25049.4115 10.9451 2.1187e+05
25129.2915 10.7615 3.0169e+04
25137.7115 14.5061 3.5371e+04
25209.9715 15.0072 4.3470e+04
25263.4315 13.3007 2.0933e+05
25444.5016 10.8080 1.7772e+04
25786.6416 10.5633 3.6654e+04
26085.1816 10.8837 1.5023e+05
26335.9016 12.7192 3.1142e+04
27168.0917 10.1183 2.6810e+05
27193.8417 14.8001 3.4898e+05
27248.3417 10.4381 4.7671e+05
27280.6817 17.6130 3.3544e+05
28382.9017 11.1451 1.0335e+06
28391.3517 10.1681 2.0209e+06
28484.9317 17.1720 3.5005e+05
28547.0117 11.8902 1.1392e+06
28571.8117 15.9675 1.0946e+06
28603.7217 11.2292 7.7015e+05
28874.1018 10.3592 4.5558e+05
29024.0218 17.6632 1.0362e+06
29479.1818 10.3359 2.0519e+05
29886.3118 12.5836 1.4352e+05
30076.1318 18.0494 1.1496e+06
30160.9818 11.0521 4.3886e+05
30192.5418 12.3922 3.0706e+05
30301.8318 12.3993 6.4127e+05
30314.4819 12.5461 5.2998e+05
30332.5119 17.1321 1.3124e+06
31486.4619 19.9487 9.8004e+05
32254.5720 10.7188 5.6960e+05
32258.0720 17.0526 5.6960e+05
32501.8820 10.5507 4.6421e+05
34299.4521 13.7160 6.6950e+05
34739.7321 13.5267 4.1005e+05
35904.3922 14.4701 4.8937e+05
36018.8422 15.4668 3.0895e+05
36547.5922 10.3210 1.2329e+05
36663.2922 11.5882 3.8480e+05
36882.5123 11.8474 1.0582e+05
37285.7623 13.9708 1.1570e+05
37351.3923 13.4502 9.6482e+04
37411.1523 13.8106 1.7272e+05
37507.7423 19.2087 1.0832e+05
37520.7923 14.3571 7.1410e+04
38101.9923 12.0974 3.7549e+04
38756.5924 12.7955 4.1626e+04
38777.7524 16.9638 3.4021e+05
38781.9824 11.2621 3.2640e+05
38865.1224 10.1540 1.8548e+05
38930.9224 12.5199 1.8458e+05
38938.3724 10.9079 1.0587e+05
39086.6424 10.4192 8.0626e+04
39086.9324 10.4279 7.8622e+04
39101.0624 14.6399 7.2780e+04
39127.6824 14.5849 6.3261e+04
39136.6524 19.8415 1.2448e+05
39373.3724 10.1943 2.5646e+04
39433.0424 10.5351 9.4162e+04
39481.6724 10.9203 5.1356e+04
39607.9424 12.0743 3.8460e+04
39640.5324 12.0602 9.1835e+04
39772.6224 26.8454 8.7054e+05
39802.2224 18.3422 2.0924e+05
39816.3624 10.7773 6.3096e+05
39817.4624 18.7452 6.3096e+05
39855.8024 10.3415 3.3799e+04
39916.3324 19.0954 4.1381e+05
40044.7724 11.6285 1.6480e+05
40264.7325 14.7392 2.6789e+05
40413.0425 10.9561 2.1117e+05
40431.9025 11.4308 3.8969e+05
40434.0625 12.6405 3.8969e+05
40580.6625 14.9272 2.6076e+05
41099.4225 10.1652 1.7009e+05
41423.9225 12.6336 1.7296e+05
43675.0527 15.9068 3.8906e+05
44082.1827 10.5196 2.6732e+04
44273.0527 10.3796 3.1273e+04
44455.1027 14.7500 2.9085e+04
44788.5727 10.8793 3.5042e+04
45147.1028 16.2108 6.0556e+04
45461.4428 16.2294 1.6400e+05
46049.8928 12.3351 3.4749e+04
46510.9428 13.5173 3.0049e+05
46602.8828 13.9601 4.9513e+05
46656.2428 11.0704 2.8949e+05
46858.0429 13.3431 2.6276e+05
47973.1829 13.1712 6.6466e+04
48262.8929 15.3713 2.7364e+04
49533.3730 18.4806 3.6643e+04
49550.4530 11.4405 3.2546e+04
49696.8330 11.9630 1.5331e+04
49730.8730 13.8115 6.9755e+04
49745.2730 11.3468 1.8298e+04
49750.4530 11.6992 4.3631e+04
49786.2130 19.6913 5.1504e+04
49820.9530 12.4543 5.5260e+04
49890.0130 10.7286 4.7085e+04
50141.9331 11.1998 5.0280e+04
50215.8331 10.7527 4.8221e+04
50357.1831 16.6807 4.7436e+04
50440.6431 10.2082 1.8884e+05
50458.8431 13.0834 3.1776e+05
50546.9031 14.1221 2.8599e+05
50558.2831 13.0608 1.8882e+05
50573.8631 16.0178 4.0739e+04
50679.6431 14.2313 1.8953e+05
51213.3231 10.1148 4.2807e+04
51216.4931 13.2671 4.2807e+04
51363.6731 10.7141 5.2706e+04
51407.2331 10.9807 6.0110e+04
52231.4432 10.3029 1.7565e+04
53036.7032 10.6703 2.3133e+04
53109.9632 12.0969 3.1147e+04
53110.7432 10.1097 3.1147e+04
53251.4633 10.0912 2.0062e+04
53530.9333 11.7446 1.3769e+05
54812.9533 17.3593 3.4275e+05
55084.7934 19.6423 3.5130e+05
56162.0034 10.4461 8.4369e+03
57263.2535 11.1723 4.1505e+04
57340.7535 12.5842 3.6100e+04
57361.6535 11.2420 2.5229e+04
57376.4835 10.5246 3.1574e+04
57572.3135 14.9306 2.1583e+05
57639.9035 16.1078 2.5148e+05
57659.7035 12.1501 1.5525e+05
57701.1335 10.5853 8.6895e+04
58454.6036 16.8132 4.1411e+04
58834.2636 11.4996 1.1753e+04
58978.4836 14.6129 2.8555e+04
59012.1236 16.2135 1.6747e+04
59043.9836 12.9032 3.5296e+04
59066.3836 11.6975 2.5626e+04
59067.8536 10.8183 2.5626e+04
59107.4536 11.3889 2.0203e+04
59221.9236 10.4519 3.4382e+04
59227.8636 10.3792 2.2919e+04
59248.8836 13.5613 2.3478e+04
59269.7136 10.6748 2.9926e+04
59326.9636 13.4666 2.6473e+04
59384.6436 16.7354 3.5403e+04
59404.7336 10.3979 2.9531e+04
59447.3836 11.6461 1.7142e+04
59498.5636 16.1580 3.5257e+04
59553.9836 12.9364 8.2326e+04
59933.7937 21.4862 1.4768e+05
62115.5438 11.0180 1.8321e+04
62307.4438 19.0732 3.9101e+04
62331.1838 13.8235 1.0527e+04
62342.8538 10.8087 1.3400e+04
62421.9338 10.4176 9.0694e+03
62455.5238 10.0422 1.7329e+04
62547.4538 12.8407 2.0950e+04
62863.0138 11.7784 1.7496e+04
63170.8439 10.7550 1.5815e+04
67675.1041 11.0590 3.5078e+04
67689.0741 11.0729 3.7302e+04
67779.5941 14.4501 3.1494e+04
67858.9641 13.2132 2.7185e+04
67884.3341 10.2279 1.3362e+04
67971.1741 10.9493 2.7973e+04
68029.7442 10.5995 1.3602e+04
68056.1542 14.1381 1.6770e+04
68220.2642 14.0856 1.7148e+04
68253.8942 10.9537 2.4239e+04
68419.7042 11.7688 2.2179e+04
68466.3842 14.7579 1.6903e+04
68644.1342 12.8019 2.0976e+04
68645.4342 10.7661 2.0976e+04
68686.7242 15.4234 2.1471e+04
68719.9742 20.4767 2.9412e+04
68844.2642 15.5811 2.6709e+04
68895.8942 11.3649 9.6327e+03
68905.9742 14.2103 1.8963e+04
68945.5642 13.8854 1.6612e+04
68997.6542 11.3010 7.4977e+03
69004.5342 15.9317 1.8957e+04
69083.7642 13.3053 1.9231e+04
69091.4642 10.9171 1.3177e+04
69193.7342 15.9055 1.8870e+04
69244.5042 14.2936 1.1206e+04
69269.1242 10.6077 1.4964e+04
69310.1442 16.4990 1.7541e+04
69496.8342 12.0197 1.3686e+04
69585.3542 10.5978 1.2938e+04
69700.4543 13.9913 1.3648e+04
70216.6143 10.6200 1.8693e+04
70815.4743 15.2400 3.8117e+04
70816.5643 15.9969 3.8117e+04
70954.7843 13.1819 2.9920e+04
70997.2443 11.5792 1.3613e+04
71004.0743 13.1566 4.2853e+04
71052.1543 10.1474 1.4408e+04
71073.8643 13.9295 3.0819e+04
71221.2943 11.7327 1.3975e+04
71248.0943 15.5173 1.6609e+04
71319.4244 13.5307 2.2172e+04
71393.9244 10.3179 1.5155e+04
71515.2744 11.4560 1.6657e+04
71612.5044 10.2077 2.7375e+04
71789.7144 10.3376 4.2507e+04
71860.2744 16.0472 1.8277e+04
71885.7344 16.0866 2.4153e+04
71935.4344 11.5057 1.6790e+04
71964.2144 15.5327 4.6342e+04
71966.9844 14.0893 4.6342e+04
72106.1044 13.1703 1.6568e+04
72112.5344 14.8650 2.9466e+04
72174.8644 15.2537 1.9763e+04
72204.9244 14.8857 1.4916e+04
72271.4544 17.2507 2.3444e+04
72394.7844 13.1456 1.9682e+04
72515.2644 11.3505 2.4958e+04
72516.9144 12.7181 2.4958e+04
72535.7044 20.0111 3.1416e+04
72548.6944 12.9315 1.2353e+04
72584.3744 16.0812 1.7867e+04
72626.8444 17.2871 2.3601e+04
72647.2644 12.0744 3.1367e+04
72683.7544 11.4109 2.3121e+04
72960.4345 14.5121 3.0151e+04
73045.9245 14.4064 2.2539e+04
73071.6345 19.6960 7.6625e+04
73107.9845 12.6248 2.4059e+04
73177.7445 19.7162 4.9868e+04
73354.6845 13.9961 1.4578e+04
73468.5345 10.3127 2.0685e+04
73516.0545 15.7100 1.8307e+04
73540.4345 12.6402 2.1232e+04
73622.6645 10.7797 2.8462e+04
73623.1545 11.3819 2.8462e+04
73702.8845 11.2313 1.4962e+04
73704.1745 10.5353 1.4645e+04
73757.0845 14.8824 1.4197e+04
73867.8045 12.3583 1.6585e+04
74108.9345 15.1862 2.2011e+04
74164.4545 11.0110 1.3338e+04
74185.4645 15.2406 1.7075e+04
74226.4045 10.9065 1.1085e+04
74475.0245 13.0712 1.5537e+04
74625.2246 15.2427 1.3958e+04
74680.1046 14.7134 1.6448e+04
74795.4446 13.0219 1.8381e+04
74904.4446 12.5485 1.4444e+04
74988.7046 11.4916 1.6388e+04
75009.3646 13.6028 1.3440e+04
75073.8546 10.3493 1.4502e+04
75332.0346 10.9022 3.5350e+04
75433.2246 17.5258 8.8969e+04
75700.4346 11.5234 1.3565e+04
75887.6046 11.2399 2.0141e+04
75977.5846 15.7490 1.8983e+04
76007.6346 11.0797 1.0200e+04
76250.0847 18.1181 3.8805e+04
76589.4047 13.8537 3.2370e+04
76601.9747 15.5007 1.3443e+05
76667.7147 10.7416 4.2251e+04
77866.5148 12.4271 9.9968e+03
78017.9948 10.0031 4.8540e+03
78284.9948 14.7620 1.0219e+04
78805.9848 10.6585 1.3562e+04
79201.0348 15.0604 1.4362e+04
83262.3351 12.2818 1.0347e+04
83654.9151 11.3378 1.1213e+04
83879.6451 13.2626 6.6054e+03
83948.1951 12.2555 1.1546e+04
84524.8552 10.3311 2.0698e+04
84635.4352 18.0413 2.0724e+04
84656.5952 10.4619 1.8708e+04
84932.7352 10.3284 6.6219e+03
84991.4052 15.4910 9.7448e+03
84996.1052 12.3642 9.9305e+03
85025.1652 18.1966 2.5569e+04
85040.2652 19.5978 3.6105e+04
85426.2552 10.8645 1.6163e+04
85498.9852 11.6383 1.4184e+04
85539.3752 16.3416 1.2977e+04
85563.6552 19.5845 1.3400e+05
85767.3352 11.8096 1.1590e+04
86023.5553 14.2164 1.6944e+04
