179.4400 13.1919 1.1666e+04
186.7800 18.9242 2.1226e+04
234.7700 10.1686 1.2628e+04
246.2800 16.3438 1.5743e+04
592.3400 11.0011 1.3853e+04
596.0300 10.3468 1.3193e+04
609.8200 10.3800 3.5882e+04
720.1600 11.3988 1.3204e+04
736.7300 25.2305 4.4080e+04
1604.3501 13.0922 1.0534e+04
1794.1701 13.8513 1.3163e+04
1822.9301 19.3075 5.0791e+04
1861.0701 10.9307 1.7054e+04
1864.6001 10.2615 1.7054e+04
2189.8601 10.7757 1.7280e+04
2203.1901 12.8273 4.9774e+03
2392.9201 10.2942 5.2494e+03
2737.7802 16.8129 1.1932e+04
3079.0602 11.1506 1.1306e+04
3474.4302 12.3946 1.0324e+04
3486.6702 15.3266 1.6460e+04
3641.3902 11.5093 8.0733e+03
3651.4402 11.0437 9.1725e+03
3876.9902 14.9499 6.6151e+03
4000.3302 10.6845 7.9221e+03
4005.8702 15.2825 5.4231e+04
4060.3702 10.6606 1.7195e+04
4220.9403 10.5013 1.9645e+04
4643.5903 11.3889 1.6452e+04
4809.4603 13.1053 1.1131e+04
4959.8903 12.6448 7.0985e+03
4981.1003 16.2474 1.5300e+04
5055.4703 11.0942 1.2705e+04
5429.2403 10.7077 6.6786e+03
5875.7804 10.2640 1.5702e+04
6099.5504 10.3055 7.3600e+03
6113.7704 10.8445 7.2126e+03
6123.2804 15.1381 1.1825e+04
7013.0804 12.3990 8.5534e+03
7017.9304 11.8468 1.1259e+04
7481.3005 13.1140 1.0169e+04
7536.9405 10.1807 9.2030e+03
7584.2505 14.9765 8.0075e+03
7628.8405 10.0167 8.1473e+03
8239.4705 12.1052 1.0316e+04
8276.9005 13.4137 8.1472e+03
8761.2705 11.4044 1.0349e+04
8866.9005 13.0146 8.8331e+03
9601.4106 14.1542 1.1267e+04
10493.8906 12.1937 1.2611e+04
10568.4506 16.7288 1.5972e+04
10673.5907 11.8983 1.0771e+04
10689.1307 10.9844 1.1244e+04
10707.7507 10.5241 8.7423e+03
10739.5807 10.6907 7.8313e+03
10944.6607 14.6540 9.1641e+03
12038.9507 12.2733 1.2436e+04
13705.9808 15.9301 1.2820e+04
13782.6508 15.9903 2.8431e+04
13793.8208 11.1363 1.5847e+04
13827.2908 10.9899 2.7287e+04
13961.3609 13.4553 1.2158e+04
14319.8709 10.3260 8.7699e+03
14457.1009 16.0977 1.4509e+04
15978.7210 14.5456 1.8828e+05
16253.0510 14.0677 1.9997e+04
16803.8210 11.1633 2.0134e+04
17564.5711 10.9388 3.9729e+04
17703.7211 11.2393 4.0914e+04
21072.8413 11.0028 3.6448e+04
21147.7413 10.4059 6.7139e+04
21773.4013 10.6794 7.8975e+04
22319.8814 12.2873 3.3665e+04
23286.4514 11.3644 5.8874e+04
23416.4114 10.0199 8.0352e+04
25401.0216 13.5124 2.0083e+05
27298.3517 10.9127 1.7040e+05
27640.9217 12.9205 2.6969e+05
28434.5217 14.4333 1.6437e+05
28740.0018 14.4546 3.5028e+05
28752.3818 11.2738 1.8446e+05
29174.8318 10.7175 1.4540e+05
29584.0018 11.6715 1.0543e+05
30630.7319 12.8069 2.3306e+05
32115.0520 10.6737 9.2835e+04
33067.0220 13.2927 1.0627e+05
33138.9920 14.2477 8.6505e+04
34122.4321 11.3963 1.9179e+05
35604.0122 11.2195 1.7078e+05
35882.0322 10.9001 9.9578e+04
36582.0622 16.7497 1.1349e+05
38173.6923 10.9069 1.5227e+05
38238.7823 10.0046 8.1031e+04
38464.3323 13.8291 1.0180e+05
39114.6224 13.0922 1.0879e+05
39220.8724 13.4602 8.2334e+04
39453.5124 11.5143 1.3023e+05
40313.4225 13.4300 1.1853e+05
40962.4125 10.2064 5.9013e+04
41791.6526 10.4206 1.5905e+05
43581.9327 14.4933 1.1826e+05
43820.5527 12.2010 9.4515e+04
43924.9827 12.5635 8.7653e+04
43941.2827 12.0725 4.4342e+04
44328.5127 10.8735 6.5509e+04
44337.5127 10.4100 7.8139e+04
44342.9927 16.0389 2.2554e+05
44543.0927 16.3821 1.3629e+05
45162.3428 10.2062 3.7215e+04
45246.2428 11.4183 6.6332e+04
45564.8728 10.0375 5.0965e+04
46077.4028 12.8305 9.2026e+04
46674.7528 11.1914 8.4399e+04
47177.1729 11.1529 6.0779e+04
48468.9930 11.6747 4.9545e+04
48506.8230 12.0233 4.3597e+04
49735.7030 10.2470 5.8976e+04
50983.8031 10.2042 7.0047e+04
51092.0731 11.9179 1.6424e+05
51392.8831 12.3748 7.1147e+04
51634.8832 14.8847 7.3753e+04
51676.0832 11.5164 7.2927e+04
51758.3132 12.6393 1.1462e+05
52094.8532 12.4370 7.7613e+04
52313.5832 11.5071 4.3411e+04
53473.1333 10.9242 4.4499e+04
54010.8433 14.4866 1.1575e+05
54339.1733 12.7740 4.0733e+04
54696.4833 12.3084 7.1627e+04
54860.8333 14.8750 1.4719e+05
55283.1434 11.9448 3.1125e+04
55523.2434 14.2223 7.7345e+04
55638.1534 10.8373 2.9914e+04
57496.4035 11.7232 3.1310e+04
57887.6135 10.0613 2.2069e+04
58454.5036 25.1406 4.8566e+04
58897.2836 10.7712 3.5144e+04
58898.0536 11.8073 3.5144e+04
59357.7136 13.8780 7.1701e+03
59548.8636 10.1304 5.3718e+03
59572.7636 10.4229 5.4851e+03
59768.7836 17.6527 1.0730e+04
60237.9537 21.1960 9.9643e+03
60292.4837 12.8924 2.7345e+04
60648.1437 21.4623 1.9026e+04
60959.2737 18.4444 1.7577e+04
62506.8438 10.5014 1.2716e+04
62531.2638 10.6678 9.4723e+03
63667.7139 11.4722 9.7796e+03
64331.3239 12.1920 1.0166e+04
64409.6339 10.7010 9.6636e+03
64470.7139 10.1486 1.6751e+04
64600.4139 12.3965 8.5623e+03
64690.8839 11.3137 1.1630e+04
64773.4540 11.5442 9.4716e+03
64791.0640 17.6823 1.1391e+04
64810.0640 20.1426 2.2899e+04
64815.8440 10.9255 1.6354e+04
64848.5940 12.8595 9.1631e+03
64895.6040 20.2245 9.0748e+04
65034.3040 16.7225 7.9871e+04
65076.6340 10.7587 1.1892e+04
65139.6540 10.1038 6.2672e+04
65144.5640 19.2759 6.2672e+04
65191.9640 16.8653 5.0826e+04
65208.7340 10.8739 1.1851e+04
65266.2140 10.0940 1.2800e+04
65282.2340 10.6403 9.0089e+03
65294.4240 10.0164 2.6311e+04
65309.9140 11.6224 8.6490e+03
65342.4440 10.7267 8.8165e+03
65400.6540 11.9502 1.2479e+04
65422.4840 10.2076 1.0740e+04
65551.4540 10.5069 8.1212e+03
67042.7241 14.2671 1.1241e+04
67096.1341 12.3815 1.7275e+04
67196.2441 13.3927 1.9282e+04
67228.4941 15.0274 1.5285e+04
67428.5041 11.8897 8.2316e+03
67444.4641 11.3558 1.4785e+04
67445.4541 16.5770 1.4785e+04
67464.4641 12.6635 9.4956e+03
67471.2641 23.1564 7.1644e+04
67483.9941 14.8975 1.2594e+05
67486.1241 10.8647 1.2594e+05
67500.8841 23.4181 1.7072e+05
67522.8041 15.8987 3.7034e+04
67535.6741 13.4936 8.4672e+04
67536.9841 11.9373 7.0766e+04
67559.3341 12.8553 2.0038e+04
67561.6241 12.6420 1.9461e+04
67569.0941 10.1904 2.2733e+04
67582.6241 15.4334 1.6593e+04
67585.3741 10.0017 1.8166e+04
67588.8241 11.3450 1.7426e+04
67600.0041 20.4867 1.8582e+04
67610.9641 10.5826 1.1962e+04
67618.2541 11.1199 3.7864e+04
67638.9441 12.9953 2.5493e+04
67670.7941 12.3676 2.5149e+04
67708.9141 14.1745 1.2599e+04
67713.9941 13.5845 1.4629e+04
67739.8941 11.8863 1.2905e+04
67862.6941 11.4374 1.0757e+04
67874.2141 10.7606 1.0311e+04
67888.1041 13.5807 1.0135e+04
67968.6241 10.5655 4.2649e+04
68023.3442 11.7038 2.7088e+04
68099.4742 15.8268 1.5206e+04
68208.5142 13.2336 9.4392e+03
68395.1042 10.1621 8.7184e+03
68767.9742 19.2781 3.6535e+04
68814.6742 13.4683 9.9635e+04
68847.8942 10.1182 1.1826e+04
69147.5442 15.3132 2.0861e+04
70228.9543 14.8102 1.5229e+04
71225.2443 14.0102 9.5464e+03
72759.5044 13.1162 7.3326e+03
72887.9644 14.4108 4.9008e+03
73071.0145 21.7093 7.5558e+04
73341.5945 17.0786 7.4972e+03
74008.1945 20.1420 3.7737e+04
74041.7345 12.9425 8.6716e+03
74049.2845 14.4573 1.1949e+04
74057.8145 10.4624 1.1611e+04
74073.8645 11.4849 1.1803e+04
74130.7845 12.1726 1.8567e+04
74284.8745 11.3010 1.1901e+04
74337.3145 13.6283 1.1648e+04
74355.5245 13.1549 1.4935e+04
75432.8146 25.7054 1.4239e+05
76424.5447 16.6073 2.3925e+04
76589.0647 18.6096 3.3691e+04
76639.1447 11.8290 3.8692e+04
79006.6948 10.7206 5.0354e+03
80718.8649 13.2549 7.5848e+03
81021.9549 15.8055 2.7746e+04
81355.8150 16.0551 2.0415e+04
81580.5150 12.1832 6.0818e+03
81596.5350 13.1599 1.3499e+04
81632.6650 14.3530 6.5561e+04
81923.8950 12.2674 4.8145e+03
81958.8650 17.8442 7.8456e+03
84413.3952 15.6911 8.0972e+03
85278.5252 10.3843 5.6369e+03
85331.1552 21.5842 4.2552e+04
85334.3252 12.9467 4.2552e+04
85367.8752 13.9239 3.3273e+04
85373.6852 12.2722 4.4285e+04
85378.7452 17.0268 9.2334e+04
85560.4652 10.9116 1.9710e+04
85564.6452 11.3865 1.9082e+04
85583.0552 13.6696 1.3821e+04
85614.6952 18.5981 1.6312e+04
85634.8552 12.4311 5.9238e+03
85648.4552 12.1122 1.0882e+04
85672.2152 10.9885 9.6234e+03
85695.6752 13.3942 1.0809e+04
85765.8852 20.3541 2.4604e+04
85818.1652 10.3243 1.5706e+04
85972.1352 10.5712 1.2413e+04
