3990.990243590713 8.670859369417226 436057.1187412803
4102.450250393692 8.851284281966965 652937.1624085368
6379.320389362817 6.257276905860148 390111.36184362863
7018.540428377712 6.549311888298587 219012.09551785333
10628.730648726236 9.558478069880294 667987.8543735388
10646.490649810221 6.40223466138919 1519619.992085869
10718.070654179117 6.746054834888133 498312.3145897804
10719.400654260295 6.268426447672325 271704.19115549856
10788.870658500406 6.585244560197379 271040.91959328833
11170.920681818889 7.1578893485104045 215486.31351911818
11185.800682727093 6.222515098990065 243652.81779439328
11622.510709381757 6.697503118406115 148713.54361455425
11758.82071770146 6.732357352504036 129006.23344217266
12191.830744130295 6.78144955537685 165703.15660231476
13900.090848394217 6.018603743090307 107717.32523074934
14963.570913303889 6.033510413375785 121900.31529145486
15642.160954721738 6.143774521220183 592900.5316672188
17267.07105389838 6.358585408210875 827973.6125622226
17892.47109206977 6.333467180729755 262089.2215329289
18459.791126696236 6.060912088972513 1059528.8514783555
19248.59117484077 6.495437958939831 515941.7341310036
20057.83122423286 6.892326613263777 327853.0898655069
21238.32129628426 6.137774688659774 76201.74393712427
21365.641304055254 7.809551693630894 131471.20587036444
22061.74134654183 7.595796501913514 118462.81515415438
22336.38136330453 10.22943020875664 667325.9185108303
22476.911371881797 6.296949115005755 656807.1047939323
23033.951405880824 6.038720508788343 366734.9435311049
23772.291450945522 6.109233607935795 243490.2266789012
23957.06146222299 6.422377760764067 814188.1167511094
24430.60149112558 6.134925007903487 152763.8598621348
24763.841511464936 6.6232603532920695 916455.9535009094
24940.431522243136 6.820865898276276 646486.9531352053
25412.451551052953 6.5970275166349595 108360.32431258686
26475.701615948587 6.649203831154502 133429.0247734757
27536.541680697123 6.608955119138135 934724.7806668716
27537.941680782573 7.050383271172266 467008.71362748614
27587.521683808696 6.552051328149685 332734.4541760232
27623.1716859846 7.389768104738081 297975.37656331406
31739.441937221796 6.773319078381766 334114.7005253098
32808.75200248731 7.013214512349217 195773.70403814377
36246.62221231825 7.622311687074953 273359.16601020395
36853.94224938612 6.100900233675519 3123013.8848592886
38512.55235061965 6.024474507598304 731277.1068151697
39532.952412899926 6.472851837578689 110116.59276662624
39545.11241364211 6.492364415302759 112849.43613761717
40656.372481468046 6.9205429475655595 649561.1052306435
40708.86248467178 6.462257481583945 173646.6861318567
40772.05248852859 6.252077741127638 161316.23067891112
41148.34251149552 6.315117680583562 125357.9676895863
41191.53251413162 7.732851461750391 285437.1401199235
42787.82261156144 6.384105487335247 95917.59706474515
43547.58265793351 6.424370319890941 100150.02825974383
44099.91269164506 6.712584872506116 183155.14644611778
44600.902722223065 6.144065569247589 164195.20200781868
44892.56274002458 6.157424879282296 824525.9617778431
45712.902790094166 6.535542778587149 384219.6930418207
46843.46285909807 6.199586276953849 191413.72296449568
47048.53287161455 6.1513621593842345 568118.0873326733
48581.472965177796 6.162362916510161 164391.8183185579
48960.912988336975 6.7246625652409024 189100.99227644937
48967.43298873492 6.885104666778894 230211.6589485355
48977.58298935443 6.908907200431533 288811.07144111715
48978.132989388 6.1915974763638335 185600.16341893293
49275.55300754108 6.232956433209155 110401.27772432686
49411.78301585589 6.338386624833357 58934.41562666301
50394.713075849184 7.755849076432506 99117.52370406054
50397.26307600483 7.4553671469905884 158588.02017706892
50868.203104748725 7.284838208892729 288503.27075313363
51210.86312566303 6.924439556124654 132761.62533121748
51221.20312629414 6.395720215569105 119226.76584223726
51235.943127193794 6.590925069350012 136008.75667614178
51414.563138095895 8.141084580685614 130824.94302460739
51498.933143245435 7.44005231495962 97427.30549163024
51628.94315118061 6.094830822165342 93476.96206129575
51998.35317372761 6.339168979585825 36415.67953426175
52781.64322153584 6.476543985508314 43225.722351584394
52891.26322822652 7.829304055186572 110762.75655664956
53083.09323993489 7.303105484133064 68771.77962611268
53124.98324249165 6.647708702014012 57343.55829424883
53521.91326671834 6.286442276436476 156639.87372149347
53535.083267522175 6.8255535896713075 80733.24927202729
53544.80326811544 7.23299408337558 104122.84558398499
53675.143276070754 6.147359867735536 44478.378880559605
53684.13327661946 7.379237122111178 72327.96108384666
53696.963277402545 6.483753897877165 82978.43828365188
53718.86327873921 7.150807381247217 82584.14919148904
53857.51328720174 6.0219224377821865 49410.093485657104
54026.2432975002 6.2511946305960695 30659.697466978407
54295.75331394979 6.344748514313551 24693.728438018676
55159.47336666707 9.692605690770373 291143.8393997472
55163.31336690145 7.483367295254543 449640.0879326211
55242.93337176107 10.619211933231332 141853.45722682597
55289.58337460836 6.122145063206643 54039.582033180355
55406.853381765955 7.817145716363617 131876.09235023992
55443.33338399252 8.189880643748413 227447.83911688265
55868.843409963585 6.9793993927546705 23607.645974912535
56897.543472750454 8.59892110956877 80473.69745066145
57162.73348893637 10.288095843641331 92795.96119433505
57570.74351383933 6.754928976458974 35087.35853437582
57758.87352532187 7.342308840358874 30470.461608138634
57935.90353612693 6.710035273301248 54061.8582703993
58028.60354178488 6.015069261519239 30603.99309569062
58455.97356786948 7.4480385538946665 110548.72787167164
58552.56357376487 7.486896595786932 42269.888874377946
59306.43361977744 8.17340578182442 34505.85381892929
59540.45363406089 6.568250422401216 60658.24935234393
59551.323634724344 7.5180012595048415 97731.0198571532
59672.53364212241 6.459004519514427 28377.824008174484
60035.433664272074 6.268530670678082 21761.03424858693
60071.46366647117 8.380417239145658 66769.4873937959
60434.293688616555 6.798124566833898 25561.65412385633
60549.88369567161 6.11715769434415 18662.867603031777
60559.38369625145 7.021518980583339 32661.308261484413
60575.77369725181 6.198477780522004 14133.269299762394
61001.25372322105 6.2523344526389355 14341.222138522658
61270.42373964989 8.069095951339138 80765.76820010276
61350.20374451927 7.019897709103565 28616.88401131954
61420.233748793566 9.496704012591499 83833.4644621278
61910.16377869652 6.1934378069532805 43672.66682057855
62190.52379580834 7.003264036026655 45911.92070886415
62490.13381409508 6.1941220088497335 15754.92141296392
62540.593817174915 7.964350465299936 27055.403801523702
62653.07382404015 7.981364819826624 44761.92070087934
62709.513827484974 9.086097727614497 99158.07715100005
62797.32383284447 7.195739348382445 37388.880999608285
62801.18383308007 7.375283440708838 50890.868507574916
62952.223842298816 7.539616649436335 31900.266268182393
62964.31384303673 7.173223517903826 30368.62884913837
63014.02384607079 6.939973850847434 22196.739424295585
63038.103847540515 7.660537992592584 34134.06056532499
63176.15385596642 7.750100585094523 29370.458290000166
63201.083857488025 6.2696489340009 29593.863920490287
63548.24387867699 6.635006141392846 55480.93373725352
63621.283883135 6.064937543632872 20414.6002225233
64259.12392206567 8.880357893731581 37659.86792060801
64355.4639279458 7.988376266098087 37862.047007216126
64425.06393219384 6.11474764188856 19870.244149017246
65127.76397508325 6.593931284312864 38407.72393252551
65261.3239832351 9.663167260040261 47627.83635098929
65309.68398618677 6.026778057415795 29890.01371854173
65548.19400074426 6.438128366562834 80441.00242402012
65608.5040044253 7.1768781812155025 86731.35597072703
65655.2640072793 6.307930897587152 28653.815506866253
65661.17400764002 7.415981149950373 83932.8443369963
65771.2940143612 6.990594674639203 33429.46347078925
65791.27401558068 7.954662786192564 45879.992418823706
65797.9440159878 8.515195582727436 167528.08175696956
65893.05402179285 7.14889137662338 30319.88405307349
65989.62402768701 6.043375566039639 34529.61766199674
66032.54403030664 6.138048652161594 54577.55495514451
66172.52403885034 7.336448928727808 28165.33288334595
66199.76404051294 6.421894270384788 22773.11105415071
66724.0840725149 6.010351822393405 92125.10435913604
66789.11407648401 8.431605537233994 78717.65263129464
66845.15407990443 6.6976062310671916 27578.173151278635
67083.02409442286 8.30770800144084 86307.43751148508
67645.23412873743 8.009396629912235 66167.71600611167
67991.49414987148 8.499176350429405 106453.01945564117
68101.7441566006 6.034620288356186 35297.56621602314
68456.07417822718 6.426101690780491 52737.77853599598
69120.6342187887 6.284821049058094 68945.14206060802
69195.3842233511 7.664922636568953 27324.897387933244
69437.21423811122 6.475669016284532 37890.18758016337
69588.43424734096 7.060964403414329 25748.9649738933
69673.84425255397 6.485750633843906 43612.230304755445
69795.15425995814 8.571670468692986 47914.64110460477
69810.92426092067 8.566982692315719 48122.53820019959
69821.50426156643 8.7015920179268 118469.38950097983
69967.66427048732 7.732738022791079 92722.95420196463
70382.69429581874 6.032170122864399 19862.00138295231
70754.98431854152 6.093044326272068 63008.35516388918
70780.5643201028 6.342853662128464 19130.21657526126
71036.62433573147 10.689215407387408 89375.72028681627
71321.12435309596 6.367612032666661 104994.69007590543
71325.08435333766 7.003283062476899 102181.7818873293
71401.87435802456 7.342516581948131 35163.3407668771
71707.97437670743 7.540787302741859 34147.63794665235
71765.06438019192 7.549945983150734 28335.269326294456
72281.2044116946 6.995093023927402 19659.859180033454
72894.02444909817 6.275285731744405 70590.33528887267
72927.3844511343 7.013004123438109 28975.59972108038
73020.63445682584 6.024117050448076 18566.000513067556
73073.05446002529 6.955277584686416 34896.77335059897
73133.7344637289 6.4275534360919515 28535.853976684506
73182.19446668668 8.960405214987986 43553.10092147331
73419.07448114468 7.41446234447188 34426.373957603646
73516.28448707791 7.96498821650396 37779.17064731423
73546.514488923 6.045444355226645 38689.5303523474
73790.35450380582 6.230539131379403 14924.115031781004
73890.5145099191 6.083210767726608 36018.05759024092
73924.25451197842 6.30451868671514 25412.570022342974
73990.12451599882 8.747491248973693 45676.17598623531
74015.92451757351 7.187741148548951 33042.10085758552
74175.5045273135 6.474909944308799 28702.974815445297
74454.43454433804 6.911932676527464 21441.59792709359
74669.31455745328 7.013468231417902 43160.14435943594
74742.93456194669 7.221260292485792 25439.434913021287
74764.22456324613 6.255780737619322 36463.27763447991
74823.94456689115 7.014316535306651 24076.117282257863
74839.3445678311 6.687224936691674 24658.733095532967
74871.59456979948 8.688819377668695 35817.15157297348
74909.72457212674 7.318480117655153 28938.099453129103
75137.91458605435 7.706955748604613 29788.520333409295
75406.37460243986 7.100599738807441 50651.567447100875
75433.06460406889 7.419367026204451 156263.39697233084
75435.34460420805 7.860516105417384 156263.39697233084
75509.25460871916 6.845509906019357 25217.13662297318
75512.9646089456 6.671662822325849 17715.784735497615
75518.72460929716 8.05280360783913 42439.113911422704
75522.93460955411 6.273057800645531 50531.44460944698
75694.6846200369 6.830113990343672 13933.674072021018
75800.28462648221 6.8288374978033515 20292.844159285618
75809.2546270297 7.216173390704141 29948.913269182285
76214.2246517471 7.137545801353857 25687.39740525533
76329.19465876432 6.533630485058422 28164.500382393697
76590.70467472562 9.073057103250466 73442.67846794368
76616.86467632231 7.182825284585252 35624.21651212523
76638.21467762541 7.0063051550326145 72134.2700004426
76924.45469509611 7.4311016228715285 35370.68026707842
76973.48469808867 6.967666381969001 19013.67790989918
77054.97470306243 6.863535062453853 25772.911522130664
77241.92471447295 7.764837799708583 155814.53728183112
77244.16471460967 7.200705820420838 133073.78555883022
77278.71471671843 6.840205940880939 69329.41702165395
77307.58471848052 6.278152804608379 76367.84938802474
77587.01473553557 6.36820762794567 74043.31395032523
77624.53473782561 6.717548917142428 26743.880427097618
77816.90474956694 7.156802811292095 24085.79452561505
78179.00477166777 6.183278107326372 15948.230327666344
78274.1947774777 6.87291973420579 75868.91332988151
78351.5647822 6.262547517629655 27504.27795810505
78600.24479737823 7.979935033848973 19044.787270382785
78779.41480831389 6.693282489616703 29805.444113418893
78811.65481028166 8.490806379761588 26503.596231723834
79052.73482499602 7.350287229632567 25256.499602755568
79134.20482996856 7.07364770276416 50899.12174678454
79283.96483910918 6.902956816026501 24583.281272254484
79333.31484212127 6.764357094804476 21322.75785226966
79568.46485647369 6.393721054456477 23549.539336143458
79652.17486158294 8.067425774380256 34927.01391104037
79843.46487325836 7.444120180078531 22893.348412031228
79973.62488120269 7.127315736492554 67674.2138884387
80210.17489564056 8.651434844979693 81355.93430223764
80239.32489741973 7.487116412243294 60576.71678992463
80522.86491472564 7.282756251202295 51255.08993159645
80667.07492352753 6.6705880266025925 30558.227045223473
80937.39494002654 7.3755626929144515 30045.29452520498
81302.74496232574 8.624944457172278 41394.27573092021
81534.75497648651 7.890886933212954 52549.912378718596
81548.27497731171 6.313422898953989 97855.03749367078
81673.63498496308 6.185551827089552 27475.761161717124
81964.55500271943 6.836300281372533 21618.063378932682
82029.40500667755 6.627361331037155 44141.43865759506
82272.27502150116 6.435838133385465 61384.94889246706
83131.54507394684 6.9417648567474775 148527.40283944202
83157.95507555878 7.209956000413016 103541.70472599177
84225.30514070466 6.4568975328138665 67736.6388834214
84538.01515979096 6.344493668497529 105606.35050771038
85945.7552457126 6.581061477431878 884043.5849826833
