49.120002998047056 6.726694046090009 28648.178447478764
167.01001019348206 6.510673488318301 19780.212606664885
1141.2000696533246 6.001676560325496 35467.292872758844
1643.6101003179992 6.221791838148386 22371.105915522316
1925.0201174939036 7.1000467784969885 46594.7506690072
2144.220130872811 6.328731264988335 24830.3434969052
3511.9002143493785 6.745391398491634 221780.12803190222
4027.570245823379 7.70967141272491 142238.35490046508
5293.070323063374 6.871836904031487 179553.52377039817
5999.180366160911 6.3231451151184155 275363.265878235
7078.410432031887 6.976256128797245 1307335.3502271548
8888.650542520174 6.048026716875517 304289.9406018891
12010.670733073164 6.744803309628309 212854.07397336702
12891.520786835985 8.174840394323267 57652.871402413526
13013.690794292652 6.120848856526912 228070.95138790575
14500.370885032402 6.423690423861683 316363.1439256724
14719.490898406428 6.3423703232165245 266088.4616167394
15122.430922999934 6.51074511689448 138480.14448966377
15795.750964096129 6.204702963889531 266125.0502301942
15855.360967734434 6.772691293172453 4944785.334186317
16778.97102410712 7.5856560240439945 398002.5568918514
17034.561039707096 6.429920378796931 746918.4272035093
18654.96113860847 6.048200093368517 257167.23966736527
20557.72125474373 7.4397684645404745 115733.64407143644
21360.811303760456 7.3445674128247855 357417.03183116944
21409.87130675484 6.015470814456227 53207.296355953076
21415.5313071003 6.101307436759393 115947.26982819612
21433.77130821358 6.114635541637173 151758.29441864608
21505.861312613604 7.374274443649703 37215.97139195239
21553.56131552498 6.099510693156538 40428.7575254932
22782.491390532923 6.756905672131485 309353.9752433895
23206.901416436853 7.666880808622735 356669.5918965015
24533.25149739084 7.399810813980961 252007.13439359286
24770.001511840914 6.265538415252788 154983.3460849759
31632.711930707515 6.382805261733868 298282.00069289835
35492.67216630079 7.059770546044904 216227.81767912442
40173.492451995386 7.023080472673212 78783.84993409272
41660.94254278214 7.540824581462026 281670.43588650384
42207.44257613785 6.559766530696373 257535.1859531827
43071.242628860025 6.5332742410066285 212897.9293274625
44237.442700039224 6.0833114237793815 182376.64306946745
44782.96273333513 6.169044418948112 194389.02459452613
44826.49273599199 6.742170361046828 200741.5428041087
45543.21277973711 6.345975544202447 252104.04120411517
48845.67298130328 6.3946874285199495 316325.7353887918
51631.27315132282 7.556988757998968 98666.27717953431
53411.10325995503 7.52280683629648 29039.050732481675
53598.75327140828 6.031390336005614 17314.54389340133
53643.13327411702 8.530244731030924 78718.39334741769
53956.93329326985 6.260649426908142 14844.350748477542
54374.183318736774 6.531845883452605 318591.668835288
54556.93332989095 6.182084578286969 21682.08445786105
56206.80343059103 6.8732216904554 35077.960824596936
56648.04345752218 6.578200547148686 12414.77635500314
56892.73347245688 6.605245133234748 18180.68438725458
57083.643484109096 6.496829162946123 25279.692070368274
58454.8335677999 7.9508004418943505 43641.57367156301
58904.053595218116 8.59880261252741 54693.38341976248
60427.723688215556 6.554117890822927 15181.207560829054
62376.22380714257 6.9662093372689124 11950.57425489911
63402.52386978295 8.429309707511493 15811.698701103447
64280.26392335595 8.06596211134498 15899.44119936482
64332.313926532835 7.269812293469156 21863.35569804346
64412.69393143884 6.612056440545819 12208.483785982622
64498.68393668725 7.465632082552581 24550.942635011656
64632.183944835444 7.319840300656476 14544.881228543385
65073.45397176843 7.409700154820507 12297.104499525232
65219.32398067163 6.321039251097599 81914.30978626724
65248.9539824801 7.06349624682685 18493.470498091603
65261.333983235716 9.08828714067693 74340.05326496075
65266.2439835354 10.043914398659336 131317.2203261926
65345.96398840112 6.511651141786307 7739.813292385379
65361.173989329465 9.212850213585185 18615.388891334496
65737.42401229395 6.228969684410119 7757.273832335393
65741.55401254602 8.014557211179028 28233.43027541803
67584.58412503565 6.3736147773253125 891619.3090450681
67716.81413310634 6.167619778281942 11777.356609348144
68817.08420026148 6.147907420397394 9498.272729896558
68820.61420047694 6.847995335936858 11270.738815533114
69090.26421693507 6.695505437446822 8488.590914493458
70424.23429835415 6.418525417616483 11309.877067534004
71227.76434739772 9.697117187459732 17729.264604966247
72799.1944433102 6.067072079578054 8233.313457723216
72864.05444726895 6.077930003108933 10920.70115036213
73073.18446003323 6.383984825434761 50441.44732839982
73874.69450895353 6.508080211014933 7486.803085143026
74602.64455338407 7.805445492807113 16333.841295522263
74957.74457505766 6.388178102221465 33708.58476287035
75224.19459132047 6.030509687437525 10742.636253024899
75227.38459151518 6.3042714982156625 12527.060052111558
75433.13460407316 10.877965346732891 124254.54897093064
75466.604606116 6.824461819914834 12856.40454803474
75511.87460887906 6.434721659429839 8385.2143111125
75587.11461347135 6.587924522472949 9801.522636983023
75701.68462046415 6.042659100478064 10103.455424294445
75797.48462631131 9.279879235844698 10874.402006594139
75816.28462745878 10.847736589168193 94552.92148500415
75884.59463162809 7.21404253620925 26422.425135255424
75900.75463261442 8.799152966486028 27938.105740481788
75979.9546374484 6.124394114850134 10088.131110143713
76589.26467463774 9.03655314678709 74478.905514704
76591.12467475126 8.510887392022871 74478.905514704
77546.3847330557 6.900050161925079 10663.518508725041
77550.00473327666 7.938166191581694 17930.917194440768
78132.96476885771 6.589594967573425 6770.812092900689
78724.90480498687 6.116423437330892 9851.697657187704
79466.09485022552 6.718530380449903 20350.69003367058
79915.1848776358 6.154956791740289 5414.689310104042
80040.15488526336 7.013158839736353 11319.176215615904
80213.23489582732 6.1367234284669046 7487.625111459907
80573.40491781036 6.0514420088890395 10897.427608537655
81224.28495753692 7.47189664730965 7562.749500014208
84179.61513791596 6.226639263706789 10154.60851004999
85605.56522494905 7.688581405744997 24654.79797125107
85819.64523801545 6.398721183632166 28315.07393580144
