738.2700450604276 8.871860468485371 50918.816907813525
963.6700588177526 8.34360626477002 101866.00371001306
2124.01012963929 6.127903609923608 49284.18077492076
2127.040129824227 7.999455395944402 151920.12597630813
2153.4601314367756 7.80728159825327 115221.26310310676
2169.850132437142 6.407910254117509 90699.12284685133
2170.9301325030597 6.309884993997506 59485.88792743714
2195.7401340173424 6.269253962293655 78497.76738008237
2199.7301342608725 8.841413104425014 176819.1132834017
2249.780137315682 7.019651505572935 34214.99345350537
2261.8301380511557 9.003340258488052 124739.23326289073
2266.2201383191004 6.008619900819771 174727.46257239193
2304.5201406567467 8.057852595920819 162330.53831487038
2316.5801413928307 6.5901161220486575 177692.5874948525
2325.210141919564 9.57072839183621 506960.16633997706
2345.080143132333 6.063766014461709 109407.60979902084
3890.79023747499 9.604113455926804 86201.84902660552
3917.5602391089014 8.600798644264387 190341.50807698412
5149.500314300556 7.042234478747929 62423.790536818015
6129.640374123558 7.726937528458289 91021.87392866147
6162.350376120018 6.429492677264045 113027.84600747276
6607.560403293482 7.365784011667085 50740.145601803866
6690.120408332545 6.074207225747935 338560.14855836576
8329.60050839847 6.038884590756558 49429.612614120015
9155.610558814122 6.380753469505973 156481.10566610258
9588.680585246619 6.203197473484461 85604.84093240356
10180.960621396522 6.9928242061343315 44620.17801062579
11856.050723635908 10.095911922238036 189094.12954710238
12084.020737550094 6.748005513062694 1635739.3582855407
12258.990748229417 6.115277443581636 40868.63069215118
14677.560895847222 6.732300853346966 210296.18796114528
17223.081051213445 9.204856188091536 74911.00377821656
20205.08123322029 6.436981588423586 232085.78895753733
20213.461233731763 9.535594201516874 506411.179881829
20218.311234027784 7.726257240849682 920002.1345417098
20263.39123677925 6.021304351382791 57392.21469969514
22222.761356369712 6.083204327378199 109731.50506150901
22242.561357578208 6.505337303546261 18734.37947869946
22244.93135772286 8.48027232704195 73069.32767144326
23673.001444885344 9.557266801746204 114585.52409591942
23683.351445517055 8.763780326297798 140475.19558515647
25843.261577347508 6.398830058199256 43719.87901178582
32917.482009123654 6.064724813088157 63710.59114532209
34872.84212846937 6.446379968294241 134510.59228384253
40505.47247225784 6.140884540954735 367949.7235214771
41724.26254664688 6.171560095459531 36521.750925966895
41982.642562417146 7.131780726898216 211841.94166776567
45666.23278724565 6.237606508739661 227068.60745356185
45741.45279183672 7.7373636872598945 4199671.5220337175
47025.91287023394 9.10036925959646 34103.816107831575
50379.73307493488 6.2468753981253595 53624.98030226451
50907.63310715534 6.071315488042111 42863.163594852245
51390.653136636545 7.728490430059493 91789.38858893028
51552.7131465279 6.600375181356107 37494.4301376666
57257.09349469565 6.4409910831799015 18828.922009996393
58454.50356777976 9.132899741783634 101816.90146539327
58455.873567863375 9.624676806439076 101816.90146539327
59113.51360800254 6.170430693426198 11384.30345927828
61534.79375578575 6.733009447419053 9659.187551474182
62037.8537864901 6.630058638294535 8106.915235618496
62499.8138146859 7.097363035439832 11602.027610730976
64332.25392652917 8.414611424702898 16289.31134248917
64498.58393668115 6.205191146933622 17261.63373456415
64777.95395373254 6.900242325476505 10169.748390915607
67733.70413413721 6.882925887468172 11522.545834436687
68935.31420747767 6.325684447665786 8441.53568788457
69898.25426625086 7.882199037495779 9884.159813006572
69977.83427110805 6.053282584227068 7160.974053701832
71561.07436774136 6.911889207762291 7806.80335809042
72468.08442310085 6.676017800774298 6637.8699970968355
72933.31445149625 6.953084584771014 6554.937581858323
73073.09446002774 7.0051493776168146 28738.978266624017
73330.5044757388 6.922013777379656 8533.351421710833
73342.94447649807 8.506685417968667 14118.63723591724
74996.0545773959 7.73904714947053 7698.799034069907
75433.0746040695 9.087383852419377 79770.10379188314
75490.72460758817 7.082290456912053 8536.789575391665
76589.13467462981 7.564752362327573 52617.738621462595
76590.88467473662 10.365960957152291 49203.883441087484
76794.33468715422 6.425564685861401 5804.420620394493
78770.54480777252 6.9844658062455975 7852.90489276133
78773.18480793365 7.417600554662272 15728.355295471027
79124.33482936614 7.5582889483999995 7704.087006338134
82029.71500669647 6.003246279170877 15049.066495244539
83742.84511125763 6.5858090495120765 14039.997729996787
84115.97513403169 6.85401898741153 10699.454859698975
