856.2200522595247 8.965440075960766 15540.59910847121
3572.0002180175916 7.2973835270273355 9269.453780505402
6003.170366404442 6.366995422268511 14635.8667970899
7404.270451920804 8.581773840515554 10703.982493829322
8093.720494001495 6.493839401350197 17304.085343521507
8287.100505804474 7.019212890015268 10393.579053219659
8421.720514021028 8.28871592295158 10936.784142527446
8677.77052964908 6.752972753528146 10215.198344974624
8685.110530097078 8.203497435490927 48971.545324427054
8714.670531901278 7.501863637313791 12123.297618379962
9724.060593509557 9.400463906193956 12458.977186716975
9993.400609948767 7.481163491653868 6911.835036372128
13283.740810775196 6.787879500519633 11565.942113193889
14879.200908154353 6.163449529869119 26159.941922168135
21018.541282869952 6.0098794656565415 106423.23155532966
23752.981449766936 6.395151426450963 23285.274549670426
26898.331641743876 6.173915924595773 32165.265430917843
38129.83232726027 7.366700001928317 8353.841178231867
38656.61235941238 6.15930023567656 13884.823134441287
38666.63236002395 6.050681397277375 12575.933231471778
39620.88241826675 6.766964231754728 8972.20652117673
40355.83246312454 7.8674201838395 19502.579910512475
40767.6124882576 6.059998893127681 14119.633256035017
40878.942495052645 9.59294613574124 297229.41849082446
40906.68249674576 7.779694775379581 113134.82318700774
40914.762497238924 9.695002635319595 378566.51211790484
42940.60262088639 7.546067481222973 15820.815646127236
43205.902637079016 7.524193658488447 25677.18044929795
43238.88263909196 6.200131475060231 23786.57048533899
43537.41265731279 7.0089268494452 14422.379181067876
44201.812697864545 6.764174197174046 18349.88361816056
47052.3428718471 6.250649041175476 7590.659806254434
47697.5529112276 8.609453761633317 11897.344275741072
47741.81291392901 7.610505926451872 24045.095837543024
47790.36291689227 7.917571952086699 26846.93690743122
47860.312921161676 7.0808371847832925 6526.302181456126
47870.87292180621 9.364150241956322 56699.800589348146
47895.03292328082 8.190824674326414 115291.23668694179
47904.18292383929 6.935954143538919 59645.56803285675
47999.59292966266 8.919321317508574 10297.70600294202
48029.41293148272 7.574596274145673 14032.03892714004
48106.34293617816 6.216093435226073 8392.936276971132
48360.38295168353 6.365302576675371 5507.96443884892
49785.083038640325 6.493348980796443 6183.081412307826
51905.713168073315 6.101424093685463 6202.701034836216
53962.63329361776 6.859246688005601 11641.235536334101
54074.663300455526 6.942393501085846 7394.719006176332
54188.90330742818 7.846654480135869 8160.32255280178
54759.363342246295 6.102673091487585 5884.348805912047
55425.50338290426 7.283731373188819 136078.3034619021
56195.82342992086 9.377078514034793 23992.18725591959
57499.25350947592 6.008965155939634 6622.351280428562
58455.77356785727 8.979681943360827 54220.80639684692
73073.62446006009 6.939026199205149 31214.338707292303
73234.94446990627 6.638770245687581 25250.46656049317
73318.73447502042 6.310729819971232 22285.302993577232
73387.35447920865 7.249451489563613 21215.244046073232
73395.62447971341 7.34080014168968 17850.34665988642
73412.05448071622 7.867554852791866 22571.406454915832
73415.79448094449 6.235770263671377 47200.23266110105
73424.75448149136 6.565264195719149 202778.9996377673
73466.16448401882 8.731145937879429 31070.14262864755
73495.8944858334 6.698072720972128 64575.934813296924
73535.87448827359 8.251364588210699 36396.92632608312
73561.0044898074 10.656504073382271 88464.38510518197
73569.72449033963 9.12160645500536 72815.77224975164
73587.70449143703 7.925019046528887 32313.04207508077
73597.21449201749 9.216900733429847 57431.06740150432
73652.81449541105 9.202558355269748 24273.62518324517
73698.73449821377 7.4662361078540895 10687.46247652422
73709.1044988467 7.22643226749229 16864.526103271037
73824.55450589322 6.746411216639706 35640.62939874758
73836.86450664456 8.12499304875921 15604.037986759078
73841.23450691129 6.076845310860668 21839.700772980865
73862.4045082034 6.5186644862469985 18096.96587388559
73938.54451285061 10.124638018925955 31618.244566947156
73964.50451443509 6.012263552741577 8565.391400127355
73994.21451624844 10.067407235444751 46411.45862868819
74002.06451672757 7.2025192905764746 53349.89979973196
74029.84451842312 8.55274888772099 26914.916923853692
74048.79451957974 6.28616511930043 9273.766301064334
74066.20452064236 6.24705747832051 11998.65589795963
74156.68452616483 7.398689662597054 11266.247584629498
74292.10453443021 6.788102306342697 23737.268192358075
74473.53454550382 9.091139269914548 18372.279325377116
74716.65456034268 6.348823391919965 13929.782197780383
75433.23460407926 7.622056633612831 90941.59789175111
75435.4946042172 9.555176542407978 83658.61203432504
83079.9150707956 6.266998518570594 10230.29603104275
83228.74507987946 6.436786688069649 226210.01294478355
83271.92508251496 6.298787440955309 19674.88569513408
83284.32508327179 8.831102843034735 24681.20195898021
83291.865083732 6.788770586928174 19026.511723396517
83294.1950838742 9.321306806786646 56746.299405481994
83308.71508476044 7.302816756640667 17642.18003285752
83335.94508642243 9.586885176039837 49260.09220384374
83376.67508890839 7.182094679001044 53574.37901353455
85914.54524380769 6.531108340168623 17668.901886807864
85966.36524697054 6.0931436232451865 8177.085583800771
85976.13524756685 6.614853316491359 10411.098802818258
