    1   2023 05 04 00:18:50.163     1130.163  0.1849 85.5765  27.6590  12.00  6.303 0.249  59  50 109  40 205.41
    2   2023 05 04 01:08:54.422     4134.422  0.2900 85.6424  27.6472  18.00  6.586 0.242  45  75 120  41 240.23
    3   2023 05 04 01:25:55.609     5155.609  0.2046 85.5784  27.6589  16.00  6.574 0.262 101 108 209  83 205.01
    4   2023 05 04 01:28:41.816     5321.816  0.4822 85.6108  27.6200   8.00  6.478 0.303 158 146 304 132 209.04
    5   2023 05 04 01:52:50.191     6770.191  0.1739 85.5364  27.5355  14.00  6.460 0.273  91  89 180  82 230.96
    6   2023 05 04 01:55:15.933     6915.933  0.2130 85.5397  28.2316  14.00  6.521 0.310 111 105 216  94 232.38
    7   2023 05 04 03:15:41.531    11741.531  0.2635 85.5686  27.7578  20.00  7.576 0.338 187 172 359 154 185.02
    8   2023 05 04 04:16:12.880    15372.880  0.2204 85.5476  27.8847  18.00  7.301 0.298 108  96 204  78 106.45
    9   2023 05 04 07:21:02.165    26462.165  0.1665 85.5871  27.6641  12.00  7.226 0.327 196 199 395 178 206.53
   10   2023 05 04 07:37:28.616    27448.616  0.3686 85.5508  27.5350  10.00  6.745 0.263  32  51  83  30 231.64
   11   2023 05 04 08:53:36.316    32016.316  0.1841 85.5900  27.8265  14.00  7.045 0.324 105 105 210  94 186.54
   12   2023 05 04 12:01:02.556    43262.556  0.3825 85.7045  27.7044  32.00  7.054 0.303 107  94 201  76 335.99
   13   2023 05 04 13:50:46.972    49846.972  0.3783 85.6086  27.9390   8.00  5.950 0.267  40  46  86  34 169.88
   14   2023 05 04 13:53:37.030    50017.030  0.3323 85.7310  27.5291  22.00  6.353 0.259  25  18  43  14 344.01
   15   2023 05 04 14:38:43.174    52723.174  0.1582 85.6424  27.6472  12.00  6.061 0.267  20  21  41  14 222.34
   16   2023 05 04 14:58:31.221    53911.221  0.3085 85.5765  27.7506  10.00  6.158 0.292 124 121 245 103 187.64
   17   2023 05 04 15:31:45.513    55905.513  0.2947 85.6024  27.6472  22.00  6.093 0.199  35  41  76  33 215.45
   18   2023 05 04 15:45:25.124    56725.124  0.1639 85.6172  28.2361  14.00  6.172 0.225  62  36  98  32 223.90
   19   2023 05 04 15:52:18.019    57138.019  0.4927 85.7571  27.6020  40.00  6.726 0.256  89  64 153  51 347.15
   20   2023 05 04 16:48:22.300    60502.300  0.2817 85.5664  28.2516  14.00  6.032 0.201  23  23  46  16 263.70
   21   2023 05 04 17:53:03.664    64383.664  0.1113 85.5396  27.5937  12.00  5.896 0.257  31  37  68  23 301.72
   22   2023 05 04 18:06:24.084    65184.084  0.2568 85.5077  28.0895  16.00  6.094 0.254  43  51  94  36 209.76
   23   2023 05 04 18:30:03.812    66603.812  0.3202 85.5678  27.8658  10.00  6.322 0.320 123 126 249 114  44.74
   24   2023 05 04 18:48:15.659    67695.659  0.1940 85.5906  27.9437  12.00  5.878 0.243  47  67 114  37 151.60
   25   2023 05 04 18:49:27.011    67767.011  0.2464 85.5895  28.1719  16.00  6.473 0.277 160 173 333 124 203.02
   26   2023 05 04 19:04:51.666    68691.666  0.2946 85.6284  28.1197  14.00  5.911 0.316  57  42  99  39 323.76
   27   2023 05 04 19:23:52.213    69832.213  0.3609 85.5626  28.0047  12.00  6.771 0.299 252 249 501 224 180.21
   28   2023 05 04 19:51:17.212    71477.212  0.1408 85.5288  28.1178  14.00  5.874 0.243  19  22  41  14 277.10
   29   2023 05 04 19:51:58.193    71518.193  0.4553 85.5617  27.6442  10.00  7.586 0.185 248  26 274  22 215.63
   30   2023 05 04 19:55:01.337    71701.337  0.2076 85.6130  28.1716  16.00  6.273 0.295  36  35  71  22 215.62
   31   2023 05 04 19:55:10.244    71710.244  0.1915 85.6530  27.8092  16.00  6.221 0.265  42  22  64  22 196.87
   32   2023 05 04 20:08:40.100    72520.100  0.2093 85.5664  27.7986  14.00  6.195 0.261 118 114 232  97 184.24
   33   2023 05 04 21:04:11.462    75851.462  0.3265 85.6725  28.1356   6.00  6.483 0.298 218 218 436 204 274.07
   34   2023 05 04 21:35:31.107    77731.107  0.2585 85.5815  27.8849  14.00  6.984 0.292 278 254 532 248 143.84
   35   2023 05 04 21:35:58.267    77758.267  0.2332 85.5845  28.1122  14.00  6.180 0.288 148 119 267 107 195.75
   36   2023 05 04 21:36:43.211    77803.211  0.2648 85.5900  27.8594  10.00  6.182 0.279 188 159 347 145 165.14
   37   2023 05 04 21:40:46.302    78046.302  0.2445 85.5688  27.8828  14.00  6.206 0.273 149 125 274 107  29.14
   38   2023 05 04 21:50:06.087    78606.087  0.1844 85.5778  27.7083  12.00  5.953 0.255  85  91 176  65 199.14
   39   2023 05 04 21:53:32.912    78812.912  0.4627 85.5678  27.4581  14.00  5.834 0.278  26  36  62  24 267.16
   40   2023 05 04 21:56:55.443    79015.443  0.3304 85.5686  28.1202  18.00  6.286 0.287 147 121 268 111 198.63
   41   2023 05 04 22:08:30.627    79710.627  0.4464 85.6473  27.6288   2.00  5.511 0.286  55  32  87  28 227.00
   42   2023 05 04 22:25:01.814    80701.814  0.2782 85.5688  27.8460  16.00  6.238 0.289 152 123 275 113 171.82
   43   2023 05 04 22:27:05.234    80825.234  0.2235 85.5508  27.9618  14.00  6.098 0.240 103  95 198  78  52.98
   44   2023 05 04 22:27:18.091    80838.091  0.3184 85.5664  27.8892  10.00  5.932 0.241 113 109 222  90  54.90
   45   2023 05 04 22:58:31.131    82711.131  0.3463 85.5949  27.6515  10.00  7.225 0.198 225  22 247  22 222.73
   46   2023 05 04 23:23:26.846    84206.846  0.4685 85.7281  28.2517  40.00  7.111 0.204 124  43 167  36 348.44
   47   2023 05 04 23:34:07.115    84847.115  0.2711 85.5884  27.4854  12.00  6.041 0.247  65  43 108  37 218.18
   48   2023 05 04 23:45:53.739    85553.739  0.1658 85.5495  27.8095  14.00  6.391 0.275 120 137 257 106 161.36
