617.1300 16.6309 1.0659e+04
670.8400 11.1153 6.5266e+03
839.5701 11.6424 4.7805e+03
1132.6301 14.1391 6.7040e+03
1481.9001 11.5262 1.1267e+04
2859.3802 10.8533 9.4116e+03
3552.1702 12.6821 7.5218e+03
3922.3002 10.3457 8.8564e+03
4070.0402 10.2114 8.6143e+03
4274.0303 11.0622 9.6840e+03
4335.3803 11.6427 1.3328e+04
4948.3103 10.8780 1.4331e+04
5131.1303 10.0878 1.0375e+04
5182.8203 10.1323 1.0824e+04
6133.8404 13.5091 7.5871e+03
6208.3304 10.4945 7.1813e+03
6289.9504 10.0906 1.1438e+04
6772.7404 15.1832 1.0337e+04
6918.4204 16.0733 1.1117e+04
7393.1805 16.4767 8.5799e+03
7593.0005 12.3587 5.4151e+03
7757.5705 10.0901 7.0724e+03
7821.7005 10.2702 7.1993e+03
7846.5305 10.0148 7.8449e+03
7855.1705 13.8977 8.0126e+03
8043.1905 11.7106 5.6623e+03
8051.8605 13.7009 8.3896e+03
8183.6605 11.0826 7.3816e+03
8207.7205 12.6130 6.9218e+03
8246.2705 14.8616 1.0066e+04
8960.1805 13.1845 9.0064e+03
9069.2606 13.9045 1.4069e+04
9424.9806 14.5862 1.1755e+04
9577.3806 11.6313 9.6415e+03
10196.8906 10.8588 1.2199e+04
10664.6307 11.8556 9.0791e+03
11148.2107 10.9483 1.1984e+04
11715.8907 10.0628 1.8308e+04
11745.1507 15.7160 6.8796e+04
12270.3607 13.7541 1.3058e+04
12527.1908 13.2809 1.0328e+04
12964.1208 14.8825 1.1328e+04
13459.8708 17.9728 1.1088e+04
13701.2508 15.2218 1.5427e+04
14172.0909 13.8617 1.4645e+04
15376.1809 23.3604 3.9726e+04
25482.3716 17.3582 1.9176e+04
25988.8416 10.6753 1.1284e+04
26464.4916 24.5982 3.0485e+04
27182.2417 12.3992 2.2300e+04
27183.3217 10.2740 2.2730e+04
30251.7618 13.1856 2.2471e+04
35062.3421 11.0485 4.9144e+03
36059.4522 12.0824 8.0020e+03
36067.6622 11.6018 9.6229e+03
36140.9122 10.7432 1.2231e+04
36225.7322 15.6962 1.6972e+04
36231.1522 10.8107 1.9921e+04
36277.3922 16.7457 1.8800e+04
36791.0322 10.2645 2.8844e+04
36820.5022 10.9960 9.9041e+03
36855.7622 11.3303 2.3639e+04
36884.0923 10.0957 2.4402e+04
36988.0923 11.9271 7.4603e+03
37231.5523 11.0155 4.5380e+03
37336.9923 10.5645 8.9942e+03
37404.5223 10.4149 1.2994e+04
37414.5123 11.5101 1.9284e+04
37421.6523 10.5693 2.1422e+04
37442.2823 11.4371 7.9272e+03
37493.1323 12.9838 1.4991e+04
37580.0423 12.0958 1.7610e+04
37611.9723 11.9017 1.1681e+04
37655.5323 10.1076 1.6927e+04
37663.7823 10.3558 1.1056e+04
37870.4923 13.7979 6.2869e+03
39992.7524 10.1862 1.3561e+04
40242.5325 12.9580 8.1475e+03
40745.1125 11.0828 4.4157e+03
40754.3425 13.9758 1.0014e+04
40861.5425 15.0956 7.8396e+03
41226.2625 11.1981 9.8643e+03
41455.2125 11.2032 1.2302e+04
41562.9425 10.3272 6.8435e+03
41778.6325 11.1037 5.6637e+03
41970.9026 10.7158 9.2646e+03
42011.9026 11.2117 6.5509e+03
42398.5226 10.6691 9.6030e+03
42661.4126 10.5967 9.4690e+03
42664.5926 10.4529 8.6618e+03
42719.5326 10.5936 6.2912e+03
42768.9826 11.6150 8.0645e+03
42798.7426 12.5458 7.7250e+03
43018.9126 13.7399 1.0051e+04
43033.4226 10.7826 9.1031e+03
43083.9326 11.4409 1.0302e+04
44048.4227 10.8498 1.3569e+04
44127.2827 13.7556 8.3129e+03
44482.2227 10.0455 2.1070e+04
45501.8128 10.5663 1.2016e+04
45613.7728 12.9857 1.6827e+04
46382.2028 10.8576 1.8325e+04
46640.6528 13.2746 1.8538e+04
48570.2830 10.2304 8.2787e+03
50641.4131 14.1044 8.8590e+03
50660.2631 13.2219 1.5916e+04
53913.2833 13.4733 5.3354e+03
56245.6734 10.9272 6.7945e+03
56728.0235 15.6790 4.2028e+03
59595.3436 12.3891 1.4517e+04
59830.8937 14.5970 9.6835e+03
64599.8839 10.3582 1.0231e+04
64705.9839 19.9148 1.2404e+04
64715.7739 13.7075 1.6737e+04
64859.8540 12.8719 6.8046e+03
66038.9040 15.8594 1.3150e+04
66665.9441 11.8595 5.3940e+03
66712.3141 13.3709 7.4189e+03
66966.2041 10.1907 4.9815e+03
67164.1641 14.5954 4.0393e+03
67180.8541 12.2562 9.8294e+03
67246.7941 13.2200 8.7095e+03
67283.1541 14.0327 1.1268e+04
67287.8341 10.2525 1.1220e+04
67306.5741 15.2055 5.9517e+03
67337.4041 12.3523 1.7809e+04
67340.0141 15.8559 1.0551e+04
67344.6341 15.6860 1.8955e+04
67364.5441 10.7179 1.0834e+04
67482.0041 10.8938 9.2897e+03
67770.0241 17.8100 7.1867e+03
69834.6943 24.9970 1.5212e+04
70937.8143 10.6869 4.7641e+03
71520.6944 22.1913 4.4048e+05
71521.5744 13.1252 4.4048e+05
71522.5744 10.7047 4.4048e+05
72403.4744 10.1188 4.6986e+03
72522.7744 16.9029 4.9891e+03
73883.2345 14.8893 1.1129e+05
75854.0046 17.2077 1.4233e+04
77733.8647 25.2445 1.5119e+04
77761.1347 13.4654 5.3514e+03
77805.2247 16.4595 5.5595e+03
78049.1248 14.7617 4.8961e+03
79019.0848 11.1224 6.5018e+03
80827.9649 17.7902 5.7219e+03
80839.8849 18.7954 6.0046e+03
81001.4749 10.4459 7.6177e+03
82713.8750 26.0254 1.1227e+05
84738.1452 14.3448 9.1063e+03
85464.5152 12.4346 6.5303e+03
86322.3353 13.3534 3.5379e+05
86323.7053 12.8595 3.5379e+05
