616.3600376196312 9.392900604021357 66200.33659356523
2317.170141428842 6.195914865872216 20615.767314137884
4553.2102779059005 6.170850090762607 338288.05389701563
7656.030467287016 6.420349371588698 50640.825296662515
7994.6804879565725 8.958913045297319 431738.02834824397
10430.62063663456 6.509457773334149 1649534.9623398199
13569.610828223316 7.091124856714906 67169.13594605122
14364.260876724908 6.649708184835948 102230.31048274336
16021.3909778681 6.038591185821807 112764.98140447024
16078.360981345275 6.3272901512608755 113304.85381901822
16552.06101025763 6.2296719304148 26647.37128398251
16662.97101702704 7.2162924265658335 196551.36490208638
18170.901109063787 6.378513359250652 222936.02944327603
18216.381111839666 8.801490896054693 191793.64046056982
18433.271125077583 7.89558220314048 68515.01404692743
19221.771173203808 6.717668727682414 108988.28403810771
19257.20117536628 6.684806694804715 49388.09836578771
19568.621194373853 6.532205179750754 44652.71867335515
19581.37119515205 6.859760749535954 138579.36754302957
19988.07121997505 6.780791871786527 163933.17771003087
20012.691221477737 7.9789067978125034 85718.75650370734
20147.281229692457 6.003418559337475 165324.7606874699
21067.601285864337 6.152449876910685 177995.44381988136
21110.151288461384 7.70455919394929 75769.65217107933
21155.791291247027 6.548251404568674 186085.88974409192
21326.50130166634 8.949540078176385 173359.1062852287
21344.331302754596 6.418395160261315 40900.89147114236
21348.111302985308 9.68441334547107 157556.8945964159
21411.441306850666 7.648733115688227 150096.10665404043
21540.881314751055 9.099169797074161 293537.68964874867
22005.13134308663 8.706661358431688 122791.91053454517
22238.37135732247 6.965075361675576 131064.62643244129
22613.171380198448 9.075973652592964 221001.2194282247
22720.361386740806 6.093992319078872 173703.58628637338
22736.531387727748 9.378304674537201 723172.4050690328
23502.061434451993 6.677392833954702 77800.93583055584
23527.60143601083 7.780706776760548 292556.2806827598
23529.27143611276 6.536551735176861 292556.2806827598
23615.50144137582 7.875958326271576 404114.80515558674
23616.701441449062 6.706328240400685 377534.86115178745
23631.44144234872 7.350725252492337 328468.3959390659
23662.771444260954 8.2127774905341 357395.98356651684
23706.80144694833 8.334261947661917 114233.87604047802
23746.741449386074 9.426340732002645 316185.06265231373
23748.8914495173 6.540893958966705 316032.2509781169
23824.78145414926 7.842132835655352 239035.75187864742
24127.371472617888 6.2634374858522746 54669.965079926864
24214.941477962737 7.745754418014392 59270.12249143403
24238.811479419644 6.07127258150338 588120.874508533
24312.2814839039 7.1014768015211915 199535.09156781185
24579.891500237518 9.571014029603525 71697.40518364948
24601.651501565644 6.352279788913048 190126.52721146788
24633.94150353647 8.345076679394749 262667.66859449126
24935.871521964815 7.183006120714758 78646.20383412528
25082.611530921113 6.380680309733358 18875.725531327433
25903.441581020605 6.879826436259973 193881.21207326057
25935.611582984104 6.511272282714923 25485.560122594532
26369.251609451392 9.012224727784716 119747.70568617959
26375.08160980723 7.585311719434154 82127.52763820687
26382.48161025889 8.976208571804419 101505.30410738221
26464.44161526133 6.566621754301516 65392.19938830937
26466.071615360815 6.444903583025528 59245.85015359522
26664.831627492164 7.638057215393392 80330.0258316079
27381.11167121043 9.148049382202567 204152.0855138657
27450.78167546275 7.869997780361503 234372.03638141367
28479.791738268537 7.4954199359020395 44322.14698588825
28572.621743934433 7.097678976888339 72041.94180647386
28637.771747910872 11.006212891392751 72624.40504028038
28925.051765445052 6.2141057648245255 45846.41640953328
28956.18176734508 8.497730179749354 41582.83922201622
28962.411767725327 10.798179810425165 344396.0251105169
29058.6017735963 6.357238361638323 312663.1385055817
29359.941791988636 7.827654770820598 46364.23881839036
29416.761795456652 6.091764056594938 265160.0440575018
29490.10179993297 6.246335654442774 37283.141171813666
29570.6018048463 8.702910336250628 407020.83827603905
30604.94186797741 6.138512502005005 153224.43270954283
32908.98200860486 7.149986766867567 374016.48496537015
32911.65200876782 6.078116655303274 350885.89867799205
34608.892112359135 6.401630035970823 82183.16282586534
35107.05214276441 6.202409130609433 131366.62329773427
35264.862152396374 7.201505982359446 255947.91054981976
36553.612231055435 6.275025522368487 108658.16710408249
37031.40226021742 6.650863045084957 114755.74217381867
40270.032457887726 9.622955912248159 29570.863576612574
40290.64245914566 7.960272489996389 93947.41821107798
40362.80246354995 6.04226777830163 37829.40564736828
41681.42254403214 7.249624986625194 45769.557621691674
42628.01260180741 6.185041455343382 47637.60603535566
42639.892602532505 8.637014356605327 31613.352697205522
42766.25261024491 8.780278888376024 47059.2852582058
42870.04261657975 7.390180130924791 47614.57499578249
43265.83264073686 7.179449896734402 810973.1332586261
43551.062658145915 7.816692072537851 48380.72218081849
44010.06268616105 7.475859800333037 16520.486479892494
44018.10268665178 6.7922792709502025 14997.436828475169
44034.122687629555 9.614710661952175 70486.64366667169
44049.10268854386 9.645190428854765 66672.19170693654
44064.882689507 7.318219902461852 47811.07838846176
44075.822690174726 7.65553539226067 351636.01906876353
45326.59276651567 8.5979747746565 790985.6250327835
47539.10290155657 6.701377486328263 157589.04208903975
48328.19294971881 6.467179553686144 149250.32811336467
48667.32297041766 10.276656867404103 60735.25637078457
49290.54300845599 7.961870255791383 11680.715272098345
50015.183052684515 6.174270756072403 10042.201886054561
50040.33305421955 6.0397626876187065 81123.85481737167
50779.243099319036 6.4830419087698585 8580.765579677343
51020.623114051705 9.943538369386253 22301.510669120413
51037.823115101506 7.416734554323468 11147.680452484745
51936.93316997883 7.30553172889861 8961.864607531139
52256.58318948872 6.941431001116048 15542.716516319844
52333.18319416401 9.160305141185178 33240.4784106819
58934.92359710227 6.057592980081537 14260.618669002795
61025.37372469322 8.91568621438144 37081.04079676137
61884.933777156606 6.688242835289633 8164.219055361214
61963.2737819381 7.609141635692722 9108.646587887368
61987.51378341759 7.725413711688778 9869.617737464041
62041.423786707994 7.152055546561983 28360.828654584086
62087.013789490586 6.619074322664904 8139.7374644469965
62130.19379212608 6.899616773363585 7270.760661487337
62241.72379893334 6.608212612548597 6127.994789980823
62324.733803999865 6.701375554363467 6092.264675442214
62547.03381756798 7.978921736803172 6451.41900938373
62656.29382423669 6.273495943816532 7868.021322829584
62712.293827654656 6.233771327440482 6255.409480026138
62990.41384462975 8.052477546883557 19781.484728571595
63029.60384702172 6.507705675130437 6288.487226820653
63748.23389088341 6.197517912339721 5801.16353590057
64387.74392991601 6.86447805953974 5706.683342473413
65699.90401000391 8.097408810922568 11189.237685397504
66606.72406535181 9.974652175221607 17917.5615020226
67649.49412899744 6.466804241477203 6909.003719545197
67699.55413205286 8.173027457026299 7030.2501150681655
67771.80413646266 10.011072124985043 24972.974959631672
68039.25415278651 6.6582659149340895 5707.026502501865
68826.82420085598 7.67421282440535 5614.7923353605265
69834.37426235195 8.350840176784217 37108.55722267915
69835.9742624496 8.028647718394572 37108.55722267915
71481.78436290188 8.781312122007101 6752.901492354031
71519.8643652261 10.932829571545104 574720.3459303383
71540.66436649562 6.199362116105285 1508937.8175999864
72524.34442653469 6.556078936240319 7790.1795114614615
73857.54450790677 6.807499225117819 5928.783121418112
73884.74450956692 8.957751467691203 115177.28189642983
75856.2046298953 7.24930520199744 14313.686256307736
77431.28472603056 8.279852488196516 6904.763703977829
77733.63474448455 9.968367197883657 47376.550991727905
77735.05474457121 8.305493684003032 47376.550991727905
77762.52474624784 6.7031509565644765 6733.6393812477645
77806.6247489395 7.076122658528077 9727.190137378859
78050.51476382537 7.084820604198717 7384.483412939492
79018.87482292937 6.342108988897315 7045.780005865582
80829.55493344451 6.1204399118530475 7416.21662358861
82713.06504840485 11.749381539110649 168001.02848584682
85181.28519905305 6.016813253477704 66702.27872091728
85221.71520152071 6.052229061296703 72003.21251124315
85228.62520194246 6.2507012306512735 60937.52810195151
85353.36520955598 6.988156702488459 10276.444698282337
86309.0852678885 6.3795119573973675 37347.229701062686
