7.7100 12.8444 6.8407e+04
47.2400 12.6879 6.3151e+04
83.2500 11.1034 1.0047e+05
113.3800 10.7279 1.1120e+05
138.9900 14.1436 9.9992e+04
161.0400 11.6832 6.5904e+04
178.1300 11.1753 4.2922e+04
334.1600 10.0889 6.1349e+04
342.4900 13.6039 7.7161e+04
397.0900 10.7730 9.7886e+04
399.8600 16.1478 9.0459e+04
480.8100 13.5672 7.5471e+04
666.8700 10.4768 5.0970e+04
737.8100 11.3739 6.8925e+04
752.7600 13.8507 1.0496e+05
779.0100 12.2623 1.1486e+05
808.2100 13.2168 9.8928e+04
892.5101 10.7381 1.3034e+05
969.6401 10.6910 8.7727e+04
1072.0801 12.4152 1.3401e+05
1117.3001 12.0001 1.3694e+05
1156.4801 11.3102 1.6720e+05
1317.2201 12.2931 1.7549e+05
1342.7901 16.3768 6.3338e+04
1378.5501 10.4492 3.9111e+04
1425.8001 10.9907 7.8222e+04
1440.3801 10.9894 5.0905e+04
1559.6701 10.4373 6.3489e+04
1637.9901 13.8850 1.0791e+05
2406.4101 12.6914 1.7269e+05
2408.6101 12.4475 1.5994e+05
2468.2302 11.0514 1.2522e+05
2496.6402 11.1764 9.4596e+04
2623.8402 11.8412 5.4877e+04
2660.4502 16.2620 1.0146e+05
2675.0302 13.0209 8.1717e+04
2704.2202 12.2005 5.1012e+04
2794.1402 11.5519 4.9572e+04
2913.0202 15.4094 1.0041e+05
3124.5602 10.7889 2.5836e+04
3148.9502 14.8397 3.1070e+04
3183.0202 10.1474 2.8418e+04
3746.4702 11.9657 3.5669e+04
4165.7803 10.8577 1.8699e+04
4252.7803 12.8338 2.4914e+04
4583.1503 18.6447 5.4843e+04
4624.2203 12.9448 6.1548e+04
4647.1203 10.3763 2.3105e+04
4708.0603 12.1495 1.5479e+05
4709.5303 12.3060 1.5321e+05
4850.9603 10.6921 3.3511e+04
5324.2103 18.2750 1.8521e+04
6250.0804 12.4094 5.7262e+04
6304.5604 15.8211 5.3461e+04
6429.2604 16.0752 2.9449e+04
6823.6304 12.2672 2.2871e+04
6894.1504 10.6945 1.7675e+04
7055.8804 12.5594 1.8574e+04
7563.9505 15.9161 7.4305e+04
7581.9305 11.5559 7.5419e+04
8820.7005 11.0534 2.5484e+04
10978.7507 14.7857 7.0771e+04
10998.2907 10.3946 4.4105e+04
11072.1207 17.0679 2.1991e+05
11074.5507 17.3547 2.4362e+05
11075.3707 16.5089 2.4362e+05
11091.1807 10.6462 1.6946e+05
11091.7907 10.2972 1.5647e+05
11303.3707 13.9085 4.0760e+04
11683.6507 10.7033 3.1981e+04
11745.4407 24.7460 1.5785e+05
12055.8507 10.2658 1.3611e+05
12632.3508 14.0147 8.7331e+04
12670.2508 15.2256 1.1018e+05
12781.7908 11.0417 4.6946e+04
14172.3009 10.2276 3.0719e+04
14192.8009 10.2219 4.7534e+04
14731.2209 11.0746 4.4395e+04
15376.5109 17.1468 9.7948e+04
17729.8611 11.1091 5.9629e+04
18084.2111 12.0644 5.0849e+04
18128.3011 15.1454 6.7432e+04
18137.3711 10.1232 4.9444e+04
18268.2211 15.8975 7.1832e+04
18344.2611 12.2123 7.5961e+04
18639.4011 13.8260 4.4723e+04
18683.2111 10.5750 6.2887e+04
18740.7911 17.0967 9.6037e+04
18750.4011 10.9194 4.6143e+04
18771.7911 12.8976 5.1495e+04
18779.1811 13.5889 3.7109e+04
18794.7911 12.1269 5.2889e+04
18814.0711 12.1244 4.0333e+04
18825.4411 11.4823 3.1585e+04
18928.6712 11.6803 1.9943e+04
18963.8312 11.2820 2.8899e+04
19412.9312 13.3635 6.7890e+04
19429.3612 13.1722 3.4885e+04
19576.9012 12.6554 5.7310e+04
20148.4812 10.0768 4.2067e+04
20379.3012 14.8347 7.3997e+04
20607.6613 11.1176 4.2016e+04
20641.5513 10.9084 5.3759e+04
20673.7013 12.4838 3.1797e+04
20698.7413 11.2576 3.2922e+04
20722.1913 10.2751 6.8178e+04
20753.1213 12.6450 8.4370e+04
20908.6313 11.3814 9.0545e+04
21000.1013 14.5688 5.5462e+04
21013.0313 10.6195 6.3392e+04
21031.8313 16.8346 6.2788e+04
21041.2713 10.8557 7.7565e+04
21063.7813 10.3093 1.0182e+05
21069.8213 17.1018 4.7913e+05
21087.4513 13.9826 5.1808e+05
21621.7713 10.4961 3.9281e+04
21688.4913 12.8397 1.8705e+04
22128.2014 12.1804 6.0511e+04
22279.9114 13.5477 1.6814e+05
22284.4114 10.3053 1.4435e+05
22290.3914 13.1369 1.1705e+05
22313.6314 18.1380 1.9734e+05
22331.6514 22.1596 2.7167e+05
22364.3214 16.1170 6.4814e+04
22473.2114 11.3518 1.2811e+05
22504.3114 11.8506 3.8523e+04
22526.1514 11.6996 8.9513e+04
22546.6614 10.3249 4.8818e+04
22554.9014 11.5056 1.2149e+05
22555.8014 10.0578 1.1342e+05
22696.0814 10.9581 4.7743e+04
22850.1914 12.7368 6.8300e+04
22869.0514 11.2967 7.8993e+04
23282.6214 13.2226 7.2940e+04
23488.7414 12.2709 3.7819e+04
23740.8514 11.4257 4.2450e+04
23901.3015 12.6874 9.8326e+04
23961.0315 11.0841 9.6493e+04
23975.0815 17.2288 1.9323e+05
24284.6315 10.0660 1.2543e+05
24397.5615 10.6297 9.3143e+04
25584.1416 10.6331 3.2829e+04
25664.2916 10.8016 3.9769e+04
26182.1916 13.0114 5.5951e+04
26464.6416 24.0715 8.3584e+04
28989.0018 11.5889 6.6851e+04
29286.9518 24.0854 5.4264e+05
29292.1118 10.4413 2.5909e+05
29322.3718 15.7053 2.0088e+05
29411.7318 10.3625 1.0622e+05
31590.2519 18.0021 8.6911e+04
31606.3919 14.3645 2.5235e+05
31607.8719 21.0062 2.2833e+05
31614.0419 19.3986 6.9599e+05
32018.9720 16.2049 6.6847e+04
32576.3820 11.0769 1.0592e+05
32611.4620 11.0726 6.5082e+04
32633.3820 12.2939 4.4541e+04
32672.1220 10.6162 3.8131e+04
32965.0820 10.3360 4.3963e+04
33454.1420 10.5523 2.9914e+05
33492.0220 12.6276 8.8525e+05
33526.8620 12.0093 1.0355e+06
33665.3921 10.2363 6.7455e+04
33901.0821 12.9328 8.3493e+05
33916.1821 11.7861 6.7127e+05
35663.7822 11.3396 4.5432e+04
36056.0322 10.6118 3.2234e+04
36868.9523 13.1265 4.5616e+04
36950.7423 10.6155 3.0972e+04
37356.8323 11.7823 5.6877e+04
37635.7623 13.3421 2.9763e+04
38642.1024 10.7303 3.3003e+04
38787.1224 10.0518 4.3169e+04
39966.1624 15.3428 8.3656e+04
39982.1324 13.6934 5.3013e+04
40186.2225 10.6822 5.4378e+04
40195.9025 10.8998 5.5468e+04
40219.9125 13.0496 3.2811e+04
40770.2625 13.4852 6.8673e+04
40838.7325 10.5762 5.1649e+04
40855.1125 10.0472 3.2748e+04
40909.5425 13.6171 4.4075e+04
41278.5425 15.8717 2.4696e+04
41411.0725 13.2116 1.9439e+04
42189.6226 10.2170 2.5806e+04
42235.6026 10.7735 3.1906e+04
42388.1026 10.7997 2.2875e+04
42398.7126 10.4155 4.7086e+04
43248.1726 10.9297 4.3980e+04
43411.0126 12.9272 5.1675e+04
45092.8028 10.2124 4.8019e+04
47239.7329 12.5174 3.2117e+04
47933.0029 10.0650 2.4350e+04
48309.8929 12.3911 4.8205e+04
48355.2330 11.1052 4.2910e+04
48425.4430 12.3971 3.0816e+04
48670.9930 10.2513 2.7956e+04
49116.7530 11.1338 2.7083e+04
49691.4630 18.4665 3.3786e+05
49692.4830 11.4470 3.3786e+05
49975.6431 11.0811 2.9757e+04
50599.2031 10.5307 2.2788e+04
51082.6731 14.4777 6.4023e+04
51083.0731 15.6574 6.1712e+04
53913.4933 11.3192 1.6382e+04
56728.0635 12.1895 1.9016e+04
57912.2835 12.1594 3.5576e+04
64949.5040 11.7667 4.9903e+04
66258.2140 13.7113 2.3599e+04
66657.4541 11.1693 4.1732e+04
66933.0041 10.4579 2.9957e+04
67040.5641 10.3739 1.9138e+04
67770.0241 20.4353 1.8240e+04
67794.8741 11.4869 2.4604e+04
69270.2242 11.4416 2.1377e+04
69555.1542 15.1331 6.5866e+04
69834.9143 25.5170 2.4477e+04
71520.6044 20.8226 7.0230e+05
71522.2244 13.4105 7.0230e+05
72523.0844 20.9838 1.6942e+04
73497.8745 10.3962 2.3322e+04
73883.0045 18.7613 2.9555e+05
75851.4346 11.3584 2.4820e+04
75853.7646 12.7576 2.2277e+04
76064.2846 11.0939 1.9339e+04
76217.3447 10.9728 1.9359e+04
77535.1647 17.3723 3.7848e+04
77722.6547 10.0297 2.2418e+04
77734.0347 26.4496 3.1473e+04
77761.2947 16.7796 1.5127e+04
77805.3747 19.0380 1.7000e+04
78049.2848 17.2085 1.5779e+04
78608.8548 11.6091 1.7422e+04
79019.1348 16.7242 1.8967e+04
80704.9249 12.3546 2.5777e+04
80840.2349 10.2962 1.6972e+04
82713.6350 23.2297 1.8873e+05
83686.4951 10.1374 2.7112e+04
84315.1151 10.2205 3.5548e+04
84415.9252 12.3015 2.2054e+04
84650.5652 11.6455 2.5244e+04
84768.7952 17.0650 3.5591e+04
84797.4052 10.1262 2.9973e+04
84853.6952 15.1616 4.4918e+04
84862.3652 18.5546 6.4509e+04
84964.0052 15.1667 4.8223e+04
84979.0152 10.7129 5.7249e+04
85270.5952 19.1019 4.5304e+04
85343.0552 11.3388 2.8505e+04
85405.4652 10.9196 2.6596e+04
85411.5052 12.5836 5.5166e+04
85451.3152 11.4253 4.1271e+04
85461.0952 10.4748 4.6629e+04
85535.2952 13.3939 3.3286e+04
85601.0452 10.2860 3.9475e+04
85601.4152 15.0946 3.9098e+04
85613.5952 13.9830 2.2243e+04
85629.2952 14.9325 3.2854e+04
85668.9552 17.7316 5.7633e+04
85718.3452 11.3255 3.1324e+04
85764.8552 11.1301 2.8794e+04
85842.7652 12.2496 5.1285e+04
85853.5352 15.0451 5.0414e+04
85900.1952 16.2582 3.2436e+04
86201.1253 13.3014 6.0273e+04
86213.3153 21.5307 9.0424e+04
86227.3753 19.9700 8.2794e+04
86287.4053 10.8251 6.1910e+04
86292.3753 18.2787 6.1910e+04
86322.5653 13.9731 6.8807e+05
86323.7353 12.0066 6.8807e+05
