330.0600201452649 6.37944247989584 6705.817209907984
617.1100376654076 8.876752965205748 32322.489261941308
618.3900377435326 7.100865472769386 27656.50371257413
713.9000435730007 8.456475060159377 14426.177923812922
726.3200443310574 6.857480942014562 19348.385722020572
1132.6900691339154 7.927879789474517 11114.735963056106
1529.750093368536 6.143709903381923 11689.144145140599
4140.3402527063145 8.892978980175345 23385.515839374337
4332.120264411637 8.648801673186517 19013.148767378083
5160.750314987202 8.065570208542223 30937.25827985744
5325.120325019551 7.764353342441852 38889.462176161374
5659.310345416891 7.357075460366395 32442.925442817042
5660.350345480368 8.822878879975672 32156.408330906757
5669.730346052877 7.555461192256876 41864.93853846278
5737.79035020693 6.868068119662614 17879.3321337639
5810.600354650901 7.17375639543732 9785.3628812806
5834.390356102927 6.588478710296548 13608.39161145353
5915.510361054099 8.72362734529576 19612.768054249762
5935.510362274802 6.254895561956175 8424.418932562347
6289.430383876366 7.7367762937034925 58474.54361976285
6336.590386754784 6.3251818059561815 45446.95898755101
6338.100386846947 6.922978319058374 41288.339128307525
6356.610387976708 6.915959585417457 17810.822883407094
6359.450388150048 6.214400015812117 68282.79078334782
6421.090391912256 7.030547584207529 92208.5314104242
6775.31041353213 7.8067555728845415 20924.265909419
6921.030422426174 7.195077662983895 24607.02106975748
7450.610454749173 7.625145156487127 48330.173533651614
7656.460467313261 8.831952381196158 64241.29365800236
7839.770478501616 6.1923039480565025 16722.218991589005
9375.970572263828 6.275669167426992 52684.66033552634
10010.980611021765 6.062436974773431 36686.61484180104
11745.270716874433 11.83746463063093 152023.69033321258
12966.100791387988 7.779715880740295 68339.1497544725
15376.360938498592 10.476960459979567 85848.93004191949
17030.241039443423 7.5732292504339975 71335.25117301918
17284.36105495368 6.333406821878005 168163.7447348475
24446.711492108854 6.128542549181585 85995.25022497406
25449.231553297825 6.925766051363541 31959.526040822922
25907.071581242162 6.8562444381246355 46659.9172175591
26092.541592562353 6.277349783536449 86530.9854738777
26464.411615259498 11.812724974837769 156942.27238023095
26466.241615371193 6.064344226942099 126617.20521766535
26868.66163993296 6.927799730861524 25064.20209916825
27048.461650907084 6.373137026352675 25439.29218025475
27183.921659174906 6.516188661005434 54806.862565675685
27398.661672281596 6.082115428657663 25166.29141210133
27453.421675623882 7.0788464302694285 22205.48205051729
28709.811752307847 6.193063700458154 104131.76343373682
32020.711954389157 8.776450983463247 109713.55686927373
37810.07230774367 6.1121803034192705 97611.26469121709
45535.81277928545 6.720647932303971 67579.53146022114
46674.852848806935 7.063528703552627 1117404.980209949
47343.572889622366 6.663739014575373 20132.60749964569
47793.31291707232 6.155401593453593 9821.860369660631
48339.45295040606 6.0764679920747104 11743.962277613891
48468.80295830096 6.87854721855768 11017.726840669979
48630.21296815265 6.064822628226341 38136.165839416666
48780.43297732135 6.248438234969644 23158.063749159246
48876.35298317584 7.523667841124475 15105.182352891428
48956.972988096495 6.8522207560781645 139019.42375229287
50010.123052375675 10.258078441821572 22739.15831582703
51641.143151925244 6.432039083432478 9507.81100923226
51871.78316600239 6.677224444802797 7113.1702871186735
53913.20329060079 9.019159753336885 12258.71830626449
56727.83346239218 9.622843244240144 9789.935115694212
57203.12349140158 6.579378857366424 6194.014572739693
57595.793515368256 7.710725126958183 8861.508228416931
57710.45352236655 7.157128909880636 5246.063490753721
59386.07362463828 6.759046976067582 5372.981452049167
61968.11378223351 6.492433171965126 9772.5132253072
63506.87387615197 7.846450219542973 22951.04455685419
63693.81388756188 7.487299590341261 11160.693842157272
64130.65391422448 7.113217593991722 8448.137487228101
64172.77391679528 7.639084812771148 7335.319791934504
64178.33391713464 6.468415283291505 16662.064209200467
64225.403920007564 10.367590583361675 56414.01070374778
64256.88392192895 9.272439207161323 24936.20400176481
64261.6639222207 6.596312073103024 14588.823740276552
64263.68392234399 6.731870151557436 23798.011287791935
64274.21392298669 7.162131084785854 32885.33915778565
64293.32392415307 8.165065856688447 16935.023983145653
64302.79392473107 6.371742959542993 18130.83887912447
64340.393927025994 6.012075502331918 60699.357073691215
64357.46392806787 6.242069175353938 32569.848121771956
64366.28392860619 6.14550226919359 40255.05446802157
64378.47392935021 7.112738827477972 89783.56701247304
64379.88392943628 6.01968491988443 85899.64923134989
64384.60392972436 6.020811136325308 49502.99639645137
64431.74393260156 6.210700699598834 38939.897693856394
64455.203934033445 8.472618168825498 26205.730492330615
64486.02393591455 9.379817372245263 11372.102647870173
64523.03393817346 6.313485792660808 5285.020064958534
64542.083939336175 6.1663554038967705 8507.582097698269
64563.41394063806 6.346402238116878 10962.966513083255
64634.6539449862 6.356978793417772 20437.121318930942
64643.62394553369 6.6975617457836005 32934.165849425815
64659.63394651086 6.431130357728492 15955.646569046088
64661.86394664697 6.358764357537468 29344.071470592517
64670.333947163934 7.378145280996724 41978.87851870832
64706.393949364865 7.279591686217062 15757.56041989296
64714.77394987634 6.180589470669584 21889.622389647124
64729.66395078515 7.4274232175870525 21010.648299231492
64743.45395162683 7.883831632316403 19172.770127320175
64762.653952798704 7.270999467908437 36020.70785622016
64765.04395294458 6.049750344267405 42024.474849845006
64768.49395315515 6.926613687867142 20310.042552899795
64781.763953965085 6.099366404333532 37806.479534257036
64782.29395399743 7.191810353548065 37806.479534257036
64796.79395488244 6.5872672423796566 40624.31311656049
64800.07395508264 6.376467730242001 27852.037336442136
64808.053955569696 7.686109088130089 38297.71518767447
64829.22395686182 7.3777071862931285 18653.706515078273
64833.66395713281 7.57894376562796 137430.85822888697
64853.00395831323 6.976731364016073 41881.19489365893
64868.68395927026 6.416989918338972 43797.755090822066
64879.043959902585 8.478925390616931 30023.463756143065
64884.86396025781 6.607541574326757 47738.97067084086
64921.94396252099 7.979382396285993 16724.074292024365
64936.73396342371 9.838446498924782 53917.39838454649
64940.223963636716 10.10044534627985 185624.82756916338
64975.183965770506 9.650311715489414 23266.98217090703
65041.393969811645 11.24299955022384 53881.06046930382
65042.17396985925 6.4874047742830765 44685.26188104791
65078.74397209131 8.02916884531372 10724.159222695256
65101.87397350305 6.335438185057253 25685.36359837655
65630.37400576014 6.306176901700838 10753.3947057407
65648.45400686364 7.151295896673673 6571.615045138322
65651.51400705041 6.361375593426607 15767.22475887959
65829.74401792871 6.237939249000025 5336.173754219129
65850.47401919398 7.97089934217517 8477.478986206761
65875.28402070825 10.684231576100615 17998.47813565567
65892.3240217483 6.093013977158535 5606.668183379875
66696.48407083032 6.274682157429158 4640.610087951583
67169.79409971889 8.208839401242654 15566.571369018202
67526.574121495 6.159415786683593 4150.926414020343
67699.76413206568 6.663600311818251 6022.159650244216
67769.8241363418 10.313360240211969 20556.842570333512
68978.97421014246 7.891931230718455 7788.923276028592
69194.334223287 7.089393654799745 6864.501075684357
69199.6442236111 6.859432204177278 6839.253278877367
69403.0842360281 7.591037815827032 11736.516124863068
69580.69424686854 6.646538236468992 13596.599792741838
69787.24425947535 6.180093522653693 4334.754707382437
69834.6142623666 12.011335496703417 44211.15996955143
70116.91427959682 9.831552467923979 18904.154901346003
70239.23428706265 6.441401514431965 7224.804147987784
70261.81428844082 6.914540116657957 16614.717416326606
70328.33429250088 6.519693704380954 16132.156751923429
70486.41430214931 10.45573253360738 277920.8773016294
70541.44430550808 7.039113991099442 54344.44816061
70674.24431361354 6.310073559226455 24537.477561343407
70862.89432512783 8.2816724629454 22694.36574697248
71280.33435060634 6.048143617475449 13323.921143105006
71387.30435713528 6.999440649521336 14772.25471860784
71449.94436095851 7.633839997042665 8282.578375729132
71519.99436523403 10.904323696951545 566991.0908437471
72522.95442644985 9.214303248319903 10680.97051621706
73883.664509501 8.564516032226283 86182.22298223572
75853.37462972257 10.736496182957557 32258.12272891293
75854.89462981535 6.950557955171059 32258.12272891293
77733.74474449125 12.12692507222941 96383.10971571576
77761.04474615751 9.600027744998687 12344.367768527498
77805.10474884673 11.053911674352515 21818.978725631936
78049.03476373504 10.190357002185188 14281.11232755346
78608.60479788847 7.4017506273457405 4601.998276342016
79018.85482292814 9.81259586331227 10325.362769752435
80704.96492584015 7.056803427161616 8625.23683923725
80828.1949333615 6.246687167374702 8025.010301766347
80840.11493408904 6.600264764338126 8413.269486409776
82119.89501220062 6.650114362768076 20301.046198790194
82713.09504840669 11.878804684810884 106953.88430785011
84173.35513753389 6.658662831310771 6123.386728795661
84849.60517880891 7.489966168956054 6553.799298965678
84858.26517933747 6.550465659505012 20206.726156751934
84876.10518042634 7.827188063955029 8007.806568090176
85146.00519689973 7.22258716306696 8225.820654096788
85558.58522208162 10.651013359188394 39336.18466173393
86321.87526866914 9.491957204628505 369534.3771087487
