22.0800 10.2802 1.6050e+04
59.1900 15.9276 1.2363e+05
134.3300 16.2029 1.1683e+04
223.5300 11.8272 6.2830e+04
350.5200 19.7646 2.0196e+05
382.0000 14.1062 2.5003e+04
660.8200 16.3496 3.7795e+04
781.6000 21.6568 1.2765e+05
806.5100 10.3611 9.2611e+03
826.4001 10.8355 1.0807e+04
847.2801 12.6002 2.6328e+04
879.4001 12.6429 4.5509e+04
891.1501 21.3404 2.3651e+04
1124.1401 13.2503 3.5084e+04
1184.4101 19.8970 4.3960e+04
1186.2901 14.6822 3.5842e+04
1387.7601 22.5700 8.6398e+04
1473.4701 17.8536 2.1155e+04
1511.2701 13.7498 6.9739e+04
1733.9501 21.8134 8.1412e+04
1816.8001 15.5464 1.3168e+04
1822.0201 10.7685 1.7540e+04
1953.9601 18.3411 6.6494e+04
2123.2701 12.7177 2.8343e+04
2125.3301 10.6413 2.8343e+04
2166.2801 15.5732 6.4710e+04
2386.1801 15.1903 1.0665e+05
2398.6601 10.9238 4.1650e+04
2526.8902 14.7347 2.6203e+04
2532.4902 18.6203 5.5484e+04
2610.5702 14.5380 8.0066e+04
2647.8902 10.3399 3.2591e+04
2882.3202 11.5983 3.0612e+04
2943.7402 12.6955 7.3157e+03
3033.4102 15.7982 3.9795e+04
3147.5102 19.3167 1.0154e+05
3423.4302 13.4892 1.2804e+05
3438.5502 15.7059 4.3057e+04
3492.7302 16.1853 1.7863e+04
3585.2502 13.8762 7.8847e+04
4026.4602 15.1870 6.4937e+04
4044.8202 10.6541 1.4311e+04
4400.6503 15.2884 1.1342e+05
4812.5403 11.0151 9.2821e+04
5002.9903 12.4025 1.4299e+04
5324.5403 18.9389 1.1458e+04
5341.1203 20.8711 7.5403e+04
5389.1603 10.2087 1.5121e+04
5479.4003 13.6498 2.5368e+04
5604.7003 14.1077 5.5343e+04
5628.6603 12.5380 3.4951e+04
5637.9403 10.1798 4.5028e+04
5642.7603 12.2233 8.6308e+04
5645.5203 14.4800 6.7673e+04
6002.2304 12.2621 1.1958e+05
6399.4504 14.4560 2.7945e+05
6498.9904 11.4647 8.0970e+04
6773.2304 12.8966 1.2328e+04
6918.9104 17.2414 1.4089e+04
6940.6904 13.0595 1.3787e+04
6947.2104 11.3205 7.5335e+04
6978.6904 12.9996 1.5740e+04
7028.9004 14.6031 1.8804e+05
7422.6505 10.0092 2.1228e+04
8186.4805 11.6642 7.8227e+04
8202.2805 21.2146 6.8506e+04
8220.7405 17.3996 4.1482e+04
8577.1105 17.8657 2.7511e+04
8588.3305 11.0373 9.8034e+03
8594.0905 15.8795 2.3912e+04
8719.9205 12.5121 2.2651e+04
8803.6005 10.1249 1.0520e+04
8823.0005 10.0062 5.7742e+03
8824.5105 10.5996 5.4999e+03
9182.5206 10.2417 5.7124e+03
9536.9106 19.1104 8.7545e+04
9582.8606 20.0742 6.9017e+04
9597.8706 11.7858 4.4917e+04
9804.5506 12.0541 1.2528e+05
9808.0906 22.3403 6.2593e+04
9845.2706 10.9710 1.5392e+04
9866.0706 10.1372 3.0754e+04
9886.1806 20.0129 5.4625e+04
9917.0806 16.9528 7.4751e+04
10012.2106 12.3004 5.8969e+04
10029.6906 19.1290 5.0683e+04
10074.1806 14.3897 9.8977e+04
10087.5806 15.2808 5.8015e+04
10131.7706 21.8762 1.0214e+05
10148.0506 14.7277 5.0295e+04
10220.2406 15.3710 3.3785e+05
10236.1706 14.4160 7.5628e+04
10245.0106 21.1345 1.1267e+05
10320.5406 10.4391 1.7362e+05
10321.0006 10.5936 1.2872e+05
10357.9606 15.1379 2.6668e+05
10362.8306 19.4757 1.2082e+05
10387.9906 13.7125 7.0390e+04
10398.7606 11.0593 8.0704e+04
10463.6706 18.7233 6.6841e+04
10484.7406 11.3918 7.1589e+04
10522.0506 16.5657 3.4955e+04
10537.2006 14.5671 1.2930e+05
10547.7106 11.4477 1.0178e+05
10558.1506 11.3814 1.1357e+05
10561.4206 12.8616 4.7241e+04
10574.6406 11.3188 4.5325e+04
10584.4606 14.3961 6.3138e+04
10610.1706 18.8050 5.1654e+04
10692.5307 18.7008 1.4668e+05
10721.6907 11.3372 3.7451e+04
10734.3307 20.9572 1.8667e+05
10771.0707 15.2545 8.3758e+04
10783.5207 12.3694 1.2168e+05
10787.3807 15.9145 1.6176e+05
10790.3107 10.8234 1.3745e+05
10818.2607 18.1589 1.4419e+05
10853.2807 12.0772 1.3060e+05
10874.0907 10.6909 6.2804e+04
10951.3307 15.7885 4.6197e+04
10974.0907 23.7571 1.7315e+05
10988.9007 11.0766 9.0686e+04
11001.3007 16.5186 7.7741e+04
11053.5207 10.4731 1.9829e+05
11053.9007 17.6310 1.7386e+05
11064.0507 10.8543 1.7132e+05
11080.2507 14.0565 4.2901e+04
11088.2007 14.7180 2.0743e+05
11089.6207 14.3636 7.5182e+04
11119.9707 12.4882 1.7847e+05
11160.5107 16.9793 7.8306e+04
11176.6507 19.4607 9.1254e+04
11183.5307 13.8924 9.0718e+04
11195.0407 11.4109 4.8663e+04
11232.2907 13.8204 1.5614e+05
11235.3207 10.2340 5.0406e+04
11252.2507 18.8831 2.5202e+05
11254.4407 15.4457 1.2966e+05
11286.3407 24.8574 1.7710e+05
11308.4307 13.0013 9.3795e+04
11378.2807 10.0141 3.0315e+04
11401.0107 13.6609 9.6158e+04
11424.2807 17.8776 8.7364e+04
11439.2907 12.1657 3.1990e+04
11444.1707 10.5558 1.0171e+05
11457.5507 13.0343 1.2052e+05
11474.1707 16.2459 1.8008e+05
11495.2907 14.3102 1.6876e+05
11502.2107 20.8353 1.5434e+05
11505.9007 16.0284 6.0062e+04
11553.1007 12.8681 1.1590e+05
11568.1407 11.8570 6.3900e+04
11575.9707 14.4515 1.2096e+05
11603.6907 12.6917 2.7370e+05
11638.2207 19.9933 1.8903e+05
11650.0507 13.7859 2.1439e+05
11681.9407 11.0940 2.1425e+05
11741.1007 10.5819 2.8153e+04
11745.5607 23.1958 1.0686e+05
11802.7407 12.6160 3.4657e+05
11815.0607 11.3052 7.3880e+04
11847.3407 16.8519 2.1195e+05
11867.4507 12.4524 6.3963e+04
11923.7307 14.1209 3.7847e+05
11924.0207 10.0945 3.7120e+05
11950.8407 12.3210 1.7574e+05
11968.0907 12.6196 1.3216e+05
12002.6107 10.3697 2.5998e+05
12003.1507 12.6230 1.6102e+05
12011.2307 12.2204 9.2700e+04
12030.1907 17.0293 6.7284e+04
12093.5007 16.2041 1.4971e+05
12117.9007 11.2906 1.9538e+05
12133.4607 18.1611 5.8301e+04
12162.8607 12.2843 1.6115e+05
12169.6007 22.3463 1.1368e+05
12193.4607 14.1454 1.3485e+05
12217.7107 15.0409 6.8404e+04
12271.1107 13.2181 1.1091e+05
12273.6207 20.5047 9.9518e+04
12278.4107 13.4451 4.3765e+04
12296.3008 12.9533 9.6901e+04
12342.2308 10.1563 9.9415e+04
12366.3608 15.0450 1.5373e+05
12371.2408 21.4964 1.8855e+05
12390.4808 20.6783 3.3021e+05
12395.4408 17.9817 1.9712e+05
12410.1408 19.2518 9.7277e+04
12435.0308 15.2776 6.5254e+04
12460.8208 11.6626 1.7814e+05
12471.5008 11.7074 3.9022e+04
12485.2808 13.6409 2.0427e+05
12559.9308 12.6864 2.0985e+05
12568.5008 20.5980 8.0168e+04
12578.2308 19.9785 1.0618e+05
12599.2408 23.9628 2.7282e+05
12612.8608 12.2731 4.2956e+04
12667.7508 10.3385 1.8822e+05
12700.5608 10.0332 7.2091e+04
12708.4308 10.5720 1.3613e+05
12729.8508 17.5657 2.7070e+05
12731.3908 12.3085 2.2862e+05
12764.8708 10.4716 8.8048e+04
12774.7308 20.3749 6.0257e+04
12790.7108 17.8449 8.3655e+04
12822.9608 11.5241 3.3610e+05
12856.6408 17.2008 1.1519e+05
12863.2608 18.7144 2.1861e+05
12867.2508 11.2856 1.4969e+05
12879.0208 19.9459 2.2062e+05
12887.8408 13.5418 9.4673e+04
12919.4008 14.2519 2.3555e+05
12936.1108 23.1924 1.5683e+05
12950.2308 13.3325 1.5549e+05
12959.1708 10.7303 1.5314e+05
12962.4608 17.3985 6.8612e+04
12974.5808 10.9520 1.7704e+05
12988.8708 16.2990 2.4301e+05
13008.7108 15.5751 1.7342e+05
13033.7908 14.4122 1.3570e+05
13046.0908 10.2078 1.7659e+05
13056.2908 12.2407 1.6255e+05
13065.1608 10.1843 9.5428e+04
13090.2308 17.6560 1.5015e+05
13108.4008 11.4957 1.7345e+05
13111.2808 12.6503 1.1033e+05
13127.5308 14.7146 1.2968e+05
13163.7008 16.2749 7.9064e+04
13169.0108 10.3412 7.6285e+04
13176.8208 10.8771 9.5050e+04
13187.7608 10.5681 8.4457e+04
13202.5708 11.7507 1.0935e+05
13213.3508 11.9210 2.5566e+05
13298.8908 11.6974 7.7771e+04
13317.5808 10.2832 1.3016e+05
13343.5908 14.4613 1.1044e+05
13353.8808 11.0576 1.0198e+05
13359.4908 15.7339 9.8845e+04
13372.1208 17.6888 1.0106e+05
13403.7308 10.8723 1.6117e+05
13413.2908 13.6414 1.7164e+05
13419.3308 10.9098 4.2821e+04
13433.6108 24.0752 5.0583e+05
13505.7508 14.5364 1.3764e+05
13516.8608 22.3033 2.4056e+05
13526.9908 16.4180 2.2428e+05
13536.1508 10.0679 9.5207e+04
13549.6808 10.6461 1.2378e+05
13571.3108 14.9394 1.5725e+05
13584.2308 13.7398 7.5409e+04
13596.9608 18.8726 1.1174e+05
13617.2708 10.4448 1.4842e+05
13649.7608 14.7724 1.4275e+05
13665.2508 10.0261 7.4025e+04
13700.6308 12.6590 9.9895e+04
13720.8208 15.0278 1.3039e+05
13721.4808 10.2865 1.2237e+05
13728.9108 19.6804 1.8577e+05
13757.6108 11.0929 2.0244e+05
13782.0608 14.0466 1.7564e+05
13793.2908 12.8144 1.1945e+05
13812.4708 20.7086 2.3236e+05
13825.1408 14.7147 6.9645e+04
13847.1508 10.1877 6.4085e+04
13869.5408 19.6457 9.5948e+04
13874.0008 12.7112 3.8906e+04
13887.3708 14.2413 1.2115e+05
13895.6108 15.2818 3.4248e+05
13905.2808 13.0725 1.0466e+05
13928.7309 15.3388 1.2916e+05
13956.0209 15.6420 2.5004e+05
13983.2909 12.9904 1.1356e+05
13990.2309 17.7501 1.2543e+05
14000.5709 11.5111 1.5693e+05
14014.0709 11.8214 8.9796e+04
14042.1409 10.9911 1.3265e+05
14063.5209 14.5502 2.9130e+05
14065.4209 14.1283 2.9130e+05
14085.0609 25.4392 1.6682e+05
14100.7309 10.8140 1.2143e+05
14104.1209 15.7026 1.2032e+05
14110.7509 13.1885 6.8392e+04
14129.1209 12.5570 1.8499e+05
14182.8409 17.8273 1.6749e+05
14242.6409 10.2634 8.0648e+04
14248.6309 21.9588 1.2642e+05
14268.5409 10.1691 5.5677e+04
14285.2209 12.5042 1.6800e+05
14295.4909 23.3802 1.9363e+05
14323.3109 12.8409 1.6976e+05
14353.8809 16.6134 2.2013e+05
14365.9809 15.9822 1.0655e+05
14390.3909 19.2584 1.9178e+05
14395.6109 15.8915 2.4548e+05
14418.8809 15.0924 2.6535e+05
14422.3309 16.7409 2.3735e+05
14441.8309 20.7317 7.9188e+04
14450.3809 24.2154 2.2392e+05
14462.2509 11.8909 1.0789e+05
14468.1309 11.8216 1.5337e+05
14482.9309 19.3083 1.8177e+05
14499.4309 14.1221 1.8884e+05
14522.3309 10.6375 8.6516e+04
14539.9009 14.9817 2.9315e+05
14553.1609 10.8486 1.9175e+05
14556.0009 18.3676 1.6961e+05
14574.0209 20.4393 1.7261e+05
14584.3509 19.5725 3.0246e+05
14605.1409 16.1039 2.5002e+05
14622.1909 10.8503 9.5006e+04
14629.5309 13.9623 2.0252e+05
14636.8409 10.9280 1.1487e+05
14640.3409 10.0972 5.7874e+04
14644.7709 14.1493 1.4190e+05
14656.6509 18.0478 5.2974e+04
14679.3709 16.0874 9.6911e+04
14688.3709 20.3281 2.9679e+05
14721.6009 19.1802 1.0774e+05
14745.1309 13.6727 3.1979e+05
14769.0109 14.2356 1.1722e+05
14779.2809 12.3250 1.7606e+05
14785.7909 19.0625 2.3332e+05
14800.8209 13.3431 5.6086e+04
14814.9009 15.1918 9.5325e+04
14829.1909 11.7218 4.6471e+04
14834.8709 21.4560 1.5359e+05
14882.4609 12.4967 4.8804e+04
14891.1709 12.2355 2.7831e+05
14913.1909 14.1607 1.9955e+05
14935.2509 10.9895 1.1144e+05
14938.7109 19.1904 7.2209e+04
14943.6109 19.0438 5.9505e+05
14945.8309 18.8863 4.9085e+05
14963.8409 12.5419 1.3767e+05
14969.5909 18.9652 8.1817e+04
14985.0909 15.0944 1.5014e+05
14998.4909 17.7737 2.2397e+05
15031.2209 10.3299 1.2322e+05
15050.1109 10.0366 1.8392e+05
15061.6409 11.5436 2.1797e+05
15071.4909 17.8607 2.3324e+05
15103.1309 10.3480 1.1697e+05
15126.1809 11.2417 2.5518e+05
15152.9609 10.0714 1.2175e+05
15186.6309 16.1448 1.5769e+05
15193.8709 17.4381 3.4253e+05
15208.7909 16.1731 1.3888e+05
15234.1609 17.5141 1.8821e+05
15325.6409 10.8197 1.8687e+05
15334.2009 10.0050 1.5822e+05
15374.9109 11.7908 1.3071e+05
15376.6709 12.3915 1.1512e+05
15393.5409 13.1970 1.4164e+05
15409.2409 10.0347 1.9062e+05
15416.2609 13.5872 2.0641e+05
15437.3109 10.9748 1.1626e+05
15443.1109 15.8286 1.3199e+05
15464.5309 15.4998 1.4584e+05
15473.7309 12.7046 6.9394e+04
15478.4509 17.3093 1.5011e+05
15499.6209 13.9816 1.2496e+05
15508.8709 21.1293 1.9399e+05
15519.7509 10.2610 1.0566e+05
15538.1309 17.4220 1.5737e+05
15570.0210 18.2829 1.9798e+05
15579.1810 15.7412 2.1566e+05
15582.7210 14.0121 2.4339e+05
15595.2310 16.8654 2.4424e+05
15600.9910 10.3983 1.8179e+05
15607.3510 15.2251 1.5851e+05
15628.2510 19.0066 3.0296e+05
15640.7910 16.5003 2.8216e+05
15647.7210 10.5992 2.8698e+05
15652.6110 19.6845 1.5450e+05
15662.5010 10.0197 1.7243e+05
15674.2210 12.4862 2.5012e+05
15683.8910 18.9559 1.6477e+05
15700.1410 17.6923 3.9710e+05
15702.2910 15.5398 3.3622e+05
15722.1210 19.2549 2.0006e+05
15740.7710 11.8606 2.3198e+05
15753.4610 20.3167 1.5841e+05
15772.3010 20.9964 2.7800e+05
15780.4610 10.4716 1.8613e+05
15806.7310 11.5563 1.7944e+05
15820.3610 18.0222 1.7211e+05
15833.4410 15.3507 3.0354e+05
15846.8610 15.0328 2.5704e+05
15860.4810 15.0590 2.0867e+05
15860.9610 14.3024 3.8657e+05
15864.5510 15.5299 1.9577e+05
15874.6210 10.9180 2.6547e+05
15875.9410 11.6689 1.3367e+05
15889.0310 17.8530 2.7329e+05
15914.2810 11.8950 1.8406e+05
15920.1810 12.4208 9.4635e+04
15937.5710 11.4345 2.1635e+05
15940.0010 13.9605 9.5953e+04
15950.6410 13.1934 4.0549e+05
15951.8310 15.7649 1.4643e+05
15959.1010 18.6787 2.0836e+05
15971.5310 11.2218 2.2064e+05
15991.4210 14.4861 2.6469e+05
16007.0710 14.3117 1.9078e+05
16020.3110 15.3839 2.5522e+05
16023.4710 12.1236 1.3554e+05
16044.8310 13.1276 2.9751e+05
16047.1910 10.9411 1.0184e+05
16079.0410 17.5558 2.4741e+05
16092.8810 15.2772 2.1638e+05
16105.2510 19.7983 1.8515e+05
16119.6510 15.6132 2.8024e+05
16123.0910 10.2645 1.6719e+05
16136.2510 15.8849 6.0406e+05
16148.3410 19.7793 2.9014e+05
16157.6310 12.3366 4.2363e+05
16160.6310 18.1660 2.5291e+05
16172.6910 12.4724 9.1137e+04
16184.6510 19.4388 3.7803e+05
16195.3310 12.7391 2.1220e+05
16204.7610 20.7899 3.1991e+05
16217.7610 10.2845 1.9228e+05
16231.3310 10.2175 2.1923e+05
16239.4810 12.1699 1.4755e+05
16241.8010 12.2244 1.2566e+05
16246.4410 13.4403 2.2011e+05
16262.1110 10.0769 1.2205e+05
16270.5610 11.2414 7.2347e+04
16275.8210 20.3802 1.5888e+05
16287.7010 15.1928 3.3879e+05
16320.8810 15.2299 1.8735e+05
16334.8510 16.8433 1.9708e+05
16342.9810 13.9737 1.5427e+05
16351.4010 12.1460 2.2575e+05
16353.4110 11.6613 2.7672e+05
16355.7310 14.1468 2.7672e+05
16368.0310 18.7468 2.7332e+05
16386.0910 12.7471 2.3857e+05
16405.1110 10.6098 1.7954e+05
16407.9610 15.2319 5.4272e+04
16430.9910 15.0708 7.3959e+04
16444.6310 10.8350 1.9845e+05
16455.5910 20.4974 3.7363e+05
16456.0710 10.8708 1.6588e+05
16464.7310 10.2674 1.4995e+05
16476.8310 11.2233 1.7495e+05
16494.5010 17.8085 1.1149e+05
16519.3810 11.5988 1.2525e+05
16523.8210 16.7003 1.3676e+05
16539.0310 19.9813 3.0892e+05
16555.9110 21.7075 4.4209e+05
16565.3910 16.0289 2.5673e+05
16577.1310 16.6614 2.7741e+05
16579.5410 10.6710 1.9789e+05
16594.1210 25.8679 2.8523e+05
16615.1210 24.4771 1.4815e+05
16632.0310 12.8882 1.0632e+05
16638.8310 21.9896 1.9442e+05
16660.6510 11.7941 3.4325e+05
16664.2810 20.7584 1.5482e+05
16687.6510 22.7189 1.5355e+05
16710.8410 20.9496 1.8245e+05
16722.3210 11.1577 1.1748e+05
16735.0010 23.8065 9.2792e+04
16759.3710 16.4219 3.7062e+05
16761.0510 16.9484 2.0409e+05
16772.0710 18.0434 2.7643e+05
16776.7010 14.1942 2.5444e+05
16780.8510 14.3104 1.1428e+05
16788.3110 16.5028 3.4408e+05
16816.6010 24.2989 2.7149e+05
16839.3510 20.7474 2.8067e+05
16846.8210 17.4666 1.4381e+05
16867.6610 14.4459 3.0048e+05
16869.4610 13.9081 3.0048e+05
16893.4610 18.2010 1.0374e+05
16901.6010 10.9115 7.9667e+04
16935.1610 14.8988 1.7479e+05
16940.1310 19.0110 8.8079e+04
16948.9010 11.9353 1.2427e+05
16960.4710 22.8810 1.9239e+05
16969.9210 13.6834 1.1192e+05
16992.7110 10.1710 5.8590e+04
17005.3210 13.1164 3.0274e+05
17006.4110 20.0301 2.2171e+05
17024.8910 15.3045 7.4557e+04
17043.9510 11.7070 1.1279e+05
17052.8010 22.7764 1.7682e+05
17072.9010 14.1901 2.5696e+05
17085.2810 24.9101 1.4571e+05
17102.0810 16.1274 1.0484e+05
17106.8210 11.1202 4.0884e+04
17120.5910 18.9385 1.0106e+05
17127.4710 21.2036 1.8274e+05
17138.4510 10.7403 3.1078e+04
17147.0510 21.4534 9.9468e+04
17167.1210 16.6139 1.3804e+05
17172.2910 19.6607 3.2418e+05
17219.3011 10.6790 1.9028e+05
17223.2311 12.9695 6.9828e+04
17242.3811 24.1278 1.1714e+05
17263.8411 13.8322 1.4158e+05
17268.5811 15.4468 1.6066e+05
17271.6711 12.7974 8.6805e+04
17312.0711 11.7283 7.7980e+04
17322.3511 22.0511 2.7740e+05
17340.6811 15.7404 7.3765e+04
17379.9211 14.2084 2.3678e+05
17381.2211 25.3220 1.3957e+05
17433.7811 10.1366 5.9217e+04
17441.6511 20.8142 1.6556e+05
17442.2511 24.2545 1.1300e+05
17469.6411 10.8210 1.3137e+05
17495.4311 16.0705 2.5382e+05
17507.9811 20.7016 1.4522e+05
17516.0311 13.1875 9.9196e+04
17529.5311 13.6727 5.9682e+04
17546.8911 23.8407 1.7687e+05
17567.6811 10.3418 1.0619e+05
17575.2811 26.5388 2.0329e+05
17617.7211 23.2986 2.2001e+05
17623.7811 16.7234 8.9945e+04
17653.0011 14.3254 1.6302e+05
17656.3611 17.5950 4.3962e+04
17674.6011 21.6065 1.2530e+05
17726.4011 17.7076 1.5158e+05
17729.8011 11.7976 1.6361e+05
17769.7311 22.6339 2.0415e+05
17787.7411 18.2264 1.2768e+05
17791.8911 15.9894 2.3296e+05
17844.2911 18.7551 1.0523e+05
17868.8611 21.5701 2.3410e+05
17873.1311 14.0449 5.5427e+04
17889.8411 26.2491 2.4114e+05
17901.7211 14.6439 1.2026e+05
17917.0911 11.5790 1.1668e+05
17959.2011 11.0900 1.3709e+05
17961.8711 16.0936 7.9741e+04
18017.9111 24.7035 2.2125e+05
18019.1011 16.5414 1.2492e+05
18035.5811 10.1244 1.3643e+05
18047.5111 11.1173 1.2312e+05
18071.4211 18.1320 6.7182e+04
18087.8411 19.9667 1.6082e+05
18095.0711 24.0722 1.5358e+05
18097.6011 10.1799 2.5887e+05
18144.0811 10.5476 1.1809e+05
18150.8511 15.3342 2.4123e+05
18152.9511 19.0838 2.4123e+05
18159.9111 22.1834 3.6128e+05
18189.5311 15.4459 1.7733e+05
18199.0711 14.7374 1.1132e+05
18232.7311 16.8163 1.9630e+05
18263.2711 13.1903 7.0293e+04
18291.7811 15.2213 1.2090e+05
18304.9211 14.1123 1.8263e+05
18364.3411 11.1062 1.2378e+05
18390.9311 14.5987 3.4808e+05
18392.0911 20.0609 2.9266e+05
18428.3311 11.6601 5.6803e+04
18448.4711 24.7961 9.4830e+04
18503.1611 18.7923 1.2821e+05
18562.4911 18.2157 2.0986e+05
18586.6411 13.2401 1.9800e+05
18614.3811 20.6758 2.0102e+05
18664.4711 26.7357 2.3587e+05
18726.7711 12.9519 1.4795e+05
18733.7311 15.2898 1.2443e+05
18792.9911 21.2063 1.7210e+05
18841.0311 16.6105 4.1394e+04
18850.0812 15.7410 1.0362e+05
18864.3812 22.1621 2.5168e+05
18905.0612 21.8028 1.6647e+05
18921.9212 11.8018 8.9019e+04
18946.0112 12.7785 1.4687e+05
18947.2112 20.0235 1.4235e+05
18974.4912 19.8351 1.5747e+05
18983.7312 23.3101 1.2141e+05
19000.0612 10.4174 5.5264e+04
19003.4612 11.4423 1.3591e+05
19049.5112 17.9502 1.0909e+05
19060.9012 13.6475 1.2173e+05
19083.4012 16.3971 9.8192e+04
19125.1112 11.2450 3.9671e+04
19165.4912 10.4550 2.7806e+04
19181.7612 25.7291 1.8332e+05
19221.0012 26.8258 1.4690e+05
19236.2412 17.0992 5.5692e+04
19251.4212 14.0086 1.1350e+05
19271.1912 23.5153 3.5815e+05
19274.7312 13.6485 1.5777e+05
19317.3012 13.2641 4.6220e+04
19342.8212 17.3057 1.0869e+05
19349.9712 26.9175 1.5039e+05
19376.5912 22.3713 1.1710e+05
19396.9012 25.0699 1.4860e+05
19412.3512 17.5106 2.8605e+05
19426.3312 21.6436 1.5127e+05
19434.5012 17.3513 1.5516e+05
19457.4312 10.4477 3.8029e+04
19463.0012 10.0732 8.6460e+04
19480.2712 26.6883 3.4916e+05
19499.6812 21.3353 1.1531e+05
19559.6512 13.5601 6.6164e+04
19610.0112 17.7249 1.7100e+05
19611.3412 25.5257 1.5937e+05
19628.7112 23.1994 1.6906e+05
19656.2012 15.0354 1.9177e+05
19659.3412 17.8291 1.4882e+05
19712.8412 11.9852 9.5884e+04
19714.1212 11.6600 4.3507e+04
19753.6712 10.7886 5.8958e+04
19761.5312 15.5257 2.0162e+05
19764.5812 13.0987 7.4493e+04
19793.7012 12.7992 9.5155e+04
19798.8512 21.6543 1.1082e+05
19868.9812 23.6201 1.8610e+05
19874.8712 24.8311 1.1911e+05
19894.8212 22.2084 9.4415e+04
19904.6812 22.0029 1.1601e+05
19919.7112 11.4252 5.8592e+04
19950.6412 10.3455 1.9857e+04
19962.3512 12.0869 4.8034e+04
19966.7412 12.6911 4.9008e+04
19989.2412 17.3024 9.1391e+04
20050.2012 14.3301 1.0537e+05
20073.3712 13.5900 9.1118e+04
20086.3912 22.9225 1.6598e+05
20116.3412 26.2446 1.6838e+05
20134.2512 19.2281 2.3199e+05
20176.7212 15.4548 1.0849e+05
20195.5712 14.1939 1.1932e+05
20232.6612 10.0215 8.2707e+04
20307.4612 12.6079 3.7930e+05
20309.4912 26.2156 3.8394e+05
20339.0112 10.2347 4.8152e+04
20387.4312 15.0851 2.4010e+05
20396.9612 10.0206 3.8926e+04
20409.8112 19.9328 2.7093e+05
20410.4012 13.8674 2.1662e+05
20452.6012 10.2381 1.0151e+05
20473.3312 12.4706 1.8467e+05
20478.4812 23.5508 1.3538e+05
20486.0113 10.1880 1.3810e+05
20499.2713 25.8921 1.6618e+05
20506.0413 18.9235 9.1225e+04
20560.5913 12.8605 2.2642e+05
20567.4313 15.5703 1.0318e+05
20578.9713 26.5445 3.7058e+05
20648.8113 10.3015 6.2452e+04
20654.0213 23.7798 2.4936e+05
20662.0513 14.1352 8.8593e+04
20690.4613 23.9457 1.3352e+05
20696.4413 22.8830 2.3386e+05
20731.4813 16.9175 3.2575e+05
20748.5213 10.2480 1.1017e+05
20759.5013 11.1054 7.9702e+04
20771.0213 16.4616 3.2840e+05
20776.7313 24.5901 4.8777e+05
20787.5313 10.9625 7.1854e+04
20822.8613 16.3941 2.1213e+05
20857.1813 12.3338 7.2465e+04
20866.6213 15.6941 2.6507e+05
20880.1913 23.7580 3.5680e+05
20887.6313 15.8259 2.3460e+05
20894.6113 21.0037 1.5387e+05
20911.7413 21.5921 1.0525e+05
20919.3513 15.2076 7.1472e+04
20930.0613 11.8109 1.7125e+05
20943.5413 11.9977 5.3117e+04
20953.6513 11.8979 9.9190e+04
20954.7613 12.1946 6.9616e+04
20974.0013 20.0935 6.1445e+04
20986.9413 13.7944 9.5788e+04
20991.5413 16.2529 1.1920e+05
21000.1613 18.5020 1.1415e+05
21006.6513 12.4166 6.7167e+04
21037.5913 16.2530 3.3144e+05
21056.8013 11.2010 5.7085e+04
21085.7913 21.2171 1.7358e+05
21128.4413 17.1052 7.3597e+04
21137.4013 15.1389 3.2217e+05
21139.0713 14.7888 1.9717e+05
21157.4413 15.2773 1.6489e+05
21171.6113 12.9448 2.3757e+05
21198.6213 11.8838 9.7822e+04
21218.3413 24.0155 3.3038e+05
21239.9013 11.6912 1.0755e+05
21246.7713 11.3488 8.0402e+04
21255.8013 23.9571 2.5349e+05
21318.9613 25.5671 3.1215e+05
21327.0413 10.7317 1.7884e+05
21366.0213 26.4365 2.0842e+05
21381.9413 20.2007 1.8172e+05
21402.1413 14.7814 3.1236e+05
21410.3913 11.5377 1.3237e+05
21416.8313 24.5479 3.0719e+05
21429.2013 17.5827 9.5673e+04
21432.3113 12.1650 5.1640e+05
21434.5313 21.4800 4.3727e+05
21440.5513 13.0976 1.5541e+05
21465.6513 25.3096 3.3064e+05
21475.4613 16.1283 1.3603e+05
21486.3313 21.2023 2.0172e+05
21509.2913 24.8206 2.0264e+05
21528.3513 13.7742 1.4733e+05
21535.8213 19.2074 1.1860e+05
21537.7613 14.5969 7.8860e+04
21544.7313 25.2136 1.7301e+05
21564.2813 18.1836 7.0133e+04
21572.5613 25.3110 1.5945e+05
21604.2713 25.3772 1.3080e+05
21639.0313 11.3355 2.5486e+05
21645.7113 24.8893 2.3482e+05
21659.7813 23.6396 2.9139e+05
21690.9713 18.0640 1.3047e+05
21692.0513 11.2957 8.5670e+04
21697.5213 11.7415 6.3473e+04
21710.2413 10.3264 7.9641e+04
21726.9213 21.0197 2.4641e+05
21775.4213 23.3756 2.5240e+05
21799.3513 20.0608 1.2606e+05
21825.5213 26.2279 3.8386e+05
21842.3013 18.1529 1.8362e+05
21864.0813 16.5470 1.7674e+05
21866.9513 26.2072 1.6054e+05
21872.3913 10.2634 5.1984e+04
21882.3113 12.4379 1.7109e+05
21916.0513 26.5834 2.4573e+05
21929.6613 11.0226 1.0093e+05
21934.8813 12.4238 1.0802e+05
21947.1613 23.7146 1.1987e+05
21960.3613 18.5478 1.4076e+05
21969.6913 23.8031 4.3594e+05
21993.2713 12.2471 1.1717e+05
22008.9613 12.1059 1.1905e+05
22023.4013 22.6661 3.6947e+05
22069.2613 15.0906 2.0755e+05
22074.6913 14.8011 3.7519e+05
22078.3613 24.1066 1.5999e+05
22090.5313 10.2081 7.2428e+04
22103.9413 24.6029 5.0714e+05
22120.6114 17.3929 9.2097e+04
22131.0814 24.1543 1.7868e+05
22185.8214 22.5953 1.1737e+05
22192.2214 13.7925 1.6272e+05
22195.3214 13.0311 9.0067e+04
22225.2614 25.4051 3.3532e+05
22242.5014 11.4404 1.3059e+05
22257.8114 22.4673 1.6304e+05
22270.8114 24.8804 1.3415e+05
22295.6814 14.9138 7.5800e+04
22313.9014 26.0215 1.0844e+05
22342.5214 21.4062 1.2209e+05
22354.9814 23.8795 2.9378e+05
22356.3314 11.2613 1.4940e+05
22395.9814 25.1860 1.5768e+05
22413.9614 10.6125 2.0479e+05
22422.9014 22.3167 1.7686e+05
22435.6014 18.3300 9.3831e+04
22446.3614 22.1648 2.2320e+05
22462.5114 14.5977 8.0776e+04
22478.7514 12.5388 1.4994e+05
22490.5414 15.4748 1.2729e+05
22513.6014 13.8369 1.2702e+05
22529.1314 20.7488 1.1880e+05
22543.6014 20.3104 9.1706e+04
22558.8714 16.3492 6.4410e+04
22562.0514 10.8806 1.4356e+05
22567.8014 17.0656 1.4567e+05
22611.4414 10.1618 1.5908e+05
22631.2514 14.5879 1.5855e+05
22633.3114 11.2103 1.3593e+05
22643.4514 12.8405 6.4504e+04
22658.3214 13.2094 1.0005e+05
22666.2314 10.2782 9.9239e+04
22684.8414 12.1439 3.0347e+05
22690.4914 11.8359 8.9962e+04
22696.3514 11.1042 1.1096e+05
22699.8014 11.9306 2.0397e+05
22721.8614 19.1153 1.3573e+05
22756.4114 20.5388 3.3014e+05
22774.1714 12.0042 1.8067e+05
22791.3314 19.9008 9.4156e+04
22796.4114 13.1169 8.4390e+04
22819.6814 11.4200 1.7413e+05
22820.1714 10.7347 8.1896e+04
22829.9414 21.0401 1.8867e+05
22853.8414 11.2565 1.6876e+05
22860.8314 10.7383 1.2647e+05
22866.9814 16.6957 2.6120e+05
22891.7314 11.8112 3.5440e+05
22925.9214 13.9710 1.5238e+05
22931.2514 11.8118 1.7749e+05
22933.6314 10.8539 1.7749e+05
22939.9614 12.3138 1.4987e+05
22954.3714 13.1215 2.1548e+05
22966.2614 10.8422 1.3325e+05
22984.1214 11.0260 1.0557e+05
23000.6814 14.0557 1.2190e+05
23006.6014 14.6091 1.4034e+05
23019.0214 13.9599 1.1368e+05
23023.5114 16.0272 1.4432e+05
23031.1714 15.6605 1.3917e+05
23040.9014 12.7302 1.7656e+05
23046.9514 10.6647 1.0385e+05
23055.2714 10.0216 8.9212e+04
23070.5214 11.5101 1.9099e+05
23072.3114 18.4748 1.3144e+05
23085.9714 16.3378 1.3435e+05
23113.4414 17.6725 1.7091e+05
23118.1414 16.6457 1.8348e+05
23129.9214 15.1357 1.2683e+05
23131.7514 11.5459 1.0828e+05
23144.7214 12.0237 9.9101e+04
23163.2814 19.4450 1.1690e+05
23167.7814 11.6841 1.2630e+05
23199.1514 10.2519 1.9931e+05
23201.6314 10.2346 2.3366e+05
23204.5014 10.2396 1.5331e+05
23212.3214 16.5971 2.1065e+05
23228.7514 17.8207 1.0695e+05
23234.8714 10.1553 1.1839e+05
23241.5614 19.3723 1.3403e+05
23262.1214 18.3078 2.1339e+05
23276.7214 22.2828 2.3085e+05
23286.5714 15.6397 1.8037e+05
23298.0614 23.2680 2.2595e+05
23304.7214 15.2785 1.9038e+05
23334.7914 24.3537 1.2470e+05
23356.3114 24.2054 2.3322e+05
23378.3614 22.4750 3.5101e+05
23392.4814 17.5827 2.2627e+05
23393.5714 21.8179 1.4755e+05
23405.1114 20.8700 1.4966e+05
23412.6514 24.7884 1.4836e+05
23429.4814 23.4066 1.8708e+05
23447.8314 25.4796 5.0250e+05
23463.8714 23.0332 2.3915e+05
23478.3114 19.0746 3.3626e+05
23483.4914 13.8555 6.5814e+04
23501.2714 13.4276 2.4529e+05
23519.4714 14.7656 1.2669e+05
23524.1914 11.5625 2.9228e+05
23547.2814 17.5512 1.7998e+05
23553.6214 19.9080 3.0390e+05
23570.8514 10.1574 1.3851e+05
23586.2214 25.0056 1.5169e+05
23595.2714 11.0808 2.5214e+05
23599.0414 24.6220 2.9465e+05
23612.9014 21.0377 2.0338e+05
23613.5514 16.0292 1.4454e+05
23628.1714 23.5037 3.3481e+05
23634.2414 18.6768 1.1234e+05
23643.8914 24.2425 3.4282e+05
23655.8614 13.2793 2.3020e+05
23656.4314 19.7421 1.3798e+05
23706.1914 15.3346 1.8839e+05
23752.2114 11.3355 1.0730e+05
23766.2215 12.9062 2.8639e+05
23770.8715 10.4341 1.9721e+05
23793.4415 11.6695 1.9239e+05
23804.1915 10.9137 2.3873e+05
23822.9315 12.3946 1.7703e+05
23837.2215 14.5780 2.1660e+05
23849.5815 15.6065 3.3414e+05
23857.6215 22.7393 2.2430e+05
23866.8015 15.7136 1.3916e+05
23877.6415 15.5847 1.9414e+05
23913.4315 18.8228 1.8836e+05
23930.3215 15.5920 3.6106e+05
23979.5115 10.3580 1.4839e+05
24002.2315 10.0086 1.4957e+05
24031.3615 14.8022 1.0579e+05
24043.4915 17.5099 1.2596e+05
24056.1415 11.2312 2.5047e+05
24073.1415 11.6298 3.7173e+05
24076.2715 18.2054 1.6967e+05
24118.4715 10.1480 8.2196e+04
24122.9015 19.4957 1.3046e+05
24141.2915 20.0181 2.3454e+05
24158.5915 24.1484 2.8793e+05
24180.2315 20.4742 1.1052e+05
24198.5015 10.9379 3.2646e+05
24219.7915 14.2085 2.5426e+05
24221.3115 15.2660 1.3398e+05
24243.3415 21.7521 1.5931e+05
24258.7215 14.0732 8.2932e+04
24264.5915 19.2642 2.2320e+05
24283.1415 16.4104 1.9892e+05
24286.7815 16.6199 1.2223e+05
24309.6815 21.5671 2.7990e+05
24316.8715 10.3647 2.2607e+05
24330.1315 15.2386 1.5164e+05
24347.6615 24.3358 1.6849e+05
24358.7115 10.0731 3.7737e+05
24362.0315 12.6948 8.9496e+04
24371.7815 11.6983 1.2630e+05
24388.4515 10.7212 2.6054e+05
24389.2215 14.8595 2.3013e+05
24393.5015 18.8934 1.5573e+05
24408.4415 15.6935 1.2006e+05
24428.4215 16.2547 2.2257e+05
24438.9515 15.0236 1.9073e+05
24447.1115 23.8398 2.7633e+05
24462.4915 19.9218 1.5952e+05
24477.6415 23.0343 3.5084e+05
24489.5615 12.5580 3.4244e+05
24490.5315 20.3903 3.4013e+05
24504.8115 22.3226 3.3321e+05
24519.1515 21.8396 1.7147e+05
24522.3515 18.1661 1.0062e+05
24532.8415 12.0368 1.1809e+05
24537.9915 13.7724 2.8526e+05
24542.0115 10.6964 1.5757e+05
24581.6415 14.1690 8.1872e+04
24606.4015 16.5825 1.7579e+05
24617.4515 11.0290 2.1976e+05
24641.1415 12.2473 8.6481e+04
24666.9315 12.5127 1.0523e+05
24676.8515 12.5452 3.1721e+05
24699.1915 18.7961 1.8302e+05
24705.5615 16.8561 3.7088e+05
24719.3915 15.5746 2.8278e+05
24727.9015 13.1541 1.2756e+05
24737.3315 15.4754 2.4293e+05
24756.8815 11.5519 2.4747e+05
24779.8115 17.3081 1.8809e+05
24795.8615 10.3799 3.3997e+05
24799.7715 10.7859 1.9745e+05
24821.1115 12.4979 2.0634e+05
24831.1715 18.2773 1.0693e+05
24850.7115 14.3644 1.6563e+05
24855.0315 16.5608 3.2539e+05
24871.2415 12.5033 2.3108e+05
24878.8515 14.3103 2.4947e+05
24890.6315 11.6902 1.4118e+05
24896.4215 17.6979 1.2425e+05
24923.5215 10.5964 2.8801e+05
24933.2815 15.0659 2.3552e+05
24953.8015 10.6955 2.0110e+05
25003.6715 12.5294 1.5493e+05
25019.4915 11.2196 2.9371e+05
25047.5815 10.9530 1.8717e+05
25057.0315 16.2667 9.2575e+04
25071.4015 19.4624 7.5084e+04
25078.6515 12.2913 1.3383e+05
25081.2715 12.3047 7.9997e+04
25089.1715 11.5028 1.3127e+05
25096.2515 12.4020 8.5317e+04
25100.3915 12.9986 1.5989e+05
25110.8715 13.1211 2.0107e+05
25112.3215 19.9258 1.6685e+05
25121.2615 11.5757 3.6459e+05
25125.3115 22.5128 2.1181e+05
25139.3215 16.6242 1.6395e+05
25160.5415 18.7674 2.1673e+05
25170.2215 11.5213 1.4931e+05
25185.2315 23.3020 2.2895e+05
25193.6115 22.3951 1.1195e+05
25206.0915 15.0477 1.2567e+05
25206.7315 17.3516 1.2200e+05
25218.8715 24.8937 2.8474e+05
25233.2915 16.0469 3.0792e+05
25263.1115 15.7547 2.0396e+05
25275.9915 15.8330 1.1068e+05
25281.6015 13.1520 1.2676e+05
25301.8115 20.3636 3.4888e+05
25322.6515 25.7332 2.3240e+05
25335.5815 14.9334 1.4585e+05
25339.9915 20.5990 2.0805e+05
25360.1015 12.1375 1.1158e+05
25378.2615 16.2026 1.3218e+05
25399.7616 15.2053 2.3484e+05
25422.0116 12.7165 2.3427e+05
25440.8916 17.0417 1.4566e+05
25445.1416 22.1338 4.3260e+05
25466.8616 26.0856 1.8990e+05
25485.4916 23.2853 2.8170e+05
25504.0616 19.0838 2.0217e+05
25507.0216 14.5941 1.9734e+05
25530.7916 14.5941 2.3293e+05
25534.9716 20.3111 1.5544e+05
25548.7816 11.2131 9.7521e+04
25556.4516 23.3931 1.3515e+05
25583.7616 17.2615 2.2136e+05
25588.8616 12.5758 1.3127e+05
25625.2816 10.7519 1.2132e+05
25632.0816 22.7677 2.1377e+05
25640.5716 20.6504 1.1653e+05
25659.0216 25.9755 1.5150e+05
25681.8216 13.0998 5.2945e+04
25688.3316 24.5843 1.8841e+05
25717.3616 21.3236 1.1216e+05
25733.2116 17.7778 2.3287e+05
25787.3516 11.4734 1.2321e+05
25797.0716 11.6681 1.4715e+05
25805.2816 21.8296 2.7332e+05
25833.8116 12.7444 1.5741e+05
25853.4416 17.8448 1.8932e+05
25864.7916 24.2772 1.7184e+05
25883.1316 11.2251 9.7052e+04
25893.2116 12.9491 5.5448e+04
25898.6516 12.5970 1.9819e+05
25932.6516 21.7303 1.5286e+05
25953.3416 19.8461 1.6688e+05
25967.9316 23.3027 1.2629e+05
25983.8716 13.5141 3.2243e+05
25987.3416 10.2646 2.2087e+05
26004.3016 12.2802 1.6626e+05
26016.9516 12.1395 5.7691e+04
26041.8616 11.4011 1.5017e+05
26059.0016 17.8526 9.1676e+04
26068.7216 13.6433 1.5386e+05
26098.7016 16.1639 1.5490e+05
26117.3116 11.8077 7.6906e+04
26122.8216 17.0959 2.8289e+05
26128.6316 14.1678 1.4683e+05
26144.4416 16.3888 9.8890e+04
26148.6216 19.5375 1.3862e+05
26162.7216 19.7870 1.9481e+05
26171.2416 15.2368 1.3649e+05
26177.1116 11.1661 6.2132e+04
26185.3216 10.1432 6.0934e+04
26206.7316 15.7585 2.7505e+05
26242.9616 20.1066 7.9577e+04
26263.3016 13.0854 2.3585e+05
26266.4716 12.9511 1.5941e+05
26285.1416 18.9691 1.5160e+05
26291.3516 14.8232 3.5898e+05
26294.0316 22.6281 3.2620e+05
26304.7616 17.3768 1.4755e+05
26316.9416 10.5422 6.9600e+04
26324.7116 21.1128 3.0419e+05
26336.5716 10.4675 6.2811e+04
26358.2116 19.7355 1.7802e+05
26373.9616 19.8710 8.5511e+04
26391.8116 25.6465 1.6081e+05
26406.3716 10.7359 1.8767e+05
26408.8616 18.7462 8.0493e+04
26423.7916 20.2949 2.2454e+05
26426.0416 20.3899 9.2810e+04
26464.2716 10.2220 9.3176e+04
26464.8516 16.9613 5.2494e+04
26498.1516 21.4593 2.1833e+05
26519.6616 12.9296 1.4124e+05
26529.3416 10.4921 1.7209e+05
26530.2116 11.9207 1.6541e+05
26535.9416 15.0643 2.5882e+05
26545.1416 10.3513 1.0241e+05
26574.5216 18.2860 2.0144e+05
26590.1416 21.5960 1.0400e+05
26612.2916 13.1147 1.3292e+05
26618.4016 15.5217 1.5506e+05
26653.3216 14.9046 1.6633e+05
26693.5816 12.7100 1.2808e+05
26712.1516 11.7542 9.5327e+04
26719.9116 26.6388 1.9268e+05
26738.6916 10.8870 6.6355e+04
26751.2416 21.2590 2.6186e+05
26773.9916 14.1040 9.2380e+04
26798.8916 18.4134 1.4244e+05
26853.9116 11.4817 2.0651e+05
26860.3316 22.3196 2.1645e+05
26898.5316 10.8938 4.4912e+04
26906.2016 13.6751 6.9580e+04
26931.6216 15.1912 1.7706e+05
26936.3916 14.3798 1.3865e+05
26938.0516 22.2352 1.0252e+05
26960.9416 19.6219 9.2790e+04
26988.2316 13.4548 9.4836e+04
27006.7516 12.9862 3.3107e+04
27025.9416 10.1296 8.0835e+04
27058.4417 14.8112 1.6746e+05
27080.6717 21.6538 3.3841e+05
27087.8317 14.7927 1.2612e+05
27137.8717 26.0133 1.5943e+05
27161.6417 10.3347 2.5347e+04
27281.8317 15.3398 1.3730e+05
27332.9517 16.3338 1.0378e+05
27340.3617 14.4971 1.9299e+05
27353.2917 11.6927 3.1984e+05
27381.4417 14.9444 1.8109e+05
27404.4817 11.3370 2.0841e+05
27430.9517 20.6006 2.7324e+05
27447.5217 12.3129 2.3192e+05
27476.9717 12.7425 3.1483e+05
27482.2517 14.5596 1.1922e+05
27492.8117 11.8694 3.2107e+05
27499.8217 10.9577 1.9512e+05
27516.3717 14.0960 1.1637e+05
27533.7617 12.1272 1.6572e+05
27540.1717 10.0254 1.6087e+05
27549.5017 11.1899 2.1923e+05
27559.5317 11.7306 2.9392e+05
27561.9017 15.0109 1.4373e+05
27571.3117 12.5386 1.7333e+05
27579.7817 11.2813 1.9750e+05
27584.0717 10.4490 2.4640e+05
27593.5217 16.5125 3.4935e+05
27632.7017 15.0819 2.4634e+05
27646.2817 14.3015 2.1053e+05
27650.7417 13.3860 1.8049e+05
27713.8817 19.1315 2.6804e+05
27730.1117 11.4613 2.5848e+05
27775.3117 14.9528 3.9268e+05
27803.9117 13.7094 2.1055e+05
27817.5017 10.2322 2.0508e+05
27827.0017 13.4796 1.5392e+05
27844.8417 13.2130 2.3524e+05
27858.6917 17.6495 3.4706e+05
27869.7817 17.4603 3.8795e+05
27903.2517 11.3992 1.6546e+05
27907.8117 13.5642 2.5689e+05
27929.6217 14.7817 1.3116e+05
27943.0417 10.6877 1.2361e+05
27953.8417 20.0954 2.0852e+05
27963.4017 23.7878 2.7705e+05
27967.4317 11.0759 2.7043e+05
27972.8917 17.8737 1.4159e+05
27978.4417 13.2126 1.9704e+05
27982.5917 21.3004 2.7238e+05
27992.6317 20.8371 2.0685e+05
28003.4817 20.6107 2.5038e+05
28014.3517 11.4486 2.7591e+05
28027.1917 19.4658 1.4527e+05
28036.4517 10.0617 4.3615e+05
28037.1417 16.9025 3.9699e+05
28048.4517 18.0587 3.6506e+05
28051.5217 11.2216 1.0347e+05
28058.6017 20.6858 3.1849e+05
28069.9617 14.6536 1.8787e+05
28081.7417 15.0768 2.9070e+05
28116.2617 11.1553 1.8324e+05
28128.7517 10.7545 1.9130e+05
28137.2317 11.6878 2.2276e+05
28146.5017 15.0086 3.6556e+05
28148.1817 15.2249 2.2289e+05
28178.0217 14.2705 2.2153e+05
28233.9817 14.8394 1.5341e+05
28240.1717 22.1942 5.0096e+05
28244.4317 10.5778 1.4139e+05
28252.2217 20.5528 2.9507e+05
28299.5217 11.7342 2.8428e+05
28301.3117 13.1971 1.8016e+05
28327.5317 19.4522 2.6211e+05
28337.5717 20.1891 9.7485e+04
28347.8117 16.9321 6.8154e+04
28356.8717 10.6456 1.5526e+05
28366.8117 19.6640 2.5277e+05
28377.8117 20.3587 2.8155e+05
28388.8117 18.0625 1.6912e+05
28393.3117 14.5300 2.7654e+05
28415.6817 10.4100 3.0917e+05
28418.8117 13.0494 2.6265e+05
28426.1717 19.6874 2.9437e+05
28433.2717 20.4441 1.7648e+05
28468.0417 10.4430 1.8847e+05
28483.7217 17.1735 1.9783e+05
28497.6917 11.0907 1.2863e+05
28506.8617 11.9516 2.2563e+05
28558.3717 11.9294 2.1548e+05
28566.8917 18.3152 2.4269e+05
28600.0517 11.9573 2.2503e+05
28601.2617 10.0717 1.4505e+05
28606.5517 12.1494 1.1004e+05
28614.9117 15.0719 1.4550e+05
28623.3617 11.9541 1.9064e+05
28641.3117 13.8101 2.4237e+05
28773.5618 13.7610 1.1206e+05
28796.8618 11.0689 3.8284e+05
28809.1418 21.4189 1.6321e+05
28817.4218 13.5285 2.9121e+05
28823.2318 13.5180 2.0628e+05
28877.6018 10.8771 1.3171e+05
28901.1218 12.9443 2.7649e+05
28905.9818 12.3356 3.0002e+05
28916.6118 16.3786 3.4318e+05
28920.6818 11.2094 1.8014e+05
28931.4218 10.2502 1.8252e+05
28934.2918 11.2730 1.2840e+05
28938.4518 11.0496 2.9571e+05
28940.8718 19.4684 2.5442e+05
28946.0518 10.6747 1.2646e+05
28955.9418 10.5580 1.1722e+05
28975.7718 11.7392 1.0817e+05
29012.9118 11.8679 1.7907e+05
29071.8018 13.9032 1.8433e+05
29092.2418 14.5009 1.1223e+05
29136.5118 13.3439 1.4465e+05
29164.6118 11.7829 1.2942e+05
29200.6618 12.5966 1.1126e+05
29213.1418 12.2305 1.5802e+05
29231.9318 10.3268 1.0202e+05
29252.5618 18.0127 1.3449e+05
29346.0918 11.0079 2.0018e+05
29377.5718 10.3806 2.8588e+05
29440.0118 10.2408 3.1870e+05
29553.5918 10.7571 1.9619e+05
29591.9918 12.6236 1.9082e+05
29675.5918 13.4370 2.4767e+05
29690.4918 12.6311 1.7808e+05
29691.9118 11.4143 1.8951e+05
29766.0718 19.2144 1.8919e+05
29788.9018 20.5800 1.7436e+05
29791.9418 10.0770 1.1398e+05
29803.0418 16.1816 2.0010e+05
29809.0018 18.4450 1.0569e+05
29827.2118 12.2650 1.3239e+05
29854.7318 15.6936 2.1577e+05
29882.6618 15.2665 2.3510e+05
29883.4418 11.4650 2.2040e+05
29906.8818 18.6992 1.6406e+05
29913.2418 19.1740 2.6669e+05
29934.0218 15.0870 1.8551e+05
29934.9718 17.8822 1.5573e+05
29996.3618 13.6701 1.2028e+05
30022.0618 24.4544 2.4619e+05
30042.4218 21.3619 1.0948e+05
30058.6618 15.4109 2.8332e+05
30061.6718 18.7170 2.1499e+05
30084.4218 25.3762 4.0433e+05
30109.2918 18.5815 1.5426e+05
30125.1918 10.3792 1.1434e+05
30133.5118 13.6548 1.5954e+05
30156.7718 22.3310 2.4846e+05
30172.0718 10.9601 2.2556e+05
30175.0418 10.0639 9.2892e+04
30205.5518 13.7449 1.5535e+05
30244.3418 12.3049 2.0786e+05
30262.8918 10.7419 1.9710e+05
30288.3118 10.7019 1.6400e+05
30310.2318 12.3787 7.7441e+04
30350.5019 11.0713 9.7611e+04
30355.3219 11.0498 1.3078e+05
30378.8219 11.1087 2.6186e+05
30395.2319 10.3968 1.1433e+05
30416.6519 12.0363 2.1158e+05
30432.3519 19.6136 1.7316e+05
30447.0619 11.9494 1.4231e+05
30451.7819 17.0236 4.2389e+05
30467.0419 12.7213 1.6689e+05
30488.7019 18.9751 3.2210e+05
30504.8919 20.8762 1.8130e+05
30516.2519 16.2376 2.7351e+05
30522.0519 22.5721 1.9435e+05
30539.3419 23.4925 1.3730e+05
30554.0319 11.0565 2.2554e+05
30554.9619 11.2612 1.6953e+05
30555.8519 13.0060 1.3840e+05
30563.0019 24.6930 1.7113e+05
30577.2719 24.0415 1.5969e+05
30591.7719 11.0980 2.3232e+05
30594.1319 20.1358 1.4423e+05
30606.7919 20.7586 1.9527e+05
30613.8719 12.1664 1.0096e+05
30623.2119 22.1065 3.0205e+05
30631.2319 18.1456 1.7417e+05
30638.2019 19.1948 1.7211e+05
30643.4719 13.4426 6.0986e+04
30648.3219 12.2210 3.2768e+05
30651.8019 17.8937 2.2824e+05
30665.4519 23.4233 4.6914e+05
30678.0819 15.7350 2.1932e+05
30680.0119 15.8839 2.0706e+05
30683.8419 10.3519 1.5989e+05
30694.5519 19.2325 3.0309e+05
30708.0819 12.8776 1.2545e+05
30722.2819 11.4437 2.2441e+05
30724.1719 17.6135 1.8827e+05
30735.3919 18.9743 2.5369e+05
30745.0419 11.7246 2.4527e+05
30767.6719 10.0057 2.4959e+05
30770.6919 12.0012 4.0082e+05
30778.5119 13.4477 1.6523e+05
30796.6619 10.5100 2.4934e+05
30797.9319 12.3806 1.0107e+05
30803.9419 16.8681 2.2830e+05
30807.6519 18.7533 2.0366e+05
30818.2319 19.5442 2.3064e+05
30823.2119 11.1387 2.3046e+05
30839.6319 22.1887 3.5329e+05
30843.3419 13.7270 5.8834e+04
30856.7819 13.7018 2.6480e+05
30867.8519 21.0379 3.2949e+05
30877.0419 11.3740 4.4066e+05
30877.6319 11.9304 3.1410e+05
30894.2819 12.3899 1.7449e+05
30899.3519 15.6777 3.0632e+05
30907.3519 11.5905 1.7920e+05
30912.1219 17.1745 2.4740e+05
30923.4319 19.6106 3.9852e+05
30949.4919 18.7227 1.9185e+05
30968.0219 15.7495 4.0200e+05
30973.5319 12.8365 2.0529e+05
30982.5019 16.3685 3.7016e+05
30986.0919 12.6670 1.4779e+05
30996.8119 11.6856 1.7596e+05
31010.2719 11.5907 2.5627e+05
31015.0919 15.7153 3.8356e+05
31021.6919 14.7750 2.8157e+05
31038.5519 18.9035 2.1866e+05
31052.7919 13.7972 1.6841e+05
31064.5519 11.6017 1.2119e+05
31069.8019 11.4416 1.0768e+05
31075.2119 11.2596 1.9312e+05
31084.8619 10.0544 2.8603e+05
31100.4619 20.3704 2.7580e+05
31112.3019 10.9680 2.4260e+05
31124.5719 10.4474 2.2961e+05
31136.3519 18.6439 1.7460e+05
31148.9719 22.0102 1.8494e+05
31172.9319 19.2046 3.8795e+05
31174.6619 11.7705 9.7912e+04
31186.5619 15.8413 1.8175e+05
31216.4219 10.4701 1.7683e+05
31218.9819 12.6946 5.8882e+04
31227.1819 10.3068 1.0202e+05
31232.9619 17.3436 2.1562e+05
31262.6219 18.5030 2.5540e+05
31266.4719 10.8617 2.3318e+05
31271.5219 16.6993 2.1501e+05
31299.5519 23.3209 2.2215e+05
31314.0019 18.6166 3.0092e+05
31325.5919 21.5332 1.9006e+05
31328.8019 10.4919 7.1273e+04
31362.2519 11.9602 2.1855e+05
31385.3919 20.3530 1.6092e+05
31402.6719 16.5935 2.4233e+05
31408.7819 12.2863 1.1762e+05
31415.7719 16.7096 3.0108e+05
31435.1419 16.9266 1.1459e+05
31484.7119 10.6726 5.0187e+04
31494.1319 14.0471 1.8313e+05
31505.0719 21.3170 2.2808e+05
31522.1919 11.8165 2.1011e+05
31550.8119 11.5672 1.0860e+05
31573.9819 10.3412 6.6925e+04
31581.5619 23.5989 8.9554e+04
31597.8019 12.9220 4.4126e+05
31598.4919 18.9447 2.5164e+05
31620.7219 23.2587 4.3726e+05
31644.0619 23.2950 3.6988e+05
31668.9119 25.2297 3.6567e+05
31686.2519 13.7566 8.2180e+04
31693.9919 11.2585 1.1934e+05
31715.2919 15.7627 4.5161e+05
31719.0919 10.5928 5.4547e+05
31721.5919 20.7760 1.7254e+05
31742.5819 18.9808 2.5242e+05
31761.0519 20.6743 1.7693e+05
31776.9919 18.7094 1.2797e+05
31791.2119 10.0289 1.5953e+05
31808.8119 16.1336 1.0993e+05
31819.5419 11.1853 1.2881e+05
31848.4719 22.7131 2.8805e+05
31851.6519 14.4126 2.8575e+05
31869.1919 12.6536 6.1994e+04
31875.4419 22.3542 2.6106e+05
31901.1819 10.2152 6.0985e+04
31930.0119 11.8117 2.1254e+05
31943.8919 21.1124 1.3270e+05
31993.5720 15.4799 2.5243e+05
31994.6920 12.8741 1.5150e+05
32025.2020 14.2799 2.6600e+05
32037.8320 15.1849 1.3138e+05
32038.9920 20.3826 1.2566e+05
32061.0920 23.8345 4.0517e+05
32079.8020 13.2287 2.2805e+05
32106.9120 15.8132 2.1959e+05
32134.1220 12.2307 1.4414e+05
32136.9020 19.1596 1.3393e+05
32153.3320 12.4310 4.1509e+05
32154.6320 21.0832 2.1912e+05
32187.0720 10.9202 1.1193e+05
32202.3120 13.2163 1.3376e+05
32210.1320 18.6029 1.6017e+05
32235.8220 14.2658 1.5406e+05
32237.6720 19.4488 1.3169e+05
32271.6720 14.4698 1.5326e+05
32298.0020 21.8253 2.7589e+05
32337.2920 10.9290 2.2332e+05
32342.9720 21.6778 2.3888e+05
32563.3420 15.3696 9.8590e+04
32753.8420 10.4394 9.5778e+04
32803.1720 10.0748 1.9389e+05
32883.8620 18.3951 4.1660e+05
32887.8620 12.3133 1.8171e+05
32914.5620 25.0423 2.1246e+05
32929.5520 13.9239 1.3150e+05
32983.3320 14.5285 3.1419e+05
32998.4920 25.0817 1.3255e+05
33017.8620 20.5692 3.1925e+05
33027.0320 13.0290 1.0742e+05
33041.0720 26.0166 1.5456e+05
33063.8520 22.9603 2.4751e+05
33073.4220 16.4686 9.0667e+04
33080.5420 26.4189 3.6705e+05
33101.8020 13.0586 2.3822e+05
33112.8120 17.8738 1.0139e+05
33124.7420 26.3056 1.7544e+05
33134.7320 11.2595 1.8871e+05
33171.7620 26.3672 3.5188e+05
33200.0520 22.9293 2.7112e+05
33208.3720 23.6518 2.2672e+05
33247.0420 12.4245 3.7806e+05
33257.6420 24.4830 1.8858e+05
33265.4620 16.3467 1.5943e+05
33269.0720 18.9143 5.3913e+04
33286.4720 12.4202 2.4206e+05
33287.4220 12.9099 1.7361e+05
33300.0220 10.2240 6.4840e+04
33313.6720 12.3573 1.1080e+05
33326.0520 15.7534 2.5503e+05
33343.0620 20.1696 2.4723e+05
33350.8520 17.8871 5.7155e+05
33352.1520 18.8248 5.5784e+05
33400.9920 22.1224 5.4798e+05
33402.4320 13.9064 3.8275e+05
33443.8420 12.6999 8.9183e+04
33453.1520 10.5718 1.6520e+05
33480.8320 22.0580 2.1671e+05
33494.2320 24.1902 1.5596e+05
33509.9220 20.2947 4.2504e+05
33523.2620 11.6336 1.4954e+05
33560.0320 13.1626 3.2733e+05
33564.9420 23.6540 4.3701e+05
33566.5220 12.4064 4.6727e+04
33599.4121 16.1660 2.9408e+05
33624.9921 14.6858 1.4358e+05
33641.0321 15.9033 1.7712e+05
33645.0621 21.1656 1.1532e+05
33655.9921 23.0013 2.6702e+05
33684.5721 10.7269 8.6735e+04
33726.2521 10.1121 7.0572e+04
33749.7021 10.6100 8.4852e+04
33756.2721 14.9359 2.0858e+05
33771.8621 10.2347 4.8886e+04
33817.8721 21.6901 8.0350e+04
33826.7321 14.9790 1.8901e+05
33830.4921 22.5149 1.3275e+05
33862.9621 14.4112 1.2048e+05
33881.2621 14.8518 3.9171e+04
33909.2721 18.4370 2.2476e+05
33957.9221 19.9289 3.4071e+05
33998.9521 21.1438 1.1505e+05
34008.6721 12.5526 1.5959e+05
34019.4021 22.8641 3.1290e+05
34034.7121 22.2818 1.6288e+05
34061.0821 19.6127 2.6381e+05
34097.3221 25.2485 1.5330e+05
34107.6821 18.2610 1.0394e+05
34114.6421 11.5423 8.4593e+04
34185.1721 12.4026 5.0434e+04
34218.0921 24.4181 2.7320e+05
34224.7221 17.0608 2.4426e+05
34281.0121 20.6541 3.4014e+05
34301.1921 19.0178 6.9444e+04
34348.8421 16.1509 1.0432e+05
34352.9321 10.9977 2.3829e+05
34359.3521 16.4961 1.8794e+05
34362.2421 15.5318 6.5046e+04
34400.7121 13.6606 2.0588e+05
34429.3321 24.8580 2.5209e+05
34448.5121 23.4338 1.1288e+05
34462.3021 11.6370 1.4022e+05
34485.0621 24.5589 8.5675e+04
34525.8421 13.5819 1.2390e+05
34543.6621 23.5389 1.1297e+05
34638.9121 19.7977 1.3193e+05
34655.2321 23.4673 1.4818e+05
34729.4621 11.6288 2.5219e+04
34739.6721 22.7283 9.2185e+04
34777.9821 11.1344 8.5676e+04
34817.2721 14.7290 1.2153e+05
34844.8921 20.3122 1.2662e+05
34873.2521 11.9033 5.7562e+04
34880.1221 19.3441 8.3565e+04
34900.2921 24.3055 1.2888e+05
34958.0321 25.2403 1.0579e+05
35030.4721 11.8283 7.0593e+04
35099.9221 16.9028 1.2466e+05
35106.1421 11.7749 3.2193e+04
35122.5221 13.7407 4.9831e+04
35163.8021 24.8157 1.2781e+05
35175.7021 15.6777 8.4085e+04
35193.3821 17.0853 1.7780e+05
35202.4221 15.5513 8.1658e+04
35253.7022 10.8766 1.7111e+05
35318.8922 24.1412 1.0010e+05
35335.7922 11.8471 2.1366e+05
35437.4022 24.6941 2.2823e+05
35448.1422 23.2161 1.5483e+05
35505.8522 16.9186 1.7097e+05
35514.4322 10.3584 8.0649e+04
35604.2122 16.9316 1.3936e+05
35930.9322 20.4550 1.7189e+05
36089.0822 24.1870 2.0236e+05
36107.4122 15.6220 1.3550e+05
36202.4522 10.1613 7.0829e+04
36231.3722 13.7820 1.5940e+05
36295.4022 20.3128 1.4937e+05
36307.0222 15.9248 7.5764e+04
36344.9422 11.2695 1.2452e+05
36356.9722 14.4727 1.4088e+05
36365.7322 13.5449 8.7200e+04
36427.6022 11.6476 8.8388e+04
36439.7822 10.2665 1.7355e+05
36452.3922 21.0824 8.6913e+04
36491.8122 23.0591 1.7080e+05
36503.2222 10.8520 8.9829e+04
36546.0422 22.8050 1.5882e+05
36617.5522 10.9773 1.8739e+04
36628.7222 12.6163 7.7103e+04
36642.8322 10.0542 4.8508e+04
36710.4222 22.2078 1.2493e+05
36738.5022 19.1546 1.2514e+05
36764.4922 23.6598 8.7965e+04
36816.0022 20.0718 1.6424e+05
36841.9622 23.0197 1.0774e+05
36904.6723 22.7831 7.6333e+04
36945.4823 14.4056 4.6113e+04
36952.5823 20.9769 8.8432e+04
36956.6923 16.9220 1.0039e+05
37048.0923 23.6589 1.8153e+05
37065.2523 12.3132 1.7837e+04
37079.7623 22.0595 1.4797e+05
37094.9823 23.3431 2.8051e+05
37129.2723 10.7494 2.3337e+04
37192.1123 20.5659 1.0280e+05
37211.1823 17.5380 1.3990e+05
37223.7923 13.6891 2.4328e+05
37334.9523 15.4647 9.8179e+04
37347.8823 15.7907 1.2909e+05
37404.3623 10.0436 3.0448e+04
37492.7323 11.1777 1.1053e+05
37522.1923 14.9468 1.5882e+04
37532.1723 10.3516 5.6351e+04
37539.8523 14.9374 1.5037e+05
37541.4523 10.8983 5.2438e+04
37632.3823 19.9876 1.8974e+05
37668.0523 24.3631 3.1576e+05
37789.0523 11.7927 1.3973e+05
37877.7323 13.3377 1.2630e+05
37894.9023 11.9245 8.9923e+04
37931.7023 17.6784 2.0608e+05
37938.8923 14.8870 8.0236e+04
37965.8623 24.5637 9.3729e+04
38127.4423 11.2329 1.2411e+05
38175.0023 23.9957 1.8386e+05
38315.7123 16.4439 1.5673e+05
38400.6023 10.8481 1.7540e+05
38661.6024 19.0417 8.6723e+04
38877.5224 15.4884 1.5813e+05
38990.2324 25.6767 2.0523e+05
39055.9424 13.3935 1.9961e+05
39328.5124 10.3674 6.5730e+04
39541.8824 11.5158 6.9712e+04
39702.7124 11.4852 1.0315e+04
39760.1324 11.6935 9.6632e+04
39898.9524 13.0829 3.3290e+04
39988.3224 11.9931 8.3167e+04
39991.0624 10.1738 2.2805e+04
39997.1024 11.5463 2.8907e+04
40009.3924 13.3135 2.1825e+04
40042.6924 11.1627 1.0913e+04
40066.6024 13.8622 1.3616e+04
40083.0324 16.4016 1.2428e+05
40216.3025 15.5276 1.4385e+05
40248.6125 13.2434 1.2382e+04
40292.0025 11.5313 2.0295e+04
40462.9925 21.8670 1.3003e+05
40738.3425 15.8887 8.5250e+04
40925.4925 12.8896 3.3999e+04
41309.3025 11.2123 5.7663e+04
41466.8925 13.1492 9.9772e+03
41695.3725 10.6987 1.3188e+04
41701.8225 13.6975 7.6560e+04
42267.6526 21.6769 1.1159e+05
42343.0026 13.0590 6.8646e+03
42629.1526 16.6949 8.8975e+04
42729.8326 12.2013 1.2153e+04
42942.7526 12.0096 4.7415e+04
43026.4726 10.0179 7.2596e+03
43268.6426 10.4011 2.5506e+04
43373.5026 14.5507 1.0321e+04
43409.4226 10.2118 2.2682e+04
44019.8827 10.6524 9.9140e+03
44539.1327 10.0890 1.8417e+04
46970.5929 10.0769 3.2323e+04
46984.4629 10.6653 2.8112e+04
47253.1529 11.0410 8.8146e+03
47789.6629 10.4657 7.5858e+03
48188.8729 14.2255 2.5194e+04
48920.2630 10.0047 7.1621e+03
48950.1230 10.3590 1.9054e+04
49029.6330 26.2320 4.7104e+04
49109.6430 12.2735 2.4392e+04
49680.5730 11.2562 1.2533e+04
50331.5631 12.0402 8.2933e+03
50726.8431 12.7348 1.8655e+04
50874.4831 11.3975 8.7056e+03
50919.3031 11.0945 1.4702e+04
50984.1631 10.1633 1.1532e+04
51086.1831 13.6507 1.0779e+04
51266.1931 10.4436 6.8380e+03
51576.8831 13.0420 2.4791e+04
53845.5033 11.8797 1.5318e+04
53913.6933 16.8132 7.3092e+03
53991.5333 10.4469 7.3473e+03
54511.0333 10.6602 1.0480e+05
55978.0834 13.2885 1.3960e+04
56145.9734 13.0808 8.6585e+03
56728.2635 15.9047 7.3952e+03
56823.8835 17.6022 8.4358e+03
57260.6235 13.0833 8.4061e+03
58281.2436 11.8138 9.7786e+03
58413.0636 17.6688 7.5175e+03
59307.4036 12.6641 1.0941e+04
59472.4636 25.0576 3.9713e+04
59534.8636 10.8255 7.8820e+03
59944.9037 15.1909 7.9881e+03
61625.1338 14.3148 6.9881e+03
64505.3539 12.2507 1.8640e+04
66139.7840 11.5201 1.0339e+04
66190.8340 10.1361 1.2184e+04
66215.5340 14.1992 1.4125e+04
66230.1540 12.0207 1.5543e+04
67605.3041 15.1009 1.1744e+04
67654.7941 15.3748 2.5331e+04
67770.2441 17.6094 1.0240e+04
69667.4143 10.5482 9.6104e+03
69835.1043 24.4049 1.4327e+04
70364.3443 13.7798 9.5050e+03
70493.1443 10.2362 9.6060e+03
71520.8444 23.1813 4.7251e+05
71809.2344 12.9809 9.4102e+03
72303.3944 11.7120 3.0232e+04
72523.2144 16.5374 9.2251e+03
72624.1044 13.3773 8.7357e+03
73712.9645 10.0342 8.7592e+03
73882.9445 16.1369 9.6594e+04
74072.0145 11.5151 9.5947e+03
74286.7145 10.4391 1.2757e+04
75854.0546 21.4507 1.5515e+04
76427.2847 16.0530 1.0011e+04
76986.7547 10.9856 9.5585e+03
77683.7547 10.1824 9.7879e+03
77734.2347 24.2478 2.6481e+04
77761.4947 18.6695 9.3156e+03
77805.5947 19.2442 1.0181e+04
78049.4948 16.4600 9.6764e+03
78152.4848 16.2402 9.9154e+03
78563.8148 12.2360 9.7007e+03
79156.5448 15.2721 9.6556e+03
79172.2348 13.4912 9.8870e+03
79329.6448 10.6284 1.0451e+04
80704.9749 12.0894 1.0649e+04
80828.4049 16.2806 1.0429e+04
80840.3349 16.6852 1.0010e+04
82713.9950 25.0617 1.0862e+05
83900.9051 11.3467 1.0504e+04
84505.5152 10.2679 1.0482e+04
84515.2152 21.1810 1.6533e+04
84850.1352 13.3243 1.0938e+04
85360.3552 17.2684 1.1687e+04
85375.8952 16.9999 1.1037e+04
85556.6852 12.1215 1.1653e+04
86322.3253 16.0066 3.5142e+05
