93.3600 10.3014 9.2458e+04
122.3300 16.5382 1.1108e+05
124.7600 11.5736 8.5761e+04
303.3600 16.3873 1.1467e+05
306.2600 12.1157 1.6521e+05
309.0500 12.4281 1.7350e+05
312.1800 11.0817 1.7718e+05
315.3300 11.2442 1.8006e+05
318.4200 10.7965 1.6593e+05
395.9700 13.3324 7.4845e+04
458.5400 12.6732 8.6244e+04
465.1300 10.7747 8.4413e+04
481.7600 18.0357 7.1392e+04
489.1900 14.7590 8.9649e+04
505.4400 10.1260 6.5148e+04
515.2100 13.4027 8.2118e+04
521.3500 13.3702 8.7032e+04
534.5300 11.6877 8.0738e+04
538.2700 11.7819 7.9025e+04
547.0700 17.7293 9.0294e+04
550.6700 12.7536 8.8098e+04
554.6600 12.4288 8.5746e+04
558.3100 11.1748 8.2895e+04
564.1500 10.0814 9.2335e+04
574.3800 15.6225 8.9638e+04
577.0700 11.6034 8.1521e+04
585.2100 13.2576 9.0294e+04
588.0800 11.7163 8.0007e+04
596.2200 11.9960 8.4231e+04
630.0100 12.4248 9.3940e+04
632.4500 16.2774 9.3940e+04
635.9500 13.6723 8.5040e+04
639.7900 12.1997 9.3100e+04
643.3700 10.8583 9.2790e+04
646.9300 12.9193 8.9278e+04
653.6200 12.7021 9.4993e+04
660.3700 11.5314 8.8680e+04
667.6400 11.3460 9.1654e+04
671.6100 10.3303 9.6287e+04
675.2600 10.2164 9.5296e+04
679.3200 12.3054 8.9809e+04
685.8600 15.4955 8.4348e+04
697.2300 16.6381 9.0641e+04
701.4300 11.6339 8.4690e+04
705.3400 11.0947 8.2645e+04
711.6600 15.0921 8.9099e+04
716.9100 11.8177 1.1914e+05
728.0700 10.3885 1.1096e+05
760.4600 16.7427 7.6857e+04
763.7900 12.9104 7.9976e+04
774.3900 17.6446 9.1831e+04
779.8000 13.0772 1.0657e+05
782.4400 12.0639 1.0641e+05
799.6600 17.9082 9.7172e+04
802.5700 12.0484 7.9044e+04
854.9101 13.5488 8.4117e+04
858.4701 10.9513 8.4117e+04
863.8701 11.3480 8.0795e+04
867.5201 11.4236 7.3464e+04
880.0401 15.6350 6.9681e+04
886.2701 11.3457 9.6033e+04
893.7201 10.0667 9.8704e+04
897.3601 11.7942 9.1597e+04
901.9601 10.0897 1.0718e+05
907.9601 13.6522 1.0525e+05
912.4001 11.5097 1.0664e+05
916.4101 10.9033 1.1786e+05
942.9601 10.6768 9.0242e+04
1088.1401 16.7006 9.1503e+04
1091.4401 12.2851 8.0505e+04
1095.1801 12.3769 7.5699e+04
1099.3801 13.4582 8.1178e+04
1103.1601 12.2495 7.5354e+04
1107.7801 13.9340 8.1241e+04
1119.4601 10.8322 9.7551e+04
1127.7901 12.3636 8.3525e+04
1131.1401 10.0595 9.1717e+04
1194.2701 14.3298 5.7375e+04
1204.2401 12.5540 6.5092e+04
1213.4701 12.1769 6.2646e+04
1219.0801 16.5274 8.3041e+04
1258.8101 10.2083 8.8424e+04
1261.1901 15.4516 8.9787e+04
1264.2201 10.5116 8.7015e+04
1269.8401 10.1199 9.7915e+04
1275.2601 12.6557 9.5805e+04
1278.5601 11.9945 9.4883e+04
1297.5901 10.8886 5.0606e+04
1304.9101 14.0050 7.3299e+04
1308.7601 11.7403 7.0470e+04
1312.4101 11.9753 8.1348e+04
1320.7601 10.8046 6.7000e+04
1325.9201 12.4170 8.0935e+04
1329.2401 11.8026 6.9243e+04
1333.7701 11.6724 7.8869e+04
1337.9201 12.1338 8.2464e+04
1363.3901 13.9723 5.7731e+04
1369.9901 16.2574 7.6336e+04
1373.1601 11.5081 8.1746e+04
1376.5901 11.9510 7.7345e+04
1455.8201 10.8057 1.0236e+05
1460.0701 10.9711 9.7124e+04
1464.7301 11.1412 1.0818e+05
1469.2801 11.8315 1.0338e+05
1489.5301 13.0000 7.4356e+04
1501.1801 15.1775 9.4381e+04
1504.6301 10.4519 6.6603e+04
1509.4601 16.0216 7.8069e+04
1514.9601 11.7252 8.4776e+04
1518.8901 10.3633 7.8253e+04
1527.7301 11.2986 8.3169e+04
1542.7601 17.0906 8.4523e+04
1562.9401 14.5501 8.2373e+04
1572.7901 13.5294 8.8600e+04
1600.9301 17.8465 7.1981e+04
1604.9301 14.5054 7.3829e+04
1608.4701 12.7851 7.3715e+04
1611.7401 10.7398 7.4396e+04
1614.7201 10.9271 8.4115e+04
1617.8501 12.0089 8.5909e+04
1621.0901 12.5751 7.7854e+04
1625.7101 12.4483 7.6309e+04
1631.8101 14.5608 7.1094e+04
1650.6401 10.4355 7.8661e+04
1653.0501 17.6690 7.8661e+04
1658.0501 13.9121 9.1969e+04
1662.1701 13.5306 9.2465e+04
1666.6501 11.7663 8.6511e+04
1670.3801 12.1848 9.8282e+04
1674.9001 14.8297 9.5848e+04
1678.6501 11.8014 8.9502e+04
1682.6601 12.6539 8.6063e+04
1687.5101 13.2527 8.7862e+04
1692.2801 14.6081 9.9830e+04
1696.9701 13.5168 9.1027e+04
1700.6401 12.0090 9.1027e+04
1707.4601 16.7034 8.6083e+04
1718.0301 17.0488 7.2710e+04
1723.3901 12.7350 8.2878e+04
1727.3801 10.7057 7.0993e+04
1754.6501 19.3179 1.0207e+05
1824.0001 14.3780 7.5312e+04
1829.3501 18.2203 1.3521e+05
1833.0801 13.9433 1.2540e+05
1838.0101 16.0362 1.4031e+05
1865.7201 18.3701 7.8300e+04
1870.6601 14.1762 7.5375e+04
1875.4601 14.6989 8.3609e+04
1880.3901 14.8914 8.7158e+04
1884.0101 11.3700 7.1921e+04
1901.1001 17.5228 9.0090e+04
1904.4201 10.7172 8.4300e+04
1908.5101 13.3412 8.5991e+04
1911.6301 11.6022 8.8935e+04
1915.1801 13.5897 9.0364e+04
1918.5601 11.5215 8.3348e+04
1927.8501 13.2921 8.3883e+04
1950.6701 14.6799 5.8247e+04
1956.7501 11.6352 9.7135e+04
1962.9301 10.5912 7.4524e+04
1966.6301 11.8557 7.3759e+04
1986.4601 15.0248 9.1530e+04
1992.6401 15.4531 8.7392e+04
1996.6601 10.3421 8.2775e+04
2011.6201 13.1528 9.1896e+04
2014.8001 10.3869 9.1896e+04
2019.9901 12.6240 8.7167e+04
2028.0201 18.0076 1.1355e+05
2039.2501 14.8827 8.2057e+04
3280.2102 10.6262 1.2770e+05
3288.1002 14.6519 1.6580e+05
3290.1402 20.1507 1.4192e+05
3300.3302 14.2147 1.1035e+06
3303.1002 11.5251 1.1035e+06
3505.2102 12.1859 7.0440e+04
5116.5203 11.7341 6.6769e+04
5388.9803 10.6304 3.9485e+05
5806.6404 15.8745 1.4081e+05
5828.2704 18.6051 1.8210e+05
8445.8705 11.0099 4.9573e+04
8876.7005 13.1731 5.5200e+04
10402.7306 13.8533 3.7124e+04
11744.9807 17.9784 1.7770e+05
11747.1007 11.3197 1.7728e+05
12333.5908 11.3367 3.5517e+04
15376.0509 12.1403 8.8549e+04
16305.0810 10.9695 6.3510e+04
16850.6610 11.8119 4.4261e+04
21042.0813 10.6130 2.7183e+05
23918.2115 10.2349 2.5908e+04
25628.5316 13.1931 2.9802e+04
26464.4616 13.5301 1.0972e+05
28023.5517 11.4141 4.6738e+04
29116.9618 11.8741 4.9927e+04
30730.6919 12.8140 5.3991e+04
30770.7419 11.7910 2.5542e+04
30802.7019 10.6708 2.5061e+04
31178.8519 12.0191 4.2463e+04
31194.1019 10.6101 2.2169e+04
31419.2819 10.6254 2.6096e+04
33758.8721 12.8069 3.9513e+05
34033.2021 17.6600 2.9323e+04
35796.6222 10.1284 2.7507e+04
37384.2723 12.1953 4.6378e+04
37663.6223 13.4233 7.2133e+04
39776.8024 10.8280 6.2493e+04
40827.6025 11.6617 6.0243e+04
40858.1425 13.2980 9.2323e+04
40870.2925 10.4678 7.7578e+04
44826.4427 11.5154 6.0541e+04
46212.4228 11.8280 5.8398e+04
47288.3429 12.0169 9.4070e+04
49595.4930 10.1444 6.8171e+04
50117.6731 13.7266 6.2737e+04
51148.7031 11.5402 4.3884e+04
57175.0635 11.0293 2.6596e+04
58835.2536 10.4885 3.9713e+04
59299.0736 10.5012 4.3295e+04
59550.7936 13.7687 5.1342e+04
60113.0737 18.7209 5.0657e+04
62375.5738 18.8566 6.0775e+04
64074.6739 18.3670 5.5551e+04
64640.9039 12.7690 3.3217e+04
64695.2139 13.7975 1.5774e+04
64739.0140 11.0860 1.7945e+04
64897.4840 10.4111 2.5386e+04
66204.4240 10.0297 1.6913e+04
66400.6641 11.1184 2.0270e+04
66597.6341 10.7786 3.3041e+04
66619.4541 11.7407 3.7448e+04
67496.1841 11.2930 5.2259e+04
67499.4141 16.3347 5.2259e+04
68138.2442 12.0554 3.0648e+04
69835.8943 14.6123 7.2652e+04
71519.7044 19.8293 5.1940e+05
72775.2044 13.0602 1.8678e+04
73832.8745 11.9856 2.4479e+04
73885.0245 18.0988 9.2765e+04
74461.8945 10.5320 8.8149e+03
74596.6046 11.4324 8.4153e+03
75030.3246 15.9469 1.6244e+04
75048.4046 10.9424 6.6745e+03
75097.6446 14.3304 1.1795e+04
75109.4146 11.6526 7.6202e+03
75301.9346 12.3120 7.9064e+03
75365.8646 17.3230 1.3488e+04
75393.0046 13.3490 9.9202e+03
76146.4746 13.2423 1.7678e+04
76402.1447 10.5149 1.9758e+04
76593.8247 16.0175 1.0422e+04
76615.8447 10.7621 1.2347e+04
76739.9647 11.8738 1.1061e+04
76762.6347 10.6580 1.9142e+04
76768.1147 13.0549 3.6109e+04
76771.5847 13.0590 3.4769e+04
77220.1447 10.3317 9.2392e+03
77264.1347 14.8775 1.1478e+04
77265.0347 12.1139 1.1478e+04
77312.0447 16.7011 1.3180e+04
77434.8947 13.9956 1.1520e+04
77503.1547 10.7726 1.5321e+04
77577.1747 13.8365 8.5103e+03
77698.3547 11.3211 9.9111e+03
77733.6747 11.7105 8.8576e+04
77735.2647 11.9794 8.8576e+04
77825.5248 11.2663 7.2652e+03
78044.8148 11.5081 1.2520e+04
78118.0948 14.4860 9.8735e+03
78289.4648 12.4977 8.7441e+03
78310.7548 13.8778 1.0123e+04
78353.9148 11.7584 5.9896e+03
78396.2148 15.4133 9.9416e+03
78422.5048 11.2819 1.4611e+04
78844.5848 11.3434 1.1672e+04
78857.8048 12.9271 1.0736e+04
78896.7448 10.0361 1.0776e+04
78899.6548 14.0838 1.0776e+04
79018.0148 10.2162 1.5640e+04
79131.8348 13.1509 1.3910e+04
79196.0048 13.3453 1.2114e+04
79501.4549 15.5980 1.9026e+04
79702.5649 13.2700 1.1101e+04
79844.0849 10.4395 1.1827e+04
79868.9649 10.6243 8.0730e+03
79873.9049 11.6010 8.7015e+03
79889.5549 11.3080 1.2177e+04
79897.0249 12.8102 1.7021e+04
79927.3449 16.9079 1.5926e+04
79931.3649 11.0632 1.3952e+04
79939.7449 13.0127 2.0922e+04
79945.2049 13.1803 3.4378e+04
80019.1349 10.0158 8.7202e+03
80274.4349 10.1244 1.0331e+04
80317.6649 10.7364 1.9627e+04
80401.0949 17.8127 3.8492e+04
80906.0849 16.2097 3.4907e+04
81057.5649 11.3752 2.1742e+04
82087.5850 13.1640 1.1116e+04
82375.7150 10.2986 1.5097e+04
82663.4650 11.9069 1.6103e+04
82712.9950 18.9598 1.9784e+05
83117.4851 10.7687 1.3345e+04
84571.9152 10.8408 2.2858e+04
84677.8452 12.0955 2.0950e+04
85044.0652 12.9813 1.1473e+05
85054.4052 13.0122 9.5177e+04
85066.3852 19.2575 1.6513e+06
85076.0952 11.8433 9.8672e+04
85077.0252 12.8348 7.8560e+04
85181.9352 11.4181 5.0086e+04
86322.7853 11.4645 2.5674e+05
