260.7200159130869 7.596505008133508 64422.160871185144
313.77001915100215 8.126815617199046 112865.020854198
366.1100223455824 7.461734116683927 116866.51259299407
390.6600238439956 11.00906665742516 588632.1789977618
422.9200258129899 8.289828061881579 117100.51641759161
584.3000356628439 9.20496625888384 187970.84161529844
655.8500400299097 7.8556596532203296 64531.59071814095
955.3200583081091 6.1037181424511004 82549.46103746467
965.3000589172399 8.19182826906325 129279.38576577549
1234.36007533936 7.677799036661179 86480.23526952832
1461.1000891784722 6.285977214832308 96277.28789547292
1549.230094557501 6.485162603782871 127537.1225113166
1585.150096749884 8.62662394168247 110646.66980899932
1623.7300991046202 6.119739878960456 224027.04388593134
1635.9600998510803 6.987181062227362 138760.49486661606
1675.6101022711243 6.2084940075276895 245093.79959715955
1677.900102410895 10.965854432236021 1415795.9711681872
1696.790103563849 6.923460710324315 670535.6311393072
1724.2001052368228 7.665664148059847 345420.1476447412
1749.860106802985 10.8676947072332 546442.1857696268
1768.8801079638738 10.933611764273722 2826807.300606936
1778.7901085687322 7.071945356449569 491347.6602263589
1881.6701148480295 6.822907425645656 244998.8830369701
1957.5701194805981 9.61443348924731 534181.7091761936
2048.980125059822 8.28101400340559 330703.4391694459
2138.7201305371173 6.081471000256808 71237.03310044897
2148.670131144417 6.285463793999926 127230.91312072228
2195.2401339868247 6.183461262919339 545215.0441897358
2342.920143000497 8.626246986426873 87862.85739239675
2351.6001435302824 7.599704756563551 86929.33306105022
2430.430148341684 6.719091277842384 220567.93492503243
2449.66014951539 8.521067365167445 178936.87535158487
2616.640159707041 6.204396645967263 428501.98147509614
2667.6301628192236 7.328800557477309 474960.28575105604
2690.580164219981 7.22769775320358 352665.0870899795
2793.6401705102644 6.312972895604503 142955.96828546916
2794.7501705780132 8.776436267327018 343372.5617726361
2796.560170688487 6.7334863467742085 202752.00709727276
2846.1301737139997 7.058448582045989 43113.818066416454
2952.3601801977647 6.112534393638012 223880.46473245637
2971.6901813775744 7.835254156283278 117074.43306126265
3022.7901844964713 6.399326552340147 119184.71159539626
3064.3501870330924 11.334330694877643 643597.1609295734
3104.9901895135613 6.508752012724799 398190.6985208151
3106.030189577038 7.152825064394635 286228.0051678266
3169.380193443615 6.012845586954158 131447.47101593795
3279.3802001574827 6.883502540713027 217567.43955109754
3308.540201937268 6.705215780633453 149916.89048845944
3566.500217681898 6.3056134089717615 163857.29766948367
3620.340220968031 6.86594307797778 141527.77458684662
3630.210221570448 7.461145257556208 235581.03059987683
3694.880225517592 7.007470622509862 198576.7123395838
3730.2202276745743 7.443461778025035 373261.4388341147
3843.070234562392 6.809573204024958 363370.66758955753
3944.040240725112 6.2529323672124555 187424.0709094506
3984.820243214126 7.613805654136121 121288.94488024597
4188.980255675065 6.231881545969999 99422.04117043347
4235.430258510148 8.675795170393325 648219.8179939091
4250.0202594006505 6.567350579284949 159876.91230761172
4255.360259726578 8.923616947922364 456291.22590031143
4291.570261936661 8.288439252460988 313807.81342198973
4336.920264704606 7.913401146393295 110766.02062511572
4395.06026825319 7.132811035688914 78984.89528025521
4429.340270345476 6.130164526857218 58662.12605822007
4488.800273974626 9.042713463961077 129632.80534463184
4587.2302799823165 8.35961143430393 133849.65388013335
4616.840281789568 8.746635920110968 113778.41157856518
4629.640282570818 8.05700474633054 411818.6876249798
4744.210289563616 6.13092341423234 91136.00295278692
4752.760290085467 7.380929042227574 480055.67489348265
4782.930291926898 7.9058074864525505 78342.95750236146
4847.780295885028 6.3033320693381265 117973.67530268102
4946.800301928729 6.628546205601098 380383.82348470204
5202.020317506123 7.080636201831993 160468.68393629717
5217.400318444844 6.764914831557916 267975.7086778881
5247.770320298481 6.146799245828989 98114.64605649612
5307.400323938008 6.919838170256603 131528.28951720675
5319.11032465273 8.362550416970743 214418.91390858786
5364.690327434712 6.089107025008082 92069.67670835851
5400.120329597188 8.495797408113742 192316.31541554423
5429.010331360494 7.2563552186455995 2251771.278671443
5444.680332316915 6.127761985314791 418930.73489551124
5459.410333215963 6.890596996879058 414059.1893483449
5466.620333656027 8.517623209853644 1541165.2000312943
5488.650335000631 10.946020141240066 7389409.031593048
5544.720338422872 7.165080622090102 217311.00371875925
5610.870342460348 8.9419452868496 442555.55847909354
5669.860346060812 10.18777391231253 1785721.7959573576
5816.110354987204 6.322799452430354 298225.9419325928
5955.520363496116 10.943141183931484 1091836.337397834
6046.300369036888 7.404860714230514 143315.53491518932
6199.990378417381 6.104857431235657 479618.219130279
6246.640381264671 8.510758375414788 447391.802956937
6285.0003836059805 10.886905776843385 1476501.260054845
6296.160384287133 6.8193386269485154 631935.7158986178
6311.100385198998 7.546705488105928 2001158.557629916
6343.140387154564 8.76993836704322 1070074.829043297
6369.810388782373 6.2154424071567345 516112.6438886954
6378.770389329247 7.7098727008999095 782391.6894520867
6391.3603900976805 7.262711451584995 1420414.4873925406
6416.510391632714 10.391212394166931 1871463.2556145457
6526.640398354517 6.090216405950553 939504.9762464081
6531.8803986743405 6.3126235515598035 641690.377602627
6728.330410664698 7.410914735431868 390169.74396659463
6767.370413047511 6.271055183210943 101546.93006015389
6804.630415321681 6.928498492787601 554381.7070889391
6820.750416305567 9.591956257676653 1166396.1050777484
6885.210420239894 10.884344793142644 8445804.231566422
6931.500423065211 6.036449346325759 496133.8016212151
6980.990426085841 10.432699195841488 4131068.6365078874
7008.690427776515 8.297352989981208 1806304.368248831
7070.490431548488 9.051326205119015 5594122.639923634
7130.500435211208 6.728055388366323 138580.20942549122
7232.460441434353 6.162138817754067 821247.6450834471
7233.24044148196 7.328514836115152 714833.6788465139
7294.08044519534 8.312282391882345 377899.261130713
7315.800446521023 6.172527354740271 205461.15529045984
7324.150447030667 6.134268880552105 1004774.1293552003
7331.520447480496 6.495188158139159 1494374.3959480342
7344.060448245877 6.127324000996967 1068751.2075771587
7348.520448518094 11.209577883288802 14147191.290576516
7358.340449117459 8.965723237628877 3292439.6448462475
7393.280451250028 9.798409913146712 1328924.1844402242
7447.630454567288 11.516815976993438 4694985.258299781
7491.110457221097 6.346047666534241 628600.4259445328
7519.690458965482 7.457763742792491 141559.50900760677
7528.560459506864 6.7760989605692075 204146.85347570805
7577.470462492093 11.194248273344503 1206573.5633108483
7606.510464264555 6.197677865325741 297252.86819402635
7687.220469190703 7.563047377637611 1026209.2113773874
7697.08046979251 6.878957227175285 2245188.619080596
7745.470472746 7.072612850472725 448338.9544239917
7829.600477880888 7.035330819742534 380296.0705515006
8012.23048902774 6.23243172510238 1409500.312070126
8069.890492547027 9.312341475395783 1113386.4231447019
8135.39049654483 7.385392258892917 433612.31894708273
8183.940499508087 7.3024443409439925 1077913.4064869338
8187.540499727814 6.397633942134261 1382918.6325625204
8223.670501933015 9.283531879640819 1602260.693702634
8282.71050553653 8.121195188104501 2143356.3996401345
8307.230507033111 6.023957826631331 321692.1891751715
8441.850515249665 7.021157587503221 184014.56604317503
8448.380515648225 6.820242324810122 772981.2135109433
8481.650517678865 6.655490212628233 368327.7725826684
8518.000519897492 6.005267964154367 975767.0563086717
8550.32052187015 6.989501167720278 354888.5257655202
8632.890526909821 7.34173619000561 1184363.1368787473
8911.110543891024 6.088003590620308 201189.13786840966
8933.800545275912 6.121204672124787 75962.11723689313
8945.750546005282 7.505924556323257 428891.56014915113
9213.89056237125 9.509399201124927 345215.065750423
9470.250578018224 6.033549492396014 1128187.7819704968
9471.120578071324 7.057964912049623 383592.54475605907
9482.120578742712 8.339505665173073 794525.4097879775
9504.960580136754 7.770257205475951 300788.617865285
9512.630580604893 8.129603825819576 249283.75184854714
9520.090581060216 12.738088377885564 14414106.218702342
9559.230583449133 9.457618385045727 556670.2269060487
9591.760585434606 10.079659390383513 587565.103788574
9593.350585531653 6.883077465356798 651136.4196506499
9596.15058570255 9.828082069913165 9607203.314023517
9598.090585820959 9.659956953456478 9207191.589458734
9619.810587146641 9.554648301059279 8785771.80498945
9620.390587182043 7.250653422799552 5208177.755954677
9635.050588076818 9.046076709072963 20557065.465297773
9659.960589597204 10.964176407885752 10691080.999475755
9660.870589652746 11.909361537003583 10685779.257226763
9669.860590201451 9.971874552476555 3334151.4999924665
9687.890591301915 6.373505560196662 6274231.549223519
9688.900591363561 12.314935796044368 5258373.092112232
9717.59059311466 10.814115548884613 817827.8383358031
9722.980593443639 12.756603674347163 24862270.30031193
9740.830594533118 12.406819217998146 44837240.68257972
9758.510595612219 12.156910863832627 73487268.2752166
9784.69059721012 7.8615661153527485 3692176.4677653504
9785.400597253454 9.558885185134182 3512313.6499168584
9803.510598358802 12.208653558719531 7191800.202534851
9836.390600365638 6.09742479866112 410070.31675241544
9846.280600969276 6.1970990629815415 218707.29774232517
9924.06060571659 12.595623706663169 52616621.95548833
10041.430612880287 7.692712893223142 2045658.1617368076
10050.000613403357 10.821213880681032 4966821.828470357
10059.42061397831 7.32764412240702 2682703.706918333
10085.460615567665 6.7883129508462225 13307502.794941567
10086.520615632362 12.589492540943011 13307502.794941567
10092.910616022376 11.911947515007864 19269785.3113901
10133.770618516273 12.826626198805423 40822941.53458118
10150.74061955204 11.378169562335579 9843376.474313172
10179.610621314125 12.882305123640817 105507693.25578804
10188.070621830482 6.072555303431037 34927513.02050576
10260.080626225625 6.887770818534106 588823.3104652704
10278.090627324867 11.306611972381441 2117848.538196826
10281.0206275037 11.923335067418222 11484005.848963909
10291.990628173256 9.368744467193567 6746442.639571238
10357.48063217045 11.829387127986855 1221343.4246466195
10360.040632326698 7.4388648448786725 2633633.249639111
10360.92063238041 8.81731339204417 2361834.7842628267
10363.230632521401 8.668778621306648 10238328.078288203
10377.98063342167 9.161069277166161 1046753.7622508244
10401.870634879799 10.854477950933738 17962574.246808432
10566.140644906045 7.77611595839569 2261067.463828976
10591.160646433145 9.327026070953739 1088142.10330596
10638.560649326211 6.789425650662658 900128.54258241
10685.500652191202 8.0621638182146 4154728.6380195837
10772.250657486002 12.688727406768276 70394611.69593765
10828.890660943034 11.46820300182442 13833525.693818152
10829.460660977824 8.303881266940492 15703977.544004345
10857.360662680705 9.266117443599587 2701453.820834569
10900.560665317424 8.080901864550928 4830474.5299450075
10916.950666317789 8.080393500739117 924064.2397150492
10932.640667275431 8.792423410306803 2300343.262849542
10963.660669168741 7.332887187510647 1598998.6963784127
11217.780684678997 10.630685148134567 2449453.4906905214
11264.620687537883 8.332850980849747 1983187.8953032065
11337.670691996502 6.2705615141220274 579283.4555351475
11640.830710499922 6.438775961768336 820012.8054213086
11738.460716458783 7.436498779185884 2448702.714672219
11829.780722032514 8.9300996629577 518060.35250727885
11839.0407225977 8.199856846206515 2547265.6474241945
11874.890724785811 6.726834867409116 351171.9614467632
11888.110725592696 6.728120427175812 560475.5212954378
11901.770726426435 8.074257209717606 503690.56546347385
12055.890735833174 7.104270994232674 517962.8237989202
12153.440741787155 12.166495027952271 14477279.525199635
12228.150746347092 7.890203513671202 1955743.1928864925
12228.730746382493 6.741272268595365 1955743.1928864925
12504.480763212938 9.08755231253534 866169.1803625292
12536.470765165452 7.101120360650861 438426.08740719
12619.230770216722 6.806751266125787 1148822.940111509
12632.730771040697 12.265049454815987 7626647.652804415
12881.010786194505 6.660106799257905 1258960.1616902994
13032.240795424854 10.819608639779979 10728837.133843154
13033.140795479785 8.575514195729593 10728837.133843154
13096.060799320117 12.94963882936686 69297689.17912121
13110.40080019536 10.516577351303152 35944680.64247826
13158.300803118946 7.9667143548858155 590737.6100592451
13182.940804622853 9.051823070300298 1595000.0771070244
13276.72081034673 6.117328933342464 865500.9128543903
13474.210822400562 6.993595928256438 2428513.145798825
13530.230825819752 7.7505917198080265 1905215.8768253254
13558.640827553761 6.3297968026583735 454430.25429439644
13575.510828583425 6.216806978052365 3383708.1541059962
13731.540838106741 8.438366245023621 1011042.7668435534
13936.820850636039 6.844180459399785 3141385.9110280876
13954.980851744436 7.225221522205785 2996687.200696983
14146.820863453422 7.2651751353408045 2667451.225755677
14267.730870833184 8.117887817338751 1482031.1602183846
14272.620871131645 7.090646508351739 3751038.293624667
14328.700874554497 7.489347659396174 670581.2958699606
14478.210883679863 6.673098242595698 393351.1046371066
14488.830884328057 6.672236656251195 364990.21760151186
14543.620887672174 6.196824572352021 198348.22475434595
14705.420897547661 9.737708450198607 1452478.8858115666
14717.940898311823 6.358166908884533 236778.98515876723
14778.120901984918 9.596545345196143 4805552.541627194
14838.040905642145 12.088233600117473 12419640.459377468
14874.680907878474 12.937710585213242 29079704.57112341
14900.140909432428 7.299146929258731 708395.794799495
14927.910911127376 7.034573751468459 1731056.2994517605
14950.650912515315 6.340278565656469 347218.817045891
15093.060921207332 6.2381438192588465 401053.2783515752
15171.650926004086 6.293328751540829 136630.43318822118
15174.3709261701 7.175557689113026 224395.3937444482
15272.50093215948 9.087081614147648 184673.05817319974
15279.120932563534 7.748768935388314 492864.4689529311
15352.610937049007 6.611852700733397 417923.4889765839
15386.480939116269 6.370347271573426 575244.803826403
15408.820940479794 6.0571126011644525 1146910.4012156238
15428.250941665707 6.177742411714661 1632549.7258856304
15463.470943815366 7.17885017914062 8034481.852475628
15466.150943978939 10.640110804926122 5299143.745477718
15537.560948337461 6.70682274603358 605912.1732655708
15538.17094837469 7.7194014083465285 499109.10695180646
15603.670952372495 7.4754459548778085 476133.8342712617
15701.590958349057 6.242120300655009 339862.75701477396
15803.030964540465 8.042595516797974 423411.586379303
15824.170965830748 6.502481424408339 1430134.5146877165
15958.400974023498 6.0351495537090925 2347777.510456799
16382.660999918275 6.956416502967485 168739.02735308165
16950.951034603946 6.601398052871407 268046.1930640156
16952.651034707706 8.114383178545237 388379.18829226255
16989.611036963564 7.981177893671268 609687.5801230702
17032.041039553285 6.7580721314323275 137281.7592616137
17848.511089386662 6.096790015656078 208752.58939910895
18174.751109298773 6.3242218953159455 142002.28068818405
18175.4511093415 6.000620515286411 87495.8741291585
18182.651109780953 9.66142685475248 693725.6278985172
18200.041110842354 6.760744708912265 419661.12186929386
18293.271116532662 7.232617170715233 133141.50734934397
18444.36112575446 6.852853423890296 601817.778020784
18452.56112625495 7.798435671652964 642467.2257240169
18500.691129192575 8.872909540338789 259986.09233715673
18523.95113061225 6.5015912293582945 123494.4081853133
18535.61113132392 9.11980910582501 227715.7463326909
18537.87113146186 7.12637484799998 139412.2222297361
18576.76113383552 7.96998863275736 456035.2724823107
18621.091136541207 6.821375130759972 162796.86096259695
18629.321137043527 7.606628236614337 358470.1068796045
18664.561139194404 7.415872175342416 125696.35440054072
18666.741139327463 10.419780954526061 455583.18641574087
18669.051139468454 8.400745316390324 646675.5521732349
18685.721140485908 6.42021559626277 363096.46561607334
18727.751143051217 10.46058278388066 161297.2128215795
18732.611143347847 6.413562152325278 101516.69552685971
18752.24114454597 9.955318954693976 145825.4286614848
18775.831145985787 8.248834043650913 137068.25056175858
18823.021148866035 6.722459690996493 91031.28664968396
18875.7311520832 8.217176279205422 122333.3616164675
18892.721153120187 6.35610258544643 91647.23147359464
18932.121155524972 6.745501092208118 148538.37112877882
18941.96115612556 8.142513144396696 135034.70524292084
18976.261158219066 6.185033955245253 67774.16022886551
18997.46115951301 7.772493038631613 1174490.398503544
19491.711189679638 9.126259328409253 713251.9867928032
19522.44119155525 6.217246889548316 361412.36862731597
19553.321193440013 7.555882300043493 4372231.291116353
19575.02119476448 8.816897055361645 664534.9220386271
19578.941195003736 6.002270125162112 362506.2520814197
19608.98119683723 7.593190330951403 202490.53392919482
20118.411227930374 6.648575796117405 539358.0450100059
20120.141228035962 7.839341445364536 413750.8951381016
20131.631228737257 7.072898458214269 540430.7143865897
20143.70122947395 11.287012854592309 768814.6267131041
20154.631230141065 8.392775778935647 359681.0531793606
20161.801230578687 10.595466348280953 1262785.940453175
20162.601230627515 8.269415703853781 641754.976473535
20432.55124710396 6.20521992851345 151589.71745927073
20571.95125561226 7.471532660292213 111048.14182548752
20574.751255783158 8.972421038179968 1191047.0814125917
20575.541255831376 9.128302266451016 946162.7851000447
20893.71127525093 6.732565403204985 805816.4860174682
20944.371278342973 7.45858475319474 519555.8925933917
21286.031299196246 9.001705987215738 1185607.6672923246
21345.0113027961 6.148990418489894 416155.08488629595
21394.141305794757 6.49890362108414 1599157.4869843817
21395.141305855792 6.1770539693229845 1021644.2223208194
21529.561314060138 8.088556590589027 1180951.5173605676
21550.161315317462 6.7479089528428915 932197.964193502
21551.061315372393 8.316603329143291 787084.3804383434
21593.89131798653 6.98896396160335 375181.7466792943
21601.52131845223 6.023678472193305 114008.51767098562
21616.511319367146 6.847164316105741 121127.49519892239
21670.9513226899 6.05524351521587 57322.145144173344
21675.571322971882 6.277790393397184 57988.11522709759
21753.841327749105 10.791242552830838 124212.84702392067
21768.421328638997 7.437771516456075 306858.64446516853
21778.871329276815 7.790189843417866 127962.61450763066
21783.54132956185 7.930620450481566 268791.84874244337
21836.69133280587 6.104503337254939 94855.58928553585
21871.021334901205 7.67171119674583 343905.19499054586
21873.44133504891 8.12117121704312 584336.737787298
21932.431338649374 7.165047993315577 159873.6398618006
21961.441340420002 6.304717929488046 1775943.7793149296
21971.931341060263 7.725691422675979 655547.5329164853
22040.99134527535 7.993847439166641 992510.3533763468
22042.851345388877 11.16550016631033 1063621.2454190517
22043.82134544808 7.274121343060743 667418.3340341174
22094.031348512657 8.392383730728282 2056934.152170657
22095.091348577353 6.840410827049575 725222.5071620259
22764.051389407432 6.448684651867325 49278.85910190852
22784.631390663537 8.5663277996314 133706.20341397863
22942.531400300988 7.97209110776049 268413.9374944625
22946.481400542078 6.877755641306131 1453198.9458722454
22947.351400595177 8.38135322498245 1085928.006096173
23014.181404674157 6.575107933929578 1801550.290152071
23015.17140473458 6.951297467128829 637146.2786149746
23076.78140849496 7.498883910918136 373713.000617886
23077.491408538295 7.736034864509668 547461.9565572969
23078.931408626184 7.0468992424473935 245173.4128274572
23082.471408842248 6.021284380790255 829375.9825950569
23083.271408891076 8.46933623390666 571533.1169173878
23468.561432407314 7.538351298745065 142533.22265150046
23584.531439485563 7.8892912893510285 30074.00472463607
23599.101440374845 6.050328057919362 163071.4264291742
23618.741441573573 6.055824839495194 68514.28453659682
23821.001453918547 9.842134097652748 259896.75936765276
23825.081454167568 7.3328791697680105 541704.2473851417
23841.89145519357 8.879101153574261 280401.54418657336
23860.04145630136 10.10443242784385 388073.9011210394
23895.61145847238 8.283480979182032 133880.33060221412
23937.971461057827 9.580065772856791 853560.0670273572
23953.051461978237 6.940569148563304 1200529.087107731
23953.801462024014 8.373867630206675 804319.4997181062
24008.25146534738 10.707044822128603 453537.9442990713
24023.30146626596 6.207672006226905 120261.8613635814
24028.1714665632 8.651987795654655 726339.6982108568
24036.06146704477 7.846218608106393 1230676.1756706177
24036.91146709665 7.127324510983536 1494404.3511721669
24038.37146718576 6.097840104771943 618783.5504105228
24219.651478250213 6.087280482886359 111692.78878702734
24470.351493551727 8.397682946949292 2469105.573840959
24639.14150385385 6.932825089070622 262483.90807770554
24660.351505148406 8.823335006213433 1215865.9447756526
24681.921506464936 6.049910793079853 556580.2508087686
24685.651506692597 6.29604088507172 1017637.052678413
24706.581507970062 6.244125122932628 503751.7578206272
24756.54151101938 7.036934259194529 347362.4422960513
24760.431511256807 8.638291903515539 467305.7756657671
24799.111513617645 9.308968886865628 356441.4597538001
24841.651516214082 6.217466464937437 497170.40574154997
24842.52151626718 9.318381610537733 274459.7076833511
24884.431518825168 7.422816959638593 358587.6361684276
25051.661529032077 9.221388639573528 581834.1522783889
25067.091529973848 6.3733776381976925 42714.029507182924
25071.38153023569 8.678231496993906 110548.87529593638
25073.811530384006 8.718433975498307 1522144.7608422283
25074.681530437105 8.80226997127945 1522144.7608422283
25075.501530487152 7.8807105022138995 823148.1244619185
25135.65153415842 7.867690931878949 366891.9091532414
25178.391536767063 8.995697664627347 192398.08266612768
25184.841537160737 9.827535819489821 787521.2514411458
25185.801537219333 8.414837905790815 745039.6303963296
25186.86153728403 7.809956589518284 401208.87767841236
25201.331538167207 8.505414064909244 187788.18701181124
25203.521538300876 9.578430966937542 1015193.0138734463
25204.801538379 7.5307389975944234 421424.0821672758
25211.801538806245 6.609932367161408 8984710.350725466
25227.28153975107 10.175390432195938 876554.4276430563
25238.95154046335 7.058933317822653 275179.67505651416
25269.411542322483 9.655967979225766 171910.25932111242
25273.861542594088 9.561955382591577 598531.6984070385
25309.671544779758 8.060778717964602 175010.2104959741
25311.951544918917 9.390286498874202 567367.3390393644
25328.071545902803 6.204837721186699 360897.3208746585
25346.7115470405 6.804158354261795 281987.3448679684
25435.70155247202 6.014681238217494 1232341.724889748
25484.171555430392 9.075499707528826 397356.3477357293
25492.151555917455 9.055584196966064 242375.35601693144
25501.021556458836 11.881449650770051 974923.7056581919
25501.931556514377 6.305027801524263 721602.9562633376
25567.301560504246 6.305356385494103 357064.7152184051
25592.231562025852 6.690507051725393 92575.27015605483
25609.20156306162 7.046642020536053 38573.35085185952
25646.24156532236 9.102688670727595 64083.956158531844
25654.251565811253 11.709847926646079 1010331.0763063983
25656.69156596018 7.189540535565095 876892.2024443687
25742.61157120432 7.746822433887795 151182.3574894724
25748.591571569308 7.15922731891283 76290.78442011145
25794.33157436106 6.800500623291262 444533.52809738804
25796.29157448069 8.405984693281757 1082156.1280935686
25796.891574517307 7.690812328884133 980538.1383239616
25811.891575432834 7.4579197359110525 396394.93773591844
25825.031576234836 8.642012282441163 285096.68114750803
25828.911576471655 7.311207567535897 411574.476707158
25898.971580747777 6.095583457552836 68938.02367131738
25983.481585905858 10.91045112659277 1027580.3438480285
26087.91159227976 7.55317069612423 272360.53613023466
26127.70159470835 6.039947457699196 393291.51625528594
26162.051596804908 9.23184299576883 147869.15501039603
26168.251597183324 6.423944069530668 65227.47212287008
26238.15160144968 9.397657636130985 151936.26709272986
26620.631624794412 6.93220239770012 81970.83801815218
26636.48162576182 10.739803030816628 840333.8136671641
26653.341626790872 11.392257734462433 387268.1790932866
26689.261628983255 7.1405211180154975 40682.31706804977
26710.44163027598 10.171890663406456 114473.55648500864
26715.241630568948 9.506528928112843 667962.8399938938
26721.931630977273 9.613473649677516 1227730.7627442924
26722.96163104014 9.577380062169325 758936.3504617334
27104.881654350687 8.170618878986762 77096.6936392187
27238.521662507424 8.715151230304672 676103.5280988527
27392.81167192454 6.318672238136272 143383.58616269164
27491.01167791819 7.470802412426546 176236.05841430507
27507.911678949687 7.341666125740112 260162.95043526503
27508.741679000348 7.372374440245783 558176.5808246684
27513.551679293927 6.346135969303585 475963.2935027486
27537.751680770976 7.139233035150355 150993.3654334181
27539.54168088023 6.257867411804167 241649.42410487344
27568.28168263438 6.466652464201604 140942.66244139633
27609.31168513865 6.723901564493615 396307.0751011031
27610.981685240582 7.048547103732986 269147.11435143155
27614.001685424908 12.17290519192464 17357838.303353265
27639.13168695872 9.036380586840258 1376383.605491601
27729.401692468364 6.93724563117128 297113.2864134863
27748.661693643902 9.540153924632373 707106.4449919218
27764.61169461741 10.288917266004807 932211.7715061249
27765.73169468577 7.5029600853060865 573172.2098265119
27778.261695450543 9.131998733257458 584211.7124089123
27803.371696983137 6.418224450334772 583661.3900180182
27828.071698490705 7.9622360500257505 175072.39497540335
27863.20170063487 7.14903561436492 583379.0981572493
27881.67170176219 10.431730174351308 994215.1093241721
27882.78170182994 8.328992478750434 559413.2966062005
27996.941708797713 8.54994222715296 154324.00995332625
28045.89171178538 6.1822887056431135 108413.6913266284
28133.001717102157 11.653914156787227 642713.9321467446
28150.431718165997 6.04356927030502 116807.91083077445
28166.081719121197 11.104712157469402 668806.0075771784
28174.66171964488 7.735217718430305 301432.65943447483
28201.91172130809 6.08014708316243 97560.30195896636
28209.011721741437 6.956542605934821 277015.4973274616
28219.0217223524 8.985334999295505 201656.8780004726
28228.841722951765 8.266588890615843 190387.0505698963
28238.511723541975 10.142167350543142 511841.4933535387
28239.20172358409 7.138225816031091 270869.93044145143
28242.431723781232 10.160465033125524 658748.804636954
28257.16172468028 6.53147958374125 159094.27454490407
28263.97172509593 6.467880032302109 210474.33114820477
28311.281727983504 6.197876953924038 63624.50495937369
28332.27172926463 6.057429587342328 44055.65235162176
28451.311736530257 6.576649969561394 62910.25037584943
28456.52173684825 7.831971918533257 372829.3836860075
28501.73173960765 7.489555689742219 338817.53822876787
28771.301756060897 6.56309000251984 89382.11530749293
28829.601759619247 6.174480212143465 46441.452515934274
28950.381766991075 7.114530350105117 73264.58442532811
30022.83183244823 6.334134776816383 117563.97263098785
30355.661852762565 6.361786835955619 53830.11108507858
30362.801853198354 7.047761652048394 65093.89280375767
30439.271857865715 7.487072440526208 59512.879295450795
30674.32187221203 8.787610169089472 577501.4839822447
30791.27187935009 7.416079269535636 412656.63863329287
30791.871879386712 6.062604701118073 392817.13821515645
30795.21187959057 6.985470044344551 84346.92954193149
30819.291881060297 7.20999347091298 115802.40300941002
30868.421884058953 6.988021036150924 67178.44949836933
31007.001892517204 6.317534727856696 50614.218135659394
31112.511898957026 9.611082735587281 1047471.8528441521
31114.02189904919 10.860277464544417 1777020.137913605
31115.031899110832 6.247120895218181 1777020.137913605
31115.891899163325 6.954889748565118 910360.2998567295
31124.36189968029 8.35445730247943 418234.40242747846
31218.501905426143 11.71074816631356 1149688.0768383648
31229.451906094477 6.848288116566546 286486.549606735
31332.80191240246 7.926233288002773 399812.97847357846
31695.871934562496 8.049582142506845 66387.81689890097
31701.3819348988 7.027722735563425 85212.16885770093
31713.58193564343 6.816496923165966 335244.00512262434
31714.021935670284 8.036240228967166 305642.9911818392
31718.641935952266 6.8111433718068275 213775.60789679785
32125.831960805175 8.250199329607273 803166.1128515895
32170.18196351208 7.165594897796902 208904.6339352006
32264.381969261594 6.950783392219397 96128.73860452147
32359.081975041623 7.213134716385936 104804.39046387633
32434.27197963086 6.263185638003236 912568.2397259882
32434.83197966504 8.807401772067232 1378335.8107566661
32493.321983234986 7.110975605130166 294938.09077751724
32587.05198895581 10.049057751576614 726846.3968364258
32587.93198900952 7.590677656711111 1353098.657821959
32589.491989104736 8.34773376861924 2244883.4907790325
32590.331989156006 7.269032563571183 1119599.426273691
32606.851990164305 7.634593607856587 271667.3667704007
32607.5219902052 7.626124002826894 208029.33812753053
32617.001990783814 6.894489764998893 304064.79750041506
32617.82199083386 7.032558004082086 249416.4090111449
32714.301996722534 9.286847192709786 203978.11634644985
32745.121998603638 8.389060432272867 129272.84034086327
32865.81200596997 6.727980855872595 51146.358018060695
32868.63200614209 10.672980933020584 493124.220067042
32889.35200740674 7.7478223265568 217684.2110052201
32890.39200747022 6.478582158065786 210281.01199558945
32917.73200913892 7.134431258883222 228487.5838186255
32919.652009256104 6.235987528183709 196760.25632493387
32930.772009934815 7.4875845781073735 304487.70043464785
32939.902010492064 7.110341667611677 299466.6977899357
32971.47201241895 8.47894751648562 208797.3277666958
32989.68201353039 8.641563085649697 169280.99098076145
33038.68201652112 10.104488466634155 303610.7711155446
33039.58201657605 6.492796795003171 276982.352557341
33049.53201718335 11.166252707533486 1464210.0500627165
33085.01201934888 7.657419534845684 535855.7093671692
33089.40201961682 6.311038598569255 209416.87017388156
33092.842019826785 8.511948237989461 532583.3821697495
33095.25201997388 9.592188434510255 1135452.7240750424
33107.342020711796 10.04603262123193 884870.8967184193
33119.062021427126 10.00764976362208 684509.6266351454
33144.582022984745 11.724789835003941 1476260.7716836
33176.33202492261 7.903902740176856 163080.00267038817
33199.34202632703 9.090243376192417 280102.8228877046
33209.12202692395 10.359425158525974 238859.8294802515
33247.25202925122 7.801253222963328 236619.9518639675
33272.03203076367 7.8131258742244265 194098.1393324066
33296.19203223829 9.419206330776813 211920.93263656096
33299.39203243359 10.454305576643701 750804.3773789263
33319.89203368482 8.55389295893311 113571.54598607932
33322.752033859375 7.717847222892658 258477.98162487164
33335.40203463147 8.589314135465088 90748.14141300615
33348.02203540174 8.793802229926866 139628.90207163847
33352.06203564832 7.505340078933872 154307.84947443908
33368.832036671876 6.432774380812423 62799.84564777025
33373.80203697522 6.010838651783935 72337.55324082093
33380.26203736951 8.752215073397702 154319.42520273617
33422.082039922 6.8614515760088075 76818.28757490772
33434.14204065808 10.916567688849403 325738.954576365
33538.732047041754 6.164268129222744 147034.43580987712
33574.042049196905 6.824502696468594 115312.82307907047
33831.9720649397 6.14477133162825 86735.11759246879
33848.25206593335 7.19475113148398 67088.27669665936
33932.9220711012 8.98765894358761 642868.485962093
33959.892072747316 6.968994635446538 129504.02154496373
34018.91207634962 7.88576342915176 256442.16292720995
34047.2020780763 9.009822561227775 145438.2643068899
34092.69208085279 6.557581196982174 108763.38104348503
34129.352083090336 6.082363181686309 165480.93855230408
34149.15208429883 7.023338572848618 59792.397881946454
34247.652090310796 6.99854197900523 59619.458629363566
34428.70210136121 6.291484814977856 214489.63782483418
34438.522101960574 6.651098161135071 225347.83293617034
34452.8421028346 6.1757053005695255 63563.826038527295
34458.80210319837 7.255016669946458 389344.6728547098
34459.712103253914 7.352793391327164 300602.25232951407
34460.322103291146 6.220725266857725 156091.8463004834
34509.62210630018 7.6367122682753354 206278.1885309574
34510.53210635572 6.970489678007551 1065451.6233255314
34511.91210643995 9.928651250020422 986069.1701565367
34543.95210839551 10.225015468618615 893134.1929236907
34553.93210900464 6.305117321206358 1517829.525646778
34554.79210905713 7.270069630265372 959959.4071334675
34602.97211199781 6.395912270583563 79546.01493664994
34651.37211495191 10.129198337320082 703265.947056455
34746.93212078443 9.625921080248654 139371.6194357017
34750.55212100538 10.052453955221576 724101.8828599863
34775.24212251234 7.29495128887416 108754.77627547513
34783.692123028086 6.361124478845314 438666.38547756325
34792.49212356519 6.178740452253548 507839.32264113735
34804.97212432691 10.790334674418819 904883.2789797029
34806.392124413585 7.299104442362545 1209034.16880462
34861.79212779493 6.8714186855639685 146168.54380483285
34873.50212850965 6.574135887714152 267209.37879879784
35094.08214197279 6.590756161289708 248608.78326850838
35799.2021850099 7.166187083490073 74671.9098804619
36102.75220353712 6.1115299104418375 1325336.1824676418
37589.92229430678 6.187937314843556 211997.21382461285
37667.16229902114 10.491006144726647 344250.81652026944
37710.572301670676 8.389126789089296 374706.02792555734
37722.222302381735 7.813007170254575 194858.23568117045
38047.24232221938 7.973660458303944 370565.1478504098
38055.952322751 6.037807421043981 1023749.6681659715
38096.57232523024 10.999780568203926 831206.8365865956
38141.90232799697 6.700735204551025 531742.3499875367
38143.032328065936 9.125906374119607 531742.3499875367
38225.20233308119 7.023957716733264 49223.01536466262
38559.15235346389 7.67451003441443 163527.0663574173
38847.132371040796 7.410778659304843 121297.11417074644
38865.58237216689 6.3924991516906475 92311.51266923019
38924.832375783226 6.159197883877728 92725.34975150616
39061.00238409438 6.835251396228105 159213.4757512043
39229.442394375146 8.39328919262361 532641.5194477988
39267.732396712185 8.3476817750545 155825.40550513152
39370.75240300003 6.196687467055239 77650.21270658079
39402.29240492507 6.194332571618101 107571.16016621621
39636.81241923904 7.672412709172949 82030.80479215561
39716.972424131614 7.341508688354398 150747.73895000832
39851.21243232498 6.073003464379547 273126.06709269696
40400.67246586135 6.635582671669825 150609.3055640264
40412.70246659561 6.19471045481405 146831.19426603153
40462.42246963028 6.004789300034686 161277.0375226665
40472.65247025467 6.303297375791998 85626.37872490053
40510.09247253982 7.08384207263964 113865.82192670931
40560.91247564163 6.222142397497549 141672.6630631668
40575.11247650833 7.82920176083609 560631.3277404426
40651.53248117264 9.338653366718269 221556.24145573183
40696.902483941805 7.179708820988835 95544.01413355031
41228.8925164119 6.640666174392698 81901.01903400247
41365.962524777984 7.713025704616861 1015932.6749523736
41973.59256186478 6.3599656018666035 491292.06841215596
42874.95261687943 8.494615229570403 307558.4840090191
42877.592617040566 6.316366767627796 470508.16287592985
42900.25261842362 7.173849357839479 96645.71227523034
42937.002620666666 6.077003287318653 185330.35579425143
42943.72262107682 6.467894706582873 141188.25472331166
43032.22262647843 7.768987756207679 376952.0083802476
43045.89262731278 8.419223855909534 599114.5870084683
43103.472630827186 9.697560461660613 458577.5654934442
43104.23263087357 7.5218179838267245 379465.6486271971
43124.46263210831 8.077017050025866 232176.73259082643
43129.68263242692 6.067846838333119 141558.16966854467
43137.53263290605 6.983057721723137 168964.42148206063
43439.3726513289 7.2278575092018835 230144.25504951953
43485.11265412065 6.234287000670901 41748.68994387813
43506.07265539994 8.22000932153716 109041.86358087722
43525.11265656205 6.850913996981108 111328.12587888658
43691.30266670549 6.198618898356894 139536.61589640073
43694.56266690446 6.4706897793223765 90183.68460792027
43707.122667671065 10.191904670008189 243253.6506057773
43797.942673214275 6.855013263043967 114796.66185517999
43829.332675130165 9.081088062572649 142135.97154468534
43835.71267551957 6.57863468522809 213938.21178879446
43841.27267585893 6.274803321729951 375149.8900757965
43917.79268052934 6.474273154555971 241758.3488633624
44504.2327163228 6.574201900294035 220023.6018420556
44517.53271713456 7.000106022601063 260642.21149768162
44612.94272295793 6.4771063701868306 275732.98598881654
44621.31272346879 7.858815951320884 1241163.431705376
44622.54272354387 6.479910813128808 464434.1843324677
44689.792727648484 8.858366278419584 467017.90954955947
44763.462732144944 7.484103378635614 318880.5214996088
44778.72273307634 10.271180535271252 2532398.715907866
44783.19273334917 7.177311793078659 203421.5584404581
44789.80273375261 7.207123125815541 354425.80625406874
44791.712733869186 6.560991026422843 172563.41860919903
44804.08273462419 8.323808869122082 682843.2736234901
44804.89273467363 9.05002227653138 469420.28481548064
45078.2527513582 6.425033027342803 76588.67402643105
45170.95275701616 7.068365283453783 78866.64873238684
45266.83276286821 6.433297878269562 69338.83725616414
45336.392767113815 9.055963323429973 217584.08877373268
45353.05276813066 9.971214252717495 721151.0579070975
45365.24276887468 9.261355948863148 349411.95524558116
45381.15276984575 6.126249740885942 79711.15836578594
45459.3527746187 6.768194977589803 83307.68164562553
45472.90277544573 7.455615002274734 238169.77196325114
45542.85277971513 7.674621280529893 165948.32783813388
45544.1727797957 6.7975253998762835 133954.85841275263
45564.672781046924 6.136446255179075 217378.3176623268
45629.26278498919 6.2302671226082635 353168.2311587584
45632.36278517839 7.9881023113144405 405224.2684484611
45796.12279517351 8.370901894091384 113161.86187303204
45879.81280028154 9.514300389518663 1139941.7498820105
45911.632802223685 7.847435489384419 468620.94167136
46002.20280775164 6.849524861457913 140958.9191417536
46047.74281053118 7.469927602046078 237519.7602631577
46059.112811225146 6.396874132274204 245902.91577441376
46142.54281631731 9.759619210450714 152464.98927330718
46345.92282873064 7.833635521181848 568691.5081001382
46386.28283119402 6.954632438909126 501862.54163133074
46387.69283128008 8.439491232567027 474451.41845435544
46447.07283490435 6.169301988362538 156713.7116498516
46486.95283733843 6.748575270130702 384002.1926480931
46489.89283751787 7.568588337358068 278035.6137277066
46535.93284032793 6.191196294310112 74307.39089424636
46757.62285385882 6.599138063931983 70631.23337423649
46916.55286355913 6.241114113558189 856705.807348254
46994.64286832537 6.316337135420831 885909.7846613063
47504.70289945696 8.286374551524771 344472.4591798173
47513.66290000384 6.620675374143312 994557.202796561
47514.13290003253 8.695832670342854 848667.6721595934
47524.62290067279 6.749707425649791 180720.91191829724
47607.84290575213 6.641859327056058 111718.3545156994
48094.24293543963 6.517378575716386 161280.50043354835
48146.062938602474 7.263950940625418 189474.315489874
48193.472941496155 6.1693754581814675 126589.6171237972
48261.23294563189 6.32221595734884 77759.86882659732
48304.152948251525 9.750166730671635 833284.5029453312
48320.28294923602 6.727614372346575 166436.47788119633
48341.42295052631 9.63655328987084 656242.7441452417
48345.282950761895 6.678799952817872 744963.0119604899
48460.51295779498 6.007947249537312 490559.59982819273
48463.26295796283 9.521143542230169 1216829.2651810017
48480.00295898456 6.345252720215729 484661.90523949015
48533.5629622536 9.942765275824263 435333.5292461919
48547.862963126405 9.83852830166263 849602.2301803692
48554.44296352801 10.019942831427475 1264863.5670712274
48641.70296885394 6.125436970493382 252246.52144960355
48712.48297317401 6.942642801458872 98943.96528734251
48762.16297620624 6.514283607216645 97638.99930488248
49098.64299674335 9.63375882972977 418923.3917160004
49118.3029979433 7.891050519689261 485486.6319448741
49131.43299874469 9.916208477098063 403888.76751285215
49155.71300022662 7.996310463267603 200344.63130371206
49235.23300508014 6.224994660369133 282071.6789431066
49262.13300672198 6.026172659232215 104456.62778248514
49391.57301462238 6.221439858453687 111427.67651489691
49495.133020943176 6.395015175924806 153381.95415993885
49535.81302342609 10.071289552884357 497560.7458934821
49536.783023485295 6.992020881684743 402006.56008403463
49555.053024600405 9.757863721146464 285706.17453318584
49567.11302533649 6.21859138591852 138163.6299886891
49591.92302685077 9.510526727363708 394904.1215763789
49678.47303213336 8.784150377295726 430408.55162396055
49697.55303329792 7.461095564993736 144344.56123233106
49775.34303804584 6.509146977509464 446270.6136610999
49777.07303815143 8.465148321886087 409271.20452922164
49976.623050331 7.791091769537297 201284.3788594707
49987.613051001776 6.466377175404848 434654.7657346166
50049.49305477863 7.3279832469094295 154318.98196897618
50052.44305495868 6.167577659360043 144949.65250133604
50085.733056990546 7.536988005092958 129259.63291729454
50171.19306220661 6.21885393874025 141283.5450938054
50258.69306754718 7.964036602684368 179007.2821490958
50276.133068611634 8.046813674128526 264122.26743298443
50279.38306881 6.62014635379996 213510.91490959388
50292.85306963215 6.443096360108572 351607.27109262446
50294.2630697182 9.64192506049138 297978.1579498056
50301.23307014362 7.258084929859377 139102.099231916
50462.32307997577 9.058361575544343 229023.6434311704
50463.513080048404 8.140625805248195 218281.4946795463
50487.033081483954 7.680495534995863 407108.31461769104
50755.353097860905 7.1454960785133 119861.83386155656
50846.98310345356 7.034068265301903 150371.90624690906
50870.38310488178 6.2380989105055695 44457.29578097465
50899.1831066396 6.615276508111515 160967.48051439226
50954.26311000141 6.342718955410351 193737.97474509495
51068.843116994816 6.138061402992023 58771.06391963484
51149.67312192829 6.738161600554241 177584.89346275642
51150.49312197834 7.679422832237158 313976.36546079256
51153.0631221352 6.493996795114272 304214.9711927574
51263.68312888691 6.758495033162952 57626.18113562418
51432.64313919941 6.7877719396672465 82245.45186946564
51500.6431433498 6.454633908457573 135531.41075528815
51516.80314433613 6.548801641255339 243844.02892497234
51534.02314538715 7.013485143914911 364430.94228738325
51612.58315018208 6.958592238146613 129863.5046764403
51827.98316332905 9.27215806167158 136969.03955390898
51841.463164151806 7.369309559397566 722687.1778227414
51855.50316500874 6.594787055115994 84439.675747229
51857.58316513569 9.69031918988884 894979.8161633639
51863.70316550923 7.6661493192584915 399826.935605753
51873.433166103096 6.247859024068253 97594.96035934443
52022.8831752248 6.26623333592342 218428.6701258213
52029.09317560383 9.744478646508215 437411.851687045
52031.48317574971 6.077332162192819 504200.17486079305
52051.54317697407 7.149152148048225 78668.79168445907
52173.473184416085 7.310987314784047 1355008.1920319125
52174.23318446247 7.166748337713335 807367.2072485408
52184.50318508931 6.598175018590171 518484.81162065
52187.383185265084 10.328559536655442 1335251.8943330988
52239.78318846333 7.925796614986772 977602.0997441327
52249.243189040724 8.36712990082696 808436.6322864698
52371.18319648335 6.670829911757635 88254.24463871162
52415.54319919087 7.2530391191617305 142491.15733671543
52456.733201704905 7.319463082479214 133627.21871869446
52469.94320251118 7.003674489717493 265542.05107493146
52498.81320427327 6.413609431241209 77570.69719584592
52688.20321583271 7.243193633779031 101219.40393537127
52964.35323268757 7.045055743369732 182846.19957561337
53031.56323678975 7.390364090961227 98310.86526500712
53074.713239423414 8.48113851996833 127428.75924790237
53184.703246136676 8.197043476056834 65582.54265638703
53572.393269799395 7.1562820516764845 1732740.3991571795
53573.603269873245 9.507862214074052 985501.8943948254
53596.66327128072 6.3104667375423675 541636.5145876823
53642.053274051104 8.739804274701553 185984.4483260897
53668.74327568013 6.587484061396232 66311.9170596092
53689.07327692098 9.150108889776481 215447.93863704844
53722.58327896627 9.079187473791636 194563.33905310254
53737.093279851884 9.958118206065324 227341.27959264425
53751.93328075764 7.53167937130316 193289.2892144669
53792.80328325216 6.180287904837948 137218.8020024068
53798.09328357503 7.398104507283467 289657.4314856296
53807.58328415425 8.636744384033344 1649461.4962709255
53816.34328468892 8.44250527241232 767933.0580907117
53844.89328643148 6.680378661227729 83160.33527076822
54133.133304024246 8.052807367008551 46801.07194539037
54235.23331025594 7.452758062673446 175652.27456902913
54253.953311398516 6.00933338292382 150130.0836781665
54478.33332509359 7.915501102430232 114182.24917644917
54489.42332577047 7.26686518506739 263588.2641446328
54492.97332598714 7.789528467287996 240937.6895289993
54677.563337253625 11.262723128418601 402032.3892650664
54688.18333790181 7.210366508215567 332466.44308933266
54689.18333796285 6.335964645857029 784490.8856658189
54690.103338019006 7.596051396467452 1437715.008284041
54691.14333808248 9.028869939812717 759914.2454536797
54708.31333913045 7.506170989986734 375171.8995346052
54787.963343991905 6.530456194405702 120049.22552767252
54788.633344032794 6.418696850721588 116243.82583125136
54799.48334469503 7.642988824340398 1395447.511547677
54811.893345452474 7.879649116080272 772491.9877444594
54815.673345683186 6.677784690004995 448728.50817296
54875.65334934407 7.012693176641459 372443.120062962
54885.433349941 7.448280732347321 306664.73003788054
55055.563360324915 7.478928287774639 72548.51950728452
55071.55336130087 8.134741442215804 107340.5093112157
55173.9933675533 7.659661333872553 54507.28454351314
55398.56338125997 7.703163743174812 86219.36266260658
55706.3734000472 7.171854536583581 63307.50635316053
55776.713404340415 6.643888496538765 39657.83594615232
56390.63344181112 7.328769942670014 218873.44645311276
56959.17347651206 8.802107605126528 75113.88718598284
57121.1234863967 6.240910202110622 120356.95198001969
57359.073500920014 6.133641015505781 67641.7266452527
57422.31350477988 8.702023748879526 117045.3119335704
57485.203508618375 8.879744628516603 121794.63686533849
57507.09350995444 7.757425893609964 234645.78203883104
57554.34351283835 6.50561045896437 46842.612486518694
59431.84362743186 7.124096264939009 72625.73037267533
61300.1937414669 9.727852179805089 355739.5088137915
61340.71374394005 6.60550690614884 179902.86167050645
61617.353760824815 7.086837311056346 112283.40187794727
61641.473762296984 8.802402393259326 166639.71182551398
61652.143762948224 8.277325677658425 198492.26906868682
61711.393766564564 7.105449213502909 63369.562914036396
61819.763773178944 7.043717164609211 79372.1719636558
61877.38377669579 7.181740708833732 44604.99735558511
61919.52377926781 6.580837855033 81316.37337396256
61936.203780285876 6.350535533869301 72096.00643589205
61953.213781324084 8.389882419003937 118085.45005217649
61975.053782657094 7.460863687707413 571317.7399435056
61993.093783758166 10.139869157452365 995210.6242883292
61997.263784012684 6.937900040514326 260032.15411573832
62013.49378500328 10.847619963011198 831310.9609360427
62023.93378564049 9.123026256572716 155035.18891424368
62038.12378650658 7.821055694797104 50957.38285691311
62047.26378706444 6.737815121476983 78908.16326722967
62057.903787713854 6.338689359044848 63782.35583641752
62063.58378806053 11.683080167139662 790654.2988511714
62068.30378834862 10.32263938451149 1325454.4598359393
62069.063788395004 6.176666767022811 608792.6237025325
62121.49379159508 9.321523704790225 118913.10209122841
62153.153793527454 6.995363812321685 137870.69035945815
62158.073793827745 9.231700855555856 355022.6446061055
62252.26379957665 10.105061726014155 264859.541250439
62254.26379969872 7.713743795347772 576750.8206211765
62255.08379974877 8.431193532308551 440839.1353965828
62285.42380160058 7.737357896515898 117878.35295067017
62454.363811911855 6.15457781061214 46309.18953043689
62603.51382101525 7.091595480594802 91942.1708462581
62641.28382332055 8.18931382687145 83060.62791401877
62733.25382893395 6.720094867992084 69727.09402901531
63081.81385020837 8.952041321398172 116011.71724333003
64084.80391142602 7.258227588477357 37576.64657889303
66456.05405615564 6.595841886191686 75009.48968779019
66567.70406297022 6.970898365099674 58532.129515781235
66600.79406498987 9.64271338203234 87517.29719833621
66869.85408141199 6.623722513859832 49233.822548644624
66967.09408734705 8.432772116234434 172896.15760558023
68641.83418956508 8.053035010400558 137322.90628101773
68699.31419307337 8.278775758633158 86830.40143569227
68881.76420420923 6.03515045201337 87127.06672932714
68965.03420929164 6.668635030917635 65970.34526293912
69873.22426472316 8.56850984643156 56867.48548738141
69893.68426597194 6.9315597100186945 57788.696426275994
70251.08428778591 6.876771536799282 49676.62854133513
70406.07429724575 6.10332401124307 55232.98111690477
70616.41431008388 6.791885667170269 53162.72903848473
71357.14435529445 6.475032457468163 31389.829525878016
71418.27435902554 6.321150043402959 48536.97738648036
71520.3443652554 6.969929621660184 460326.8054002308
73539.23448847867 6.718834864647599 59643.459377457446
74865.46456942533 7.972853827050735 54233.84012617974
74881.94457043118 6.3689219194868985 102786.15986208472
75326.01459753508 8.194810808936861 68247.28088982866
75477.7046067935 6.108759134554391 128453.37434445179
76246.98465374662 6.450881406132658 100084.53708890863
76279.11465570769 6.385114823527669 68763.247770386
76521.66467051176 6.429956579658227 75922.92201669147
77127.9947075192 8.19747996902528 57474.572259050634
77184.48471096708 6.798574075892214 68167.76458717132
77735.20474458036 9.270612763000576 129000.94234772795
78139.06476923003 6.035401965093002 28643.549439231214
78534.66479337553 6.03603071629091 78060.97919960938
78573.7547957614 8.083103658070975 504021.1772249173
78624.4647988565 7.345358241276866 253393.86163821685
78625.08479889434 6.369162788240344 253393.86163821685
78626.47479897918 6.861684083091987 503028.4260189161
78627.77479905852 7.888842838993234 771862.0070036202
78628.69479911467 7.536921199003176 593095.8167976286
78636.99479962126 6.266990050420924 273274.6853755824
78661.4748011154 6.152077007342311 60267.89660077513
78674.30480189848 10.23834484586182 112570.08793229118
78689.7848028433 11.463993027192632 592700.0429819106
78706.92480388946 6.877106178087752 206554.35932088815
78708.6148039926 6.221965053871563 126055.7822878366
78723.5848049063 9.651122185466551 182594.7874360607
78742.30480604888 8.580833257676849 173098.2348069628
78773.98480798247 6.419933417763689 46866.48773262498
78777.01480816741 9.822785652408816 177158.4897652608
78792.03480908416 6.320126189626878 98252.9091955954
78810.23481019499 10.650093721267028 308073.8563565184
78841.06481207671 11.114550691605594 908202.5383046512
78878.87481438444 9.819962153886916 156824.77077971588
79135.95483007537 6.200317642291136 37337.03001034665
79145.68483066924 6.371381935046936 45681.04722407041
79896.66487650543 8.028743103815891 36533.87901542057
80290.53490054535 7.216368018292976 237158.45250321046
80313.99490197723 8.278937264233495 143966.60653648502
80320.28490236113 10.64482878554738 280318.3236488282
80981.05494269133 6.4379550105504935 28142.541001307927
81328.53496389985 6.673047286201504 73499.80763110433
81477.48497299102 8.108797190074219 68651.2202228616
81496.99497418183 7.821791542435154 108541.79723575346
81634.20498255646 9.870105586178136 71574.92710481958
81651.37498360443 6.794085982352565 128582.04410748142
81832.62499466706 7.390621530531241 116114.17150467254
81859.59499631317 6.643653116201562 407329.92113687226
81870.40499697297 9.104935248483898 309504.5450087119
81883.60499777863 6.690453790037149 147392.10241531604
81902.74499894684 6.170651622411841 246219.1666179087
81906.99499920623 7.589404412329682 451568.66862984904
81917.30499983551 7.982298836562316 336023.5361811143
81978.95500359833 7.769334222357107 40147.5826449483
82019.18500605377 6.896922360048288 56068.908107664734
82054.24500819367 9.116229281057446 185081.27089577258
82055.0450082425 8.376972321608692 168607.6977282683
82143.50501364167 6.026993361245457 57478.58376846373
82163.71501487518 6.670990877599136 61360.921795157396
82201.29501716889 6.952882034850325 41639.2134899416
82205.29501741302 7.746452512080478 101183.43795741146
82298.14502308014 6.976406477937433 51287.05866053342
82324.7650247049 8.699037178142065 60282.23439243554
82332.93502520355 7.318677293702263 80220.68502749791
82357.88502672638 6.404465621415712 88138.71691841242
82368.64502738311 6.070209074720883 74358.86006082737
82398.23502918915 7.0332587220933505 63679.095593268146
82421.44503060577 6.3781446734031375 56736.44823959224
82481.57503427583 7.759027676227163 89722.5759299241
82491.84503490265 7.237394715519257 64889.11356357363
82498.44503530549 6.505881826653543 72504.8111707562
82505.15503571503 7.00221358751534 158821.8421039567
82506.12503577424 6.840962554164147 156494.73509290017
82520.15503663056 8.006423092953911 131744.46251224913
82526.91503704316 8.962608000342978 150327.26218906027
82547.58503830475 6.449165252495149 72382.96217542347
82564.41503933197 6.299120619701321 117859.06381504987
82573.72503990021 8.46307083841098 92766.56540193016
82597.69504136323 8.516144479966597 125382.67207534883
82611.37504219818 10.507774121722761 177641.58575583372
82630.79504338349 6.961349140449132 121575.89927612613
82645.53504428314 10.0913747999206 318350.2553296782
82665.27504548799 6.24002462260013 142978.01402403944
82887.75505906709 6.007113562594984 223759.26878181452
83485.29509553804 7.791836394511097 98622.62499519926
83685.47510775605 6.285517553153394 141170.39998133868
83832.59511673554 6.156033952463911 135029.18456795684
83861.7251185135 6.662675521680381 220307.9394913566
83868.23511891083 7.457711279901407 245824.1745796244
83879.19511957977 6.58778180326729 508639.07942194905
83960.76512455841 8.342891738792604 134102.81296173134
84067.61513108002 7.288386430524326 114178.78479363881
84075.7051315738 10.742418120220865 542705.2226808913
84076.39513161591 6.254395684700914 489747.02896701003
84084.93513213715 7.396462784640661 662773.785617537
84109.40513363069 7.805824687657304 486661.2560403155
84145.68513584504 8.270848929467705 553932.5458357942
84146.33513588471 6.986440368525051 553932.5458357942
84150.04513611115 6.019331834314339 637117.575617036
84188.76513847444 6.396255026303391 160344.4479784475
84232.32514113313 8.039318143937884 394601.0974089147
84233.01514117524 6.179369737270071 278477.9759859547
84237.98514147858 6.186103871944506 597103.6963199854
84446.42515420076 7.172381951211037 942142.7246926061
84505.92515783235 8.589299228349088 133527.15262758595
84507.16515790804 7.174741194940235 94149.21159528874
84536.84515971955 6.892852437094241 477704.4454184382
84561.38516121736 6.216764508911736 192055.3994592404
84577.04516217316 8.441495404085067 710177.994406125
84595.51516330049 7.062511954690643 89371.93956168325
84779.40517452425 7.248229621906489 160870.11498847825
84794.21517542817 6.587882653218812 210385.425960047
84822.43517715059 6.082815896763347 220100.4336787987
84830.96517767121 6.308918028634927 184667.32285312837
84867.33517989106 6.111858647421814 192613.67931980366
84898.46518179109 7.930235284362212 86238.95194907133
84959.9051855411 6.651870488128628 343725.64328246674
84980.36518678987 6.605906125695109 123712.49875485165
85012.7651887674 6.450812509244667 177708.14694858104
85013.3351888022 6.348489575926668 177708.14694858104
85391.38521187654 7.08793935398181 88836.32364200102
85509.85521910737 6.611088756692629 104753.37803858213
85842.81523942963 6.080874452832346 156152.393173285
85882.83524187226 6.518282845692018 237773.61370167154
85914.11524378145 6.694261881345737 449918.64820385363
85937.77524522554 9.532153689740024 549542.1793898623
85967.26524702547 8.360424158938127 335752.1856962636
85997.12524884798 6.770556676293377 135878.45412434364
86017.66525010164 6.048212407818212 219841.9256348774
86066.58525308748 6.000796864224735 237611.8415126164
86107.55525558809 8.097280268741251 221665.54387955103
86122.60525650666 8.506439532336532 253539.1890510483
86173.26525959872 7.783768359859111 254300.42586451778
86206.59526163302 7.165464255314942 165176.55801388988
86214.66526212556 7.823252047419954 419677.51335241576
86224.56526272981 7.803620225471914 291064.80175027065
86229.07526300508 7.372392277983555 2113375.182652689
86269.10526544832 6.348288903106272 164845.64030191602
86303.00526751741 8.720806979516778 899175.7226302515
