180.1400109948737 7.047532947291091 10922.420871183645
198.86001213745192 9.184973181545057 23341.730986358194
233.60001425781337 7.605941692538031 19221.65289856197
287.9100175726329 7.623745362617489 35006.95551379404
332.7700203106702 8.184521204874777 21604.59650571358
2430.5001483459564 10.233149965749542 55722.919147201384
4271.830260731827 8.218526751633398 22879.3495918898
4273.04026080568 6.829240024796887 22486.424817826763
4285.790261583878 7.618783394778137 13793.068172108216
4314.930263362443 8.275970184823919 12187.830681369507
4364.610266394669 8.668838727534803 20139.30843740564
4621.550282077043 6.565890092237127 5667.659294776966
4872.810297412738 6.301208017584679 6444.538859105204
5161.210315015278 6.682269408121363 13366.854005115905
6775.380413536403 6.563843183933679 13044.956807800354
6921.040422426783 7.611676614217058 16752.213193520787
7699.660469949979 7.004173770202605 11452.876287869334
7709.03047052188 6.158048632870237 13148.16275109052
8171.880498772003 8.30464440918731 11726.149737510641
11191.340683065227 6.123172054203112 9516.075126434042
11745.510716889083 8.255309297436073 98183.6627155221
11747.960717038617 8.793529750647078 95628.58821914165
12276.620749305466 6.454479003675866 27727.530374333837
12328.450752468918 7.384822469879945 26807.860944985223
12613.110769843186 6.438206228117155 17538.56163772579
12817.080782292529 6.177336771043814 18896.48546117357
13967.61085251531 6.496949621265637 9933.398143683322
14897.400909265192 9.43187849170921 65664.66251871489
14992.280915056208 6.185053154753142 25688.540121121376
15376.620938514461 7.044612432544115 57990.09306978645
15378.990938659115 8.576507270407378 60293.58002261145
15453.070943180599 6.7867583271053755 92122.91038399731
15463.670943827572 6.281480245239117 117088.6954336506
15482.710944989682 8.852284247001437 77482.36642464905
16648.51101614447 6.271317881249246 23631.6541004078
16973.621035987613 7.666388472910278 15172.602105329099
17793.301086016912 6.094597971976117 10473.367840634775
20496.571251011428 6.242171698363102 9298.89313993886
20537.311253498003 6.38828502202878 23799.525924294925
20961.32127937752 6.156419882518255 26836.32774796078
22834.261393692712 8.381056555003807 72419.63194283047
23121.241411208583 6.869261803176042 224636.15087607031
23879.1114574653 7.304699187716896 35236.69345879251
24085.90147008676 6.657503287998529 48484.69842185644
24102.16147107919 7.097534014937293 156038.46903684406
24105.601471289152 7.406594238691498 307927.86002606235
24120.471472196747 6.29690981390251 117816.14503815596
24133.10147296762 9.03088430634926 234814.57307500835
24134.101473028655 6.531293352084425 217728.76585636972
25150.81153508371 7.215305109783084 13601.105388275966
26250.58160220835 6.15035729605056 38365.670153120904
26411.451612027075 6.8308485856059535 27752.570369929283
26466.71161539988 8.252389501051882 45318.98384462484
26662.40162734385 9.29083512288112 64526.827203490786
26733.371631675516 6.2912561074782305 19501.51054613996
26874.61164029612 6.6299754904582535 20692.743898593002
27626.121686164654 8.226197325839658 71884.07579298559
28148.911718073225 8.29212174550102 96064.46865099641
28813.41175863109 8.228261836408354 65025.514236586656
28846.211760633043 7.518568695020134 31572.41524064335
28870.92176214122 6.948317537929064 31476.476839313364
28896.851763723862 6.4215607041699645 26775.512269774063
29139.9417785609 9.026495948704607 262653.22680453677
29312.731789107165 6.143948253579912 18714.86008433527
29339.141790719103 7.692888411191744 40793.5761731938
29340.1017907777 6.921472872844877 29077.04051845023
29350.551791415513 6.303991321404808 43953.663080004044
29460.71179813915 7.1256680917947754 34314.536697138494
29642.22180921764 6.753035483354706 26935.123707436585
29946.431827785145 6.379020581212522 25129.523366885354
30376.521854035756 9.297506844848177 44823.68730457777
32021.221954420285 8.997527726956823 51545.843508132355
32065.001957092405 6.195020069622091 14484.084645989911
32451.7019806947 6.880019914402392 23352.614885384108
32531.33198555493 9.5895187238234 82969.95802576139
32682.30199476941 10.001177860915238 28495.14048691447
32690.631995277832 6.564202680621494 19694.165466979463
32705.571996189698 6.271882310644266 12262.555428347585
32730.781997728394 6.188213439819705 17077.06756043907
32814.752002853515 7.649729916582487 25157.41565526134
33226.102027960325 6.364595193589985 84368.06093546064
33228.362028098265 6.162882910289154 144023.39068425956
33293.65203208326 6.690905383603406 53204.02529874424
34580.08211060071 7.098449434953247 17977.09180627839
34646.902114679084 7.914054976207106 31938.087144739642
34672.902116266 6.963266242783947 26363.76328451614
34731.94211986951 7.2329421977796144 12558.944870646768
35082.402141259896 7.241215165324552 8635.379260699068
35091.682141826306 8.400360517793363 20784.44194342444
35606.10217322401 6.873257489980382 78041.08365574642
35750.652182046644 7.420899733253299 100453.25859972773
35822.1021864076 6.305872692332428 26323.47270824893
35917.95219225783 6.401209760427582 50710.36326078837
35942.88219377943 6.172992193033998 15450.884416170575
36011.022197938364 8.02765394283789 17698.203883470775
36039.3621996681 6.9753826268315295 12412.124277537732
36780.58224490858 7.7219232115930305 8842.608616552074
37879.13231195876 6.467883056206432 11565.5921273713
37931.68231516616 7.719828598593774 35847.07157415784
38020.64232059584 7.234235258489216 14254.789683595392
38038.202321667624 7.261787715508721 10980.275296769889
38239.83233397414 6.6930803127311975 8628.540932748658
38319.09233881179 9.448740163140734 16491.238751739038
38429.132345528094 7.248506015746414 27801.72544851687
38475.162348337544 6.347977592223548 10018.517236568729
38509.27235041946 6.394999390029957 8431.721659790572
38770.91236638869 6.60442870554102 8532.981920581138
38871.95237255569 7.470041625248361 34687.15543876518
39128.172388194114 6.763310438500247 10231.295434059677
40525.94247350723 6.276346555946111 13200.22802339043
41459.67253049759 6.56605822605232 6707.206075397874
42414.082588750156 6.602383411397189 5046.700133248146
43107.55263107621 7.951851682171938 23322.809909178966
43273.652641214154 7.66859254815148 28022.779008989248
45358.342768453535 8.107199666454461 20078.418101306645
65704.93401031091 6.352873612111484 10440.834562954144
68009.24415095484 6.112925373975055 11691.560277721423
71521.10436530178 7.934846076463072 464042.25497635355
73883.45450948819 9.571811203169593 104768.31050847053
75856.54462991605 7.594189491061983 20024.97719436909
82714.22504847565 8.339528145300534 75155.97200614148
86323.02526873934 7.73783535411993 251517.23243843918
