1024.7400625451698 6.0731787695738975 54405.67335298198
1028.7500627899208 7.302534322266258 106573.86098657725
1741.5101062933416 6.475881905021166 39722.72993357228
3871.0902362725974 6.131498271436996 582161.2182245408
4454.7702718976 8.737547391838913 71287.93911661828
4647.3202836499195 6.135065596510286 47140.78549642034
5472.290334002096 6.77884910247798 44553.67428624722
8685.840530141633 7.396248301770002 113832.14610254225
9423.130575142248 6.501399033126042 88934.10571162433
9436.00057592777 6.853495004475153 95670.07996270832
10284.590627721596 6.033787073389183 57176.767401911464
12624.60077054448 6.352373719199659 145157.36187280226
12685.73077427556 7.696871751653794 55663.94394070762
13097.86079942998 6.944569198626708 169489.06824758687
13340.820814259083 7.533037701556663 146121.4682619508
13425.540819429982 8.647089392287054 165061.8216442844
14571.530889375665 6.861727642010089 93319.28872507109
16153.100985907042 6.243370811194224 56882.86310634672
16256.710992230895 6.623434088427987 71971.79848714331
16288.800994189514 6.445403344142132 56280.78019021808
16866.07102942328 6.293480569005592 32113.63027409143
19344.011180664744 6.6623557292564115 74640.74073117384
19358.38118154182 7.168468657251469 125899.51476941218
19373.271182450633 7.114106771795143 84308.31126779824
19524.131191658398 7.025074053810254 74132.7271442474
19860.631212196728 6.253058432076282 115671.93140463662
19923.941216060866 6.134012671363813 74566.73390397981
20282.311237934035 6.591205347558451 143590.94046551737
21472.78131059456 6.5081919922948135 126568.55299566351
29993.091830633046 6.837424181273205 163365.31061282652
30266.411847315176 6.9019642580006675 114966.08915431639
33098.95202019971 8.290348593336565 132085.14078776937
34047.95207812208 6.6914605495552735 84280.06773365459
36611.42223458388 6.809245165999599 105053.29371975054
37018.36225942153 6.60877786912725 410909.85085462173
37828.60230887465 6.051969793420117 50307.09996895033
37843.92230980971 7.238236899606762 111409.10952386157
37939.17231562331 7.179938047378263 92025.40772143302
38008.672319865254 6.524832379826616 46942.093451793655
38092.382324974504 6.145212433628917 61278.977474350526
38207.87233202346 6.153678333689192 72465.96630598886
39028.47238210891 9.327338230244111 245592.21496553483
39071.002384704734 6.8262717520471945 62119.731763654156
39229.83239439895 7.238862102644295 95577.66503767531
40839.162492624666 7.42042226682946 139185.42259462635
40839.7824926625 7.4792593608506746 112442.77954351452
40856.51249368362 6.555859752608464 95056.42959819497
40907.41249679031 6.309557693022984 54916.800458381374
41357.80252427994 6.324713414887812 61034.046034052255
44045.93268835038 6.166350038057042 257379.5680547564
45508.932777644826 6.18391951336361 726728.5596032311
47533.02290118548 6.0282668699615005 43070.67367497229
47581.95290417193 7.2014672958803025 56432.48169057675
48621.42296761615 6.771945810769059 57157.14547915466
53584.42327053365 6.709188168574418 40607.98494832851
55090.633362465414 6.249617119954523 17518.10585029914
55099.27336299276 6.628981704044543 24026.336129767864
55120.583364293416 6.531915886383407 18021.69711526914
55923.033413271085 6.434473880384355 12242.173437606607
55974.933416438806 7.464070910611598 26084.331118319646
59420.1936267208 6.278867614936283 12949.86496404324
59636.44363991966 8.384502547588058 12910.896878777521
59849.083652898174 6.84652951358656 21659.664057955255
60153.38367147117 8.275977221906306 42057.85669950509
60212.55367508262 7.4356299188392905 22462.449474672885
60371.82368480369 7.5031216954408455 14159.759649080657
60868.94371514549 8.43245242258791 39503.56362209019
61035.18372529197 8.110788740451026 27923.8173266888
61067.353727255475 9.861856742486115 66544.5071229534
61206.62373575584 7.234900492222811 18300.233653166288
61591.28375923363 6.542113350029797 21112.6573679625
61713.08376666771 7.084589722384747 14370.537959106478
61745.17376862633 7.634505432793797 42644.01545374186
61782.28377089134 6.514124895375397 28665.780835907753
61816.383772972644 6.51552219882728 42018.348351193075
62092.793789843374 6.167843859271783 15918.661674756588
62144.00379296898 8.553777185172587 20375.204570725055
62385.05380768151 9.284205263751122 34382.07187699544
62561.593818456655 10.206686516527494 81052.98998817308
62627.21382246178 9.82599429378041 55465.78342001394
62641.68382334496 8.834142737084283 73935.93245041161
62905.89383947106 8.55675171579012 42693.602102222256
62942.02384167626 7.3513223969409 19404.062443055616
62967.863843253406 6.473193462316568 10916.136972357284
62973.523843598865 6.948116734273043 28492.581784006023
63003.593845434196 8.80259457151491 42046.54720606608
63154.95385467248 7.044960907112723 34375.8727270373
63196.74385722313 6.628838995002412 30929.458989302715
63357.56386703881 7.778008195722344 25070.827028438052
63363.713867414175 6.265666025544043 45919.87934709061
63588.013881104365 6.0451549386529075 19667.65846401156
63852.793897265256 7.349515859365359 26768.186173630234
64210.34391908837 6.146307652795645 17551.74621282089
64239.09392084314 8.01546394098158 26974.209039086738
64321.99392590295 7.406103343637866 11140.960664196775
64445.273933427365 6.133410709754219 13260.702756742781
64640.92394536889 9.464550557677013 31252.11116033129
66005.97402868494 6.708893238303314 38378.84732573245
66279.22404536279 6.0769369411172 23296.3755786821
66330.46404849023 6.510908242554779 14578.461529909231
66612.15406568324 8.379180428710612 47170.80914070574
66728.85407280603 8.331284106505073 18687.921187511547
66783.5940761471 8.956768438103683 33209.819030074534
66921.88408458765 6.222286144294041 26290.278243869652
68626.56418863307 7.243469463939143 11063.016077043407
69704.3042544131 6.703669012659111 7583.296839513911
70197.15428449427 8.043985407320498 15365.570005220035
70988.38433278713 6.119025626263222 12468.965607497868
71151.69434275478 8.986112422993957 33188.77080011707
71453.114361152 6.173232716540625 21198.574842699774
72329.67441465298 7.518567669357015 27979.517965968127
72431.33442085782 6.865542045998986 14612.918421052245
72615.48443209744 6.364510153060379 12815.79080359852
72688.33443654385 7.427737903285785 13795.693634614041
72778.69444205899 8.372887188580473 33767.048765193416
72795.29444307217 8.971468810195097 11541.188894305435
73644.92449492948 6.150682727033297 10030.97398534813
73881.00450933866 8.477057001530692 18536.20759053246
73917.0845115408 7.41100076666214 40043.80642533016
74037.60451889675 6.28376935713741 24225.668880183384
74090.69452213711 8.511948509725052 17106.273493165812
75153.88458702908 6.645277244369111 11725.738320232627
75257.00459332303 6.427841488447883 6829.311672906186
76510.03466980193 6.362598933347469 8530.22918155908
77855.18475190336 6.180621146259014 24744.98103391914
77956.07475806121 6.28040805378881 13449.604356828662
78984.64482084014 6.4554485085294555 11500.286602596436
79452.14484937408 6.723838933440261 8503.63752471872
79566.37485634613 6.054168811587168 8131.295946582547
79935.16487885528 7.528787090443416 19868.16805804368
80004.644883096 6.752715942824045 19704.363416697226
80629.64492124297 6.138620452037373 10285.700982353768
81670.97498480072 6.992865311477728 16307.427337554813
82367.01502728363 7.376214526904938 17798.63042683484
82684.35504665253 8.778609488780212 36143.01143252888
82705.7650479593 7.677269639118701 40141.03988086943
82778.37505239106 6.48581280117062 19127.893801812887
82971.40506417268 10.465187129935721 14755.016590461104
83314.44508511017 6.213784840866984 23650.481858018677
83438.3150926706 7.8230204675774955 28052.679848710985
83850.68511783966 7.386831169340825 27632.65850498799
84014.6551278476 7.150922482625978 15868.636622179238
86031.31525093477 6.204729484862685 31773.668529161572
86276.75526591524 6.6230639366590776 53357.96159331434
86281.96526623324 6.569295081887044 89494.28270286018
86306.18526771151 6.328984846671476 27009.235596799794
