375.8700229412856 6.437231531343593 11526.147728164084
696.8800425341823 6.336256462147731 220078.02342453427
711.7600434423855 6.864633836972826 394397.18481240445
719.9800439440945 6.07653985953537 1136916.4971749024
720.9200440014675 9.386505208332027 1136916.4971749024
726.4400443383817 10.022400529401539 2897016.7404416716
738.7500450897244 7.206637914217206 2053552.9592895033
743.4800453784208 6.033622912785384 1763572.234570839
750.2200457897977 6.904564231671924 4539006.882259012
764.6800466723661 9.083002534270832 4713232.618120915
777.2100474371367 6.2350832577410555 2220988.6376478784
807.1000492614776 9.400317626865652 3696111.509782934
816.4900498345978 6.364453507753837 2941527.2096508862
829.9700506573517 6.5713058097882575 3020272.462772214
848.5800517932161 6.757572165500136 4439480.4336300185
873.1200532910188 9.314134753099411 5452808.907415165
887.2800541552767 6.708304898028583 825632.5585349862
896.8000547363315 7.120766825840858 1454212.525779475
997.2100608648719 7.447587862061417 748467.7013901642
1001.7400611413611 6.5464546660362455 779918.7941132785
1035.1300631793251 8.394525290727422 1191960.3505857252
1082.5200660717815 8.609155281274255 920773.4513770299
1085.9300662799112 6.313426707445849 1217450.3995515013
1109.7500677337687 7.012258096821367 2266745.3018220016
1132.4300691180463 6.604636650815073 2493450.207391664
1172.3500715545697 6.2337603381808595 1281371.0852356174
1176.0700717816205 8.009601149671859 3166596.0713344845
1211.6400739526412 8.685968432204035 2851636.745305849
1218.290074358525 6.085513953343501 1864193.121557755
1220.680074504399 6.786358439963149 2600375.2536826427
1224.320074726567 6.383692472905199 3089555.2584652985
1234.8300753680467 7.552679527618694 2415348.454774591
1239.2400756372117 6.560116888698239 2990336.0220512487
1267.6000773681687 8.482617689414669 3137366.169502381
1325.9600809301808 8.063288550381488 904223.7565031582
1330.7300812213184 6.73289557844485 1182398.9362958577
1348.3200822949268 6.518118987730383 1676872.7886781534
1382.280084367681 6.243951321775861 1396416.2160261148
1393.4700850506645 7.385597255232392 2013095.5943596046
1394.8700851361136 6.017953545557931 1950195.3301770932
1425.0600869787652 7.343229363674966 3768983.889459324
1475.680090068365 7.2447182557852035 2086952.5346251116
1482.3200904736384 6.603358348938589 2968628.8863838026
1504.720091840826 8.133155079432965 2046561.3192590603
1511.8400922753963 8.92530575437613 2530632.7846358907
1552.7400947717342 7.482302836358521 2938519.875837323
1566.84009563233 6.1995797588423 1976135.7469913175
1604.8000979492247 8.896402104493244 1959478.1119387113
1609.9700982647764 7.432892703202606 2425885.3171124817
1620.9800989367736 6.045119403001779 2733525.770240383
1656.6401011132875 9.014078863724169 1289374.9849576233
1662.430101466681 9.673352672426887 3355292.386830506
1669.0701018719544 7.160618514046135 3194239.6862045573
1703.870103995978 8.906451068815661 2629782.217509869
1822.190111217658 9.347019983746959 2825571.729202832
1836.1301120684882 6.192500413533415 3163299.3571857805
1865.330113850715 7.697996686729377 2050922.9318887647
1882.7301149127268 8.819809028476582 3062526.571692091
1899.7501159515452 7.2518763398565635 2358266.4898494575
1918.430117091682 6.472904661825548 1584024.602646054
1923.380117393806 6.832359489597086 2671167.5474788807
1933.8301180316234 7.532528632017288 2552932.4382714466
1937.4501182525707 6.739921052644046 3221930.8455826836
1960.6201196667553 6.4955801012783185 2193508.6577498177
1961.5001197204663 7.775967418381586 2283906.126461455
1977.9001207214428 8.026406931960562 3108342.446359144
2006.4201224621656 9.91147947624891 2543326.996737919
2044.9401248132401 7.620609071381399 3348210.023129737
2051.820125233162 6.52955025120307 3023936.829694721
2084.2901272149734 6.347296168989784 2717913.52321815
2090.7701276104813 8.37676830340229 3337248.270516989
2111.3101288641437 7.82903209309795 2597991.248480985
2135.38013033326 8.221479659528178 1455799.7867978734
2147.410131067513 9.921466918958863 2544134.244482586
2165.3701321637045 6.448701636259861 2406598.2897502766
2170.790132494515 7.116717567129703 3209808.46886005
2197.260134110116 8.473843168603509 1445447.3660977664
2203.190134472054 6.773089391872139 2854969.929610598
2232.570136265267 7.499487693251236 2598044.6188048357
2258.230137831429 7.130978185891151 2129413.9300039937
2278.1201390454185 6.84521066854537 1167282.4825203004
2280.230139174203 6.054174877053244 1167282.4825203004
2305.7001407287685 8.673647083348317 1242578.1160485116
2369.800144641122 8.323979510301543 2259668.2515722387
2372.9501448333826 6.374136320268944 2259668.2515722387
2398.410146387338 6.122033586501063 2647928.3555872715
2400.3301465045256 10.992650992412173 2651343.5522432635
2408.620147010507 7.303695883198118 2203179.5977665912
2420.2301477191254 7.083647158320619 2349437.0605161823
2441.070148991098 9.898312204976786 2251330.3210224938
2465.3201504712006 7.63764615805442 349573.72449489386
2475.090151067514 11.172477125704523 2394977.8698466914
2482.110151495981 6.4480727486985225 2805162.8489302103
2535.090154729624 10.146173485908013 2877248.2640381884
2550.1501556488133 6.996546625405016 2610537.2250574194
2576.710157269907 6.828856957252378 2402758.337794028
2597.920158564463 7.598550722545925 1040652.4714977113
2616.780159715586 11.258734217322454 2398496.148012458
2634.4601607946875 7.4528046429051376 2168541.9831303237
2687.8101640509135 6.767458591283974 1750984.2670628391
2756.0101682135114 6.653614663569454 2463930.457303734
2759.8601684484966 6.146665826235719 2593685.121520694
2765.0301687640485 6.7622278548456265 2645505.105093653
2795.3801706164654 8.905406727954732 1427261.1441478322
2799.4001708618266 7.322394562695322 2120335.680345114
2838.0101732183944 6.552512580433897 1798858.9263924407
2866.8301749774278 7.890821249198036 1792395.700019775
2885.270176102916 6.01136943226918 2714027.495981883
2920.2901782403674 7.602885060926421 2801261.165920854
2962.3401808068957 6.2153512240531565 3093158.3943212745
2972.190181408092 6.547316069506301 3368693.462792501
2983.450182095348 7.8810175825341755 3060083.052038036
3017.980184202892 8.096075270852138 3028180.2373526883
3052.5501863128775 7.870801341860583 2592197.474515017
3057.5801866198844 6.109103510531108 2702470.4373352476
3103.8501894439814 7.357481348218494 2156865.1823258367
3157.86019274049 9.612186769324259 1858577.6593115567
3167.870193351452 6.290859091350177 2162508.73686572
3224.5701968121457 7.213034276792349 2642623.796152581
3242.7001979187135 6.34510667931732 2644369.9976026244
3256.720198774426 8.00582870637451 2893200.575370397
3316.180202403577 10.007173806461 2261316.492375904
3329.2602032019167 6.002882624993719 3049931.5489995945
3331.4102033331424 6.7357123197975435 3049931.5489995945
3351.230204542859 7.271742291231002 1816839.0083661957
3373.9402059289678 7.414192674809946 1805186.180999809
3381.080206364759 9.210823925878614 2434160.4693337753
3399.7902075067263 6.005420056706016 2558349.3608451285
3426.06020911012 7.0627150179844795 1194232.0806357635
3432.6902095147834 8.530443968496236 2447224.8548541586
3440.590209996961 6.014502955310824 2950093.916639955
3480.4202124279914 8.867037177953002 3013599.1882972578
3510.380214256605 6.370721346093366 3324368.5130750355
3525.490215178846 6.051531616444055 2909142.3134343913
3551.650216775526 6.365426286807064 2601074.632251456
3557.060217105726 7.838452718395031 2148914.845789893
3572.300218035902 8.075572403074604 2629105.490167286
3673.010224182753 8.305697463361874 2763268.786228547
3684.070224857802 6.252744312311772 2738494.47311581
3716.0102268072646 7.924108676633229 1696351.2756998646
3738.850228201308 7.448182271549435 2298647.0866184058
3759.9702294903705 7.129003249860192 1528343.6313866011
3776.4102304937883 6.14683499635761 1642166.7559531895
3787.9302311969136 8.058480249416835 2706140.151210007
3790.2902313409563 6.730929983686805 2706140.151210007
3796.160231699233 6.480333738678154 2246747.923425849
3807.710232404189 6.429557646289169 2455349.544352801
3819.0802330981587 7.697085058237144 2269470.5268869055
3825.6202334973286 7.404653458596573 2689658.357034733
3850.450235012832 6.567880323693202 1271173.7398267502
3873.790236437392 7.81964172759686 1635406.32246484
3896.0102377935937 7.527236058313258 1912281.0233974515
3938.3602403784325 6.086680511697952 1275082.332437776
3980.5002429504543 7.821197911482751 1880124.9843546047
3998.0802440234525 6.045204577034284 1366019.974430054
4004.0902443902737 8.851091424623345 2174476.188114207
4035.230246290909 6.798889610475032 1772822.2923157245
4036.300246356216 6.545758762222489 1772822.2923157245
4037.580246434341 7.311401335371204 1772822.2923157245
4055.7002475402983 8.648951098465718 2048158.2781854358
4091.2302497088776 7.028890136531966 1684212.140678034
4141.910252802139 7.502318478785791 1978413.3388650226
4155.28025361818 6.587711491811892 1942824.0734841286
4164.490254180313 7.23593613952161 1606088.8352543067
4186.900255548111 8.227438316602187 1829315.5694082815
4212.3002570984045 6.116475998498301 2090467.6795790724
4235.390258507706 7.134527791153828 2093859.0937055205
4273.580260838639 6.40521958220232 1940503.1387536118
4281.660261331803 8.809846821159956 1760478.5610499794
4292.7102620062415 7.093459737664043 1005362.9490064424
4298.880262382829 9.128148784003086 2006464.0675100093
4314.750263351457 7.615018794271673 1638330.8210909052
4348.750265426652 8.952933190172805 2061757.9814599585
4384.2502675934 8.555842390334181 2106454.183982003
4461.360272299821 8.727609064260506 2522219.601150951
4470.310272846086 6.069546284424881 1752833.7579422195
4501.260274735124 8.783518284496536 2680802.1761161983
4571.67027903261 6.7916366072940955 582442.4164845964
4576.280279313982 8.712094085938537 1644120.2130553308
4595.330280476702 8.816939115522702 1732299.5156102537
4626.57028238344 8.824231262222227 1775134.100014198
4656.950284237688 6.910779239842582 157606.33692020163
4663.440284633806 9.464233726288994 1668421.573456343
4683.340285848406 6.923004330343918 1753620.0308652692
4708.630287391985 9.667253403047566 1872989.3962028397
4715.7002878235035 8.083174462437933 1931263.6730439113
4726.310288471087 6.0676332754512465 1392583.0659016543
4739.640289284685 8.714730639681035 1498342.2318841086
4751.8702900311455 8.2718362536595 1103932.838778056
4771.940291256121 6.232907631004872 437097.1339644807
4772.670291300677 7.821472984326039 430491.8963676285
4781.910291864642 8.528926091573892 1897888.8163704614
4783.630291969623 8.808364464754284 1912876.3994369588
4808.7402935022155 10.974801169156574 2917278.688930723
4841.060295474872 8.624985768264228 1516996.559361042
4846.1402957849305 6.2638484298108725 1279074.1440881307
4850.730296065081 6.384761935343506 1077374.892064552
4865.910296991596 9.01979915622853 1646840.8945261077
4879.39029781435 9.4950077951781 2009133.290091872
4885.6702981976505 6.022891589733852 1716729.9300785107
4899.60029904787 7.03467388604212 1003119.8326431125
4905.490299407367 7.230293059471358 1093687.5338717569
4927.730300764789 8.639103991145273 1492961.1045096808
4938.8003014404485 7.034091227753751 747278.5742992546
4942.1203016430845 8.043748903670249 1749491.4990108695
4957.780302598895 6.884381966771455 2049252.2285688529
4991.820304676532 7.955347366702945 1348169.7329532695
5019.780306383075 6.199620354427506 40421.241541605516
5029.900307000751 6.121855212764851 255896.34085513806
5161.760315048848 10.624494584955007 69832.67122561127
5694.1103475409145 6.174684341708948 22381.657924260693
5993.780365831321 9.565175191584832 48074.79549184462
6181.150377267479 6.672159808173837 15499.130800230496
6285.530383638329 7.51200805520098 53172.997164151566
7269.430443690823 8.190528985056302 47219.451118801306
7459.830455311918 6.1309798831037705 43544.45661230923
7996.4104880621635 6.38548319884887 3018589.397022727
8053.600491552765 6.009465673657951 64489.09513915
8966.850547293125 6.598455072238247 55479.24525893187
9043.590551976962 7.438565918800312 124506.15835460681
9986.490609527014 6.079895431572734 67383.00861333316
10090.070615849037 7.1221899029356415 66756.2378625537
10170.860620780068 6.0542944685171225 105510.53945702282
10200.79062260685 6.031366646855347 79335.86812848912
10639.340649373818 7.887729413509192 177327.66015964927
10775.380657677042 7.190911773933288 81776.95495900397
10791.060658634073 7.5543808580875496 114263.93323170404
10902.050665408366 6.48819710966424 45139.610418493605
10944.410667993816 6.572422953986818 64260.238412235085
10977.020669984171 6.627660818977271 82311.9357739769
11070.730675703777 6.199799260396552 133640.05787200498
11088.960676816447 6.445286024213737 152005.37082098264
11519.830703114667 6.061837813771344 93860.43362379016
11587.64070725346 6.711646976069232 135763.57305958215
11879.610725073897 6.152503815387408 51375.09245347409
11944.54072903691 6.25952406298106 141905.94157309222
12050.230735487716 9.618264181782832 170475.97683661524
12240.87074712346 6.082833310952642 54005.73367490621
12270.630748939866 6.071647140471755 69850.57871919684
12290.010750122727 6.281079326266939 86988.5088028755
12439.320759235887 7.38457274699212 68581.31172547066
13960.43085207708 8.547806629677726 105428.94770896038
14315.260873734183 7.12212533690242 194383.4953541947
14414.880879814507 6.285886978547862 51091.594107024874
14719.04089837896 6.345318577464067 81742.9851441772
14894.76090910406 6.326225435385782 103473.23841647382
15083.120920600642 6.836098069994367 73040.94196420153
15170.260925919247 8.56409164915516 152243.30466088702
15209.720928327693 6.491115157699863 91035.8772980799
15219.250928909358 7.243923202136445 78834.85298593043
15518.360947165585 8.59457140073113 167429.1551539706
15645.150954904233 6.797859489654588 183184.6133745062
15695.190957958432 8.113699665943981 96179.29904035859
15758.070961796324 9.104279021162673 183829.92208759367
15759.470961881772 7.056183051649542 177991.7483187791
15800.090964361021 6.461303620766668 115050.77560798163
15868.250968521177 6.732001530780471 85887.50716350027
15870.510968659117 6.18411579986535 80133.7614973518
15880.400969262755 9.806714293430705 161072.22295753597
15898.8009703858 8.772112164596985 150045.78938052527
15910.41097109442 6.497401069946802 103585.96369999515
15929.770972276061 8.236185691132153 113166.71703252874
15951.190973583434 6.777050616543397 78502.63822276508
16017.230977614196 7.496226024056103 111040.51148078188
16022.390977929137 7.002505959254588 127837.25874845973
16060.930980281431 7.162534052256099 123654.89943920553
16109.890983269714 7.007254560946708 90418.6099742565
16312.28099562262 6.041865017990444 158844.1470727778
16432.511002960877 8.06911217187348 144813.5489827906
16434.481003081117 6.100781834656187 136796.61885345815
16473.87100548529 7.983351772662656 109114.83945339262
16487.341006307433 6.925308326426858 71272.3465924183
16503.561007297423 6.735259060378007 108197.60645527972
16534.771009202334 7.801277543115472 184024.48361139212
16536.68100931891 6.795193489244891 217711.3194410422
17177.24104841559 7.1854669551866355 136093.99303443122
17352.861059134586 7.853948139437614 186178.3250916739
19508.361190695872 9.408292263730846 688089.0970420636
19520.061191409986 8.395445581730751 188621.00095786733
20283.111237982863 6.174258765476614 53698.011214094295
20577.251255935746 6.1923540398840355 48596.64534412331
21269.541298189775 7.66855438462116 114941.33429359482
21320.441301296465 6.2944666628290795 103507.45233939351
21691.651323953327 6.911961275186064 90249.20145443913
21843.66133323128 7.0839983177449 110279.1759102721
21847.961333493735 7.3813663537628935 139004.86108059328
21864.26133448861 7.5046124208066685 91136.8111932959
21982.89134172921 6.0951208659994 28609.721580502166
21988.241342055746 6.964655077240313 103469.90457463573
22026.081344365317 8.059841768583553 210117.20815705133
22071.0813471119 8.299375295694018 223814.0787366695
24353.921486445404 7.1546844496902535 419652.0343088939
28895.60176364757 8.84236348735743 2825984.7290115957
29097.35177596141 7.054266016930091 4329559.1947511425
29122.471777494615 8.485851502879331 7020744.114235869
29252.101785406605 6.7333290925358655 2134131.786649559
29279.851787100328 7.29315555162145 2922482.3923684712
29280.811787158924 6.966716419919601 2810077.932551309
29305.171788645737 9.515684023771659 6320509.879928799
29331.721790266223 10.230480540581064 4366847.571671609
29703.40181295177 6.015062615393477 404537.9451128772
29745.531815523183 6.446046455192012 628135.2580341329
30414.211856336173 6.640424065696715 586494.5117671426
30589.551867038077 8.464893348249044 2356858.465643348
30605.391868004874 7.380648007281888 2111456.1672259853
30704.5318740559 7.8425926095821215 1808299.166432534
30773.0218782362 7.691710328652817 4307541.356348564
30803.401880090445 7.011886122679649 3048860.464831233
30825.301881427116 7.097979235131103 4639314.954807371
30839.451882290763 7.021164437017133 4788070.307432344
30873.11188434521 6.084930067252917 1361113.1750076343
30950.8718890913 7.584037482431239 4957773.325546621
30969.121890205195 8.316488596528783 3241442.7826882056
31034.74189421032 7.698727844973312 739618.3106364687
31036.521894318965 6.286361227040071 701311.2983827973
31048.10189502575 6.688783313887551 1280999.5987687649
31072.241896499138 6.295798387379029 1603497.0528336836
31073.311896564446 7.648389865496477 1646172.6356607487
31091.24189765881 7.4604714940863275 653462.0724303022
31146.311901020013 7.626140799270525 314096.9739089719
31213.00190509045 6.825353132744052 1744511.0865490274
31316.231911391107 8.286342378443154 4904644.310597043
31337.531912691156 8.785144216308712 2681919.0032093176
31384.01191552807 6.530712173064741 2722646.626065545
31398.20191639416 8.432742270941816 3807824.678315327
31412.001917236445 8.514349575407625 4848784.601672719
31478.031921266596 6.153582331373484 1794907.7745980273
31509.951923214838 6.343219129030574 2967089.1359211626
31589.02192804089 6.885379706985856 1742621.4127597937
31681.22193366833 6.532228577575949 1608018.9698598878
31715.04193573254 10.044056544477577 5928754.1659398
31808.33194142651 10.295589673789744 5672956.074551856
31831.821942860224 9.544724899352252 8146096.9148113495
31947.801949939083 7.086596530542464 1946172.103103129
31987.30195234997 6.217097906382504 2383743.262660659
32048.59195609082 6.180901068323565 1298777.1335361863
32060.8419568385 7.449117960400924 1568299.1407781893
32065.7719571394 7.13259208767297 2545726.51922912
32160.79196293896 6.425279533860539 2283464.3759032157
32196.081965092893 6.2256690371245655 1591811.3304978996
32222.801966723753 7.384864952401739 3023504.2268533064
32323.571972874266 6.891816711016553 440454.2648080826
32461.05198126538 6.658704034100943 4056629.552744619
32522.19198499707 7.291604939808691 2278822.1437266995
32534.191985729492 6.646062071653665 2017553.5927307424
32632.3519917207 6.417451990915878 1904890.6840493234
32658.38199330945 6.0875890397637775 1184639.1979236584
32665.80199376233 6.876360884681156 1719213.906732197
32700.981995909544 7.854551362986142 2968865.3591604517
32749.031998842285 7.074228712140494 2625788.5902680513
32816.642002968874 7.777825436485245 2579368.4845065195
32827.832003651856 6.95952129704092 1982854.7216730732
32862.252005752685 6.339822308976287 1828330.6739958148
32887.43200728955 8.349715001815769 2260116.2481316165
32925.96200964123 8.706107090289288 6600782.977990417
33216.67202738477 9.575451020835725 6460582.969335708
33256.06202978894 6.871923287084393 1899501.8678662428
33350.47203555127 6.0330924820819885 2601968.380888161
33382.762037522094 9.50736410896783 4304232.746598627
33417.53203964429 6.048639647623701 2179639.451927656
33515.612045630616 9.144953841970356 7401345.304928557
33737.18205915418 9.68109208878751 6561497.534724883
33755.92206029798 7.952290191533929 1918964.1873213532
33789.75206236279 6.255492458210271 2971893.151906073
33911.442069790166 8.381548313613822 2282080.7793387356
33987.182074412965 6.427310076674941 2662703.0895231874
34000.7420752406 10.164876788986438 5534092.552888762
34115.672082255376 6.959987361970185 817530.5100140972
34210.622088050666 6.716991160515912 1202898.724660684
34297.992093383305 6.056522109813299 542796.6961064027
34329.312095294925 6.1307419854430885 1840370.5978225633
34338.77209587232 6.176417575553806 1939757.5827436505
34377.17209821607 6.3800923667395635 1271120.6598547827
34405.25209992994 8.029986958194486 2911212.662394122
34531.64210764417 7.097484480729266 1513758.9887258033
34545.60210849622 8.17697980068671 1394368.898487815
34548.61210867994 7.067672031912866 1671247.8093544478
34562.962109555796 6.599250031691287 2162041.9729280267
34642.622114417856 8.140386150916656 1863263.2319845993
34680.702116742075 6.527600501218197 1720168.147930927
34707.98211840711 9.813527695890231 8449787.06957629
34899.83213011671 8.35535522348063 5230547.119170427
35073.41214071119 6.542865407108464 2753954.565297502
35085.35214143995 6.859739109589442 1732917.8960265499
35099.602142309705 6.635223688938494 2062944.147303956
35125.90214391493 6.955401793263313 3135759.2541162395
35207.67214890577 9.848411731775402 7637394.12769283
35367.41215865553 6.641960014225117 448080.5855521978
35430.44216250257 7.7874952237825745 893698.2893789627
35448.06216357801 9.366961747676664 6193795.264454358
35465.17216462232 6.460038145302317 1814907.1074926495
35583.242171828744 7.071596033319829 3251586.69985719
35644.562175571424 6.762209732500946 2436317.155921662
35674.92217742445 6.013210165604482 2230168.1194137214
35717.77218003981 6.667344156755433 2497800.069703051
35787.83218431593 6.138318726724311 2757155.190873471
35857.61218857496 10.033645172921588 8220817.870667846
36090.14220276747 10.425289536147105 7494430.070307572
36148.692206341075 6.370308679588092 2755326.6898896974
36183.83220848585 7.81807554979133 1863457.6301741188
36196.122209235975 6.707909801933727 1758352.746109068
36249.002212463514 6.679394889851242 2872627.7727091713
36299.092215520766 6.299535839165256 2691759.7046646983
36323.64221701918 7.107483601021188 1823430.73661247
36391.01222113112 9.355517430700734 5710208.344249089
36433.81222374342 8.693097974655508 2945211.442653067
36502.962227964 7.601882778266968 2745950.209531044
36583.12223285658 6.906832870543792 1762647.0090417133
36625.57223544752 8.797877942224137 5196287.5276805535
36757.982243529186 6.717926789050463 680383.3674733117
36761.30224373183 6.510311855743852 635486.8456762
36771.86224437636 10.047430781655482 4277005.887928948
36788.512245392594 8.728991595539595 3161382.4477425367
36805.80224644789 6.308488745951047 2121633.532932388
36910.67225284865 7.842456087524464 2412309.4430424133
36968.622256385635 6.6396112225630315 4208814.745095306
37042.942260921765 9.246272873836135 6076937.480518181
37075.6222629164 8.683620903450123 1406054.6384659957
37090.81226384352 7.968288944401488 1409818.2009404344
37133.12226642592 6.666570497899379 1398181.0777464854
37152.342267599015 7.567411353439615 1689032.7174502728
37172.09226880446 7.66273699226138 1077953.0522097917
37202.44227065688 7.017648921909073 1590502.876721312
37286.90227581191 6.4984616125212895 1152659.6835120192
37342.872279228046 6.116112040526127 1044217.1681751156
37385.42228182509 8.028213882653338 1688835.9453161873
37393.862282340226 6.432404046637523 1364696.3007450562
37405.93228307692 8.070637458723088 1320810.5665097288
37417.53228378493 7.851389620494494 1298160.1165264577
37425.34228426161 9.276056118981066 1444652.2801942343
37436.702284954976 6.213705929187748 1326073.9372747303
37450.11228577345 7.383091664524964 1377576.5388785377
37467.90228685927 7.723025901454269 1649535.778477953
37525.94229040175 6.874325910171517 2082080.6584714192
37548.55229178176 9.324907698856421 5513121.150794907
37623.612296363055 7.045109270305873 3536835.8307637973
37657.00229840102 6.8092080280250435 2276340.7057867106
37680.93229986159 6.813114407914224 1844353.7927411762
37812.98230792128 7.674717516106725 2085277.1220068284
37836.55230935988 6.034969494008071 2316717.0507621765
37863.872311027364 7.183260044577067 2049799.6648947946
37879.92231200698 6.192264441679608 4738202.534181924
37954.722316572406 6.415970701026419 1867941.5866819767
38138.4523277864 6.03108653930412 1739011.0995782628
38275.6323361592 7.273987240317672 2443870.4750673943
38306.75233805861 6.723544174198489 1984281.9143756374
38504.832350148456 8.327814699750615 5436396.424931222
38525.89235143386 7.0673226551621084 1455732.3748726328
38532.92235186294 7.07859622320255 1598550.2651908998
38548.13235279128 9.299572846177202 1947735.3399572896
38563.51235373 7.0309115762808805 1826291.3221701027
38572.41235427321 6.322266887553945 1401207.316793768
38584.0823549855 10.575386939937612 1576063.4786841678
38596.53235574538 8.357317354918038 1604765.3812177787
38604.69235624343 7.428852682639838 1466121.8765584878
38625.582357518455 10.135232406278169 1618870.2145536367
38640.24235841323 8.896170262086361 1701707.9010896548
38645.252358719015 8.362075959072605 1559386.3765093333
38652.74235917617 7.170760080242899 1679723.7872308914
38662.47235977004 8.241470316832077 1845732.8516299154
38669.932360225364 6.588199295416109 1865131.1913104595
38677.812360706324 7.525934912993078 1909351.4617307347
38680.582360875385 7.569866329778436 1887339.4850659654
38693.282361650534 8.499472985532734 1680415.758657709
38696.642361855615 6.820621113426624 1773173.1966696375
38699.49236202957 6.237167677512119 1846233.5456874755
38721.30236336074 6.257051042664674 1818061.523709718
38722.902363458394 7.256710749776059 1818061.523709718
38730.59236392775 6.6896673401559505 1490323.2157091561
38736.18236426894 6.8669885221882625 1750376.9687779814
38752.552365268086 6.096357733704298 1784966.6572979973
38774.50236660781 8.924835779238943 2096481.7477685355
38818.55236929641 6.047721650480934 2481615.7610343276
38842.76237077407 10.043793427115006 5656629.814841473
38878.65237296462 8.055036686347348 2046425.7600669258
38891.012373719015 7.038779382714526 1636857.9287786828
39038.88238274428 7.324325121913357 3154502.698898236
39058.252383926534 6.132037296078301 2532519.693455072
39315.12239960464 7.740437817837141 4288478.461739549
39342.29240126297 6.714088992422332 2027972.2355243803
39388.52240408462 7.022521053488396 1315063.7332595629
39430.382406639554 6.193150437364966 1965215.4782759363
39432.08240674331 8.423913506823732 1965215.4782759363
39435.452406949 6.771745144626516 2029926.9564903176
39446.652407632595 8.122719634547074 1757265.3217604815
39454.63240811965 6.178967005165503 1511801.457878456
39462.082408574366 6.966702199877102 1680924.7940868805
39513.52241171402 9.389783454820181 4387169.282051042
39604.96241729507 6.141176601495947 1062968.2301078136
39700.402423120264 6.029968892957586 1808405.1353663977
39765.42242708877 7.591794559371471 2239727.2926455676
39788.45242849441 6.477015215643094 2075993.1701996601
39839.23243159377 6.390242560251865 2401768.3540989226
39868.67243339065 6.303852950913732 2352457.3647039095
39947.58243820693 8.737026735150193 3231823.82384566
39999.89244139969 6.115943912966999 1746658.8257670673
40006.322441792145 9.606020419988178 4489221.873420206
40024.342442892 6.347662718971339 1290253.8637137022
40045.49244418289 6.510236318196633 738500.2889707468
40052.43244460647 10.258643903867041 1565323.0739659832
40057.42244491104 6.390032108210231 1547931.8076743784
40068.502445587306 7.668255606563209 1404272.129677823
40073.83244591262 8.227232175933285 2229125.2947525955
40078.80244621597 6.2579151444501475 1947045.7549727054
40084.06244653701 7.757759463823157 1987855.5923470727
40098.78244743545 6.428659768417011 1699761.7449263525
40103.902447747954 7.432019771849511 2081476.0505989697
40120.44244875747 6.71465349880104 1036332.1202774293
40127.80244920669 8.807514109213889 877251.3616944257
40138.68244987076 9.629189439044984 1918418.8395558817
40143.892450188745 8.272841165789359 1953634.4103163034
40211.392454308625 8.786229706128314 3296546.402613022
40295.82245946182 6.251640944161456 1170167.3683446327
40305.47246005081 6.07226269479363 1515897.2574611465
40352.4124629158 7.809530949945459 2490019.8031983506
40427.16246747818 7.548177524846354 2910219.564806067
40572.442476345364 8.34446338976971 3680556.016869147
40592.572477574 7.189919972977176 1030643.5057508199
40626.32247963394 9.848255928978128 1144031.4731532643
40643.2824806691 9.67410084859081 796350.5805171906
40647.36248091812 8.863470398150133 1208445.650445527
40650.80248112808 7.787503707680164 1874100.8396946942
40669.31248225784 9.814147545228568 1767463.9715886852
40678.24248280289 8.534666706694482 1449415.5824796741
40682.30248305069 7.443141929272999 1527245.1717117424
40702.7924843013 6.29724422819236 509636.6224362781
40716.292485125276 9.265295341048944 1559641.442089376
40729.12248590835 7.594478198203993 1333751.81046181
40800.90249028946 8.89543339319523 1404385.9358413396
40836.992492492216 8.203147536659758 1507491.3323042102
40840.812492725374 6.71197220857163 1651626.0103674678
40850.272493302764 7.411736089831274 1337536.1856666512
40870.79249455521 7.451443533956699 1625350.82243786
40876.9724949324 8.600641541524046 3260688.486251921
40899.83249632767 6.474158535481533 2192296.208991931
40931.312498249055 8.548340796676626 2556386.658481652
40947.742499251865 6.279690442201558 1985443.5697046584
40986.66250162735 7.111848582087496 3569184.3467068593
41000.79250248978 6.213114125184524 2513209.7533921935
41054.84250578873 6.420825448315177 1649501.346471011
41107.67250901322 6.6851959521655795 2510804.966383339
41231.87251659378 6.453843965340856 1827365.659000534
41259.09251825516 6.55731894753793 4214479.101302698
41270.882518974766 6.641863124325798 1533792.933408189
41273.07251910843 6.134485695877474 3394721.2007941073
41347.3325236409 8.475044656522755 7133220.8565778425
41502.31253310013 6.344471780805326 146325.93664207676
41556.94253643448 6.25849520009391 1064921.5684032661
41574.03253747757 9.241267601902166 3279137.352876869
41959.46256100235 9.249551011202556 3303144.372898821
41975.372561973425 8.18625805937238 3602017.28875218
42004.59256375687 7.158673384804834 1692159.6042911683
42090.09256897538 6.434624644721685 3056414.4750742186
42117.76257066422 6.0080546216027395 2985240.0922745224
42119.90257079483 6.556310143534258 2877907.941751661
42235.99257788041 7.246661265211106 1180806.8651777105
42251.502578827065 6.2628724315730855 1637999.787429684
42281.50258065812 7.3472062485810445 2895543.235896762
42373.42258626847 7.06742718418391 918565.271327323
42405.19258820755 6.142739270591485 1699826.4975316194
42682.90260515763 9.487219807417736 1242935.4484955578
42711.13260688065 7.314166647032553 146663.30878391006
42789.28261165055 6.903095325356242 145002.26512289693
42815.082613225255 9.134445356687353 256726.1337769853
42947.40262130143 6.005471175497491 165519.11527932927
42969.87262267289 8.252588218431054 131344.7934400395
42978.66262320939 6.733368481908541 100464.0301612485
42983.18262348527 6.099945514863536 118482.97336802713
43008.86262505265 7.338095038638282 417158.94311640866
43034.52262661881 6.525771821837816 88637.56367294655
43042.552627108926 8.372580061151266 423371.31348912086
43217.98263781632 6.070199728273033 135784.0539105261
43255.912640131384 6.440207108321599 149311.50178920408
43276.892641411905 7.940363692236242 127088.91049623636
43280.26264161759 6.574169182278845 154033.56713135252
43302.682642986 7.808343038373413 111029.82475302649
43340.34264528459 8.654027553316194 131023.10857006368
43347.19264570268 7.1883053393198 72409.33319202642
43362.08264661149 7.088469518376718 133272.71930762075
43397.712648786175 6.274011887704774 116549.43163528855
43470.41265322343 6.332834990354916 130081.29873994466
43477.00265362565 6.571452564438403 130870.34174730863
43480.71265385209 6.9789038997029715 172106.1356298893
43623.6926625789 6.5876261543094925 87640.22746087096
43639.54266354631 9.063466268678097 274478.077056912
43652.32266432633 6.5571401975656745 131013.69058696304
43661.162664865886 6.98741104146831 130833.55869695777
43866.7526774141 7.268718042420499 108539.92608263127
43922.95268084428 7.144584798536319 137601.60876857972
43983.3526845308 6.880766269186199 116841.94597238173
44017.042686587076 6.664091230284166 125849.05084921945
44081.5026905214 6.846759440267518 118086.30520108664
44120.07269287553 7.402094426988015 118226.13163033698
44194.09269739335 6.458588112437788 207509.1001780426
44205.07269806352 6.089109913855895 126697.81430048871
44220.86269902727 8.54924468219095 149672.90814879848
44229.642699563155 6.906536338572437 100263.78250595505
44238.69270011552 6.847435927057932 189437.01835946256
44320.652705117966 6.257879108431667 201294.16681486223
44331.042705752116 7.232692589700022 241388.45359358174
44372.01270825273 6.0546597502881365 132561.72346921882
44379.21270869218 6.4189840198799235 168408.02550081187
44474.60271451432 6.4343031798878965 1383426.932488356
44522.63271744584 8.72169829097227 1203812.9545247168
44524.96271758806 9.136483549876894 1604687.3597919291
44834.642736489426 8.881171090835188 62297.085557605256
45339.33276729326 6.340544043927403 76297.91552335382
45479.31277583696 6.107430876186168 125855.68662949603
46626.18284583635 9.469956209742719 604664.2969179781
46782.35285536822 7.4965454984246085 76599.16753444236
46858.9428600429 7.764596796852943 64862.82282071082
46896.2328623189 6.5987874802884035 110139.98943864541
47140.85287724932 8.651141689579115 50918.53535329005
47444.80289580096 7.093742227439984 1545378.9707209908
48896.97298443439 8.847246437351627 52929.143172033735
50095.443057583194 8.288819806503103 24502.974198393
50256.28306740009 7.044573477831562 20787.63792209419
50541.523084809756 6.373668279087563 12327.086822063653
51157.88312242939 6.094181378602596 27335.77276002148
51423.953138669014 6.622632141267791 45493.654552989836
51549.693146343576 7.2012449489736206 118934.86907067336
51736.20315772724 6.397706358127357 11718.670246389798
51850.46316470112 10.774327370272369 148784.34277242568
51852.02316479634 8.955122743894465 148784.34277242568
52381.02319708394 7.508714095818517 29017.382317864885
52392.95319781209 6.988485203812807 20373.83271310138
52582.313209369706 6.019207161774935 8207.719506270745
52607.31321089558 6.682952115458531 50287.74450119721
52927.30323042622 11.65533472569482 82325.67437815355
53108.82324150533 8.072902333059748 22526.553189486436
53153.63324424031 6.303183464953292 37194.56189153253
53424.25326075764 6.694563318937712 44233.78206032995
54147.84330492208 7.038550343552113 43966.82226158117
54693.293338213705 7.263004167159515 9741.819287382228
54746.56334146505 6.108060242905351 7662.020875542365
55165.613367041835 6.2733730321139785 11774.81344566805
55181.02336798239 7.793654309365476 26730.189328636046
55398.45338125326 6.312278324323038 60589.140945449886
55597.71339341512 6.115279879572267 81531.79966681487
55600.09339356039 10.527910954849398 47914.12575369855
55657.98339709371 6.878081327965514 26301.709330379177
55788.58340506491 9.722290566097966 51029.45911743569
55848.65340873129 6.55054232532936 20003.511005377943
55852.80340898458 6.47691619724952 27964.799683532266
55862.90340960104 6.517096961755473 50513.68755519379
55876.933410457365 7.9288523830241875 46256.31885815189
55882.083410771695 6.446644720292575 49355.83531185055
55907.57341232748 6.044538164965749 19638.191942050235
56376.93344097494 6.625949320178256 16589.318920885613
56657.0434580715 7.954221114674032 25597.20943797722
56674.44345913351 6.389120308174102 30638.65419477142
56692.32346022482 6.620405890703347 11912.236009687153
56819.653467996424 7.052469779885891 9715.853741605684
57068.65348319418 6.737399159142469 19118.486192692366
57164.493489043794 6.499835534738145 11889.613486280648
57297.033497133394 7.078538310217285 36139.741094712415
57301.763497422085 6.371910150793784 65477.136238892315
57306.22349769431 6.628900383064925 91177.85526127859
57343.40349996359 6.9374573623043085 38835.98538900311
57416.853504446626 7.33739271722091 61335.563099426
57526.79351115683 6.062426768111738 11931.698299816282
57797.00352764914 7.233658952867853 11370.758419599759
57852.813531055515 6.948601780500585 15677.586680669086
58308.40355886252 7.9808945384143195 22258.06782415653
59333.99362145957 6.925288005230656 33981.29492868615
59383.18362446189 6.220147656867359 13392.522129812669
59598.56363760764 6.829463101448607 9185.141026789977
60757.88370836693 6.86503528657598 6034.094786528743
60830.01371276939 6.369167119441705 7473.694486661731
60891.08371649681 6.890233380812841 6378.614794751853
60939.02371942283 7.116977565129583 7794.983981673817
60995.573722874375 9.211138085071237 11297.69224465908
61110.62372989647 7.330857724360601 6811.706630829059
61130.47373110802 8.452417779065664 10490.4801102872
61379.57374631187 7.610124997504176 23257.979095467475
61392.683747112045 6.20246652245818 30600.595721090343
61394.55374722618 6.2516984943328575 48188.52376080731
61447.29375044518 6.749884512888249 5813.924995463001
61510.99375433312 6.661753588416638 7292.462651241203
61678.15376453575 6.255677416389054 6362.055607431253
61714.94376678124 7.0472124834621 56011.430286147515
61782.37377089684 6.1825804512198905 18171.950426657157
62649.39382381554 6.731828168596086 8099.882900577121
63318.473864652944 7.949862259642402 14255.659749989354
63698.6638878579 6.080083796879139 5793.585543494279
63858.20389759545 6.365734295711573 6987.047691297318
63908.10390064111 6.246050286430634 7254.545732337209
64157.54391586572 6.131171604230232 7169.5701424093095
64307.61392502527 7.396088637309649 11473.476995511075
64473.63393515832 6.6302035471147684 7517.803697434287
64590.04394226342 6.21906561003324 6956.403913203212
64648.84394585229 7.149614145916398 7377.174026297665
64701.67394907678 6.217741408668042 5828.620425512337
64757.0539524569 6.13065839251636 5961.230761053449
65109.493973968136 6.022514936511751 6562.451603711014
65159.51397702112 6.0935482278311035 6760.554540165219
65311.063986270994 7.538121667037266 9056.865033641267
65492.203997326906 7.548572738095565 10882.80387836279
65536.8240000503 6.685243963820596 9963.5560352002
65553.01400103845 6.0800790293799665 6568.534986355024
65660.22400758203 6.754040768131822 9669.582087676192
65957.81402574548 7.900699898274981 10576.31671073481
66013.64402915307 6.611744582877951 7455.592748167286
66370.28405092066 7.1354556120994 8274.984806503888
66433.66405478907 6.9497045891028 6814.484905051501
66651.05406805749 6.354755253697868 7742.554128581198
66813.62407797998 7.783970344631315 30314.445344206724
66998.64408927271 7.206836636948978 8514.463403550139
67253.91410485316 6.29754247409944 7417.7849439054935
67267.61410568934 11.937906416143862 88398.88998865438
67362.8341115011 8.59796293298101 26973.160705069633
67577.24412458765 6.837471718054651 7985.368497889335
68592.17418653407 8.655066554467506 42077.76105054699
68612.41418776942 6.053252189360899 71596.52518123543
68876.28420387476 6.521856113530166 7348.028449902513
69341.01423223964 8.375984758930125 14349.796252646576
69472.4642402627 6.126751985895028 4639.645004176441
69534.91424407436 7.133444916621931 5160.216821497881
69632.75425004604 7.196776014852363 7750.818206129314
69916.56426736842 6.874995686465325 6416.474498557669
69979.70427122219 6.451978671592797 5319.382325496361
70024.97427398525 6.196416263489849 7653.176471914999
70082.32427748562 6.853557192417051 21068.3765797955
70098.69427848476 6.074944542377667 26552.248926981745
70117.84427965358 7.412819312163371 13391.117679241455
70127.25428022792 6.972233380529205 12670.743634384156
70205.93428503016 8.58258473235199 9198.352650699819
70260.70428837306 6.100433193006106 7687.4207653521635
70320.914292048 7.833931720986743 8364.826533627891
70389.7042962466 6.467361160891611 6164.190594343982
70487.19430219692 6.842664666362503 23852.29901806851
70870.57432559658 6.026805956233665 4620.187814162199
70898.46432729885 6.552493587194733 13487.868922329451
70906.69432780116 6.435951007604939 15062.12563632871
72454.49442227138 6.166162731203141 9197.374247603879
73615.22449311672 6.429326402619117 29499.79572050385
75395.45460177335 6.799879636388909 39589.62873568475
76135.7646469583 6.733477869974878 10509.809462573587
76373.88466149199 6.798795295805945 5682.900153223983
76855.03469085906 6.05915173695611 7637.118035785135
76900.2846936209 6.036531551136369 6856.50127329882
77122.6647071939 6.640247937431273 53394.091542726695
77123.94470727202 6.194277703579604 47676.53237575543
77298.14471790435 7.637305531692121 5561.391396677039
77347.59472092253 7.526270073831888 5166.118472761558
77469.43472835905 6.544515342279545 3442.3821940664457
77776.02474707182 6.184048001429152 5390.7858014552
77887.35475386686 6.417220662453073 5350.349510754306
78238.39477529265 11.969789587881847 45290.75003082512
78421.40478646269 8.2003570815548 16815.961365851548
79084.0148269052 7.552966709712213 44228.388687752136
79249.74483702055 8.558688249938937 44521.77644612189
79666.95486248504 6.378452290134015 45890.4912101862
80263.33489888518 6.19960490551537 79741.95574156888
80361.41490487152 6.7568855569877915 112418.18637612593
80367.25490522796 6.195330027708278 286855.8695524811
85013.61518881928 8.726992967567167 19459.072813056762
85073.55519247774 7.193415109349795 21864.17791726148
85582.25522352631 7.8221304055252485 102485.79373309034
85694.02523034823 6.085536472438462 41967.968287644086
85730.87523259736 8.660804097087295 70720.90693898342
85745.35523348115 8.57253515767195 48253.8639298967
85756.26523414705 9.637884519838808 80431.76248352825
85777.62523545076 8.50159628820342 59345.20746072207
85780.365235618 6.246404716271651 48735.78561660849
85785.55523593476 8.660622777906042 104408.4719370655
85796.89523662691 6.24769267018797 50692.65871992677
85801.34523689852 7.211863015769805 65050.85583506357
85828.97523858491 6.672240421923067 67324.23468041756
85845.65523960299 6.507733444861719 89821.24603687973
85868.73524101167 6.549664777466362 63431.286827700715
85896.50524270663 6.469584748974842 121286.91987314614
85915.40524386018 7.915162271295965 124553.33892340222
85925.31524446505 6.941542884073386 90731.79947132284
85968.4652470987 6.426348562279153 98032.48458914936
85989.97524841157 6.757258196563389 89611.35630727385
86008.72524955598 9.622992377130405 116966.6961438537
86062.88525286166 6.786884539960576 92933.95702004121
86067.2852531302 7.347973542524245 103383.7389736018
86094.8252548111 8.391500087996015 99100.59165733539
86115.92525609896 6.787051627264172 131164.93338375763
86144.51525784394 6.798560150568855 120557.48959040291
86153.91525841768 7.814515643576945 143578.21333809392
86179.62525998689 6.2540866282275465 116019.04404085077
86187.41526046235 7.509386073679926 100356.94189187807
86195.07526092988 6.000326723876688 99727.89908805086
86212.2752619797 8.016266210588894 97507.58263561966
86229.78526304841 7.587647384843188 110858.10473226092
86241.13526374116 8.586984899884298 108899.85397066087
86246.59526407442 7.223361046176348 134490.2373623887
86250.66526432283 6.1079922182267605 134276.43162485442
86276.02526587069 6.644832970603901 84572.66143178876
86298.8352672629 6.7581131439949615 57237.01301670445
86311.65526804536 8.22524075102944 84171.99717010686
86341.74526988191 9.25308175934756 219038.24094000936
86344.70527006258 6.946187764077982 182374.36583979934
86352.58527054354 6.397915512036987 145691.39693462403
86369.86527159822 7.606198073170274 98129.32245443003
86396.27527321017 8.015677430762597 88764.42726189093
