469.7300 11.0539 7.5027e+03
643.2900 10.3329 1.1851e+04
1278.9001 15.4959 1.8280e+05
2147.4401 10.0568 9.8950e+05
2844.2702 11.0935 5.4937e+04
3317.6402 11.0734 2.3433e+04
5084.9303 10.1751 2.2849e+04
6261.4504 11.6305 3.5846e+05
6704.3304 15.5358 2.2611e+04
8637.1105 10.1220 7.1646e+05
9624.4806 14.4853 6.5220e+04
9744.5906 14.1762 2.1631e+04
12713.4608 14.2677 1.6617e+04
12745.8808 12.4685 1.5433e+04
12967.3508 16.9045 2.1889e+04
12983.2708 14.8226 1.5233e+04
13010.2408 11.7488 1.7739e+04
13111.8408 10.2016 1.5938e+04
13432.6108 10.7849 1.4741e+04
15439.4309 16.7042 5.2601e+04
15609.5410 15.4855 7.4754e+04
15890.3610 10.1046 6.3452e+04
16862.2910 14.8808 1.6217e+04
18291.1311 15.8775 4.4417e+04
18595.3411 11.8803 2.8351e+04
18601.5711 12.4051 1.0757e+05
18608.8811 10.5408 9.1251e+04
19616.2812 11.8754 1.2644e+05
22128.1914 13.1331 1.1675e+05
23329.1014 15.1862 2.6766e+05
23685.5314 11.7636 1.4140e+05
23780.5515 10.0941 2.3998e+04
24058.8015 11.3594 1.9213e+04
25409.9616 10.4234 2.4114e+04
25437.3816 11.1298 2.0249e+04
28243.0917 12.3610 7.6323e+05
29045.3318 10.6759 3.9028e+04
29107.2818 10.2947 1.5745e+04
29181.7118 13.3024 3.3516e+04
29471.4118 10.3203 2.2576e+04
30358.2319 11.5950 5.4429e+04
30605.5419 11.3588 3.9555e+04
32532.0320 10.6159 2.8843e+04
35416.0622 11.6681 1.3032e+04
36253.9822 10.3412 2.5013e+05
38797.7224 11.3643 1.5227e+04
38952.1724 11.6473 1.1016e+05
39115.7124 10.6033 1.9873e+04
42421.8926 12.0689 3.3114e+04
42689.1326 17.2416 5.0027e+04
42887.7726 11.9776 1.3001e+04
43669.3827 11.0315 1.4880e+05
44907.1027 10.5531 1.7113e+04
45007.3727 13.3159 1.4617e+04
46149.8128 11.3921 1.4786e+04
46447.7628 14.0567 1.6623e+04
46625.3928 22.9678 7.6421e+05
47116.0429 10.8522 2.7051e+04
48175.5329 11.3613 4.6266e+04
48461.5930 11.1519 8.8611e+03
48619.4930 11.4349 2.3595e+04
48705.3230 15.6144 1.1547e+04
49538.7330 12.5995 1.3053e+04
49853.2230 10.6193 3.6541e+04
49861.4630 10.0850 1.2567e+05
50528.6131 11.4919 3.0080e+04
50605.6731 11.0893 3.7020e+04
50846.4031 10.1138 5.4388e+03
51548.4531 12.6124 3.4491e+04
51549.9931 12.7024 3.4491e+04
51960.2932 10.3825 3.4969e+04
51977.7332 14.6843 2.1854e+04
51999.0132 12.2846 2.0390e+04
52002.2332 11.6806 1.5697e+04
52014.8632 11.7472 2.5751e+04
52023.8432 24.4570 1.6798e+05
52058.9032 14.9934 7.3963e+04
52111.6232 10.8488 3.1166e+05
52118.8832 11.8614 1.2664e+06
55548.7834 18.6354 3.0555e+05
55856.2234 11.4342 9.0565e+04
56743.5535 11.3811 1.4622e+04
56900.1135 10.3118 8.8129e+04
57480.9835 14.9721 4.6033e+03
58696.0336 11.0626 6.5145e+03
59457.2036 12.2768 4.3373e+03
59856.1537 15.0738 9.8656e+03
60122.3937 10.2201 3.3532e+03
62148.7038 13.3929 1.0592e+04
62176.6538 11.4518 7.2095e+03
62612.6038 10.0816 5.3529e+05
65010.4440 11.6375 3.3128e+03
65158.9340 10.4836 3.0314e+03
65916.8440 10.7337 2.9778e+03
68236.5542 13.6638 3.8119e+03
68254.7142 12.7149 4.2829e+03
68314.7742 12.9939 2.0640e+04
68319.5342 16.0530 2.0782e+04
70465.9043 10.9646 1.7778e+03
73716.8345 10.5714 2.3021e+03
73795.6645 10.8496 2.4640e+03
74837.4246 11.2756 3.5338e+03
75654.2946 15.1624 4.0709e+03
75710.7346 14.3302 8.0729e+03
75999.4146 16.2025 2.6661e+03
76263.4647 13.2884 6.2793e+03
77259.8947 14.1757 2.6613e+03
78100.6348 13.7780 2.8826e+03
78462.0148 11.3651 2.7055e+03
78875.7348 12.6445 4.2252e+03
79118.1348 11.8948 1.0718e+04
79266.2448 11.7409 2.9446e+03
79453.4048 13.0683 2.1273e+03
79933.4949 14.4333 7.9264e+03
80003.8849 10.3486 1.0933e+04
80552.0249 10.2139 3.7677e+03
81216.1950 10.8114 9.0152e+03
82898.4351 13.0610 2.3533e+03
83367.9251 14.2802 4.9779e+03
84650.4852 10.5205 8.9450e+03
85180.8552 12.1023 3.7136e+03
86088.2653 11.6265 1.8217e+04
86112.9153 12.4908 2.4974e+04
