130.3400 13.1443 2.0458e+04
143.8600 15.5198 1.7878e+04
203.1600 11.6797 6.2142e+03
381.6300 10.8521 1.7594e+04
431.6200 15.2318 1.1011e+04
482.4500 10.8852 1.0282e+04
1059.1001 18.5042 2.2986e+04
1074.9401 14.3338 6.5908e+03
1150.8401 12.5008 1.9476e+04
1341.2101 12.1888 1.2150e+04
1366.9301 11.3248 1.7094e+04
2108.2301 17.4400 2.1355e+04
2143.3501 12.4389 1.1196e+04
2250.4001 10.6991 1.3570e+04
2277.8601 10.3826 2.1135e+04
2536.5202 12.8316 1.5068e+04
2541.7602 11.9773 1.4395e+04
2647.1002 17.3293 3.0704e+04
2660.0702 11.8221 1.5590e+04
2695.9602 13.4876 2.8842e+04
2712.8402 12.4039 1.9011e+04
3913.4002 13.1838 3.9704e+05
4059.0102 16.2034 3.8121e+04
4179.7203 10.8743 1.4988e+04
4201.2203 11.5621 1.3169e+04
4696.2203 13.8808 1.4538e+06
4912.4903 12.4870 1.8644e+04
5004.4703 10.5269 3.5032e+04
5040.9003 11.0797 1.2411e+05
5084.9303 10.1776 1.9565e+04
5523.1203 11.3390 2.9790e+04
5573.9803 12.3882 3.0578e+04
5734.0303 16.7522 7.6673e+04
5734.7704 11.8336 7.5435e+04
5736.1604 10.9439 5.3149e+04
5758.6004 11.8712 1.8710e+04
5847.5604 10.2695 2.1502e+04
5966.5804 10.1065 3.3824e+04
5967.3904 11.4135 1.9510e+04
6007.6904 16.6516 3.0278e+04
6150.4604 12.0436 3.9797e+04
6195.6004 10.4552 2.2745e+04
6356.0404 10.2364 1.4582e+04
6556.2304 10.8838 1.3890e+04
6597.3504 11.1467 2.1541e+04
6675.4604 10.7744 1.7333e+04
6703.2804 10.1514 3.4034e+04
6753.4204 17.4081 4.7443e+04
6793.7104 11.2059 1.9685e+04
6862.0704 14.0108 2.2461e+04
6933.9504 10.1649 2.3673e+04
6966.7104 10.3121 1.3540e+04
6996.0804 15.5836 9.7860e+04
7014.7404 11.4119 3.9003e+04
7031.0004 12.4756 2.7388e+04
7049.0904 12.5801 3.2096e+04
7081.6104 11.0542 9.4148e+04
7365.0704 13.0789 3.4759e+04
7472.9205 12.5749 1.4464e+04
7638.9705 10.8831 3.2373e+04
7695.5605 10.5188 1.1751e+04
8035.8105 12.8460 3.1438e+04
8039.3505 12.3448 2.8999e+04
8345.2005 13.5202 4.0073e+04
8879.6005 10.0862 8.8530e+04
8885.9905 10.6522 2.1635e+05
9035.3006 10.0953 5.9652e+05
9375.7206 10.4539 3.6885e+04
11096.4207 10.2696 1.3031e+04
11643.9007 10.5060 4.9583e+04
14409.1909 12.3306 2.9360e+04
15030.0009 18.3418 1.5786e+07
15031.0109 24.3881 1.5786e+07
15208.1909 16.5400 5.9219e+04
15470.1009 11.4745 2.5873e+04
16036.0110 11.6151 3.3879e+04
19673.8012 11.8255 4.1080e+04
20992.3813 11.9966 2.7945e+04
21971.5713 10.8925 2.3422e+04
22809.4314 13.3067 7.1778e+04
22979.0714 10.2606 2.6339e+04
26804.2716 11.3226 8.9776e+04
28391.7717 10.4793 2.7495e+04
29678.9518 10.0536 1.9500e+05
30616.2819 11.3483 3.8387e+04
30754.3419 11.3072 5.6217e+04
30777.6919 12.1706 5.6266e+04
31440.6019 11.8332 5.8731e+04
31759.4519 16.9698 5.5663e+04
32957.3320 10.9695 1.2372e+05
35442.0822 11.0158 3.3463e+04
36889.5423 11.9915 5.5779e+05
37523.0723 12.7428 5.6845e+06
37526.0323 11.9284 5.6845e+06
38481.9523 10.2470 3.6629e+04
38699.9724 10.2602 4.5349e+05
38716.3524 10.1826 2.8947e+05
38723.5324 12.0711 2.8258e+05
38734.5924 12.5228 5.0583e+05
38752.9624 17.8211 4.2200e+05
38761.8624 15.6641 3.3299e+05
38788.1424 13.7905 2.2620e+05
40554.5125 10.4782 5.0616e+05
40555.6925 11.1458 5.0616e+05
40562.2325 10.4099 1.0720e+06
40563.3925 10.2717 1.0720e+06
40781.1025 10.1572 6.7734e+05
40832.8325 14.0048 4.1690e+06
41607.7125 10.3903 3.0835e+05
41728.8825 11.5477 2.8481e+04
43297.1926 10.0478 7.3208e+05
43302.2626 10.8437 1.0234e+06
43824.7427 10.7513 4.5146e+05
44123.6927 12.2980 2.6170e+05
44416.0527 11.4678 3.1121e+05
44417.2327 10.2391 3.1645e+05
44660.8027 10.7815 1.3749e+04
44897.9227 15.3229 4.3290e+06
45285.9828 18.0065 4.6853e+05
45537.5128 12.5119 3.8065e+04
45759.7728 10.3144 1.7880e+04
45855.4328 16.6249 2.5179e+04
45938.2928 12.7343 1.8526e+04
45951.6528 10.2765 2.1529e+04
46163.1228 11.7902 2.3958e+04
46625.9028 23.7726 1.2756e+06
46711.1829 10.2284 1.9633e+04
47116.1029 17.1427 2.6626e+04
47291.4029 10.1644 5.1357e+04
48619.6430 13.8825 8.6784e+04
48621.2330 13.3842 8.6784e+04
48870.7730 22.3068 2.8303e+04
48904.2330 11.1885 1.2275e+04
48940.9530 12.8012 3.4503e+04
48943.7930 12.5378 3.2832e+04
48982.8130 15.0020 2.6986e+04
48985.6630 12.1811 2.6298e+04
49336.6130 10.9768 2.2465e+04
49339.4630 12.2228 2.1286e+04
49607.6430 10.2646 7.9883e+03
50848.8131 15.7185 1.4722e+04
50969.0531 12.2110 1.1099e+04
51850.4532 24.8820 6.9193e+04
52115.5332 11.9568 3.6613e+04
52720.3832 21.2092 6.6844e+04
52721.5232 13.5397 6.3387e+04
52722.4832 10.4910 5.3899e+04
52730.2232 11.0951 2.7566e+05
52756.3632 20.7636 2.6582e+06
52757.0532 17.7700 2.6582e+06
52758.4632 14.8475 2.4075e+06
52765.8332 12.1962 2.6954e+06
52771.0332 15.2014 2.8169e+06
52837.5132 11.0766 5.1106e+04
52875.0532 11.8242 1.4450e+05
52922.6432 10.6434 6.3926e+04
52947.8632 13.7978 9.1441e+04
52960.3232 11.8670 9.6153e+04
52997.5932 12.4014 6.9868e+04
53016.7732 12.1776 7.1655e+04
53102.1532 13.3615 5.1139e+04
53164.2832 10.7814 5.1053e+04
53393.2833 13.0960 7.5088e+04
53394.0433 10.7641 7.5088e+04
53622.9233 12.6469 3.6395e+04
53916.8533 14.0964 4.2284e+04
54001.4833 10.0676 1.2863e+04
54327.7933 10.9631 4.4668e+04
55137.3234 14.9443 1.1620e+05
56742.2635 12.4270 1.7434e+04
57603.2135 11.1795 7.7505e+03
58380.4436 10.2321 7.3535e+03
59015.7336 13.0010 4.0249e+04
60572.4537 13.9388 9.0549e+03
64577.3739 20.7065 3.6942e+04
72725.2644 12.5944 7.5958e+03
72837.2344 11.1968 1.2073e+04
73215.3045 13.0483 7.8080e+03
73262.1345 10.3907 6.5749e+03
73287.3145 15.3586 2.3908e+04
73383.4145 13.0897 6.4811e+03
75654.3246 11.2060 1.8434e+04
75656.5246 14.6086 1.7845e+04
78046.8948 10.8085 4.5685e+03
78727.5848 11.0836 3.8004e+03
81214.7450 22.3483 2.3084e+04
81688.8250 11.4465 6.5063e+03
81983.0350 13.6595 8.1815e+03
83367.9551 14.5556 1.4694e+04
83370.1651 14.0632 1.4694e+04
84526.0852 16.3998 1.9432e+04
84569.1052 13.0367 1.5205e+04
84649.3352 12.3348 1.6833e+04
84651.4352 15.0859 1.5659e+04
84769.4452 16.1669 8.9505e+03
84795.6552 13.2185 1.0775e+04
85786.4152 10.2118 9.6428e+03
85821.1552 12.3115 6.8798e+03
85932.4552 11.1759 9.1723e+03
