28.5500 14.1283 1.0978e+05
31.0900 10.0003 1.0174e+05
67.3800 11.5477 8.1496e+04
72.6100 11.7061 1.6772e+05
141.4900 10.3436 7.1920e+04
147.1500 14.7716 9.8218e+04
161.4100 11.9567 1.2393e+05
235.6000 10.3467 4.3544e+04
530.3400 12.4471 1.3889e+05
609.7500 11.6239 1.0778e+05
618.7400 11.3377 3.3962e+05
619.0500 13.4300 2.9817e+05
718.2300 11.2621 2.3419e+05
757.9900 10.3627 1.4802e+05
769.0000 13.8966 1.0389e+05
834.4101 15.8777 1.7434e+05
849.1901 12.8062 9.2274e+04
884.4501 10.2801 7.0153e+04
1035.3201 11.6912 9.7968e+04
1175.3901 10.4290 7.7858e+04
1286.6401 10.0163 8.8567e+04
1367.5801 11.1017 7.6405e+04
1460.2701 11.5498 9.2165e+04
1763.3801 10.0588 2.5867e+05
1849.1701 10.1564 6.1828e+04
2017.6901 11.0946 1.3797e+05
2044.2501 12.3694 9.3788e+04
2119.4001 10.0862 8.4544e+05
2141.4301 11.1110 6.7872e+05
2171.2501 11.3754 8.5348e+04
2268.5301 16.6713 3.3046e+05
2523.9902 12.9318 2.7229e+05
2657.9802 13.8453 3.4893e+05
2660.0602 11.4130 1.7298e+05
2676.7702 16.4946 8.3536e+04
2783.6202 14.7280 9.2181e+04
2827.4702 15.6721 7.8381e+04
2889.7302 10.3598 1.0791e+05
2913.7002 10.8508 1.2504e+05
2932.1802 11.6391 1.1433e+05
2934.2302 11.0366 1.3169e+05
2940.8502 14.9870 2.7859e+05
2942.2502 12.0473 2.6385e+05
2978.4902 15.0646 1.6824e+05
3098.3502 13.0690 1.5928e+05
3102.7602 17.0829 2.9251e+05
3195.6002 12.9349 1.9749e+05
3225.3002 10.2371 1.5126e+05
3676.7402 10.9850 1.6261e+05
3707.1002 10.4728 1.2657e+05
3709.0802 10.9923 1.2413e+05
3714.9902 10.7017 7.3171e+05
3715.8502 22.8840 5.3993e+05
3734.8902 11.4903 8.1256e+04
3797.0102 12.3477 1.1949e+05
3814.1002 13.2337 1.1478e+05
3819.3202 20.2080 3.6724e+05
3917.3002 10.1877 1.0707e+05
3937.3302 11.2668 9.9937e+04
3988.4902 10.4766 1.3753e+05
4002.0602 13.1503 1.0185e+05
4062.6302 13.8949 8.3382e+04
4168.2603 13.0507 1.8465e+05
4182.6603 16.3746 3.1356e+05
4183.3603 13.3342 2.9540e+05
4191.2703 15.3177 2.5415e+05
4230.7303 10.3815 1.3143e+05
4234.4703 10.2834 1.2105e+05
4264.7003 16.6103 2.9782e+05
4284.8703 11.0907 1.0579e+05
4334.0803 11.3316 1.0815e+05
4486.9503 13.3344 1.6529e+05
4592.2703 10.8807 4.3134e+05
4595.2903 11.0603 5.3150e+05
4596.4703 11.1164 5.1762e+05
4667.1403 10.5578 1.0193e+05
4671.8903 10.7047 1.4581e+05
4935.6403 10.4942 1.5044e+05
5017.3003 10.0163 2.2644e+05
5033.5203 11.6476 4.7166e+05
5042.0403 15.8840 4.2681e+05
5050.1703 12.2269 3.6974e+05
5074.1103 11.0899 3.1075e+05
5132.6803 15.4453 4.6154e+05
5137.0103 13.0468 3.6865e+05
5152.3103 22.8000 5.6174e+05
5162.2203 15.2359 3.0845e+05
5192.6703 13.4675 5.0691e+05
5195.7203 11.1090 6.0906e+05
5196.8203 11.8953 4.5993e+05
5199.7703 11.2392 2.7424e+05
5208.4103 11.9998 4.7487e+05
5209.6903 13.8668 4.7176e+05
5210.2903 12.4166 3.6199e+05
5230.7903 18.1195 3.6585e+05
5231.4503 15.3518 2.4357e+05
5502.7003 14.6394 1.4898e+05
5578.7103 10.5915 1.3024e+05
5689.2803 14.0363 3.0847e+05
5695.2703 10.7922 4.9581e+05
5749.3104 10.5039 3.0886e+05
5793.7704 13.5182 1.9986e+05
5841.1604 14.8183 2.6962e+05
5851.6004 13.5585 1.1866e+06
5853.5604 21.6519 1.1866e+06
6027.6404 11.5796 1.0326e+05
6097.0704 23.8992 4.0693e+05
6151.3904 15.7354 2.6645e+05
6222.6104 10.8033 1.7195e+05
6280.1004 12.4854 1.4302e+05
6282.8804 15.0475 1.2226e+05
6342.4204 17.4144 1.7941e+05
6433.9204 13.6453 5.8559e+04
6761.9004 10.1290 1.3768e+05
7057.8504 21.5820 5.6156e+05
7147.0904 11.2863 3.2329e+05
7324.6404 10.7365 2.1644e+05
7356.0104 14.1148 1.6204e+05
7534.4405 12.1268 1.7235e+05
7626.8405 10.8115 1.4649e+05
7666.5005 10.5900 1.0031e+05
7769.0005 10.8380 1.7047e+05
7875.1005 10.1800 1.8599e+05
8007.5105 10.2732 1.9472e+05
8015.3205 10.0278 2.6982e+05
8016.2005 13.4377 1.6851e+05
8075.0405 16.0112 2.6248e+05
8091.0205 19.3617 3.3622e+05
8237.5305 18.3898 3.3698e+05
8254.7005 18.0629 3.1388e+05
8382.0205 11.8945 3.3020e+05
8395.6905 12.8473 2.7408e+05
8425.4705 12.9945 5.9119e+05
8459.4705 10.7515 4.1466e+05
8463.1005 12.7809 2.1731e+05
8494.5805 10.7222 1.0559e+06
8494.8105 13.9755 1.0990e+06
8499.3605 10.4465 1.6708e+06
8549.4605 12.4618 1.5090e+05
8845.6405 10.5642 2.7517e+05
8907.8205 12.8339 2.5794e+05
8957.3405 14.0945 2.4391e+05
9070.8706 10.6768 2.1465e+05
9116.4906 10.4761 1.2341e+05
9125.7506 11.9487 1.5881e+05
9369.9606 15.6742 2.0571e+05
9409.0706 11.0841 9.6648e+04
9515.4606 11.6369 8.3259e+04
9530.7806 15.3946 1.0058e+05
9551.6406 11.4546 7.4780e+04
9621.2706 10.2462 2.4415e+05
9986.9406 10.8663 5.9201e+04
10168.0006 15.3785 2.0543e+05
10182.7006 11.1460 1.3586e+05
10307.5906 10.7060 1.6324e+05
10344.0706 12.3101 1.2223e+05
10404.1406 10.0731 7.8670e+04
10406.2106 11.7950 7.3990e+04
10421.9706 11.6733 6.2632e+04
10512.9706 13.9627 9.7933e+04
10798.8007 10.8479 1.2885e+05
10862.6407 14.2958 1.1363e+05
10873.4907 10.5073 2.3904e+05
10932.4307 10.2864 1.2830e+05
10936.5007 10.4538 2.5684e+05
10937.8207 13.6085 2.5456e+05
11006.0607 11.9115 8.0994e+04
11052.8107 10.6059 1.2407e+05
11105.5807 10.8894 1.8802e+05
11252.5307 10.3405 2.3964e+05
11278.8307 12.2447 2.1271e+05
11311.2207 15.2522 1.4464e+05
11340.9607 11.4603 1.5858e+05
11353.7207 10.3540 1.5400e+05
11368.0007 11.6598 1.1357e+05
11383.1407 15.8933 1.3670e+05
11408.2007 10.3365 1.0408e+05
11504.3507 13.1400 8.1506e+04
11586.5907 10.5912 8.9166e+04
11612.4107 10.9547 6.0405e+04
11754.4007 11.0576 9.1552e+04
11894.1607 11.9966 1.4222e+05
11900.1007 11.7968 2.4800e+05
11910.8507 11.1665 1.0112e+05
11916.6807 11.4490 9.5506e+04
12023.2507 13.7944 1.7474e+05
12028.2607 12.2444 2.4710e+05
12118.1907 12.8765 1.2230e+05
12138.2507 20.6159 5.0593e+05
12170.4107 10.3309 2.8685e+05
12174.3907 12.6394 3.0109e+05
12227.7207 11.8950 3.5962e+05
12243.3507 15.8444 4.6494e+05
12287.7307 11.0943 3.5715e+05
12543.3008 19.1747 5.2936e+05
12682.0508 12.9063 2.3749e+05
12713.5008 14.9040 3.3535e+05
12717.3208 10.5504 3.2708e+05
12742.7608 12.2414 2.5278e+05
12748.7708 10.1641 2.3109e+05
12806.6008 10.7597 1.8756e+05
12821.3308 18.5532 1.8090e+05
13000.4408 15.0550 2.1440e+05
13063.8508 11.8954 6.2171e+05
13094.1608 13.5973 3.1114e+05
13106.4008 12.7387 3.9330e+05
13225.4308 14.1081 5.1072e+05
13257.4108 11.6184 3.2195e+05
13258.8808 10.1032 3.2195e+05
13276.4208 10.1827 1.3352e+05
13315.3508 10.1099 6.1480e+05
13374.9108 10.9944 3.1176e+05
13419.2108 20.7697 1.2956e+05
13428.9608 11.4771 2.0369e+05
13431.0908 11.7019 1.8037e+05
13437.2908 23.7783 1.2492e+06
13438.4608 10.8382 4.5644e+05
13467.7808 14.7614 1.8430e+05
13493.2008 10.5077 1.0799e+05
13500.8308 10.5757 1.1559e+05
13507.9708 13.4753 4.5001e+05
13510.1408 14.9681 4.1383e+05
13511.3208 12.5752 3.4121e+05
13517.9808 12.4354 2.8428e+05
13526.9308 13.0098 2.3348e+05
13586.1308 12.6939 2.4639e+05
13638.5608 12.2651 1.6226e+05
13693.3908 10.6607 1.6972e+05
13714.3408 11.8544 5.3646e+05
13769.6408 11.5899 1.8735e+06
13771.6208 18.8130 1.8848e+06
13773.1008 13.6126 1.8507e+06
13776.4408 17.4479 1.8046e+06
13778.0708 10.8614 1.3939e+06
13780.0308 10.9706 7.5634e+05
13834.6108 13.3460 1.2335e+05
13849.4908 13.1973 7.1067e+05
13851.1508 11.1634 3.7858e+05
13859.9208 19.0794 3.3930e+05
13869.9508 25.1962 1.3796e+06
13909.1708 11.3229 2.2412e+05
13968.0909 13.3596 1.5219e+05
14148.3609 10.8031 2.4703e+05
14154.2209 13.1326 3.1842e+05
14180.8809 10.1023 1.0696e+05
14196.5909 10.4936 2.0461e+05
14207.9009 10.4316 6.6939e+05
14263.6609 10.9969 3.4420e+05
14276.4809 13.7832 2.1626e+05
14306.0209 13.4463 3.4341e+05
14384.1709 11.5235 1.3820e+05
14394.8009 12.2125 1.8555e+05
14473.6109 12.3508 2.4300e+05
14476.2509 10.2360 1.4913e+05
14491.2209 11.0218 1.5402e+05
14508.5909 12.2322 1.4161e+05
14516.9909 13.0736 1.0609e+05
14633.3909 15.6689 2.5203e+05
14640.9109 12.2234 6.5824e+05
14658.7309 16.8762 4.4274e+05
14670.1909 12.4102 1.6984e+06
14732.5109 11.5834 1.8637e+05
14821.8109 16.1786 3.9705e+05
14947.1009 12.9647 2.4808e+05
15041.7309 11.8418 3.5923e+05
15116.7909 10.2054 1.8640e+06
15165.7309 11.3832 3.3339e+05
15183.2209 15.2084 3.1344e+05
15280.3009 12.3082 2.1618e+05
15304.0309 10.8598 1.4852e+05
15384.4909 14.7623 2.5136e+05
15438.7609 10.3423 1.3092e+05
15483.3209 10.3351 1.0885e+05
15620.6710 11.5388 1.0869e+05
15642.5010 12.0592 9.6398e+04
15694.0510 16.7263 3.1856e+05
15711.9610 15.4502 2.7246e+05
15712.5410 10.1767 2.4384e+05
15742.6110 20.3464 1.1642e+06
15763.7710 13.9170 1.6084e+05
15797.0610 16.0259 2.5235e+05
15834.8510 13.7398 1.2620e+05
15882.3210 11.0340 1.9120e+05
15883.0410 13.1083 1.4663e+05
15938.6010 10.1471 1.3557e+05
15986.2510 11.1342 2.5636e+05
16002.7710 11.3192 2.4274e+05
16004.1610 10.5584 1.9011e+05
16133.6610 20.4457 4.4497e+05
16151.6210 10.0649 1.4206e+05
16168.3410 15.3586 2.7721e+05
16205.2210 18.5435 1.8637e+05
16291.6310 13.3705 2.2691e+05
16302.7110 10.8501 2.5044e+05
16345.9310 12.9642 1.5046e+05
16351.6210 11.5137 1.6383e+05
16365.4710 13.5464 1.7188e+05
16377.3610 10.0914 7.0923e+04
16434.4010 16.3900 2.2564e+05
16447.5410 12.1018 1.7343e+05
16448.7510 12.3490 1.4822e+05
16456.3910 11.0307 2.6859e+05
16458.2510 10.9901 2.1210e+05
16463.0910 23.0148 5.4238e+05
16535.5510 18.8790 4.8347e+05
16586.6210 10.2634 8.2831e+04
16596.7910 10.2387 2.0520e+05
16600.5010 15.3363 6.1305e+05
16601.6710 10.0172 6.1305e+05
16616.1110 16.2200 5.9796e+05
16623.9610 11.3086 5.2688e+05
16627.7410 11.6879 3.1373e+05
16683.8910 19.1197 7.9774e+05
16700.2410 16.6484 4.9031e+05
16717.3410 18.1883 4.3497e+05
16731.6910 15.0118 2.2576e+05
16745.0210 15.3331 1.5766e+05
16754.6310 10.1896 7.4817e+04
16821.3010 12.2127 1.8158e+05
16824.1010 15.2244 2.3398e+05
16826.6010 10.5025 1.8112e+05
16835.3610 13.4361 3.1830e+05
16843.8010 19.2000 8.3062e+05
16866.8310 11.7680 2.1071e+05
16867.5610 10.3553 2.0214e+05
16880.3610 16.4408 2.0046e+05
16912.6710 20.0273 2.4245e+05
16926.3410 13.4952 1.3772e+05
16948.6210 13.7375 2.8045e+05
16956.2810 17.1345 2.5288e+05
16964.1710 15.3874 2.8639e+05
16971.6210 12.3493 2.3633e+05
16979.8010 10.7094 2.5670e+05
16992.0610 14.6626 1.1737e+05
17050.9610 13.8671 1.0476e+05
17132.6510 13.2596 1.3949e+05
17167.8910 16.5477 1.7740e+05
17168.6010 11.9623 1.6651e+05
17187.4810 11.6733 7.7101e+04
17296.2111 14.0806 8.4905e+04
17352.7311 13.3779 1.1675e+05
17374.6111 13.4894 1.2975e+05
17409.6011 14.0264 1.0893e+05
17476.9711 15.9690 4.8638e+05
17486.9411 19.4707 1.0047e+06
17493.6611 17.5178 8.7270e+05
17527.8711 10.5001 3.6241e+05
17556.7511 10.4129 3.1348e+05
17615.0411 10.0013 1.1959e+05
18190.8411 11.9883 1.6336e+05
18363.4111 10.5245 7.7466e+04
18455.4111 11.1786 1.7219e+05
18534.7911 14.6361 1.1245e+05
18587.0711 16.2679 1.3411e+05
18604.7311 11.7525 1.7252e+05
18611.7211 10.1601 1.8455e+05
18641.2411 10.7219 8.2785e+04
18655.8811 13.0584 8.6813e+04
18687.9911 22.3909 4.1168e+05
18728.0011 15.0288 1.7653e+05
18923.7312 18.0737 1.5626e+05
19161.2512 11.7412 1.4540e+05
19165.0812 12.1314 1.4605e+05
19273.7912 10.0951 5.8763e+04
19316.3012 10.2626 9.8034e+04
19546.2512 10.8034 1.0336e+05
19614.1612 12.5215 6.4411e+04
19696.9912 11.3596 2.0395e+05
19746.5612 11.2280 2.9748e+05
19887.0812 17.3850 2.4898e+05
19894.7612 13.9627 1.9100e+05
19908.1112 12.3230 8.9956e+04
19912.3512 11.9488 2.3555e+05
19924.1812 11.4295 1.3431e+05
19953.6412 12.8020 2.0876e+05
19963.5112 10.1521 4.7551e+05
19981.9212 15.0088 2.2902e+05
19992.9012 14.7438 2.1217e+05
19997.6112 14.2783 1.8088e+05
20019.9812 17.4818 1.4666e+05
20121.4112 10.0899 7.7043e+04
20134.7612 10.7315 6.9086e+04
20144.1512 10.0171 9.9115e+04
20145.4412 10.4129 1.5638e+05
20148.6012 15.1923 1.3246e+05
20170.6412 12.3173 1.5668e+05
20171.1912 11.9923 1.3758e+05
20227.2412 11.2321 6.0657e+04
20295.7512 12.4326 1.0506e+05
20327.2712 11.8628 6.6430e+05
20460.2412 12.5297 2.1189e+05
20558.0313 15.9554 2.9693e+05
20559.3613 10.2211 2.9693e+05
20560.7113 13.5606 2.4880e+05
20587.2913 12.5339 2.3837e+05
20614.9913 10.2101 3.1041e+05
20618.9313 10.7969 2.6039e+05
20710.3013 22.9592 9.6668e+05
20767.0213 10.1694 8.3905e+04
20786.3013 15.5570 2.6024e+05
20870.5313 13.3035 7.8419e+05
21060.9013 10.1662 1.7122e+05
21350.9613 12.8292 1.2928e+05
21368.9913 11.3610 1.3443e+05
21372.2713 13.5961 1.2977e+05
21641.9213 14.8356 2.8166e+05
21835.4813 11.4806 2.4129e+05
22030.5713 12.8171 1.0493e+05
22135.7214 12.8658 1.1499e+05
22570.0614 10.4064 1.0455e+06
22917.4214 15.1109 1.1690e+05
22933.5214 17.2016 4.0235e+05
22953.6914 12.3940 9.9363e+04
22976.3214 11.6730 1.4627e+05
23158.3214 19.5345 3.8655e+05
23189.8214 12.8712 2.9271e+05
23254.7214 21.3432 4.0827e+05
23273.5014 17.2046 2.9921e+05
23385.8614 13.1629 9.0575e+04
23428.1114 11.9375 1.4243e+05
23586.1514 11.2634 2.1973e+05
23700.9714 10.5495 1.1162e+05
23780.8815 12.7866 1.1178e+05
23800.0515 11.2164 1.4121e+05
23882.3815 12.0089 1.7109e+05
23896.7115 13.1386 1.7338e+05
23920.0715 12.0102 3.2952e+05
23927.3215 14.9895 2.7510e+05
23950.3915 13.8715 4.0675e+05
23961.6015 18.2712 3.9510e+05
24041.2015 11.0622 9.2119e+05
24136.3915 15.1955 2.0225e+05
24182.5815 11.8306 4.2521e+05
24209.6015 15.1782 5.0775e+05
24271.7515 10.0621 2.0163e+05
24349.4015 12.7234 1.9010e+05
24357.2515 25.0408 1.1141e+06
24470.3915 10.1249 1.3200e+05
24478.1415 21.7496 4.0894e+05
24501.1915 11.0863 5.1997e+04
24591.1515 12.3489 1.1445e+05
24602.4115 17.8519 2.9529e+05
24646.6115 21.1402 3.0172e+05
24664.7915 11.2917 1.1218e+05
24666.3415 12.1101 1.2260e+05
24678.7115 13.2372 2.9176e+05
24891.6715 13.4569 1.0844e+06
25106.8415 12.0906 2.1519e+05
25138.3215 11.6798 1.5019e+06
25140.6315 10.1896 1.4065e+06
25188.6515 13.8391 2.3093e+05
25381.9515 11.0952 1.7620e+05
25426.8916 10.1722 1.1184e+05
25434.6616 10.5311 2.4485e+05
25436.2016 10.8050 1.8146e+05
25481.6016 19.9581 3.2392e+05
25509.4616 14.4632 1.2692e+05
25513.2316 15.2693 1.3540e+05
25543.1416 20.1389 2.6465e+05
25552.2216 13.3668 6.1976e+05
25714.5616 13.9503 9.6807e+04
25843.0016 11.5833 8.4351e+04
25868.6616 14.1199 1.0115e+05
25885.3416 12.5146 8.5401e+04
25892.7116 10.0175 8.7089e+04
25915.0516 11.3026 1.4893e+05
25997.6616 19.5375 2.1477e+05
26010.0816 10.7032 1.7792e+05
26010.7216 15.8556 1.3792e+05
26019.1616 18.1486 4.5244e+05
26300.3116 11.9757 1.7609e+06
26514.5716 10.0329 2.6508e+05
26537.2416 12.0267 1.1734e+05
26643.7316 10.3211 5.1169e+05
26652.4216 13.5878 8.6113e+05
26682.0616 11.3034 1.5113e+05
26694.5316 11.6629 3.6427e+05
26711.1316 10.8487 1.1531e+05
26723.5816 13.7177 2.7872e+05
26743.7816 14.7064 5.0813e+05
26751.2616 11.0141 3.1453e+05
26816.3316 12.2395 1.9239e+05
27019.8516 14.8188 2.6808e+05
27029.2516 17.1144 3.5881e+05
27061.1317 13.9479 3.1734e+05
27199.8217 11.5784 6.0305e+05
27238.8617 10.1858 1.4688e+05
27263.2717 13.8795 2.0919e+05
27283.5817 11.3588 1.3842e+05
27299.1117 11.6192 1.2196e+05
27316.8217 10.2317 1.0958e+05
27367.1717 13.7377 2.2075e+05
27385.4717 19.3996 1.8414e+05
27390.4417 10.9681 1.9483e+05
27673.0917 13.8801 1.5725e+05
27720.6217 10.2795 2.3538e+05
27741.8917 15.4815 2.3853e+05
27771.3817 12.3049 2.8610e+05
28060.0517 10.7750 1.5528e+05
28108.8517 10.2391 9.6461e+04
28232.5817 12.4482 1.7556e+05
28283.0317 13.6782 1.4760e+05
28284.4217 10.5890 1.4769e+05
28289.2017 17.7939 2.2319e+05
28321.6017 11.1357 9.5175e+04
28353.7817 10.5972 1.6319e+05
28469.4717 12.3935 1.5408e+05
28610.5717 15.3973 8.7189e+04
28674.5318 17.1772 2.0532e+05
28764.4018 10.2925 8.2213e+04
28783.9718 11.7386 7.7395e+04
28892.3418 11.7356 1.9262e+05
28917.3118 10.2673 7.0045e+04
29046.9118 11.2599 6.8620e+04
29455.4318 13.2013 1.4280e+05
29559.4018 14.4727 7.4465e+04
29631.4818 13.1226 1.8339e+05
29666.3818 20.1117 4.2692e+05
29687.2718 10.3819 2.0791e+05
29696.0018 17.0154 2.8183e+05
29817.1518 14.4194 1.7153e+05
29824.8518 15.6128 2.2748e+05
29826.9018 11.0685 1.9577e+05
29828.0018 10.2180 1.5132e+05
29846.8518 13.5324 2.4184e+05
29847.6518 10.9413 1.8868e+05
30171.3418 19.1562 2.2812e+05
30198.0318 11.1967 8.2911e+04
30341.7519 10.9097 9.3004e+04
30391.3719 17.4159 9.2097e+04
30482.6019 10.0310 6.4218e+04
30912.2819 11.7694 1.3401e+05
30968.9219 11.4605 1.5951e+05
31117.4719 12.3810 7.1351e+04
31132.4119 10.4061 8.8546e+04
31171.9619 10.2503 1.1447e+05
31372.5919 10.1314 5.8112e+05
31407.3019 10.9983 1.4209e+05
31415.1119 16.7864 2.4873e+05
31609.6719 12.7790 1.4512e+05
31797.0919 15.0722 2.2518e+05
31797.6319 10.2985 1.9777e+05
31809.6219 10.6398 1.7987e+05
31817.0719 13.9667 2.0945e+05
31833.2319 12.3378 3.0215e+05
31951.7820 12.7269 1.0006e+05
32029.5820 15.6942 2.7764e+05
32146.1720 11.4919 4.3837e+05
32202.7220 10.6810 2.3594e+05
32300.2620 11.0963 8.2095e+04
32413.2420 14.3447 1.8931e+05
32441.3420 19.8661 2.2146e+05
32454.1920 11.1709 1.3904e+05
32495.0520 13.1437 2.0977e+05
32695.2720 11.6614 1.7519e+05
32700.3120 12.0511 2.0345e+05
32706.4020 10.5849 2.0791e+05
32723.1320 13.1570 2.6761e+05
32754.2020 10.7576 1.4170e+05
32765.6120 16.5158 1.3606e+05
32784.8920 10.0808 1.0912e+05
32801.3020 17.9151 2.0534e+05
32816.5120 11.8218 2.4364e+05
32840.1720 13.9397 3.1939e+05
33173.6920 15.5322 2.3512e+05
33177.0520 10.1364 1.6011e+05
33266.2620 12.7496 1.3143e+05
33308.2720 12.5822 1.6280e+05
33320.3620 13.8540 2.9880e+05
33321.0220 12.9915 2.8603e+05
33393.9620 10.4798 9.7374e+04
33479.5220 13.6625 9.7535e+04
33484.5020 13.4217 1.3743e+05
33497.4820 10.6764 1.4775e+05
33523.8120 11.1994 2.7352e+05
33579.3420 12.3152 2.4106e+05
33737.6021 10.7097 2.8013e+05
33742.6621 19.4085 7.2311e+05
33754.2421 13.8646 5.2412e+05
33783.4921 16.2279 9.1877e+05
33798.8321 18.1909 8.2613e+05
33809.0021 12.6075 6.6343e+05
33818.1021 15.7159 8.7936e+05
33845.0121 18.5796 7.5577e+05
33864.7521 17.0657 3.0486e+05
33898.4621 12.7077 3.9906e+05
33909.0321 10.8382 1.2918e+05
33922.7121 17.1116 1.0005e+06
33954.7321 18.6127 1.3253e+06
33957.1121 16.5841 1.3253e+06
34006.4121 19.7174 9.7889e+05
34020.9721 18.6874 1.5646e+06
34021.9021 14.6568 1.5467e+06
34080.0421 18.1638 9.0809e+05
34093.0621 19.3989 1.8080e+06
34093.9021 14.8246 1.8080e+06
34144.7321 24.5709 1.7569e+06
34156.2421 10.9411 4.7078e+05
34162.3321 17.8016 7.7831e+05
34178.3221 10.6739 6.3222e+04
34187.7321 18.5496 5.3243e+05
34196.4821 15.9038 8.5961e+05
34213.3021 15.2150 7.4709e+05
34232.2121 18.0310 1.0118e+06
34237.8121 15.0517 9.7500e+05
34243.1921 14.2226 6.7071e+05
34269.8521 14.9543 4.1050e+05
34297.3721 10.8056 1.2361e+05
34304.9221 24.3137 1.3697e+06
34310.9321 13.7886 1.1082e+06
34334.6721 18.0754 8.9558e+05
34340.2221 13.4843 8.3547e+05
34363.0721 11.4087 2.8732e+05
34366.1021 21.0925 2.6630e+05
34441.9221 19.1493 5.3871e+05
34500.3821 19.3900 2.0374e+06
34542.4721 21.9811 1.2998e+06
34570.5421 14.6183 9.1975e+05
34595.9421 19.6867 9.7669e+05
34604.1821 15.1231 4.2857e+05
34634.5521 19.3291 9.5827e+05
34643.5321 10.4758 1.2282e+06
34645.9921 14.7035 1.2282e+06
34667.0821 20.3489 7.6410e+05
34680.2321 15.8480 8.7562e+05
34725.7021 18.6438 1.8680e+06
34726.2321 17.7935 1.8680e+06
34762.9521 13.9103 4.3861e+05
34771.9121 10.2539 3.3263e+05
34777.7821 16.6420 1.6913e+06
34778.9421 11.4540 1.6913e+06
34812.0821 16.3855 1.0595e+06
34824.9921 13.1184 7.8668e+05
34846.2121 13.9078 9.1734e+05
34847.4121 10.6275 9.1734e+05
34848.0821 17.2064 8.8480e+05
34868.1421 16.1447 1.2741e+06
34873.2721 11.7804 8.8585e+05
34884.2121 14.0118 8.5303e+05
34896.4221 13.8720 4.9640e+05
34931.3221 11.4880 1.9613e+05
34958.0721 11.3278 3.8381e+05
34984.4221 11.1037 1.7311e+05
34987.4421 10.2386 1.9332e+05
34991.5921 11.3627 1.3586e+05
35002.7921 12.1177 3.9919e+05
35023.2521 11.2258 4.8289e+05
35025.5421 10.5172 4.5189e+05
35059.5421 10.5461 5.5426e+05
35068.1321 11.1152 4.8194e+05
35080.7921 17.2103 2.9070e+05
35112.4421 14.5193 2.6519e+05
35144.0421 12.1356 2.1108e+05
35151.6721 10.6905 2.6765e+05
35162.3921 10.2327 2.1987e+05
35185.2121 15.0723 8.2962e+05
35198.4321 13.1749 5.0777e+05
35208.9521 18.8552 4.8754e+05
35226.2622 20.5692 5.6541e+05
35240.5422 11.1178 6.0150e+05
35244.4822 11.3622 6.7817e+05
35247.1622 14.0419 6.5644e+05
35257.5122 14.3961 2.5060e+05
35271.2122 12.1143 1.7980e+05
35298.0822 13.8221 1.7319e+05
35307.6422 15.5851 2.2191e+05
35326.5722 14.9855 1.8848e+05
35401.8722 11.2424 1.4070e+05
35493.3922 10.0396 1.6732e+05
35521.2922 10.3009 2.3268e+05
35593.3622 10.3939 1.6634e+05
35605.6622 12.2621 2.2831e+05
35638.9222 17.6190 1.8166e+05
35652.3422 10.7648 1.2174e+05
35659.0222 13.5904 1.4790e+05
35667.2822 10.2229 2.0033e+05
35690.2022 16.9119 2.2740e+05
35762.8122 16.9135 3.6631e+05
35774.9322 11.7719 3.5649e+05
35855.0322 12.5563 1.5594e+05
35871.9122 14.0806 3.2207e+05
35899.4422 13.0619 2.1143e+05
35919.8222 10.6588 2.1892e+05
35936.6422 14.1640 1.8651e+05
35951.7022 12.2778 1.5571e+05
35964.1322 10.6746 1.7438e+05
35969.0722 11.7773 3.7011e+05
36022.1722 10.5544 4.4386e+05
36091.0222 11.3416 1.6455e+05
36102.1222 10.6974 4.9142e+05
36160.1922 15.1621 5.5290e+05
36322.1922 10.3079 1.5033e+05
36328.7522 15.5487 3.1727e+05
36356.4922 18.9081 4.4479e+05
36363.7922 13.1605 3.9739e+05
36373.6422 10.5342 2.3098e+05
36432.9522 16.5046 1.0859e+06
36461.9422 14.8287 2.4301e+05
36551.9222 16.3022 3.6085e+05
36559.5422 11.0780 1.8126e+05
36740.0222 10.4724 1.6139e+05
36767.9922 15.7279 1.9799e+05
36785.7622 14.4453 2.5675e+05
37283.3623 14.1779 1.8315e+05
37293.0623 11.3427 1.2785e+05
37308.8223 10.2792 1.7534e+05
37321.9623 19.2434 1.9487e+05
37338.4223 12.6710 1.2288e+05
37366.7223 14.6898 3.8955e+05
37441.5423 12.6550 1.3802e+05
37447.1423 19.1692 2.0403e+05
37464.1023 11.0986 1.5665e+05
37555.0223 13.8509 2.6228e+05
37680.0423 10.1539 1.6688e+05
37742.1223 10.1920 1.1966e+05
37870.8523 13.8225 3.4037e+05
37934.4423 11.6086 1.4630e+05
37952.8523 10.5477 1.4930e+05
37995.9623 12.3872 1.7981e+05
38019.1323 10.2732 1.7995e+05
38034.0423 10.9854 1.5006e+05
38051.3223 15.2912 6.1946e+05
38051.6123 10.0421 6.1946e+05
38282.7323 10.6607 1.7551e+05
38314.7523 13.5388 4.3448e+05
38332.7523 12.4825 1.8965e+05
38341.9223 11.5897 2.7415e+05
38360.4923 10.6161 1.9853e+05
38370.1823 13.6433 2.9117e+05
38401.5323 10.2665 2.0686e+05
38414.4623 14.3355 3.6456e+05
38442.3723 10.4852 2.3138e+05
38457.7423 19.8748 2.4548e+05
38505.1524 11.2906 1.2737e+05
38509.1324 15.8265 1.7332e+05
38539.2524 17.0073 2.2238e+05
38584.8624 14.6238 1.4946e+05
38657.2924 14.2139 1.1949e+05
38664.2524 13.4670 1.7836e+05
38686.2024 11.3063 1.2218e+05
38731.2824 10.0339 1.2573e+05
38874.3624 14.1448 2.0981e+05
38885.8924 19.2230 2.6594e+05
38957.7024 11.6307 1.1484e+05
39002.3024 10.0738 9.8516e+04
39020.8624 12.8618 1.8359e+05
39026.4324 10.4244 1.6445e+05
39034.3224 10.7983 1.9513e+05
39085.0524 14.4038 6.0395e+05
39126.5924 11.1545 3.5672e+05
39151.0724 10.0314 2.3540e+05
39230.4924 10.2092 2.3482e+05
39378.8524 10.6451 2.6142e+05
39412.9624 13.0392 1.8706e+05
39478.6424 11.9194 2.2153e+05
39553.7724 10.5914 9.4100e+04
39568.1124 15.4111 3.4280e+05
39587.6724 10.7249 1.5045e+06
39589.7624 13.1274 1.5045e+06
39627.0424 10.0500 1.7396e+05
39675.0224 13.3660 6.7304e+05
39675.3224 10.1247 6.7304e+05
39675.8124 18.7201 6.6177e+05
39701.3424 18.8760 2.7739e+05
39729.1124 10.5294 7.0325e+04
39747.9724 10.3368 1.5600e+05
39862.6724 11.5895 1.4536e+06
40020.2024 10.6575 8.9960e+04
40045.0324 10.2502 1.1859e+05
40075.1224 17.8636 1.4621e+05
40109.7424 13.9752 1.4381e+05
40127.7024 10.5480 1.4593e+05
40148.2925 14.3611 2.2516e+05
40151.0325 11.3863 2.1597e+05
40152.3425 10.9111 2.0501e+05
40171.9025 13.2002 1.3188e+05
40260.8625 10.5931 1.4365e+05
40392.6925 10.2714 1.5006e+05
40431.6325 11.4049 1.2152e+05
40508.4125 16.1895 2.9920e+05
40534.2725 17.7636 4.7466e+05
40906.9425 12.2777 7.5513e+04
41005.3825 10.3384 1.7234e+05
41005.9525 11.1614 1.7110e+05
41025.7625 12.2039 1.6171e+05
41030.7125 12.2049 2.4629e+05
41045.2125 14.9668 2.5602e+05
41050.4225 19.4370 3.8380e+05
41057.0025 11.3960 5.1960e+05
41057.3925 12.9357 5.1960e+05
41124.4325 12.8504 2.0736e+05
41144.6725 15.0947 1.2711e+05
41172.7225 10.2157 3.8694e+05
41173.9525 11.5924 4.6043e+05
41176.0925 10.9702 3.7596e+05
41176.7925 15.5160 2.7605e+05
41190.2825 10.7284 7.7966e+05
41199.9225 18.8650 5.0653e+05
41221.8425 12.2958 2.8482e+05
41228.7025 11.3732 3.2006e+05
41258.2025 15.6285 1.8287e+05
41276.4325 10.8947 2.2182e+05
41307.9625 11.9985 4.5468e+05
41339.8525 15.8376 1.2698e+05
41367.3025 13.0856 1.4766e+05
41426.2025 10.3136 4.8038e+05
41682.4125 16.2897 4.8251e+05
41708.7725 15.9296 4.8197e+05
41847.0026 10.5942 2.1470e+05
41918.7026 10.8645 1.2804e+05
41933.1226 10.3148 9.0288e+04
41942.8026 17.9323 1.5108e+05
41971.9726 10.5618 1.4539e+05
41995.9426 13.1565 1.6675e+05
42021.5126 12.4272 1.6145e+05
42240.0426 10.6430 1.1289e+05
42279.3926 11.7721 1.0904e+05
42296.9126 10.6883 7.3865e+04
42305.9726 10.7894 1.0784e+05
42333.9926 19.2106 9.0012e+04
42347.9726 11.6173 7.7043e+04
42371.4126 11.2045 2.4313e+05
42413.1726 10.2027 5.8705e+04
42436.1226 14.0618 4.6624e+04
42450.8526 10.4238 4.3520e+04
42462.9526 14.6182 9.8215e+04
42484.1726 11.9807 5.1948e+04
42490.3926 10.1750 7.9670e+04
42504.8926 10.2870 7.9689e+04
42527.9026 13.0079 1.2009e+05
42539.8826 12.2497 9.1478e+04
42550.2526 10.8272 7.2936e+04
42568.8926 14.9189 9.5179e+04
42618.1426 10.9071 2.2540e+05
42693.9426 10.9880 1.2305e+05
42939.7126 10.3816 1.0866e+05
42950.5426 15.2628 1.5052e+05
43163.3326 13.9367 2.1683e+05
43181.3426 10.6724 4.8313e+05
43192.4226 11.7275 3.6250e+05
43221.2426 10.4814 2.3071e+05
43266.8426 13.6968 3.5244e+05
43312.2626 19.9045 4.1878e+05
43384.1226 12.7678 2.0234e+05
43402.8726 12.3385 2.0828e+05
43456.0027 10.2064 2.6340e+05
43722.8827 10.1455 1.6822e+05
43727.2527 13.9666 2.1865e+05
43954.2927 15.0140 1.3037e+05
44048.8727 10.1927 1.1738e+05
44132.7427 16.2420 2.5652e+05
44293.6227 10.0084 5.3897e+05
44539.6127 10.5149 1.6296e+05
44585.5927 15.5652 1.4295e+05
44619.3427 14.0974 2.0280e+05
44620.6127 10.4766 2.0280e+05
44621.1227 10.7000 1.3666e+05
44633.3827 11.3394 1.3978e+05
44871.7427 10.3144 8.7682e+04
45141.6328 12.4854 1.2369e+05
45216.7028 10.0489 7.2614e+04
45238.2028 13.0815 6.1664e+04
45436.8228 11.8820 8.3273e+04
45656.1228 11.8422 1.7533e+05
45696.7328 11.6099 2.2078e+05
45747.3928 12.7467 1.3286e+05
45769.7628 11.5765 2.0130e+05
45816.3128 12.9909 8.7842e+04
45856.0628 14.3473 1.4403e+05
45870.0628 23.9470 4.4945e+05
45919.4128 11.2907 9.4752e+04
45975.5828 11.3883 1.5122e+05
45983.2728 11.1408 2.0051e+05
45984.8428 11.8997 1.8401e+05
46093.9928 12.5404 2.8519e+06
46147.5128 22.0860 8.5346e+05
46160.1928 19.5458 2.6210e+05
46237.7328 20.0736 6.7986e+05
46241.2828 16.7638 2.0699e+05
46249.1928 20.0927 8.3932e+05
46263.0528 11.1230 5.1314e+05
46266.1228 16.3933 4.7058e+05
46291.2528 16.5909 1.8270e+05
46372.1728 11.7903 2.4666e+05
46423.0828 10.2937 2.0602e+05
46424.0928 13.1370 2.2463e+05
46453.8528 14.0486 4.5670e+05
46488.7128 12.2369 2.1288e+05
46493.6128 13.7619 5.5499e+05
46496.1628 12.1623 3.1116e+05
46519.7728 13.0601 3.2165e+05
46558.0128 12.6832 7.2004e+04
46566.9728 10.4741 1.1142e+05
46625.7528 10.6166 1.4110e+06
46646.3028 10.7053 1.6927e+05
46679.2328 13.1438 1.7574e+05
46706.0529 16.8730 4.9777e+05
46741.6129 10.2693 1.9421e+05
46767.5729 15.3444 1.2242e+05
46806.1129 13.3738 8.8223e+04
46823.3229 11.6653 1.2479e+05
46831.8529 10.5322 1.7079e+05
46835.4129 13.3978 1.1091e+05
46842.5229 10.0433 1.6686e+05
46843.2329 11.2259 1.6686e+05
46847.4329 11.8370 1.1375e+05
46860.5129 20.6614 2.6028e+05
46866.2629 12.3540 3.4558e+05
46905.8429 14.6064 1.1547e+05
46950.5329 10.4468 1.9780e+05
46984.4629 11.5690 2.4881e+05
46987.4229 10.4092 1.4371e+05
47035.4229 13.5334 1.5952e+05
47109.9129 12.6335 3.3321e+05
47112.6429 10.9769 2.1592e+05
47120.4329 15.2189 3.2748e+05
47137.0429 12.6896 2.5697e+05
47172.5529 13.3964 1.2553e+05
47215.7029 10.1517 1.1083e+05
47375.3529 10.1470 9.5129e+04
47446.9629 10.8643 9.6753e+04
47518.7829 11.5699 2.7505e+05
47720.7129 10.2131 1.0509e+05
47837.7329 17.1856 2.0235e+05
47849.7529 10.7126 1.3808e+05
47898.5229 11.3276 2.4200e+05
47902.8729 13.0511 2.7562e+05
47906.8029 11.4134 3.0131e+05
47907.6429 14.0471 2.8625e+05
47916.5129 13.0973 3.3375e+05
47930.4229 16.8359 2.4134e+05
47951.8129 20.7586 2.4713e+05
47979.8229 12.4678 8.4233e+04
47995.5629 10.1067 1.5171e+05
48005.2329 13.4145 1.6417e+05
48008.5329 10.3969 1.1202e+05
48178.7429 13.2447 3.7626e+04
48201.4929 10.3602 1.0913e+05
48244.4429 17.1822 8.2776e+04
48283.2629 15.9255 4.6307e+05
48315.7129 11.7609 9.0952e+04
48325.1529 11.2423 1.3350e+05
48352.0330 11.3836 1.5452e+05
48379.5030 12.8258 8.1317e+04
48448.8530 13.7761 9.1845e+05
48503.7930 15.9101 1.2828e+05
48508.7730 10.4812 7.1253e+04
48562.8630 11.7874 1.4712e+05
48716.6230 15.9157 2.1730e+05
48962.3430 11.1744 4.3385e+04
48996.5030 13.6475 2.6899e+05
49002.0730 10.3988 2.2653e+05
49031.1330 16.0910 6.6307e+04
49045.3330 14.6807 2.5779e+05
49219.7730 12.5098 1.0607e+05
49275.1530 13.2156 1.1756e+05
49276.2830 12.5596 1.1756e+05
49323.8230 11.9581 1.7591e+05
49356.6530 13.1121 1.2000e+05
49482.9730 15.1802 7.1773e+04
49498.7930 13.7752 5.0459e+04
49513.8330 15.3677 6.6741e+04
49565.5130 11.2697 7.2682e+04
49579.0330 10.8232 6.2369e+04
49650.8430 11.3896 7.4166e+04
49653.9430 12.6275 8.2155e+04
49682.3630 11.4672 3.4818e+04
49721.2030 15.0602 6.8308e+04
49907.7430 12.8318 5.0911e+04
49918.4230 11.9125 6.5542e+04
50015.1131 10.3078 6.9693e+04
50046.4331 18.0261 7.7915e+04
50058.3031 14.3872 6.0709e+04
50184.2131 13.0711 4.6904e+04
50203.4831 11.8119 5.7211e+04
50253.6731 12.2800 6.5182e+04
50254.3631 12.2527 6.3661e+04
50508.4731 12.7643 5.4829e+04
50789.4931 10.9603 4.9550e+04
50882.6731 10.5511 7.2213e+04
50891.2431 12.7512 8.3652e+04
50895.2231 10.0572 4.9612e+04
50906.9831 13.9418 8.8608e+04
50911.4831 15.5981 1.7321e+05
50952.8931 16.9346 6.0938e+04
50977.7531 12.5563 4.9687e+04
51007.7531 10.3613 6.4083e+04
51034.7031 11.3211 6.1500e+04
51056.7231 12.0268 5.7291e+04
51069.7331 11.0614 4.5406e+04
51073.6731 10.6210 5.4549e+04
51109.9431 11.6597 7.8191e+04
51154.5631 11.2235 3.8610e+04
51163.0531 10.5001 5.1903e+04
51167.9231 19.5251 2.2369e+05
51207.3131 13.5197 1.0018e+05
51267.7231 10.3261 3.9357e+04
51524.1331 11.7901 1.0663e+05
51748.5132 10.0879 1.6958e+05
51752.7632 11.1045 2.0564e+05
51775.9232 17.1800 2.8583e+05
51796.5032 10.4999 3.7235e+05
51805.6232 17.4376 3.5987e+05
51806.6632 10.1394 3.5987e+05
51811.0932 10.5798 4.1827e+05
51865.1732 12.5146 5.4343e+04
51939.8132 15.8931 1.3144e+05
52065.8932 11.5669 4.3966e+04
52087.8732 11.2760 4.1091e+04
52101.6432 11.1619 5.0309e+04
52144.8432 12.7750 7.0499e+04
52196.8532 16.6855 6.3890e+04
52222.3032 13.0691 4.9843e+04
52233.0532 15.6185 6.7053e+04
52245.5932 12.1874 3.4945e+05
52249.4032 11.2787 3.4672e+05
52260.6232 15.0201 1.7157e+05
52279.2732 10.5019 1.0878e+05
52280.5432 13.2877 1.1078e+05
52306.1632 10.6380 9.3685e+04
52328.7532 12.7551 5.3291e+04
52454.0032 10.9604 9.8770e+04
52462.6232 10.5324 8.6092e+04
52474.3532 16.1691 9.5072e+04
52574.2232 10.5889 9.2970e+04
52577.6532 12.0804 7.3318e+04
52588.8232 11.2879 5.9963e+04
52641.9232 10.9128 9.8568e+04
52662.4332 10.5358 4.8725e+04
52730.7532 10.9069 6.0949e+04
52836.9732 16.3975 1.1968e+05
52883.0032 17.3187 7.4746e+04
52901.1732 11.5238 9.5566e+04
52914.9332 12.4724 1.6053e+05
52918.4032 12.1872 1.5827e+05
53017.6932 10.8147 7.1795e+04
53118.8532 12.6920 8.3095e+04
53145.3532 10.0150 2.9708e+05
53181.9332 10.4641 2.1065e+05
53189.3132 14.9999 7.3369e+05
53210.0332 15.3501 1.5334e+06
53321.4633 11.4023 1.4593e+05
53464.4833 10.0986 4.1636e+04
53471.6833 11.9069 3.9409e+04
53530.5333 11.5397 4.1458e+04
53601.7533 13.2244 4.8626e+04
53627.8533 12.9660 1.5073e+05
53630.6533 12.8760 1.5585e+05
53670.5233 11.2434 1.4353e+05
53680.7733 14.1581 2.3560e+05
53717.6533 12.7030 5.5397e+04
53718.2433 10.6220 4.3844e+04
53724.6633 12.1703 5.3254e+04
53735.8633 12.7158 5.3578e+04
53742.3433 13.1364 5.6159e+04
53806.1233 15.0784 2.4680e+05
53831.6033 10.5763 1.2123e+05
53838.2833 10.3732 2.6071e+05
54583.7233 10.7063 7.9290e+04
54584.2033 14.1639 7.9290e+04
54600.9733 11.1370 3.4420e+04
54667.3133 15.6851 5.1489e+04
54936.3834 14.4100 3.5129e+04
55024.7334 11.9978 6.4497e+04
55082.6234 12.0687 5.6130e+04
55112.9334 10.1085 3.5525e+04
55119.6534 14.2898 3.7638e+04
55188.3734 13.3405 2.0302e+05
55226.7834 10.6273 4.3282e+05
55227.2334 10.9292 4.3495e+05
55237.7934 11.2619 1.6571e+06
55239.6534 10.3010 1.6571e+06
55240.1834 10.8404 1.3072e+06
55265.1534 13.6481 2.0034e+05
55274.1834 13.4377 1.4041e+05
55282.2734 13.9104 7.3966e+05
55353.7234 20.2062 1.2378e+05
55394.9334 10.3812 1.4272e+05
55398.9834 14.3003 2.1288e+05
55406.7234 11.0610 1.2617e+05
55425.8434 11.4155 6.2993e+04
55471.0134 13.7640 3.8472e+04
55525.9534 12.8728 1.3344e+05
55528.8834 13.3738 8.4425e+04
55546.7834 11.2725 6.7123e+04
55622.5534 12.4228 1.1010e+05
55656.4434 12.4192 6.9346e+04
55675.5034 10.7400 1.8035e+05
55715.8334 11.8769 4.7171e+04
55719.4534 14.4044 1.5425e+05
55720.0834 14.3200 1.5425e+05
55720.6334 11.8448 1.5425e+05
55773.0134 10.5989 7.8547e+04
55774.3334 12.5672 7.8547e+04
55774.9434 10.7765 7.8547e+04
55813.7934 12.0393 4.2915e+04
55856.4034 16.3599 2.5675e+04
55870.1334 10.9196 4.2448e+04
55875.4934 14.2336 4.6942e+04
55889.2534 12.2636 7.9480e+04
55899.7134 11.9548 1.3090e+05
55913.3834 11.9377 1.4993e+05
55957.5134 15.1342 3.7198e+05
55958.2034 20.3217 3.7198e+05
55958.8834 13.0595 2.9632e+05
55990.6734 11.3992 3.9717e+04
55991.6934 10.8093 2.5808e+04
55999.7234 15.7456 8.2681e+04
56104.9934 13.6827 5.2743e+04
56133.5534 12.2044 6.2146e+04
56201.4534 18.4191 8.6608e+04
56211.8134 11.7154 1.0929e+05
56251.2734 10.9241 5.2157e+04
56328.0734 15.2105 1.1529e+05
56339.8634 10.3486 6.6289e+04
56359.5934 15.1824 4.4385e+04
56371.9134 16.1582 5.1879e+04
56414.3434 10.9227 9.6887e+04
56416.0234 16.0990 9.6887e+04
56452.2134 15.8244 8.8386e+04
56534.2435 12.7035 4.1569e+04
56631.6635 14.2218 3.7785e+04
56647.3935 11.8662 3.9506e+04
56673.9935 10.0008 4.6939e+04
56698.3835 11.5622 1.9926e+04
56751.1935 10.0195 2.7434e+04
56806.5735 13.2687 1.3750e+05
56808.7435 10.3329 1.3750e+05
56825.9035 13.5139 1.2171e+05
56847.6835 16.4207 1.3951e+05
56880.0635 12.4533 7.6574e+04
56908.9335 10.3425 1.2346e+05
56962.5035 10.0151 8.4951e+04
57090.6135 16.1412 8.6914e+04
57109.3035 11.3846 3.1612e+04
57199.5635 11.9880 6.8688e+04
57200.1335 10.4473 6.7896e+04
57206.7535 10.7472 1.1241e+05
57268.2235 10.7199 5.8314e+04
57292.7035 13.3721 2.2781e+05
57338.4535 10.1875 2.9715e+05
57460.1235 10.0035 1.0717e+05
57477.5035 10.0685 1.0332e+05
57487.4635 12.1330 1.0780e+05
57522.2135 10.2559 3.3444e+04
57541.1935 14.9541 3.7376e+04
57549.2435 16.7085 5.0363e+04
57619.1335 11.6505 3.1857e+04
57673.9435 10.9485 4.6232e+04
57677.0235 10.1860 6.2841e+04
57729.8135 12.1744 1.0952e+05
57738.6835 10.2634 8.2682e+04
57742.5835 10.9341 4.7524e+04
57777.6235 12.7354 4.4775e+04
57781.5935 12.3362 4.2168e+04
57803.6535 13.4860 3.9293e+04
57839.2635 13.4496 4.8715e+04
57861.1635 11.0391 1.8922e+04
57880.0435 10.6257 2.6961e+04
57917.7435 10.2798 2.5457e+04
57966.8235 16.9174 2.8216e+04
58019.8535 14.6179 4.3230e+04
58139.9735 15.3429 4.5992e+04
58175.5936 13.2601 7.1991e+04
58194.3536 13.4077 2.9836e+04
58315.6836 13.1857 2.3458e+04
58336.2436 18.3609 5.6128e+04
58430.6436 10.5064 3.3732e+04
58568.6736 13.2371 5.0452e+04
58581.8336 14.8396 2.0183e+04
58640.2436 12.4878 2.6346e+04
58851.1736 10.2088 2.1242e+05
58857.7036 11.6625 3.4306e+05
58860.0936 11.4010 5.9230e+05
58860.6436 11.3914 5.9230e+05
58861.8936 15.5761 5.3299e+05
58921.5836 10.5324 5.8666e+05
59086.3236 10.9954 2.9942e+04
59242.5736 11.1241 2.5652e+04
59286.9536 13.1176 3.2741e+04
59343.0436 12.7542 1.3190e+05
59390.2436 10.6753 2.6784e+04
59411.9536 15.9839 4.2028e+04
59419.2636 12.8700 3.3994e+04
59480.2536 11.1999 1.9115e+04
59503.9836 15.4142 4.4592e+04
59522.6836 10.4641 2.5617e+04
59557.5936 10.7010 4.2320e+04
59575.6436 12.6382 3.4672e+04
59598.8636 11.2517 5.7151e+04
59653.2936 13.1321 5.4324e+04
59660.7436 10.3985 3.1536e+04
59669.4836 12.1677 3.1703e+04
59686.3136 16.6436 4.4221e+04
59766.8736 10.6274 2.1510e+04
59814.4137 10.7690 1.2668e+04
59849.7037 13.1014 3.8936e+04
60000.4037 10.7661 2.4197e+04
60321.2737 10.6355 2.0497e+04
60363.8237 10.8667 1.7781e+04
60443.2237 10.8711 3.5986e+04
60491.9237 13.1636 3.6817e+04
60656.9437 10.4483 1.2576e+04
60737.2637 15.9784 4.5564e+04
60748.5237 11.6853 2.8199e+04
61010.7937 12.3968 3.6217e+04
61058.5437 13.1283 4.5921e+04
61074.4437 10.5210 2.2034e+04
61220.3837 11.6246 5.4213e+04
61413.8137 15.4333 2.7228e+04
61571.7738 12.8444 6.3357e+04
61682.1338 12.3116 4.6951e+04
61707.7538 13.7920 6.0670e+04
61738.0738 13.0544 9.8174e+04
61739.6938 13.2459 9.8174e+04
61741.6138 17.7945 9.8174e+04
61761.1638 11.5870 1.0744e+05
61984.2138 11.2494 1.4029e+04
62043.0338 12.7323 1.0462e+05
62185.2438 15.5376 6.2735e+04
62209.2738 10.9979 1.7251e+04
62240.3438 15.8987 2.4723e+04
62287.6738 10.2755 2.3000e+04
62348.8038 10.6481 1.5949e+04
62423.2638 10.7230 4.9229e+04
62464.5038 10.5497 2.6523e+04
62535.4238 11.0375 3.0658e+04
62942.8338 13.1380 2.9744e+04
63179.1539 11.6910 2.2656e+04
63399.9939 16.4132 5.0167e+04
63418.3039 10.0046 4.2949e+04
63439.3439 10.9491 1.3985e+05
63443.5439 19.0633 1.3985e+05
63515.0339 10.7735 1.4030e+04
63567.9039 10.4952 1.9332e+04
63575.1439 10.6550 2.5166e+04
63599.9039 12.2191 1.2100e+04
63610.9139 11.9630 2.7930e+04
63625.4039 10.2840 2.4356e+04
63737.2539 10.3356 2.0648e+04
63836.6439 10.1523 2.2949e+04
63861.4539 16.0536 4.1548e+04
63911.1139 14.9590 3.2961e+04
64130.4139 11.4429 3.0406e+04
64337.3539 11.7984 8.1931e+04
64337.7339 19.6990 7.7883e+04
64420.3139 10.2938 2.8299e+04
64427.3539 10.9282 4.1539e+04
64474.9139 12.9777 2.7990e+05
64475.5339 14.1704 2.5855e+05
64555.2039 10.5165 4.2890e+04
64558.1539 14.0908 4.2890e+04
64662.9939 13.2737 1.0837e+05
65139.6040 10.0505 2.2989e+04
65187.7740 13.0313 2.5302e+04
65197.1940 18.5449 3.7845e+04
65204.6940 12.4032 4.8233e+04
65423.4540 10.6741 2.4736e+04
65536.7040 11.4357 3.9673e+04
65585.5340 10.4161 3.9277e+04
65771.3040 13.5390 1.6362e+04
65851.0340 11.5988 1.3415e+04
65889.1240 12.5777 1.9984e+04
65917.1240 12.0069 3.6372e+04
65920.4640 11.0030 2.5923e+04
65948.4740 13.0753 1.9906e+04
65966.5640 11.9610 2.0008e+04
66135.0440 14.5005 1.8249e+04
66384.5841 12.0443 2.1796e+04
66395.5241 15.2927 4.3956e+04
66407.6241 13.4712 2.6576e+04
66533.2041 10.3755 1.9512e+04
66543.8841 13.6795 1.9346e+04
66615.5941 10.0070 1.2198e+04
66623.6741 13.0845 1.3000e+04
66650.8541 15.3879 3.0230e+04
66707.1841 11.8427 1.0099e+04
66784.6041 10.0593 5.1364e+04
66841.0741 14.1484 2.3373e+04
67060.9441 12.5062 1.6045e+04
67097.2441 12.0765 3.3935e+04
67269.3041 13.5879 1.8266e+04
67299.0941 15.7647 5.1384e+04
67320.4141 11.3051 3.3077e+04
67369.9441 13.4862 2.2592e+04
67401.9441 11.7692 2.9159e+04
67406.9441 12.6042 4.8222e+04
67422.4241 12.5343 1.3510e+04
67617.5041 21.3706 1.0045e+05
67633.5941 10.0584 2.4195e+04
67664.4041 13.0717 3.6441e+04
67707.3841 10.5933 2.7050e+04
67760.0841 10.8412 3.7939e+04
67903.7141 10.3552 1.1209e+04
68014.1942 15.0766 2.5308e+04
68031.7542 12.8569 1.9667e+04
68068.4242 15.6119 2.3243e+04
68073.3542 13.8462 4.0673e+04
68075.8842 10.4881 3.8128e+04
68130.1842 13.2361 2.2096e+04
68131.9642 13.1836 2.0471e+04
68140.9442 10.3784 4.1267e+04
68143.1242 10.0885 6.6191e+04
68144.2842 11.7188 6.6191e+04
68179.2642 10.4941 1.4819e+04
68188.8342 14.7209 2.7228e+04
68292.2742 11.1882 4.5930e+04
68376.6342 10.6283 5.3799e+04
68388.8842 17.6534 1.4658e+05
68518.4542 13.6382 2.6312e+04
68522.2842 13.6190 2.6060e+04
68541.4342 10.5141 4.9482e+04
68545.4642 11.6845 2.8153e+04
68556.3542 14.0688 7.4513e+04
68625.7742 10.6741 1.7610e+04
68649.8342 10.3239 4.7005e+04
68654.0742 11.9774 4.9402e+04
68665.0942 12.4768 6.7286e+04
68773.2742 16.3914 3.5870e+04
68835.6142 11.6897 1.0500e+04
68846.3842 12.1677 2.2382e+04
69059.3442 10.6842 1.6968e+04
69182.6142 10.0521 2.6844e+04
69253.8942 11.2774 3.0634e+04
69266.5242 11.0399 1.9277e+04
69286.6942 17.2975 6.5600e+04
69290.4442 16.3867 6.5194e+04
69295.2142 14.6159 4.3389e+04
69323.9642 16.4318 2.8594e+04
69370.2942 15.4578 2.9304e+04
69501.1042 14.2101 4.4179e+04
69534.3042 10.6292 1.6608e+04
69542.7742 20.2033 2.0344e+04
69568.5742 10.0619 3.7431e+04
69580.7942 14.4476 3.0691e+04
69595.4842 16.6978 2.6361e+04
69610.7442 13.8767 1.5645e+04
69727.4543 14.8927 8.4432e+04
69860.3343 16.4611 3.8441e+04
69940.7743 16.3089 4.9242e+04
69955.4143 11.9006 2.1552e+04
69969.9043 11.9495 3.4529e+04
69986.8343 16.2465 2.4508e+04
70025.0343 14.7797 2.2921e+04
70056.5943 11.4900 1.2797e+05
70065.8843 12.9157 2.6913e+04
70115.7643 16.4787 5.7625e+04
70166.0143 10.6046 4.7179e+04
70192.1743 18.4834 1.7952e+04
70208.6343 10.3425 3.7390e+04
70263.7943 13.3388 3.2722e+04
70340.2943 19.8104 7.5017e+04
70435.9543 14.0292 3.4479e+04
70480.4643 11.9210 3.2943e+04
70636.7643 10.0611 1.8431e+04
70661.1243 14.9254 2.8425e+04
70708.7343 11.5656 1.4929e+04
70743.6743 10.1000 5.5716e+04
70807.7543 12.8415 2.0021e+04
70812.4743 14.4396 6.8694e+04
71017.6343 10.1295 4.5430e+04
71067.1443 11.2013 5.0464e+04
71173.2143 14.3060 4.7607e+04
71212.5143 13.9506 2.0763e+04
71345.4244 12.5702 1.5242e+04
71456.5744 13.1225 2.5736e+04
71527.8444 12.8245 3.9350e+04
71529.5244 14.4693 3.8812e+04
71621.7144 13.6649 1.7929e+04
71643.0744 10.2845 2.2372e+04
71650.4344 14.3950 5.8556e+04
71922.8444 14.1271 2.8352e+04
72127.0844 11.6188 3.8854e+04
72129.5844 13.4577 3.7767e+04
72169.1344 16.3663 5.2564e+04
72219.8644 13.1428 2.7490e+04
72286.9444 10.8781 2.1402e+04
72343.1344 10.8256 4.3967e+04
72359.7244 12.7019 3.4882e+04
72366.9244 10.0002 4.0651e+04
72368.3644 11.4371 3.1250e+04
72377.6844 10.2374 2.2644e+04
72392.9844 10.9757 1.7087e+04
72442.9344 10.8852 3.4116e+04
72443.2744 12.8890 3.0175e+04
72473.2544 13.7843 4.1375e+04
72560.6944 10.4696 2.2993e+04
72571.2144 14.4855 5.6616e+04
72604.6344 13.0535 2.5533e+04
72705.6344 14.0685 3.1233e+04
72726.8344 10.2633 2.5365e+04
72732.5944 12.8490 2.9193e+04
72750.5344 13.5211 3.1538e+04
72755.9944 13.7251 5.9115e+04
72918.4345 10.5544 4.9632e+04
72925.4045 13.8799 4.6986e+04
73134.3245 18.4021 3.8097e+04
73197.2345 11.0197 2.8511e+04
73285.4745 16.6541 2.7642e+04
73324.3745 11.6202 1.8844e+04
73332.9945 12.2006 2.9707e+04
73419.2245 11.4363 3.1560e+04
73449.4445 10.9254 4.6961e+04
73487.5145 11.8684 4.4408e+04
73723.2645 12.0213 4.2097e+04
73725.3545 10.9650 3.9445e+04
73782.7145 10.7843 1.4943e+04
73798.6745 10.9017 3.6975e+04
73812.7245 11.2230 2.0736e+04
73845.7045 11.6650 3.4006e+04
73976.6045 10.7779 2.5679e+04
74000.0845 14.8089 4.5423e+04
74036.5545 14.3011 4.8670e+04
74071.4345 11.7478 1.2956e+04
74113.9445 11.6260 1.2526e+04
74237.2745 10.8452 2.8714e+04
74287.4845 12.8109 5.6747e+04
74297.8145 10.5919 4.3670e+04
74303.3145 15.6707 7.3026e+04
74304.1245 12.6379 6.6668e+04
74314.3445 14.7123 1.4708e+05
74315.5445 11.7352 1.3836e+05
74357.9445 25.0573 1.3212e+05
74358.8945 12.4252 1.1810e+05
74378.8245 11.3068 1.6254e+05
74532.8545 10.6990 2.0229e+04
74551.7746 13.9488 1.6601e+04
74571.8846 12.5618 1.7659e+04
74617.6846 11.2573 3.1549e+04
74693.3846 10.4862 5.6382e+04
74748.2746 11.6310 1.9868e+04
74806.6646 11.3785 1.5503e+04
74851.6046 11.8962 1.2418e+04
74857.7246 11.6611 8.7330e+03
74881.5646 12.4750 1.6944e+04
74882.6046 16.0592 1.3414e+04
74939.4746 16.6946 4.1114e+04
75047.3546 10.3991 2.3120e+04
75061.3446 12.9962 1.2926e+04
75103.3846 11.3427 1.0909e+04
75220.9646 10.6397 9.8985e+03
75244.1346 18.5521 2.1485e+04
75281.7246 17.4728 3.6935e+04
75296.7446 12.6839 1.5803e+04
75312.3646 11.8389 4.6958e+04
75430.9446 14.4700 1.2734e+04
75441.2846 10.5294 3.5416e+04
75754.8346 11.3484 3.2384e+04
75933.5746 11.1527 2.3835e+04
75973.5346 18.1243 1.0609e+05
75986.7746 10.6318 2.9787e+04
76091.6246 11.8354 2.4112e+04
76145.7446 12.1498 2.3154e+04
76209.8647 10.6369 2.2908e+04
76274.1847 15.1233 9.5439e+04
76305.3547 11.0006 1.9873e+04
76330.3547 11.2431 1.5092e+04
76392.2747 16.7808 3.8144e+04
76433.5547 12.6527 1.8717e+04
76439.4947 14.5893 5.5977e+04
76460.9447 12.4997 3.3606e+04
76604.2747 10.2094 2.0259e+04
76795.3247 12.0843 1.1426e+04
76954.5647 14.3687 3.1097e+04
76989.6547 10.0725 1.9653e+04
77046.4947 12.5069 2.9883e+04
77141.4947 10.0434 2.0915e+04
77146.3347 10.1618 2.6979e+04
77201.5547 10.9526 1.2211e+04
77217.0447 10.7307 2.8182e+04
77403.8747 11.9821 2.5375e+04
77414.8947 19.8903 6.6310e+04
77462.1247 11.0459 2.3901e+04
77474.8147 10.9965 1.2875e+05
77485.3247 10.2997 7.0866e+04
77500.8647 14.5727 2.9678e+04
77568.2247 19.5339 7.2255e+04
77635.7747 10.8408 2.5885e+04
77666.3347 10.2180 1.7479e+04
77676.3247 10.3763 1.1461e+04
77712.7447 10.2730 1.7169e+04
77724.7047 21.5635 3.4029e+04
77734.5947 15.9456 1.0273e+05
77836.5648 12.6932 3.2077e+04
77967.0748 12.3616 1.7135e+04
78008.1348 10.7367 3.3200e+04
78019.4748 11.0988 3.2328e+04
78098.0148 11.1382 1.0630e+04
78134.1748 16.3587 2.0605e+04
78308.6848 10.7721 1.2028e+04
78374.5348 13.0614 4.1683e+04
78376.3448 12.7335 4.1683e+04
78417.9148 20.3996 1.0450e+05
78492.1948 10.0315 1.5003e+04
78622.3648 10.9958 1.9381e+04
78702.4448 12.5959 8.2299e+04
78779.4648 10.0430 3.2122e+04
78834.4348 12.8482 3.6599e+04
78963.2548 15.3333 2.9087e+04
79001.7648 10.7863 2.7488e+04
79204.6948 12.2518 1.9765e+04
79307.8248 15.9273 3.9967e+04
79313.1748 10.2202 3.9967e+04
79455.7148 11.0169 1.6332e+04
79470.9249 10.0416 1.1810e+04
79629.6649 17.7182 2.3651e+04
79689.2649 12.3086 1.0923e+04
80062.3449 10.4797 5.0756e+04
80163.2149 12.6554 5.0410e+04
80329.0949 10.9356 1.5107e+04
80342.4949 18.2667 4.1849e+04
80348.9049 13.0197 1.8448e+04
80438.8349 13.6088 4.0581e+04
80602.3249 10.5075 4.2795e+04
80630.3849 10.8771 3.0278e+04
80677.2649 10.3397 1.3237e+04
80710.5549 15.9501 6.8553e+04
80766.3649 12.0053 4.2858e+04
80770.4649 12.6830 3.5392e+04
81029.6949 10.4251 4.3498e+04
81039.8249 12.0832 4.2597e+04
81059.3049 12.2895 2.0780e+04
81108.0050 22.1113 1.0812e+05
81122.7250 16.7957 7.1687e+04
81162.4050 12.6511 1.9197e+05
81257.9450 15.6156 6.5942e+04
81260.8350 12.3239 6.5060e+04
81281.4150 20.8940 9.2642e+04
81282.0950 10.4798 7.3801e+04
81291.2450 10.9475 5.8635e+04
81303.7850 13.8139 9.7378e+04
81332.4350 11.6103 4.2446e+04
81337.8250 11.6655 5.5373e+04
81499.7850 11.3644 3.8649e+04
81612.7150 12.5476 3.1106e+04
81620.3750 10.3019 4.2942e+04
81651.4050 16.5561 8.9135e+04
81657.0350 12.3536 7.8249e+04
81667.6450 13.8242 1.3705e+05
81672.7150 10.0005 1.1364e+05
81693.5850 14.2622 4.4470e+04
81855.2050 11.0353 1.5538e+04
81874.3950 13.2014 1.7561e+04
81948.2150 16.6243 5.9973e+04
82158.6350 12.1264 1.8991e+05
82269.3850 11.4808 6.2295e+04
82272.6250 13.7679 5.9036e+04
82290.9150 17.7536 8.4720e+04
82373.5050 11.7127 3.3858e+04
82393.1850 10.4845 2.2924e+04
82454.9150 10.7350 2.4417e+04
82570.0450 16.5476 1.0538e+05
82615.0450 11.4985 2.0284e+04
82624.2850 15.6981 3.8547e+04
82660.0350 11.0662 4.7393e+04
83130.1651 10.9583 3.9272e+04
83136.5351 13.3777 1.6673e+05
83139.5151 13.7674 1.5923e+05
83250.5451 12.7701 1.7001e+05
83263.7251 19.7633 6.4514e+04
83284.1051 17.2233 4.9452e+04
83380.9051 12.0065 2.3684e+04
83502.9151 12.7568 3.8857e+04
83580.7851 11.6676 4.3556e+04
83587.5251 16.7426 7.6853e+04
83616.6851 16.6722 2.8301e+04
83641.4851 10.4186 3.7497e+04
83720.4551 12.5850 3.0436e+04
83823.3051 14.8354 5.0115e+04
83838.2051 10.1092 4.5116e+04
83858.8851 10.1709 3.2834e+04
83866.1651 11.9443 1.9896e+04
83884.4251 11.6925 4.6105e+04
83904.3651 10.4471 1.9610e+04
83925.5851 19.5405 6.4431e+04
83979.1751 17.8221 6.1312e+04
83980.8351 12.9271 5.8866e+04
83986.1751 10.5283 1.5552e+05
83997.1351 13.0030 9.9361e+04
84005.5651 12.5285 4.1350e+04
84013.8951 16.0937 5.7701e+04
84152.9851 13.2830 4.1116e+04
84174.3551 10.0787 1.7448e+04
84196.2751 10.5714 4.0503e+04
84200.1851 13.2430 7.2736e+04
84227.8251 11.2846 1.0773e+05
84228.5851 10.1079 1.0488e+05
84328.8851 15.1524 6.7780e+04
84366.7251 13.6195 3.3027e+04
84411.2552 13.1322 5.6987e+04
84436.5652 11.1902 2.3851e+04
84599.8352 16.6092 1.5612e+05
84610.3452 10.4006 7.2823e+04
84640.8752 11.6763 5.9655e+04
84681.0452 13.8600 4.7377e+04
84700.4252 13.1921 5.0014e+04
84706.2852 14.2086 4.7662e+04
84775.7252 14.4857 9.6625e+04
84856.0352 11.1030 5.1504e+04
84870.5552 12.7906 6.1828e+04
84938.0852 11.1546 5.2977e+04
84949.9052 13.3193 3.9878e+04
84965.2752 12.7733 8.7381e+04
84968.8152 16.3727 1.0964e+05
84971.7452 13.4627 1.0849e+05
84999.5652 14.3040 1.3809e+05
85070.1552 18.0476 9.7046e+04
85110.3852 10.3450 9.0362e+04
85113.1152 10.9137 6.8901e+04
85131.1152 10.8912 8.6579e+04
85335.3552 11.2565 1.2865e+05
85389.9052 10.1147 3.6891e+04
85407.6652 13.8942 3.1019e+04
85417.0452 12.5635 2.6030e+04
85466.6852 10.0208 5.0081e+04
85492.6052 12.4095 4.0960e+04
85560.8852 10.1376 4.9096e+04
85571.7252 12.4412 5.1278e+04
85585.3052 19.6698 1.5215e+05
85590.2652 14.3283 9.6468e+04
85596.8852 11.2966 4.1369e+04
85616.9552 10.4509 1.1391e+05
85620.1552 23.5212 1.1189e+05
85633.4652 13.3251 1.2917e+05
85637.0252 13.8592 1.2131e+05
85664.3752 14.3958 1.0074e+05
85669.5752 12.2018 1.4977e+05
85683.2952 12.7862 2.2005e+05
85684.6552 10.1760 2.5779e+05
85690.4752 11.3122 2.5412e+05
85840.3052 13.5325 1.6642e+05
85854.7552 10.7667 2.7596e+05
85910.1852 17.4395 2.7304e+05
85948.6052 10.6258 1.5577e+05
86098.1153 13.8149 1.1644e+05
86151.7053 10.4840 9.6515e+04
86169.4553 10.2409 9.8957e+04
86280.3453 10.1388 1.0970e+05
